<TICKER>,<PER>,<DATE>,<TIME>,<OPEN>,<HIGH>,<LOW>,<CLOSE>,<VOL>,<OPENINT>
AAQC.US,D,20210511,000000,9.8214,9.8214,9.7496,9.75,2483,0
AAQC.US,D,20210512,000000,9.74,9.74,9.71,9.71,404,0
AAQC.US,D,20210513,000000,9.71,9.71,9.69,9.69,16181,0
AAQC.US,D,20210514,000000,9.69,9.8,9.66,9.76,21728,0
AAQC.US,D,20210517,000000,9.715,9.75,9.68,9.75,686,0
AAQC.US,D,20210518,000000,9.7499,9.7499,9.7211,9.7211,658,0
AAQC.US,D,20210519,000000,9.69,9.7,9.65,9.65,2900,0
AAQC.US,D,20210520,000000,9.67,9.69,9.65,9.66,2021,0
AAQC.US,D,20210521,000000,9.72,9.72,9.64,9.65,10481,0
AAQC.US,D,20210524,000000,9.66,9.68,9.65,9.65,22005,0
AAQC.US,D,20210525,000000,9.65,9.66,9.62,9.64,6132,0
AAQC.US,D,20210526,000000,9.705,9.705,9.63,9.64,11044,0
AAQC.US,D,20210527,000000,9.74,9.74,9.65,9.65,2254,0
AAQC.US,D,20210601,000000,9.66,9.69,9.66,9.68,2668,0
AAQC.US,D,20210602,000000,9.7143,9.7143,9.67,9.71,23597,0
AAQC.US,D,20210603,000000,9.6707,9.74,9.6707,9.74,113545,0
AAQC.US,D,20210604,000000,9.74,9.74,9.72,9.74,10074,0
AAQC.US,D,20210607,000000,9.75,9.76,9.75,9.75,43013,0
AAQC.US,D,20210608,000000,9.75,9.75,9.72,9.72,656,0
AAQC.US,D,20210609,000000,9.74,9.75,9.705,9.73,167199,0
AAQC.US,D,20210610,000000,9.77,9.77,9.71,9.7217,24696,0
AAQC.US,D,20210611,000000,9.68,9.73,9.67,9.73,8112,0
AAQC.US,D,20210614,000000,9.68,9.73,9.68,9.72,3101,0
AAQC.US,D,20210615,000000,9.6801,9.69,9.68,9.69,18114,0
AAQC.US,D,20210616,000000,9.69,9.715,9.67,9.71,20740,0
AAQC.US,D,20210617,000000,9.75,9.75,9.68,9.72,23424,0
AAQC.US,D,20210618,000000,9.7235,9.75,9.7235,9.73,12797,0
AAQC.US,D,20210621,000000,9.8,9.8,9.72,9.72,13742,0
AAQC.US,D,20210622,000000,9.7,9.71,9.68,9.69,5111,0
AAQC.US,D,20210623,000000,9.73,9.73,9.69,9.695,5115,0
AAQC.US,D,20210624,000000,9.67,9.73,9.67,9.67,11799,0
AAQC.US,D,20210625,000000,9.73,9.73,9.6901,9.71,3678,0
AAQC.US,D,20210628,000000,9.72,9.72,9.68,9.71,69823,0
AAQC.US,D,20210629,000000,9.71,9.7108,9.69,9.7018,33938,0
AAQC.US,D,20210630,000000,9.69,9.69,9.68,9.69,3062,0
AAQC.US,D,20210701,000000,9.69,9.7,9.66,9.67,91877,0
AAQC.US,D,20210702,000000,9.68,9.69,9.67,9.69,23272,0
AAQC.US,D,20210706,000000,9.6758,9.6863,9.6648,9.67,28314,0
AAQC.US,D,20210707,000000,9.65,9.68,9.65,9.67,5691,0
AAQC.US,D,20210708,000000,9.65,9.68,9.65,9.68,27899,0
AAQC.US,D,20210709,000000,9.68,9.69,9.67,9.68,26853,0
AAQC.US,D,20210712,000000,9.69,9.73,9.69,9.7,233743,0
AAQC.US,D,20210714,000000,9.67,9.72,9.67,9.71,12583,0
AAQC.US,D,20210715,000000,9.69,9.7,9.67,9.7,135270,0
AAQC.US,D,20210716,000000,9.7,9.72,9.69,9.72,133138,0
AAQC.US,D,20210719,000000,9.69,9.75,9.69,9.75,77663,0
AAQC.US,D,20210720,000000,9.7,9.75,9.65,9.68,36770,0
AAQC.US,D,20210721,000000,9.68,9.68,9.68,9.68,150792,0
AAQC.US,D,20210722,000000,9.77,9.77,9.65,9.6836,7034,0
AAQC.US,D,20210723,000000,9.6728,9.6728,9.6728,9.6728,419,0
AAQC.US,D,20210726,000000,9.66,9.6899,9.66,9.67,20651,0
AAQC.US,D,20210727,000000,9.665,9.6894,9.665,9.68,80860,0
AAQC.US,D,20210728,000000,9.68,9.68,9.68,9.68,3315,0
AAQC.US,D,20210729,000000,9.669,9.676,9.66,9.66,5015,0
AAQC.US,D,20210730,000000,9.6614,9.68,9.6614,9.67,7021,0
AAQC.US,D,20210802,000000,9.6701,9.6715,9.65,9.66,104879,0
AAQC.US,D,20210803,000000,9.66,9.67,9.66,9.67,2001,0
AAQC.US,D,20210804,000000,9.65,9.65,9.62,9.62,106731,0
AAQC.US,D,20210805,000000,9.65,9.67,9.65,9.66,9945,0
AAQC.US,D,20210806,000000,9.64,9.66,9.64,9.66,10178,0
AAQC.US,D,20210809,000000,9.63,9.66,9.63,9.6568,4103,0
AAQC.US,D,20210810,000000,9.65,9.66,9.65,9.66,8554,0
AAQC.US,D,20210811,000000,9.65,9.66,9.64,9.66,7779,0
AAQC.US,D,20210812,000000,9.65,9.65,9.65,9.65,125213,0
AAQC.US,D,20210813,000000,9.64,9.65,9.6,9.65,393833,0
AAQC.US,D,20210816,000000,9.73,9.73,9.63,9.63,476301,0
AAQC.US,D,20210817,000000,9.65,9.65,9.62,9.64,7978,0
AAQC.US,D,20210818,000000,9.63,9.64,9.63,9.64,3240,0
AAQC.US,D,20210819,000000,9.64,9.66,9.61,9.63,16484,0
AAQC.US,D,20210820,000000,9.62,9.63,9.6,9.63,19865,0
AAQC.US,D,20210823,000000,9.62,9.63,9.6199,9.63,8875,0
AAQC.US,D,20210824,000000,9.625,9.625,9.625,9.625,220,0
AAQC.US,D,20210825,000000,9.61,9.63,9.6,9.61,18657,0
AAQC.US,D,20210826,000000,9.606,9.65,9.606,9.64,8396,0
AAQC.US,D,20210827,000000,9.61,9.63,9.599,9.62,315511,0
AAQC.US,D,20210830,000000,9.6201,9.65,9.62,9.64,13780,0
AAQC.US,D,20210831,000000,9.65,9.67,9.65,9.67,8333,0
AAQC.US,D,20210901,000000,9.62,9.67,9.62,9.66,22157,0
AAQC.US,D,20210902,000000,9.68,9.68,9.63,9.655,7529,0
AAQC.US,D,20210903,000000,9.6712,9.68,9.67,9.68,5046,0
AAQC.US,D,20210907,000000,9.65,9.69,9.64,9.65,12506,0
AAQC.US,D,20210908,000000,9.6493,9.69,9.63,9.69,11635,0
AAQC.US,D,20210909,000000,9.69,9.75,9.63,9.67,52393,0
AAQC.US,D,20210910,000000,9.67,9.7,9.66,9.66,8677,0
AAQC.US,D,20210913,000000,9.66,9.69,9.65,9.69,5824,0
AAQC.US,D,20210914,000000,9.69,9.71,9.69,9.71,90135,0
AAQC.US,D,20210915,000000,9.68,9.77,9.67,9.75,48660,0
AAQC.US,D,20210916,000000,9.71,9.75,9.6996,9.73,88343,0
AAQC.US,D,20210917,000000,9.71,9.73,9.69,9.69,7132,0
AAQC.US,D,20210920,000000,9.71,9.71,9.69,9.69,11511,0
AAQC.US,D,20210921,000000,9.69,9.7,9.69,9.69,3249,0
AAQC.US,D,20210922,000000,9.69,9.69,9.69,9.69,283,0
AAQC.US,D,20210923,000000,9.7,9.7,9.7,9.7,264,0
AAQC.US,D,20210927,000000,9.7,9.71,9.7,9.71,292,0
AAQC.US,D,20210928,000000,9.7,9.73,9.7,9.71,1179,0
AAQC.US,D,20210929,000000,9.71,9.71,9.71,9.71,727,0
AAQC.US,D,20210930,000000,9.7286,9.74,9.7286,9.73,3653,0
AAQC.US,D,20211001,000000,9.7,9.7,9.69,9.69,577,0
AAQC.US,D,20211004,000000,9.75,9.75,9.7,9.7101,56235,0
AAQC.US,D,20211005,000000,9.73,9.75,9.73,9.74,1928,0
AAQC.US,D,20211006,000000,9.72,9.74,9.72,9.73,26983,0
AAQC.US,D,20211007,000000,9.75,9.76,9.69,9.74,81681,0
AAQC.US,D,20211008,000000,9.72,9.8,9.72,9.8,121569,0
AAQC.US,D,20211011,000000,9.79,9.79,9.72,9.74,1615,0
AAQC.US,D,20211012,000000,9.72,9.75,9.7,9.75,6011,0
AAQC.US,D,20211013,000000,9.72,9.72,9.7,9.7,863,0
AAQC.US,D,20211014,000000,9.71,9.73,9.71,9.73,5465,0
AAQC.US,D,20211015,000000,9.71,9.72,9.71,9.72,9184,0
AAQC.US,D,20211018,000000,9.72,9.73,9.71,9.72,1561,0
AAQC.US,D,20211019,000000,9.72,9.78,9.715,9.78,421181,0
AAQC.US,D,20211020,000000,9.73,9.77,9.73,9.77,10789,0
AAQC.US,D,20211021,000000,9.72,9.75,9.72,9.74,5236,0
AAQC.US,D,20211022,000000,9.74,9.74,9.735,9.735,2655,0
AAQC.US,D,20211025,000000,9.735,9.75,9.73,9.74,5391,0
AAQC.US,D,20211026,000000,9.7522,9.77,9.75,9.77,6628,0
AAQC.US,D,20211027,000000,9.73,9.74,9.73,9.74,2229,0
AAQC.US,D,20211028,000000,9.7293,9.74,9.7,9.73,42775,0
AAQC.US,D,20211029,000000,9.73,9.74,9.73,9.74,2275,0
AAQC.US,D,20211101,000000,9.74,9.74,9.74,9.74,288,0
AAQC.US,D,20211102,000000,9.75,9.75,9.74,9.75,51548,0
AAQC.US,D,20211103,000000,9.77,9.77,9.73,9.77,1755,0
AAQC.US,D,20211104,000000,9.75,9.84,9.75,9.84,71999,0
AAQC.US,D,20211105,000000,9.76,9.9,9.76,9.9,361065,0
AAQC.US,D,20211108,000000,9.87,9.92,9.81,9.9,290532,0
AAQC.US,D,20211109,000000,9.85,9.92,9.79,9.79,12473,0
AAQC.US,D,20211110,000000,9.76,9.82,9.76,9.8,800,0
AAQC.US,D,20211112,000000,9.76,9.78,9.73,9.78,31413,0
AAQC.US,D,20211115,000000,9.74,9.78,9.74,9.78,16114,0
AAQC.US,D,20211116,000000,9.78,9.8,9.75,9.77,44144,0
AAQC.US,D,20211117,000000,9.78,9.8,9.75,9.76,12020,0
AAQC.US,D,20211118,000000,9.75,9.77,9.75,9.77,1162,0
AAQC.US,D,20211119,000000,9.78,9.78,9.76,9.76,8136,0
AAQC.US,D,20211122,000000,9.77,9.77,9.7412,9.76,123476,0
AAQC.US,D,20211123,000000,9.76,9.76,9.71,9.73,128684,0
AAQC.US,D,20211124,000000,9.7201,9.74,9.72,9.74,86883,0
AAQC.US,D,20211126,000000,9.72,9.72,9.71,9.72,15681,0
AAQC.US,D,20211129,000000,9.74,9.74,9.71,9.73,41350,0
AAQC.US,D,20211130,000000,9.72,9.73,9.72,9.73,4312,0
AAQC.US,D,20211201,000000,9.72,9.74,9.72,9.72,30053,0
AAQC.US,D,20211202,000000,9.72,9.74,9.72,9.73,7185,0
AAQC.US,D,20211203,000000,9.73,9.73,9.72,9.73,18943,0
AAQC.US,D,20211206,000000,9.695,9.74,9.695,9.74,12717,0
AAQC.US,D,20211207,000000,9.72,9.74,9.71,9.73,5998,0
AAQC.US,D,20211208,000000,9.72,9.73,9.72,9.73,10884,0
AAQC.US,D,20211209,000000,9.74,9.74,9.73,9.73,3070,0
AAQC.US,D,20211210,000000,9.72,9.74,9.72,9.74,12268,0
AAQC.US,D,20211213,000000,9.72,9.75,9.72,9.74,122070,0
AAQC.US,D,20211214,000000,9.72,9.74,9.71,9.72,471913,0
AAQC.US,D,20211215,000000,9.71,9.73,9.71,9.73,38128,0
AAQC.US,D,20211216,000000,9.7799,9.7799,9.7,9.71,11330,0
AAQC.US,D,20211217,000000,9.7,9.72,9.7,9.72,11718,0
AAQC.US,D,20211220,000000,9.7,9.71,9.69,9.7,34165,0
AAQC.US,D,20211221,000000,9.7001,9.72,9.7001,9.71,604,0
AAQC.US,D,20211222,000000,9.7,9.72,9.7,9.71,42506,0
AAQC.US,D,20211223,000000,9.7,9.71,9.7,9.7,14590,0
AAQC.US,D,20211228,000000,9.7,9.71,9.7,9.7,4202,0
AAQC.US,D,20211229,000000,9.71,9.72,9.7002,9.72,6481,0
AAQC.US,D,20211230,000000,9.72,9.72,9.7,9.7,4734,0
AAQC.US,D,20211231,000000,9.71,9.72,9.7,9.72,25813,0
AAQC.US,D,20220103,000000,9.71,9.71,9.71,9.71,178,0
AAQC.US,D,20220104,000000,9.72,9.72,9.71,9.71,53924,0
AAQC.US,D,20220105,000000,9.72,9.79,9.71,9.76,245433,0
AAQC.US,D,20220106,000000,9.72,9.72,9.72,9.72,556,0
AAQC.US,D,20220107,000000,9.72,9.72,9.72,9.72,207,0
AAQC.US,D,20220110,000000,9.72,9.73,9.72,9.73,275599,0
AAQC.US,D,20220111,000000,9.75,9.75,9.71,9.73,790,0
AAQC.US,D,20220112,000000,9.72,9.725,9.72,9.72,23003,0
AAQC.US,D,20220113,000000,9.72,9.72,9.71,9.71,201466,0
AAQC.US,D,20220114,000000,9.71,9.71,9.7,9.7,604574,0
AAQC.US,D,20220118,000000,9.71,9.71,9.69,9.69,245500,0
AAQC.US,D,20220119,000000,9.7,9.8,9.7,9.77,110421,0
AAQC.US,D,20220120,000000,9.7451,9.7451,9.74,9.74,5707,0
AAQC.US,D,20220121,000000,9.7178,9.7178,9.7,9.7,8633,0
