<TICKER>,<PER>,<DATE>,<TIME>,<OPEN>,<HIGH>,<LOW>,<CLOSE>,<VOL>,<OPENINT>
ALIT.US,D,20210708,000000,9,9.1,8.94,9,2248654,0
ALIT.US,D,20210709,000000,8.95,9.24,8.94,9.22,1473838,0
ALIT.US,D,20210712,000000,9.11,9.77,9.11,9.64,1704854,0
ALIT.US,D,20210713,000000,9.71,9.79,9.61,9.68,3442635,0
ALIT.US,D,20210714,000000,9.69,9.75,9.11,9.21,7110345,0
ALIT.US,D,20210715,000000,9.25,9.27,8.85,8.91,6884724,0
ALIT.US,D,20210716,000000,8.93,8.9713,8.62,8.76,2972643,0
ALIT.US,D,20210719,000000,8.52,8.63,8.46,8.54,2384895,0
ALIT.US,D,20210720,000000,8.59,9,8.51,8.93,1568331,0
ALIT.US,D,20210721,000000,8.87,9.07,8.75,9,2213992,0
ALIT.US,D,20210722,000000,9,9.4,8.9,9.22,2111401,0
ALIT.US,D,20210723,000000,9.21,9.44,9.15,9.42,1017140,0
ALIT.US,D,20210726,000000,9.4,9.56,9.11,9.11,2542710,0
ALIT.US,D,20210727,000000,9.12,9.16,8.95,9.04,1880724,0
ALIT.US,D,20210728,000000,9,9.12,8.98,9.1,1357097,0
ALIT.US,D,20210729,000000,9.13,9.2,8.99,9.02,1672827,0
ALIT.US,D,20210730,000000,8.93,9.455,8.92,9.41,2656773,0
ALIT.US,D,20210802,000000,9.42,9.66,9.2,9.66,2863728,0
ALIT.US,D,20210803,000000,9.56,9.77,9.52,9.71,2682621,0
ALIT.US,D,20210804,000000,9.58,10.05,9.57,9.85,2554548,0
ALIT.US,D,20210805,000000,9.8,9.96,9.66,9.91,2158153,0
ALIT.US,D,20210806,000000,9.93,10.4,9.83,10.35,2468092,0
ALIT.US,D,20210809,000000,10.36,10.53,10.13,10.45,1427775,0
ALIT.US,D,20210810,000000,10.49,10.68,10.18,10.5,4404330,0
ALIT.US,D,20210811,000000,10.88,10.9,10.35,10.41,7931715,0
ALIT.US,D,20210812,000000,10.6,11.1,10.6,11.01,8539137,0
ALIT.US,D,20210813,000000,11.1,11.43,11.035,11.15,2340685,0
ALIT.US,D,20210816,000000,11.21,11.34,10.89,11.19,2028404,0
ALIT.US,D,20210817,000000,11.1,11.1,10.46,10.58,2902977,0
ALIT.US,D,20210818,000000,10.58,10.69,9.85,10.04,3231543,0
ALIT.US,D,20210819,000000,10,10.02,9.8,9.91,2079031,0
ALIT.US,D,20210820,000000,9.87,10.08,9.82,10,1120706,0
ALIT.US,D,20210823,000000,10.14,10.73,10.14,10.69,1256817,0
ALIT.US,D,20210824,000000,10.51,10.7,10,10.5,28370384,0
ALIT.US,D,20210825,000000,10.36,10.5,9.86,10.04,10763493,0
ALIT.US,D,20210826,000000,10.04,10.8,9.89,10.6,7026815,0
ALIT.US,D,20210827,000000,10.6,10.95,10.52,10.81,5317006,0
ALIT.US,D,20210830,000000,10.7,11.21,10.59,10.75,6938501,0
ALIT.US,D,20210831,000000,10.72,11,10.56,10.99,4942497,0
ALIT.US,D,20210901,000000,10.98,11.14,10.96,11.02,4065980,0
ALIT.US,D,20210902,000000,11.01,11.85,10.88,11.82,5545001,0
ALIT.US,D,20210903,000000,11.66,11.94,11.52,11.79,5175537,0
ALIT.US,D,20210907,000000,12,12.2,11.53,11.81,4136865,0
ALIT.US,D,20210908,000000,11.81,12.29,11.68,12.22,4244587,0
ALIT.US,D,20210909,000000,12.07,12.39,12,12.25,6151191,0
ALIT.US,D,20210910,000000,12.26,13.34,12.26,13.01,12117723,0
ALIT.US,D,20210913,000000,13,13.01,12.06,12.25,3963469,0
ALIT.US,D,20210914,000000,12.3,13.12,12.23,12.52,7202604,0
ALIT.US,D,20210915,000000,12.5,12.87,12.38,12.5,9300760,0
ALIT.US,D,20210916,000000,12.53,12.85,12.39,12.48,6800046,0
ALIT.US,D,20210917,000000,12.39,12.64,12.27,12.36,21114294,0
ALIT.US,D,20210920,000000,12.09,12.44,12.01,12.11,6607174,0
ALIT.US,D,20210921,000000,12.21,12.26,11.86,11.87,8283656,0
ALIT.US,D,20210922,000000,11.88,11.99,11.44,11.52,3564031,0
ALIT.US,D,20210923,000000,11.64,11.75,11.48,11.58,1321722,0
ALIT.US,D,20210924,000000,11.47,11.865,11.365,11.71,2310419,0
ALIT.US,D,20210927,000000,11.62,11.84,11.615,11.67,1896788,0
ALIT.US,D,20210928,000000,11.57,11.62,11.41,11.55,1433002,0
ALIT.US,D,20210929,000000,11.56,11.65,11.33,11.49,1844489,0
ALIT.US,D,20210930,000000,11.61,11.61,11.29,11.48,3254965,0
ALIT.US,D,20211001,000000,11.47,11.535,11.025,11.32,2791236,0
ALIT.US,D,20211004,000000,11.32,11.32,10.9,10.95,1226594,0
ALIT.US,D,20211005,000000,10.91,11.085,10.77,10.87,1287187,0
ALIT.US,D,20211006,000000,10.75,11.105,10.65,11.09,2609908,0
ALIT.US,D,20211007,000000,11.14,11.43,11.14,11.19,881104,0
ALIT.US,D,20211008,000000,11.21,11.29,11.01,11.26,1771100,0
ALIT.US,D,20211011,000000,11.26,11.48,11.13,11.25,1304603,0
ALIT.US,D,20211012,000000,11.23,11.59,11.155,11.56,2002781,0
ALIT.US,D,20211013,000000,11.62,11.89,11.56,11.6,1998488,0
ALIT.US,D,20211014,000000,11.7,11.73,11.41,11.48,1010381,0
ALIT.US,D,20211015,000000,11.5,11.71,11.4,11.45,728798,0
ALIT.US,D,20211018,000000,11.45,11.46,10.82,10.85,3588557,0
ALIT.US,D,20211019,000000,10.88,11.04,10.74,11.02,1411030,0
ALIT.US,D,20211020,000000,11.06,11.1,10.78,11,3449862,0
ALIT.US,D,20211021,000000,10.95,11.1,10.8,10.93,2188701,0
ALIT.US,D,20211022,000000,11.03,11.06,10.8,11,2489599,0
ALIT.US,D,20211025,000000,11.01,11.33,10.89,11.21,8318017,0
ALIT.US,D,20211026,000000,11.33,11.36,11.12,11.21,1383138,0
ALIT.US,D,20211027,000000,11.17,11.195,10.965,11.01,1734018,0
ALIT.US,D,20211028,000000,11,11.17,10.955,11.1,1378252,0
ALIT.US,D,20211029,000000,11.04,11.16,10.83,10.88,1393899,0
ALIT.US,D,20211101,000000,10.88,11.12,10.88,11.09,864086,0
ALIT.US,D,20211102,000000,11.09,11.11,10.97,11.03,1152870,0
ALIT.US,D,20211103,000000,10.95,11.23,10.86,11.17,1827428,0
ALIT.US,D,20211104,000000,11.17,11.44,11.17,11.35,1470324,0
ALIT.US,D,20211105,000000,11.34,11.36,10.991,11.13,1163774,0
ALIT.US,D,20211108,000000,11.16,11.26,11.04,11.19,1452305,0
ALIT.US,D,20211109,000000,11.21,12,10.99,11.98,2305233,0
ALIT.US,D,20211110,000000,11.87,11.98,11.73,11.87,2306830,0
ALIT.US,D,20211111,000000,11.95,11.96,11.33,11.4,4355006,0
ALIT.US,D,20211112,000000,11.42,11.42,11.03,11.15,3552200,0
ALIT.US,D,20211115,000000,11.15,11.17,10.97,11,1511095,0
ALIT.US,D,20211116,000000,11.09,11.18,10.9,11.08,2741473,0
ALIT.US,D,20211117,000000,11.16,11.175,10.96,11.03,1656324,0
ALIT.US,D,20211118,000000,11.1,11.13,10.49,10.52,2510364,0
ALIT.US,D,20211119,000000,10.52,10.59,10.42,10.45,1457456,0
ALIT.US,D,20211122,000000,10.41,10.47,10.19,10.21,2673431,0
ALIT.US,D,20211123,000000,10.17,10.385,10.1,10.29,2478923,0
ALIT.US,D,20211124,000000,10.29,10.49,10.16,10.48,1802738,0
ALIT.US,D,20211126,000000,10.4,10.485,10.2,10.39,972037,0
ALIT.US,D,20211129,000000,10.52,10.83,10.29,10.72,3236180,0
ALIT.US,D,20211130,000000,10.63,10.68,10.29,10.4,1630869,0
ALIT.US,D,20211201,000000,10.47,10.5,9.87,10,2329016,0
ALIT.US,D,20211202,000000,10,10.34,9.97,10.32,1951527,0
ALIT.US,D,20211203,000000,10.34,10.35,9.88,9.97,3341629,0
ALIT.US,D,20211206,000000,9.92,10.135,9.76,10.1,2117466,0
ALIT.US,D,20211207,000000,10.215,10.59,10.14,10.55,2366766,0
ALIT.US,D,20211208,000000,10.525,10.83,10.52,10.6,1889895,0
ALIT.US,D,20211209,000000,10.5,10.66,10.36,10.46,1339106,0
ALIT.US,D,20211210,000000,10.51,10.58,10.17,10.43,1774922,0
ALIT.US,D,20211213,000000,10.71,10.74,10.335,10.41,2294091,0
ALIT.US,D,20211214,000000,10.33,10.56,10.16,10.36,1696818,0
ALIT.US,D,20211215,000000,10.34,10.57,10.23,10.45,2335674,0
ALIT.US,D,20211216,000000,10.52,10.68,10.41,10.53,4163674,0
ALIT.US,D,20211217,000000,10.42,10.44,9.885,10.16,7570843,0
ALIT.US,D,20211220,000000,10.15,10.195,9.9,9.95,4157964,0
ALIT.US,D,20211221,000000,10,10.48,9.92,10.45,4031167,0
ALIT.US,D,20211222,000000,10.47,10.5,10.27,10.48,2295065,0
ALIT.US,D,20211223,000000,10.48,10.76,10.44,10.75,1010819,0
ALIT.US,D,20211227,000000,10.74,10.93,10.68,10.88,1418554,0
ALIT.US,D,20211228,000000,10.86,10.97,10.775,10.92,1080265,0
ALIT.US,D,20211229,000000,10.94,10.95,10.81,10.81,556701,0
ALIT.US,D,20211230,000000,10.84,11.02,10.81,10.96,1324309,0
ALIT.US,D,20211231,000000,10.89,10.99,10.75,10.81,1770902,0
ALIT.US,D,20220103,000000,10.81,11.03,10.78,10.95,1936082,0
ALIT.US,D,20220104,000000,11,11.02,10.84,10.88,1424707,0
ALIT.US,D,20220105,000000,10.82,10.82,10.27,10.33,3055469,0
ALIT.US,D,20220106,000000,10.24,10.3,9.93,10,3523541,0
ALIT.US,D,20220107,000000,10.12,10.12,9.715,9.79,1991300,0
ALIT.US,D,20220110,000000,9.58,9.65,9.09,9.62,3457491,0
ALIT.US,D,20220111,000000,9.61,10.12,9.56,10,3061531,0
ALIT.US,D,20220112,000000,10.02,10.185,9.98,10.01,1601408,0
ALIT.US,D,20220113,000000,10,10.075,9.78,9.79,5361631,0
ALIT.US,D,20220114,000000,9.66,9.82,9.33,9.54,8379169,0
ALIT.US,D,20220118,000000,9.41,9.53,9.07,9.16,2558697,0
ALIT.US,D,20220119,000000,9.17,9.52,9.14,9.51,3253343,0
ALIT.US,D,20220120,000000,9.59,10.01,9.56,9.7,3254220,0
ALIT.US,D,20220121,000000,9.6,9.65,9.23,9.25,2283342,0
