<TICKER>,<PER>,<DATE>,<TIME>,<OPEN>,<HIGH>,<LOW>,<CLOSE>,<VOL>,<OPENINT>
AMPI.US,D,20210426,000000,10.07,10.07,9.91,9.95,1914,0
AMPI.US,D,20210427,000000,9.85,9.85,9.85,9.85,252,0
AMPI.US,D,20210428,000000,9.85,9.85,9.85,9.85,100,0
AMPI.US,D,20210429,000000,9.85,9.895,9.82,9.895,18410,0
AMPI.US,D,20210430,000000,9.8,9.81,9.76,9.76,22053,0
AMPI.US,D,20210503,000000,9.76,9.8,9.76,9.76,2299,0
AMPI.US,D,20210504,000000,9.75,9.757,9.75,9.75,624,0
AMPI.US,D,20210505,000000,9.75,9.75,9.75,9.75,60,0
AMPI.US,D,20210506,000000,9.76,9.76,9.75,9.75,11430,0
AMPI.US,D,20210507,000000,9.76,9.76,9.75,9.76,1711,0
AMPI.US,D,20210510,000000,9.8,9.8,9.75,9.8,12301,0
AMPI.US,D,20210512,000000,9.8,9.8,9.8,9.8,199,0
AMPI.US,D,20210513,000000,10,10,9.93,9.93,1100,0
AMPI.US,D,20210514,000000,9.9,9.9,9.9,9.9,1000,0
AMPI.US,D,20210517,000000,9.87,9.87,9.87,9.87,160,0
AMPI.US,D,20210518,000000,9.8882,9.8882,9.8882,9.8882,104,0
AMPI.US,D,20210526,000000,9.87,9.88,9.8475,9.8475,800,0
AMPI.US,D,20210527,000000,9.84,9.84,9.84,9.84,897,0
AMPI.US,D,20210528,000000,9.84,9.84,9.84,9.84,229,0
AMPI.US,D,20210601,000000,9.96,9.96,9.71,9.71,4858,0
AMPI.US,D,20210602,000000,9.78,9.79,9.7,9.78,11239,0
AMPI.US,D,20210604,000000,9.72,9.72,9.72,9.72,100,0
AMPI.US,D,20210608,000000,9.71,9.71,9.71,9.71,100014,0
AMPI.US,D,20210611,000000,9.78,9.95,9.77,9.95,615,0
AMPI.US,D,20210614,000000,9.83,9.87,9.8,9.84,3306,0
AMPI.US,D,20210616,000000,9.82,9.95,9.82,9.87,1400,0
AMPI.US,D,20210617,000000,9.92,9.95,9.78,9.83,4720,0
AMPI.US,D,20210621,000000,9.78,9.78,9.78,9.78,702,0
AMPI.US,D,20210622,000000,9.78,9.805,9.738,9.738,2103,0
AMPI.US,D,20210623,000000,9.78,9.78,9.71,9.72,3209,0
AMPI.US,D,20210625,000000,9.78,9.78,9.71,9.71,3274,0
AMPI.US,D,20210628,000000,9.7,9.7,9.67,9.7,1961,0
AMPI.US,D,20210629,000000,9.7,9.715,9.7,9.715,1905,0
AMPI.US,D,20210630,000000,9.7,9.75,9.7,9.74,21600,0
AMPI.US,D,20210701,000000,9.7,9.72,9.7,9.71,8326,0
AMPI.US,D,20210702,000000,9.7,9.71,9.7,9.71,250445,0
AMPI.US,D,20210706,000000,9.7,9.74,9.7,9.72,10510,0
AMPI.US,D,20210707,000000,9.69,9.75,9.69,9.74,1409,0
AMPI.US,D,20210709,000000,9.74,9.7791,9.74,9.7791,5333,0
AMPI.US,D,20210713,000000,9.79,9.79,9.74,9.75,851,0
AMPI.US,D,20210714,000000,9.78,9.78,9.78,9.78,286,0
AMPI.US,D,20210715,000000,9.76,9.76,9.76,9.76,100,0
AMPI.US,D,20210716,000000,9.73,9.73,9.71,9.71,63021,0
AMPI.US,D,20210719,000000,9.79,9.87,9.7,9.87,8380,0
AMPI.US,D,20210720,000000,9.72,9.72,9.71,9.71,601,0
AMPI.US,D,20210721,000000,9.79,9.79,9.71,9.74,1243,0
AMPI.US,D,20210722,000000,9.79,9.79,9.67,9.71,17674,0
AMPI.US,D,20210723,000000,9.79,9.79,9.79,9.79,129,0
AMPI.US,D,20210726,000000,9.71,9.71,9.65,9.65,12432,0
AMPI.US,D,20210727,000000,9.65,9.75,9.65,9.75,3544,0
AMPI.US,D,20210729,000000,9.7585,9.76,9.7585,9.76,1215,0
AMPI.US,D,20210730,000000,9.7207,9.76,9.6304,9.7522,5588,0
AMPI.US,D,20210802,000000,9.6575,9.71,9.6575,9.71,1402,0
AMPI.US,D,20210803,000000,9.7,9.73,9.7,9.7,416300,0
AMPI.US,D,20210804,000000,9.72,9.72,9.72,9.72,9633,0
AMPI.US,D,20210805,000000,9.73,9.73,9.73,9.73,250010,0
AMPI.US,D,20210806,000000,9.675,9.75,9.675,9.72,3036,0
AMPI.US,D,20210809,000000,9.7,9.7,9.7,9.7,310,0
AMPI.US,D,20210810,000000,9.745,9.745,9.71,9.71,720,0
AMPI.US,D,20210811,000000,9.735,9.735,9.69,9.69,1101,0
AMPI.US,D,20210812,000000,9.735,9.78,9.71,9.71,20956,0
AMPI.US,D,20210813,000000,9.71,9.77,9.695,9.71,911,0
AMPI.US,D,20210816,000000,9.79,9.79,9.72,9.72,48816,0
AMPI.US,D,20210818,000000,9.62,9.62,9.62,9.62,409,0
AMPI.US,D,20210819,000000,9.65,9.65,9.65,9.65,330,0
AMPI.US,D,20210823,000000,9.62,9.7,9.61,9.62,35832,0
AMPI.US,D,20210824,000000,9.62,9.67,9.6,9.6,15930,0
AMPI.US,D,20210825,000000,9.63,9.655,9.63,9.63,2052,0
AMPI.US,D,20210826,000000,9.63,9.65,9.62,9.65,318,0
AMPI.US,D,20210827,000000,9.62,9.62,9.62,9.62,125,0
AMPI.US,D,20210830,000000,9.65,9.65,9.6,9.6,3810,0
AMPI.US,D,20210831,000000,9.6757,9.6757,9.65,9.65,373,0
AMPI.US,D,20210901,000000,9.69,9.69,9.61,9.61,1086,0
AMPI.US,D,20210902,000000,9.65,9.69,9.65,9.65,10066,0
AMPI.US,D,20210903,000000,9.665,9.68,9.665,9.67,167239,0
AMPI.US,D,20210907,000000,9.65,9.7,9.65,9.69,71605,0
AMPI.US,D,20210909,000000,9.65,9.66,9.65,9.66,709,0
AMPI.US,D,20210913,000000,9.65,9.71,9.65,9.69,179856,0
AMPI.US,D,20210914,000000,9.6917,9.71,9.67,9.69,3769,0
AMPI.US,D,20210915,000000,9.66,9.71,9.66,9.71,12388,0
AMPI.US,D,20210916,000000,9.65,9.86,9.65,9.86,42531,0
AMPI.US,D,20210917,000000,9.75,9.75,9.7,9.7,933,0
AMPI.US,D,20210920,000000,9.74,9.74,9.65,9.65,1015,0
AMPI.US,D,20210922,000000,9.7,9.7,9.66,9.66,250462,0
AMPI.US,D,20210924,000000,9.68,9.73,9.68,9.73,8412,0
AMPI.US,D,20210927,000000,9.66,9.73,9.66,9.73,2300,0
AMPI.US,D,20210930,000000,9.7,9.7,9.7,9.7,250,0
AMPI.US,D,20211001,000000,9.7,9.74,9.7,9.71,1369,0
AMPI.US,D,20211004,000000,9.71,9.74,9.71,9.74,6169,0
AMPI.US,D,20211005,000000,9.74,9.75,9.74,9.75,1639,0
AMPI.US,D,20211007,000000,9.75,9.75,9.7,9.74,14055,0
AMPI.US,D,20211011,000000,9.69,9.69,9.69,9.69,177,0
AMPI.US,D,20211012,000000,9.7,9.75,9.7,9.725,32466,0
AMPI.US,D,20211014,000000,9.75,9.75,9.75,9.75,140,0
AMPI.US,D,20211015,000000,9.75,9.75,9.72,9.74,1903,0
AMPI.US,D,20211018,000000,9.7,9.74,9.7,9.74,1050,0
AMPI.US,D,20211022,000000,9.73,9.75,9.73,9.74,973,0
AMPI.US,D,20211025,000000,9.75,9.75,9.75,9.75,24849,0
AMPI.US,D,20211027,000000,9.71,9.74,9.71,9.74,601,0
AMPI.US,D,20211029,000000,9.74,9.75,9.74,9.75,2810,0
AMPI.US,D,20211101,000000,9.77,9.77,9.74,9.76,2948,0
AMPI.US,D,20211102,000000,9.76,9.77,9.76,9.77,3204,0
AMPI.US,D,20211103,000000,9.75,9.77,9.75,9.77,401,0
AMPI.US,D,20211104,000000,9.7106,9.7106,9.7106,9.7106,625,0
AMPI.US,D,20211105,000000,9.75,9.75,9.75,9.75,431,0
AMPI.US,D,20211109,000000,9.7355,9.7424,9.7355,9.7424,1366,0
AMPI.US,D,20211110,000000,9.72,9.72,9.72,9.72,245,0
AMPI.US,D,20211111,000000,9.76,9.76,9.76,9.76,415,0
AMPI.US,D,20211112,000000,9.7699,9.77,9.72,9.77,381614,0
AMPI.US,D,20211115,000000,9.7501,9.78,9.75,9.75,4610,0
AMPI.US,D,20211116,000000,9.7709,9.78,9.75,9.78,10765,0
AMPI.US,D,20211117,000000,9.739,9.76,9.73,9.76,5809,0
AMPI.US,D,20211118,000000,9.74,9.76,9.74,9.76,5725,0
AMPI.US,D,20211119,000000,9.72,9.78,9.72,9.77,33081,0
AMPI.US,D,20211122,000000,9.73,9.77,9.72,9.77,4620,0
AMPI.US,D,20211123,000000,9.76,9.78,9.75,9.78,7028,0
AMPI.US,D,20211126,000000,9.78,9.78,9.78,9.78,117,0
AMPI.US,D,20211129,000000,9.78,9.78,9.78,9.78,104,0
AMPI.US,D,20211130,000000,9.72,9.78,9.72,9.78,3681,0
AMPI.US,D,20211201,000000,9.78,9.78,9.7201,9.78,10640,0
AMPI.US,D,20211202,000000,9.78,9.78,9.71,9.76,1069,0
AMPI.US,D,20211208,000000,9.75,9.78,9.75,9.78,2722,0
AMPI.US,D,20211209,000000,9.78,9.78,9.78,9.78,501,0
AMPI.US,D,20211213,000000,9.73,9.74,9.73,9.74,12537,0
AMPI.US,D,20211214,000000,9.74,9.75,9.73,9.74,152002,0
AMPI.US,D,20211215,000000,9.73,9.75,9.73,9.74,83986,0
AMPI.US,D,20211216,000000,9.72,9.76,9.71,9.76,2249,0
AMPI.US,D,20211217,000000,9.71,9.71,9.71,9.71,408,0
AMPI.US,D,20211220,000000,9.7,9.74,9.7,9.74,3168,0
AMPI.US,D,20211221,000000,9.74,9.76,9.71,9.76,30000,0
AMPI.US,D,20211222,000000,9.71,9.76,9.71,9.76,144984,0
AMPI.US,D,20211227,000000,9.7,9.71,9.7,9.71,18909,0
AMPI.US,D,20211228,000000,9.72,9.72,9.72,9.72,1275,0
AMPI.US,D,20211229,000000,9.7158,9.7158,9.7158,9.7158,225,0
AMPI.US,D,20220103,000000,9.74,9.74,9.72,9.74,105800,0
AMPI.US,D,20220104,000000,9.75,9.75,9.75,9.75,996,0
AMPI.US,D,20220105,000000,9.74,9.8,9.74,9.8,37240,0
AMPI.US,D,20220106,000000,9.79,9.79,9.79,9.79,500,0
AMPI.US,D,20220107,000000,9.77,9.77,9.77,9.77,900,0
AMPI.US,D,20220111,000000,9.8,9.8,9.75,9.8,3064,0
AMPI.US,D,20220118,000000,9.79,9.79,9.75,9.75,1321,0
AMPI.US,D,20220119,000000,9.73,9.73,9.72,9.72,46586,0
AMPI.US,D,20220120,000000,9.72,9.72,9.71,9.71,47695,0
