<TICKER>,<PER>,<DATE>,<TIME>,<OPEN>,<HIGH>,<LOW>,<CLOSE>,<VOL>,<OPENINT>
ATHN-WS.US,D,20210513,000000,0.6401,0.6401,0.6401,0.6401,333,0
ATHN-WS.US,D,20210514,000000,0.67,0.67,0.64,0.67,18000,0
ATHN-WS.US,D,20210517,000000,0.62,0.65,0.605,0.65,50187,0
ATHN-WS.US,D,20210518,000000,0.6302,0.68,0.6302,0.68,6100,0
ATHN-WS.US,D,20210519,000000,0.68,0.68,0.68,0.68,251,0
ATHN-WS.US,D,20210521,000000,0.71,0.71,0.71,0.71,690,0
ATHN-WS.US,D,20210524,000000,0.69,0.69,0.68,0.68,29546,0
ATHN-WS.US,D,20210525,000000,0.6801,0.71,0.64646,0.65,22399,0
ATHN-WS.US,D,20210526,000000,0.675049,0.68,0.646684,0.65,31025,0
ATHN-WS.US,D,20210527,000000,0.68,0.68,0.63,0.63,21413,0
ATHN-WS.US,D,20210528,000000,0.6001,0.68,0.6001,0.6101,22319,0
ATHN-WS.US,D,20210601,000000,0.624999,0.64,0.61903,0.6251,11051,0
ATHN-WS.US,D,20210602,000000,0.6201,0.63,0.62,0.63,79412,0
ATHN-WS.US,D,20210603,000000,0.6,0.65,0.5901,0.6401,49125,0
ATHN-WS.US,D,20210604,000000,0.6497,0.669799,0.6497,0.649701,30030,0
ATHN-WS.US,D,20210607,000000,0.7,0.700101,0.6599,0.7,66777,0
ATHN-WS.US,D,20210608,000000,0.7299,0.73,0.7,0.7,108400,0
ATHN-WS.US,D,20210609,000000,0.7,0.73,0.6999,0.7298,53874,0
ATHN-WS.US,D,20210610,000000,0.72,0.7651,0.72,0.750248,116749,0
ATHN-WS.US,D,20210611,000000,0.7799,0.8,0.767601,0.8,17382,0
ATHN-WS.US,D,20210614,000000,0.7902,0.8,0.79,0.8,2683,0
ATHN-WS.US,D,20210615,000000,0.8399,0.8497,0.8398,0.8497,9985,0
ATHN-WS.US,D,20210616,000000,0.81,0.8901,0.79,0.8901,75510,0
ATHN-WS.US,D,20210617,000000,0.860101,0.860101,0.86,0.86,916,0
ATHN-WS.US,D,20210618,000000,0.86,0.93,0.86,0.93,750,0
ATHN-WS.US,D,20210621,000000,0.8611,0.9,0.8302,0.832,9661,0
ATHN-WS.US,D,20210622,000000,0.9,0.9,0.9,0.9,1300,0
ATHN-WS.US,D,20210623,000000,0.83,0.83,0.83,0.83,100,0
ATHN-WS.US,D,20210624,000000,0.8701,0.8701,0.87,0.8701,1700,0
ATHN-WS.US,D,20210625,000000,0.877,0.8895,0.8501,0.8503,10403,0
ATHN-WS.US,D,20210628,000000,0.952,1.01,0.8405,0.851,118514,0
ATHN-WS.US,D,20210629,000000,0.9201,0.9204,0.9201,0.9201,1413,0
ATHN-WS.US,D,20210630,000000,0.92,0.92,0.87,0.87,861,0
ATHN-WS.US,D,20210701,000000,0.92,0.92,0.881,0.881,5399,0
ATHN-WS.US,D,20210706,000000,0.96,0.986,0.87,0.9,53428,0
ATHN-WS.US,D,20210707,000000,1.4,1.45,1.28,1.39,1305948,0
ATHN-WS.US,D,20210708,000000,1.5,1.5,1.35,1.35,285384,0
ATHN-WS.US,D,20210709,000000,1.47,1.47,1.34,1.42,64819,0
ATHN-WS.US,D,20210712,000000,1.44,1.49,1.38,1.38,30243,0
ATHN-WS.US,D,20210713,000000,1.38,1.44,1.38,1.4399,42348,0
ATHN-WS.US,D,20210714,000000,1.4,1.42,1.35,1.35,26392,0
ATHN-WS.US,D,20210715,000000,1.39,1.3996,1.27,1.27,54971,0
ATHN-WS.US,D,20210716,000000,1.3,1.339,1.26,1.32,331287,0
ATHN-WS.US,D,20210719,000000,1.32,1.35,1.26,1.31,5603,0
ATHN-WS.US,D,20210720,000000,1.4,1.4,1.32,1.35,29538,0
ATHN-WS.US,D,20210721,000000,1.34,1.41,1.34,1.41,22151,0
ATHN-WS.US,D,20210722,000000,1.57,1.57,1.38,1.41,12310,0
ATHN-WS.US,D,20210723,000000,1.44,1.45,1.35,1.4,16768,0
ATHN-WS.US,D,20210726,000000,1.65,1.65,1.32,1.41,19079,0
ATHN-WS.US,D,20210727,000000,1.4,1.4,1.3,1.37,22489,0
ATHN-WS.US,D,20210728,000000,1.57,1.57,1.365,1.4,8200,0
ATHN-WS.US,D,20210729,000000,1.4,1.4,1.33,1.3899,58539,0
ATHN-WS.US,D,20210730,000000,1.35,1.5,1.33,1.41,74250,0
ATHN-WS.US,D,20210802,000000,1.3665,1.46,1.35,1.44,26172,0
ATHN-WS.US,D,20210803,000000,1.44,1.48,1.425,1.48,137763,0
ATHN-WS.US,D,20210804,000000,1.55,1.55,1.39,1.4,184632,0
ATHN-WS.US,D,20210805,000000,1.45,1.455,1.38,1.4201,340721,0
ATHN-WS.US,D,20210806,000000,1.32,1.46,1.32,1.41,21637,0
ATHN-WS.US,D,20210809,000000,1.44,1.45,1.41,1.41,223674,0
ATHN-WS.US,D,20210810,000000,1.47,1.475,1.43,1.475,9450,0
ATHN-WS.US,D,20210811,000000,1.45,1.5,1.32,1.49,30049,0
ATHN-WS.US,D,20210812,000000,1.44,1.45,1.4,1.41,21782,0
ATHN-WS.US,D,20210813,000000,1.45,1.47,1.44,1.45,7350,0
ATHN-WS.US,D,20210816,000000,1.33,1.39,1.32,1.32,18199,0
ATHN-WS.US,D,20210817,000000,1.32,1.3201,1.14,1.14,64337,0
ATHN-WS.US,D,20210818,000000,1.14,1.23,1.14,1.22,10600,0
ATHN-WS.US,D,20210819,000000,1.14,1.14,1.14,1.14,500,0
ATHN-WS.US,D,20210820,000000,1.14,1.17,1.14,1.17,9333,0
ATHN-WS.US,D,20210823,000000,1.14,1.21,1.12,1.17,32559,0
ATHN-WS.US,D,20210824,000000,1.12,1.2,1.12,1.2,15205,0
ATHN-WS.US,D,20210825,000000,1.13,1.22,1.13,1.22,137301,0
ATHN-WS.US,D,20210826,000000,1.22,1.32,1.19,1.31,221378,0
ATHN-WS.US,D,20210827,000000,1.37,1.4,1.35,1.4,27602,0
ATHN-WS.US,D,20210830,000000,1.4099,1.4099,1.355,1.355,6054,0
ATHN-WS.US,D,20210831,000000,1.42,1.42,1.36,1.36,2934,0
ATHN-WS.US,D,20210901,000000,1.37,1.37,1.365,1.37,171615,0
ATHN-WS.US,D,20210902,000000,1.35,1.35,1.35,1.35,139010,0
ATHN-WS.US,D,20210903,000000,1.35,1.375,1.325,1.375,141959,0
ATHN-WS.US,D,20210907,000000,1.35,1.38,1.32,1.38,117033,0
ATHN-WS.US,D,20210908,000000,1.38,1.38,1.38,1.38,100,0
ATHN-WS.US,D,20210909,000000,1.34,1.36,1.29,1.36,1104,0
ATHN-WS.US,D,20210910,000000,1.3201,1.35,1.32,1.35,36728,0
ATHN-WS.US,D,20210913,000000,1.35,1.38,1.335,1.36,38255,0
ATHN-WS.US,D,20210914,000000,1.34,1.34,1.25,1.31,7859,0
ATHN-WS.US,D,20210915,000000,1.3,1.35,1.3,1.35,14514,0
ATHN-WS.US,D,20210916,000000,1.4167,1.43,1.3577,1.43,3097,0
ATHN-WS.US,D,20210920,000000,1.49,1.49,1.33,1.37,7350,0
ATHN-WS.US,D,20210921,000000,1.47,1.47,1.35,1.38,13484,0
ATHN-WS.US,D,20210922,000000,1.46,1.46,1.39,1.4008,2450,0
ATHN-WS.US,D,20210923,000000,1.4,1.45,1.3999,1.4,13902,0
ATHN-WS.US,D,20210924,000000,1.42,1.45,1.3601,1.38,10705,0
ATHN-WS.US,D,20210927,000000,1.5,1.5,1.37,1.37,662,0
ATHN-WS.US,D,20210929,000000,1.4,1.4,1.4,1.4,690,0
ATHN-WS.US,D,20210930,000000,1.41,1.41,1.36,1.36,5246,0
ATHN-WS.US,D,20211001,000000,1.4,1.44,1.37,1.4,8449,0
ATHN-WS.US,D,20211004,000000,1.4,1.4,1.376,1.4,4201,0
ATHN-WS.US,D,20211005,000000,1.4,1.45,1.4,1.44,17250,0
ATHN-WS.US,D,20211006,000000,1.395,1.44,1.37,1.44,37425,0
ATHN-WS.US,D,20211007,000000,1.55,1.55,1.43,1.44,2973,0
ATHN-WS.US,D,20211008,000000,1.44,1.44,1.405,1.405,312,0
ATHN-WS.US,D,20211011,000000,1.3958,1.3958,1.355,1.38,8850,0
ATHN-WS.US,D,20211013,000000,1.3,1.38,1.3,1.36,6931,0
ATHN-WS.US,D,20211014,000000,1.36,1.36,1.35,1.36,4944,0
ATHN-WS.US,D,20211015,000000,1.35,1.3605,1.35,1.35,44378,0
ATHN-WS.US,D,20211018,000000,1.35,1.4,1.31,1.4,6232,0
ATHN-WS.US,D,20211019,000000,1.35,1.35,1.35,1.35,5454,0
ATHN-WS.US,D,20211020,000000,1.3,1.4,1.2999,1.3987,81205,0
ATHN-WS.US,D,20211021,000000,1.34,1.34,1.34,1.34,473,0
ATHN-WS.US,D,20211022,000000,1.4,1.4,1.3487,1.3487,7354,0
ATHN-WS.US,D,20211025,000000,1.35,1.4,1.35,1.39,44850,0
ATHN-WS.US,D,20211026,000000,1.4499,1.49,1.38,1.44,35175,0
ATHN-WS.US,D,20211027,000000,1.46,2.28,1.46,1.74,91646,0
ATHN-WS.US,D,20211028,000000,1.75,1.75,1.61,1.61,10841,0
ATHN-WS.US,D,20211029,000000,1.61,1.68,1.5601,1.68,18485,0
ATHN-WS.US,D,20211101,000000,1.69,1.75,1.69,1.75,51048,0
ATHN-WS.US,D,20211102,000000,1.7,1.75,1.7,1.7452,13352,0
ATHN-WS.US,D,20211103,000000,1.75,1.765,1.7396,1.765,22673,0
ATHN-WS.US,D,20211104,000000,1.78,1.82,1.73,1.73,37409,0
ATHN-WS.US,D,20211105,000000,1.814,1.84,1.775,1.795,24963,0
ATHN-WS.US,D,20211108,000000,1.85,1.88,1.8,1.83,87676,0
ATHN-WS.US,D,20211109,000000,1.75,1.85,1.74,1.75,7510,0
ATHN-WS.US,D,20211110,000000,1.7,1.715,1.59,1.63,28686,0
ATHN-WS.US,D,20211111,000000,1.63,1.79,1.6258,1.68,20118,0
ATHN-WS.US,D,20211112,000000,1.61,1.71,1.54,1.66,22862,0
ATHN-WS.US,D,20211115,000000,1.57,1.79,1.57,1.71,57262,0
ATHN-WS.US,D,20211116,000000,1.81,2.19,1.72,2.01,160164,0
ATHN-WS.US,D,20211117,000000,2.01,2.125,1.96,1.96,30399,0
ATHN-WS.US,D,20211118,000000,2,2.1,1.99,2,42681,0
ATHN-WS.US,D,20211119,000000,2.0328,2.0876,1.94,2.02,57534,0
ATHN-WS.US,D,20211122,000000,2.05,2.21,1.96,2.03,113883,0
ATHN-WS.US,D,20211123,000000,2.19,2.19,1.65,1.88,49099,0
ATHN-WS.US,D,20211124,000000,1.67,1.83,1.67,1.78,55044,0
ATHN-WS.US,D,20211126,000000,1.88,1.88,1.7,1.74,10847,0
ATHN-WS.US,D,20211129,000000,1.8,1.915,1.7268,1.89,142316,0
ATHN-WS.US,D,20211130,000000,1.84,1.88,1.71,1.77,12808,0
ATHN-WS.US,D,20211201,000000,1.71,1.76,1.5799,1.58,15585,0
ATHN-WS.US,D,20211202,000000,1.57,1.57,1.41,1.52,142133,0
ATHN-WS.US,D,20211203,000000,1.44,1.55,1.41,1.4499,68738,0
ATHN-WS.US,D,20211206,000000,1.41,1.505,1.41,1.46,62774,0
ATHN-WS.US,D,20211207,000000,1.46,1.58,1.46,1.5001,66850,0
ATHN-WS.US,D,20211208,000000,1.5,1.5,1.26,1.34,123780,0
ATHN-WS.US,D,20211209,000000,1.38,1.54,1.25,1.451,243558,0
ATHN-WS.US,D,20211210,000000,1.4,1.43,1.3901,1.4,48075,0
ATHN-WS.US,D,20211213,000000,1.4,1.45,1.32,1.355,53812,0
ATHN-WS.US,D,20211214,000000,1.32,1.36,1.32,1.35,47706,0
ATHN-WS.US,D,20211215,000000,1.39,1.4599,1.32,1.39,56056,0
ATHN-WS.US,D,20211216,000000,1.39,1.39,1.3501,1.37,19103,0
ATHN-WS.US,D,20211217,000000,1.32,1.3699,1.32,1.3699,49735,0
ATHN-WS.US,D,20211220,000000,1.38,1.38,1.26,1.27,30507,0
ATHN-WS.US,D,20211221,000000,1.27,1.33,1.17,1.3187,32468,0
ATHN-WS.US,D,20211222,000000,1.32,1.32,1.23,1.2598,10869,0
ATHN-WS.US,D,20211223,000000,1.28,1.39,1.25,1.34,51678,0
ATHN-WS.US,D,20211227,000000,1.39,1.43,1.29,1.4299,61533,0
ATHN-WS.US,D,20211228,000000,1.45,1.54,1.37,1.37,40291,0
ATHN-WS.US,D,20211229,000000,1.3801,1.3841,1.33,1.33,15995,0
ATHN-WS.US,D,20211230,000000,1.46,1.46,1.26,1.27,144517,0
