<TICKER>,<PER>,<DATE>,<TIME>,<OPEN>,<HIGH>,<LOW>,<CLOSE>,<VOL>,<OPENINT>
BDCZ.US,D,20181128,000000,14.459,14.459,14.459,14.459,130,0
BDCZ.US,D,20181129,000000,14.4,14.4,14.4,14.4,130,0
BDCZ.US,D,20181203,000000,14.625,14.625,14.625,14.625,130,0
BDCZ.US,D,20181204,000000,14.366,14.366,14.366,14.366,130,0
BDCZ.US,D,20181206,000000,14.264,14.37,14.264,14.37,267,0
BDCZ.US,D,20181210,000000,14.277,14.29,14.277,14.29,130,0
BDCZ.US,D,20181211,000000,14.222,14.222,14.222,14.222,1,0
BDCZ.US,D,20181212,000000,14.347,14.347,14.347,14.347,155,0
BDCZ.US,D,20181213,000000,14.186,14.186,14.186,14.186,1,0
BDCZ.US,D,20181214,000000,14.017,14.017,14.017,14.017,1,0
BDCZ.US,D,20181217,000000,13.705,13.705,13.438,13.438,130,0
BDCZ.US,D,20181218,000000,13.431,13.458,13.431,13.458,130,0
BDCZ.US,D,20181219,000000,13.471,13.471,13.392,13.392,130,0
BDCZ.US,D,20181220,000000,12.797,12.797,12.797,12.797,1,0
BDCZ.US,D,20181221,000000,13.001,13.001,13.001,13.001,1,0
BDCZ.US,D,20181224,000000,13.054,13.054,13.054,13.054,1,0
BDCZ.US,D,20181226,000000,13.403,13.403,13.403,13.403,1,0
BDCZ.US,D,20181227,000000,13.451,13.451,13.451,13.451,1,0
BDCZ.US,D,20181228,000000,13.572,13.572,13.572,13.572,1,0
BDCZ.US,D,20181231,000000,13.385,13.385,13.344,13.353,663,0
BDCZ.US,D,20190102,000000,13.542,13.542,13.542,13.542,1,0
BDCZ.US,D,20190103,000000,13.565,13.565,13.565,13.565,1,0
BDCZ.US,D,20190104,000000,13.858,13.858,13.858,13.858,1,0
BDCZ.US,D,20190107,000000,14.286,14.286,14.189,14.189,130,0
BDCZ.US,D,20190108,000000,14.301,14.301,14.301,14.301,1,0
BDCZ.US,D,20190109,000000,14.15,14.267,14.15,14.267,130,0
BDCZ.US,D,20190110,000000,14.321,14.321,14.321,14.321,1,0
BDCZ.US,D,20190111,000000,14.367,14.367,14.367,14.367,1,0
BDCZ.US,D,20190114,000000,14.114,14.297,14.114,14.297,127,0
BDCZ.US,D,20190115,000000,14.263,14.396,14.263,14.396,127,0
BDCZ.US,D,20190116,000000,14.362,14.48,14.362,14.48,127,0
BDCZ.US,D,20190117,000000,14.191,14.495,14.191,14.495,127,0
BDCZ.US,D,20190118,000000,14.263,14.545,14.263,14.545,127,0
BDCZ.US,D,20190122,000000,14.447,14.447,14.447,14.447,1,0
BDCZ.US,D,20190123,000000,14.493,14.493,14.493,14.493,1,0
BDCZ.US,D,20190124,000000,14.554,14.554,14.554,14.554,1,0
BDCZ.US,D,20190125,000000,14.547,14.693,14.547,14.693,127,0
BDCZ.US,D,20190128,000000,14.688,14.688,14.688,14.688,1,0
BDCZ.US,D,20190129,000000,14.68,14.68,14.68,14.68,1,0
BDCZ.US,D,20190130,000000,14.841,14.841,14.841,14.841,1,0
BDCZ.US,D,20190131,000000,14.942,14.942,14.942,14.942,1,0
BDCZ.US,D,20190201,000000,14.922,14.922,14.922,14.922,1,0
BDCZ.US,D,20190204,000000,14.894,15.035,14.894,15.035,388,0
BDCZ.US,D,20190205,000000,14.997,15.136,14.997,15.136,127,0
BDCZ.US,D,20190206,000000,14.838,15.077,14.838,15.077,127,0
BDCZ.US,D,20190207,000000,14.704,14.921,14.704,14.921,127,0
BDCZ.US,D,20190208,000000,14.899,14.899,14.899,14.899,1,0
BDCZ.US,D,20190211,000000,14.92,14.92,14.92,14.92,1,0
BDCZ.US,D,20190212,000000,15.038,15.038,15.038,15.038,1,0
BDCZ.US,D,20190213,000000,15.034,15.034,15.034,15.034,1,0
BDCZ.US,D,20190214,000000,15.048,15.048,15.048,15.048,1,0
BDCZ.US,D,20190215,000000,15.096,15.096,15.096,15.096,1,0
BDCZ.US,D,20190219,000000,15.157,15.157,15.157,15.157,1,0
BDCZ.US,D,20190220,000000,15.286,15.286,15.286,15.286,1,0
BDCZ.US,D,20190221,000000,15.362,15.362,15.362,15.362,1,0
BDCZ.US,D,20190222,000000,15.616,15.616,15.616,15.616,1,0
BDCZ.US,D,20190225,000000,15.564,15.564,15.564,15.564,1,0
BDCZ.US,D,20190226,000000,15.525,15.525,15.525,15.525,1,0
BDCZ.US,D,20190227,000000,15.435,15.435,15.435,15.435,1,0
BDCZ.US,D,20190228,000000,15.468,15.468,15.347,15.347,127,0
BDCZ.US,D,20190301,000000,15.217,15.217,15.217,15.217,1,0
BDCZ.US,D,20190304,000000,15.252,15.252,15.252,15.252,1,0
BDCZ.US,D,20190305,000000,15.136,15.136,15.136,15.136,1,0
BDCZ.US,D,20190306,000000,15.077,15.077,15.077,15.077,1,0
BDCZ.US,D,20190307,000000,15.057,15.057,15.057,15.057,1,0
BDCZ.US,D,20190308,000000,15.099,15.099,15.099,15.099,1,0
BDCZ.US,D,20190311,000000,15.217,15.217,15.217,15.217,1,0
BDCZ.US,D,20190312,000000,15.143,15.143,15.143,15.143,1,0
BDCZ.US,D,20190313,000000,15.198,15.198,15.198,15.198,1,0
BDCZ.US,D,20190314,000000,15.262,15.262,15.262,15.262,1,0
BDCZ.US,D,20190315,000000,15.239,15.239,15.239,15.239,1,0
BDCZ.US,D,20190318,000000,15.328,15.328,15.328,15.328,1,0
BDCZ.US,D,20190319,000000,15.235,15.235,15.235,15.235,1,0
BDCZ.US,D,20190320,000000,15.235,15.235,15.17,15.17,127,0
BDCZ.US,D,20190321,000000,15.197,15.197,15.197,15.197,1,0
BDCZ.US,D,20190322,000000,15.164,15.164,15.105,15.105,156,0
BDCZ.US,D,20190325,000000,15.107,15.107,15.107,15.107,1,0
BDCZ.US,D,20190326,000000,15.204,15.204,15.173,15.173,258,0
BDCZ.US,D,20190327,000000,15.173,15.183,15.173,15.183,622,0
BDCZ.US,D,20190328,000000,15.243,15.243,15.243,15.243,1,0
BDCZ.US,D,20190329,000000,15.198,15.198,15.198,15.198,1,0
BDCZ.US,D,20190401,000000,15.312,15.312,15.287,15.309,647,0
BDCZ.US,D,20190402,000000,15.367,15.367,15.367,15.367,1,0
BDCZ.US,D,20190403,000000,15.335,15.335,15.335,15.335,1,0
BDCZ.US,D,20190404,000000,15.377,15.377,15.377,15.377,1,0
BDCZ.US,D,20190405,000000,15.45,15.45,15.45,15.45,234,0
BDCZ.US,D,20190408,000000,15.441,15.441,15.441,15.441,1,0
BDCZ.US,D,20190409,000000,15.334,15.334,15.334,15.334,1,0
BDCZ.US,D,20190410,000000,15.397,15.397,15.377,15.382,1035,0
BDCZ.US,D,20190411,000000,15.452,15.452,15.406,15.406,632,0
BDCZ.US,D,20190412,000000,15.421,15.421,15.421,15.421,1,0
BDCZ.US,D,20190415,000000,15.396,15.396,15.396,15.396,1,0
BDCZ.US,D,20190416,000000,15.499,15.499,15.499,15.499,252,0
BDCZ.US,D,20190417,000000,15.461,15.461,15.461,15.461,1,0
BDCZ.US,D,20190418,000000,15.433,15.433,15.433,15.433,1,0
BDCZ.US,D,20190422,000000,15.463,15.463,15.463,15.463,1,0
BDCZ.US,D,20190423,000000,15.551,15.551,15.551,15.551,1,0
BDCZ.US,D,20190424,000000,15.559,15.559,15.559,15.559,1,0
BDCZ.US,D,20190425,000000,15.488,15.546,15.488,15.546,318,0
BDCZ.US,D,20190426,000000,15.6,15.6,15.6,15.6,1,0
BDCZ.US,D,20190429,000000,15.674,15.674,15.674,15.674,1,0
BDCZ.US,D,20190430,000000,15.714,15.714,15.714,15.714,1,0
BDCZ.US,D,20190501,000000,15.643,15.643,15.643,15.643,318,0
BDCZ.US,D,20190502,000000,15.678,15.678,15.678,15.678,1,0
BDCZ.US,D,20190503,000000,15.547,15.813,15.547,15.813,190,0
BDCZ.US,D,20190506,000000,15.508,15.846,15.508,15.846,3803,0
BDCZ.US,D,20190507,000000,15.809,15.809,15.75,15.75,3803,0
BDCZ.US,D,20190508,000000,15.772,15.772,15.772,15.772,1,0
BDCZ.US,D,20190509,000000,15.677,15.677,15.677,15.677,190,0
BDCZ.US,D,20190510,000000,15.702,15.702,15.702,15.702,1,0
BDCZ.US,D,20190513,000000,15.519,15.519,15.519,15.519,1,0
BDCZ.US,D,20190514,000000,15.613,15.613,15.613,15.613,1,0
BDCZ.US,D,20190515,000000,15.576,15.576,15.576,15.576,1,0
BDCZ.US,D,20190516,000000,15.62,15.62,15.62,15.62,1,0
BDCZ.US,D,20190517,000000,15.667,15.667,15.667,15.667,1,0
BDCZ.US,D,20190520,000000,15.627,15.683,15.627,15.683,381,0
BDCZ.US,D,20190521,000000,15.712,15.712,15.712,15.712,1,0
BDCZ.US,D,20190522,000000,15.685,15.685,15.685,15.685,1,0
BDCZ.US,D,20190523,000000,15.585,15.585,15.585,15.585,1,0
BDCZ.US,D,20190524,000000,15.612,15.612,15.612,15.612,1,0
BDCZ.US,D,20190528,000000,15.595,15.595,15.595,15.595,1,0
BDCZ.US,D,20190529,000000,15.5,15.5,15.5,15.5,1,0
BDCZ.US,D,20190530,000000,15.442,15.442,15.442,15.442,1,0
BDCZ.US,D,20190531,000000,15.217,15.217,15.217,15.217,46,0
BDCZ.US,D,20190603,000000,15.262,15.262,15.262,15.262,1,0
BDCZ.US,D,20190604,000000,15.396,15.396,15.396,15.396,1,0
BDCZ.US,D,20190605,000000,15.389,15.389,15.389,15.389,1,0
BDCZ.US,D,20190606,000000,15.452,15.452,15.452,15.452,2,0
BDCZ.US,D,20190607,000000,15.492,15.492,15.492,15.492,1,0
BDCZ.US,D,20190610,000000,15.577,15.577,15.577,15.577,1,0
BDCZ.US,D,20190611,000000,15.576,15.576,15.576,15.576,1,0
BDCZ.US,D,20190612,000000,15.622,15.622,15.622,15.622,2,0
BDCZ.US,D,20190613,000000,15.67,15.67,15.67,15.67,1,0
BDCZ.US,D,20190614,000000,15.719,15.719,15.719,15.719,1,0
BDCZ.US,D,20190617,000000,15.725,15.725,15.7,15.7,125,0
BDCZ.US,D,20190618,000000,15.769,15.769,15.748,15.765,2031,0
BDCZ.US,D,20190619,000000,15.862,15.862,15.835,15.835,633,0
BDCZ.US,D,20190620,000000,15.717,15.717,15.717,15.717,2,0
BDCZ.US,D,20190621,000000,15.752,15.752,15.733,15.733,126,0
BDCZ.US,D,20190624,000000,15.733,15.733,15.733,15.733,1,0
BDCZ.US,D,20190625,000000,15.73,15.73,15.593,15.593,1142,0
BDCZ.US,D,20190626,000000,15.557,15.557,15.557,15.557,1,0
BDCZ.US,D,20190627,000000,15.501,15.585,15.491,15.585,4055,0
BDCZ.US,D,20190628,000000,15.703,15.703,15.703,15.703,1,0
BDCZ.US,D,20190701,000000,15.74,15.74,15.74,15.74,1,0
BDCZ.US,D,20190702,000000,15.77,15.77,15.77,15.77,1,0
BDCZ.US,D,20190703,000000,15.845,15.845,15.845,15.845,1,0
BDCZ.US,D,20190705,000000,15.856,15.86,15.807,15.86,1491,0
BDCZ.US,D,20190708,000000,15.824,15.824,15.824,15.824,1,0
BDCZ.US,D,20190709,000000,15.847,15.847,15.836,15.836,695,0
BDCZ.US,D,20190710,000000,16.612,16.612,15.878,15.878,1394,0
BDCZ.US,D,20190711,000000,15.863,15.863,15.863,15.863,131,0
BDCZ.US,D,20190712,000000,15.985,15.985,15.859,15.859,2107,0
BDCZ.US,D,20190715,000000,15.92,15.92,15.903,15.903,432,0
BDCZ.US,D,20190716,000000,15.927,15.927,15.897,15.897,666,0
BDCZ.US,D,20190717,000000,15.819,15.819,15.819,15.819,1,0
BDCZ.US,D,20190718,000000,15.815,15.815,15.815,15.815,46,0
BDCZ.US,D,20190719,000000,15.812,15.812,15.812,15.812,1,0
BDCZ.US,D,20190722,000000,15.784,15.784,15.694,15.702,9848,0
BDCZ.US,D,20190723,000000,15.797,15.797,15.77,15.77,1363,0
BDCZ.US,D,20190724,000000,15.831,15.857,15.831,15.857,248,0
BDCZ.US,D,20190725,000000,15.85,15.85,15.834,15.834,1240,0
BDCZ.US,D,20190726,000000,15.88,15.88,15.88,15.88,1,0
BDCZ.US,D,20190729,000000,15.827,15.827,15.827,15.827,1,0
BDCZ.US,D,20190730,000000,15.871,16.002,15.871,16.002,4034,0
BDCZ.US,D,20190731,000000,15.815,15.859,15.815,15.859,123,0
BDCZ.US,D,20190801,000000,15.836,15.836,15.76,15.76,5682,0
BDCZ.US,D,20190802,000000,15.737,15.788,15.737,15.788,8160,0
BDCZ.US,D,20190805,000000,15.579,15.579,15.475,15.475,442,0
BDCZ.US,D,20190806,000000,15.612,15.612,15.612,15.612,1,0
BDCZ.US,D,20190807,000000,15.508,15.532,15.508,15.532,3511,0
BDCZ.US,D,20190808,000000,15.521,15.822,15.521,15.822,123,0
BDCZ.US,D,20190809,000000,15.681,15.681,15.681,15.681,1,0
BDCZ.US,D,20190812,000000,15.587,15.605,15.587,15.587,248,0
BDCZ.US,D,20190813,000000,15.621,15.718,15.621,15.718,1218,0
BDCZ.US,D,20190814,000000,15.518,15.518,15.518,15.518,1,0
BDCZ.US,D,20190815,000000,15.505,15.505,15.505,15.505,1,0
BDCZ.US,D,20190816,000000,15.718,15.718,15.718,15.718,24,0
BDCZ.US,D,20190819,000000,15.815,15.899,15.815,15.899,2002,0
BDCZ.US,D,20190820,000000,15.88,15.992,15.88,15.909,6878,0
BDCZ.US,D,20190821,000000,15.94,15.94,15.94,15.94,1,0
BDCZ.US,D,20190822,000000,15.923,15.923,15.923,15.923,61,0
BDCZ.US,D,20190823,000000,15.785,15.785,15.785,15.785,1,0
BDCZ.US,D,20190826,000000,15.853,15.853,15.853,15.853,123,0
BDCZ.US,D,20190827,000000,15.739,15.739,15.739,15.739,1,0
BDCZ.US,D,20190828,000000,15.764,15.764,15.733,15.733,2481,0
BDCZ.US,D,20190829,000000,15.832,15.832,15.832,15.832,1,0
BDCZ.US,D,20190830,000000,15.84,15.84,15.84,15.84,1,0
BDCZ.US,D,20190903,000000,15.787,15.787,15.787,15.787,1,0
BDCZ.US,D,20190904,000000,15.845,15.845,15.845,15.845,1,0
BDCZ.US,D,20190905,000000,15.942,15.942,15.942,15.942,1,0
BDCZ.US,D,20190906,000000,15.931,15.931,15.931,15.931,1,0
BDCZ.US,D,20190909,000000,16.029,16.029,16.029,16.029,1,0
BDCZ.US,D,20190910,000000,16.024,16.086,16.024,16.086,740,0
BDCZ.US,D,20190911,000000,16.134,16.134,16.134,16.134,1,0
BDCZ.US,D,20190912,000000,16.146,16.157,16.146,16.157,621,0
BDCZ.US,D,20190913,000000,16.214,16.214,16.214,16.214,1,0
BDCZ.US,D,20190916,000000,16.232,16.232,16.232,16.232,1,0
BDCZ.US,D,20190917,000000,16.212,16.212,16.212,16.212,1,0
BDCZ.US,D,20190918,000000,16.248,16.248,16.248,16.248,1,0
BDCZ.US,D,20190919,000000,16.246,16.246,16.246,16.246,2,0
BDCZ.US,D,20190920,000000,16.347,16.347,16.331,16.347,123,0
BDCZ.US,D,20190923,000000,16.346,16.363,16.335,16.335,516,0
BDCZ.US,D,20190924,000000,16.246,16.246,16.246,16.246,2,0
BDCZ.US,D,20190925,000000,16.239,16.239,16.239,16.239,2,0
BDCZ.US,D,20190926,000000,16.354,16.354,16.351,16.351,1489,0
BDCZ.US,D,20190927,000000,16.261,16.261,16.261,16.261,2,0
BDCZ.US,D,20190930,000000,16.245,16.245,16.245,16.245,2,0
BDCZ.US,D,20191001,000000,16.046,16.046,16.046,16.046,2,0
BDCZ.US,D,20191002,000000,15.755,15.755,15.755,15.755,6,0
BDCZ.US,D,20191003,000000,15.721,15.721,15.721,15.721,2,0
BDCZ.US,D,20191004,000000,15.851,15.851,15.851,15.851,2,0
BDCZ.US,D,20191007,000000,15.927,15.927,15.915,15.915,125,0
BDCZ.US,D,20191008,000000,15.801,15.801,15.801,15.801,2,0
BDCZ.US,D,20191009,000000,16.097,16.097,15.83,15.83,123,0
BDCZ.US,D,20191010,000000,15.911,15.911,15.911,15.911,97,0
BDCZ.US,D,20191011,000000,15.984,15.984,15.984,15.984,59,0
BDCZ.US,D,20191014,000000,15.896,15.896,15.896,15.896,1,0
BDCZ.US,D,20191015,000000,16.297,16.297,16.006,16.006,121,0
BDCZ.US,D,20191016,000000,16.013,16.013,16.013,16.013,2,0
BDCZ.US,D,20191017,000000,16.062,16.062,16.062,16.062,22,0
BDCZ.US,D,20191018,000000,16.1,16.1,16.1,16.1,10,0
BDCZ.US,D,20191021,000000,16.151,16.151,16.151,16.151,1,0
BDCZ.US,D,20191022,000000,16.157,16.157,16.157,16.157,30,0
BDCZ.US,D,20191023,000000,16.177,16.177,16.177,16.177,29,0
BDCZ.US,D,20191024,000000,16.141,16.141,16.141,16.141,24,0
BDCZ.US,D,20191025,000000,16.147,16.147,16.147,16.147,1,0
BDCZ.US,D,20191028,000000,16.212,16.212,16.212,16.212,2,0
BDCZ.US,D,20191029,000000,16.202,16.205,16.202,16.205,2308,0
BDCZ.US,D,20191030,000000,16.199,16.199,16.199,16.199,1,0
BDCZ.US,D,20191031,000000,16.185,16.185,16.166,16.166,1942,0
BDCZ.US,D,20191101,000000,16.252,16.252,16.252,16.252,1,0
BDCZ.US,D,20191104,000000,16.291,16.291,16.291,16.291,1,0
BDCZ.US,D,20191105,000000,16.334,16.334,16.272,16.272,487,0
BDCZ.US,D,20191106,000000,16.305,16.305,16.305,16.305,1,0
BDCZ.US,D,20191107,000000,16.23,16.23,16.23,16.23,1,0
BDCZ.US,D,20191108,000000,16.23,16.23,16.23,16.23,33,0
BDCZ.US,D,20191111,000000,16.247,16.247,16.247,16.247,33,0
BDCZ.US,D,20191112,000000,16.329,16.329,16.329,16.329,33,0
BDCZ.US,D,20191113,000000,16.335,16.335,16.335,16.335,33,0
BDCZ.US,D,20191114,000000,16.349,16.349,16.321,16.321,121,0
BDCZ.US,D,20191115,000000,16.304,16.304,16.304,16.304,33,0
BDCZ.US,D,20191118,000000,16.318,16.318,16.318,16.318,33,0
BDCZ.US,D,20191119,000000,16.362,16.362,16.362,16.362,33,0
BDCZ.US,D,20191120,000000,16.351,16.351,16.351,16.351,1,0
BDCZ.US,D,20191121,000000,16.272,16.272,16.272,16.272,59,0
BDCZ.US,D,20191122,000000,16.288,16.288,16.288,16.288,33,0
BDCZ.US,D,20191125,000000,16.4,16.4,16.4,16.4,33,0
BDCZ.US,D,20191126,000000,16.408,16.449,16.408,16.442,1338,0
BDCZ.US,D,20191129,000000,16.92,16.92,16.64,16.64,175,0
BDCZ.US,D,20191202,000000,16.568,16.568,16.568,16.568,33,0
BDCZ.US,D,20191203,000000,16.506,16.506,16.506,16.506,2,0
BDCZ.US,D,20191204,000000,16.611,16.611,16.611,16.611,33,0
BDCZ.US,D,20191205,000000,16.651,16.651,16.586,16.586,121,0
BDCZ.US,D,20191206,000000,16.658,16.658,16.658,16.658,33,0
BDCZ.US,D,20191209,000000,16.71,16.71,16.71,16.71,2,0
BDCZ.US,D,20191210,000000,16.713,16.713,16.713,16.713,33,0
BDCZ.US,D,20191211,000000,16.724,16.724,16.724,16.724,33,0
BDCZ.US,D,20191212,000000,16.798,16.798,16.798,16.798,33,0
BDCZ.US,D,20191213,000000,16.84,16.84,16.84,16.84,33,0
BDCZ.US,D,20191216,000000,16.934,16.934,16.93,16.93,121,0
BDCZ.US,D,20191217,000000,16.975,16.975,16.96,16.962,1122,0
BDCZ.US,D,20191218,000000,16.975,16.984,16.925,16.925,1581,0
BDCZ.US,D,20191219,000000,16.928,16.928,16.928,16.928,6,0
BDCZ.US,D,20191220,000000,16.921,16.921,16.921,16.921,22,0
BDCZ.US,D,20191223,000000,16.892,16.892,16.869,16.869,548,0
BDCZ.US,D,20191224,000000,16.889,16.889,16.889,16.889,121,0
BDCZ.US,D,20191226,000000,16.9,16.904,16.882,16.904,1341,0
BDCZ.US,D,20191227,000000,16.9,16.9,16.871,16.871,849,0
BDCZ.US,D,20191230,000000,16.828,16.828,16.824,16.824,243,0
BDCZ.US,D,20191231,000000,16.819,16.819,16.819,16.819,59,0
BDCZ.US,D,20200102,000000,16.852,16.852,16.845,16.845,1215,0
BDCZ.US,D,20200103,000000,16.885,16.885,16.871,16.871,245,0
BDCZ.US,D,20200106,000000,16.876,16.876,16.876,16.876,33,0
BDCZ.US,D,20200107,000000,16.872,16.872,16.872,16.872,11,0
BDCZ.US,D,20200108,000000,16.891,16.891,16.891,16.891,35,0
BDCZ.US,D,20200109,000000,16.905,16.905,16.905,16.905,136,0
BDCZ.US,D,20200110,000000,17.205,17.205,16.905,16.905,1222,0
BDCZ.US,D,20200113,000000,16.973,16.973,16.973,16.973,11,0
BDCZ.US,D,20200114,000000,17.014,17.014,17.014,17.014,32,0
BDCZ.US,D,20200115,000000,17.057,17.057,17.057,17.057,15,0
BDCZ.US,D,20200116,000000,17.12,17.12,17.119,17.119,118,0
BDCZ.US,D,20200117,000000,17.113,17.113,17.113,17.113,114,0
BDCZ.US,D,20200121,000000,17.163,17.163,17.104,17.108,3285,0
BDCZ.US,D,20200122,000000,17.086,17.173,17.086,17.167,4097,0
BDCZ.US,D,20200123,000000,17.144,17.179,17.144,17.179,385,0
BDCZ.US,D,20200124,000000,17.186,17.186,17.059,17.059,3138,0
BDCZ.US,D,20200127,000000,16.977,16.977,16.944,16.944,5696,0
BDCZ.US,D,20200128,000000,17.005,17.005,17.005,17.005,1,0
BDCZ.US,D,20200129,000000,15.825,17.01,15.825,16.998,870,0
BDCZ.US,D,20200130,000000,17.017,17.017,17.011,17.011,891,0
BDCZ.US,D,20200131,000000,17.163,17.163,16.9,16.9,4642,0
BDCZ.US,D,20200203,000000,16.935,16.985,16.926,16.985,1466,0
BDCZ.US,D,20200204,000000,16.993,17.019,16.993,17.003,1786,0
BDCZ.US,D,20200205,000000,17.078,17.103,17.063,17.098,10893,0
BDCZ.US,D,20200206,000000,17.12,17.13,17.12,17.12,1306,0
BDCZ.US,D,20200207,000000,17.112,17.133,17.112,17.133,14026,0
BDCZ.US,D,20200210,000000,17.143,17.143,17.143,17.143,1,0
BDCZ.US,D,20200211,000000,17.178,17.182,17.165,17.172,2178,0
BDCZ.US,D,20200212,000000,17.162,17.172,17.128,17.141,1076,0
BDCZ.US,D,20200213,000000,17.227,17.227,17.227,17.227,58,0
BDCZ.US,D,20200214,000000,17.225,17.229,17.182,17.182,4636,0
BDCZ.US,D,20200218,000000,17.22,17.229,17.214,17.214,661896,0
BDCZ.US,D,20200219,000000,17.204,17.204,17.167,17.191,21674,0
BDCZ.US,D,20200220,000000,17.254,17.308,17.254,17.308,4547,0
BDCZ.US,D,20200221,000000,17.321,19.039,17.178,17.197,10217,0
BDCZ.US,D,20200224,000000,17.078,17.078,16.9,16.925,19468,0
BDCZ.US,D,20200225,000000,16.826,16.826,16.188,16.189,6886,0
BDCZ.US,D,20200226,000000,16.51,16.51,16.319,16.319,13652,0
BDCZ.US,D,20200227,000000,16.04,16.119,15.681,15.798,30168,0
BDCZ.US,D,20200228,000000,15.24,15.24,14.98,15.162,6633,0
BDCZ.US,D,20200302,000000,15.408,15.769,15.408,15.769,8182,0
BDCZ.US,D,20200303,000000,16.018,16.018,15.656,15.686,1707,0
BDCZ.US,D,20200304,000000,15.85,16.004,15.83,16.004,2012,0
BDCZ.US,D,20200305,000000,15.674,15.84,15.674,15.745,6542,0
BDCZ.US,D,20200306,000000,15.405,15.429,15.193,15.378,18470,0
BDCZ.US,D,20200309,000000,15.144,15.144,13.967,13.985,13189,0
BDCZ.US,D,20200310,000000,14.303,14.312,13.949,14.239,10400,0
BDCZ.US,D,20200311,000000,13.752,13.891,13.494,13.592,6736,0
BDCZ.US,D,20200312,000000,12.99,12.99,11.795,11.952,17889,0
BDCZ.US,D,20200313,000000,12.241,12.285,11.935,12.285,25185,0
BDCZ.US,D,20200316,000000,11.384,11.384,10.483,10.483,29327,0
BDCZ.US,D,20200317,000000,10.18,10.313,9.1685,10.038,78960,0
BDCZ.US,D,20200318,000000,8.8333,8.8416,7.8495,8.657,4033,0
BDCZ.US,D,20200319,000000,7.7901,9.4638,7.7901,9.3824,17831,0
BDCZ.US,D,20200320,000000,9.575,9.767,8.8102,8.9182,24110,0
BDCZ.US,D,20200323,000000,8.3705,9.1112,7.4622,7.6809,148703,0
BDCZ.US,D,20200324,000000,8.4544,8.9256,8.4544,8.4912,30408,0
BDCZ.US,D,20200325,000000,9.1197,10.288,8.8674,9.2888,12160,0
BDCZ.US,D,20200326,000000,9.2888,11.037,9.2888,10.29,14010,0
BDCZ.US,D,20200327,000000,10.121,10.509,10.088,10.179,76092,0
BDCZ.US,D,20200330,000000,9.632,9.901,9.59,9.691,411256,0
BDCZ.US,D,20200331,000000,9.599,9.78,9.4099,9.4099,9245,0
BDCZ.US,D,20200401,000000,10.078,10.078,8.7076,8.7076,13707,0
BDCZ.US,D,20200402,000000,8.6481,8.6481,8.3206,8.4239,6169,0
BDCZ.US,D,20200403,000000,7.622,8.3625,7.622,8.1772,20882,0
BDCZ.US,D,20200406,000000,8.8066,8.8066,8.5764,8.5764,17243,0
BDCZ.US,D,20200407,000000,8.766,9.455,8.766,9.258,19704,0
BDCZ.US,D,20200408,000000,9.543,10.154,9.543,9.889,19996,0
BDCZ.US,D,20200409,000000,10.73,11.203,10.704,10.809,7936,0
BDCZ.US,D,20200413,000000,10.32,10.81,10.233,10.794,3926,0
BDCZ.US,D,20200414,000000,10.793,11.087,10.793,11.034,3263,0
BDCZ.US,D,20200415,000000,11.021,11.021,10.408,10.526,3050,0
BDCZ.US,D,20200416,000000,10.497,10.497,10.282,10.313,2446,0
BDCZ.US,D,20200417,000000,10.443,10.609,10.443,10.474,16333,0
BDCZ.US,D,20200420,000000,10.45,10.45,9.978,10.074,31879,0
BDCZ.US,D,20200421,000000,9.892,9.97,9.724,9.865,37866,0
BDCZ.US,D,20200422,000000,9.817,9.883,9.681,9.758,39172,0
BDCZ.US,D,20200423,000000,9.777,10.004,9.742,9.914,35041,0
BDCZ.US,D,20200424,000000,10.075,10.42,10.075,10.42,3603,0
BDCZ.US,D,20200427,000000,10.582,11.036,10.582,10.924,7443,0
BDCZ.US,D,20200428,000000,11.274,11.282,10.699,10.699,10166,0
BDCZ.US,D,20200429,000000,10.949,11.325,10.949,11.202,23482,0
BDCZ.US,D,20200430,000000,10.968,11.054,10.87,11.054,10007,0
BDCZ.US,D,20200501,000000,10.565,10.653,10.547,10.603,13843,0
BDCZ.US,D,20200504,000000,10.311,10.381,10.224,10.365,4368,0
BDCZ.US,D,20200505,000000,10.653,10.854,10.47,10.47,51895,0
BDCZ.US,D,20200506,000000,10.722,10.914,10.66,10.779,9977,0
BDCZ.US,D,20200507,000000,10.897,11.011,10.827,10.884,8096,0
BDCZ.US,D,20200508,000000,11.098,11.126,10.988,11.066,10820,0
BDCZ.US,D,20200511,000000,10.924,11.126,10.924,11.069,19285,0
BDCZ.US,D,20200512,000000,11.055,11.178,11.034,11.034,15905,0
BDCZ.US,D,20200513,000000,11.081,11.081,10.381,10.669,15080,0
BDCZ.US,D,20200514,000000,10.277,10.87,10.137,10.801,7321,0
BDCZ.US,D,20200515,000000,10.801,10.993,10.766,10.896,6356,0
BDCZ.US,D,20200518,000000,11.289,11.403,11.169,11.338,15959,0
BDCZ.US,D,20200519,000000,11.492,11.535,11.361,11.366,2576,0
BDCZ.US,D,20200520,000000,11.561,11.571,11.492,11.569,14210,0
BDCZ.US,D,20200521,000000,11.527,11.798,11.527,11.768,7825,0
BDCZ.US,D,20200522,000000,10.731,12.348,10.731,11.858,8089,0
BDCZ.US,D,20200526,000000,12.34,12.392,12.28,12.28,9532,0
BDCZ.US,D,20200527,000000,12.716,12.716,12.392,12.529,109900,0
BDCZ.US,D,20200528,000000,12.533,12.624,12.273,12.273,59673,0
BDCZ.US,D,20200529,000000,12.129,12.261,12.12,12.195,6218,0
BDCZ.US,D,20200601,000000,11.484,12.507,11.484,12.453,5988,0
BDCZ.US,D,20200602,000000,12.157,12.485,12.157,12.485,13461,0
BDCZ.US,D,20200603,000000,12.707,12.815,12.707,12.759,5527,0
BDCZ.US,D,20200604,000000,12.769,12.847,12.702,12.788,7536,0
BDCZ.US,D,20200605,000000,13.065,13.241,12.944,12.944,11288,0
BDCZ.US,D,20200608,000000,13.425,13.572,13.425,13.538,7185,0
BDCZ.US,D,20200609,000000,13.328,13.373,13.251,13.356,6597,0
BDCZ.US,D,20200610,000000,13.065,13.127,12.94,12.961,16817,0
BDCZ.US,D,20200611,000000,12.699,12.699,12.027,12.168,26462,0
BDCZ.US,D,20200612,000000,12.483,12.655,12.375,12.616,28803,0
BDCZ.US,D,20200615,000000,12.357,12.842,12.347,12.699,20229,0
BDCZ.US,D,20200616,000000,12.939,13.004,12.908,12.916,3887,0
BDCZ.US,D,20200617,000000,12.725,12.725,12.606,12.641,4733,0
BDCZ.US,D,20200618,000000,13.153,13.153,12.454,12.454,5861,0
BDCZ.US,D,20200619,000000,12.637,12.653,12.375,12.375,8954,0
BDCZ.US,D,20200622,000000,12.33,12.367,12.305,12.305,3935,0
BDCZ.US,D,20200623,000000,12.367,12.392,12.253,12.258,12234,0
BDCZ.US,D,20200624,000000,12.009,12.114,11.771,12.051,42765,0
BDCZ.US,D,20200625,000000,11.904,12.139,11.876,12.077,9631,0
BDCZ.US,D,20200626,000000,12.016,12.033,11.895,11.96,15319,0
BDCZ.US,D,20200629,000000,11.947,12.052,11.947,12.052,8768,0
BDCZ.US,D,20200630,000000,12.271,12.274,12.183,12.226,8975,0
BDCZ.US,D,20200701,000000,12.279,12.279,12.139,12.218,6892,0
BDCZ.US,D,20200702,000000,12.383,12.383,12.165,12.169,12184,0
BDCZ.US,D,20200706,000000,12.33,12.383,12.088,12.164,1777,0
BDCZ.US,D,20200707,000000,12.034,12.034,11.909,11.909,4403,0
BDCZ.US,D,20200708,000000,11.969,12.009,11.89,11.949,2615,0
BDCZ.US,D,20200709,000000,11.699,11.719,11.66,11.679,10708,0
BDCZ.US,D,20200710,000000,11.72,11.815,11.72,11.795,5039,0
BDCZ.US,D,20200713,000000,12.433,12.433,11.875,11.881,6546,0
BDCZ.US,D,20200714,000000,11.877,12.037,11.877,12.004,8730,0
BDCZ.US,D,20200715,000000,12.217,12.295,12.2,12.267,8327,0
BDCZ.US,D,20200716,000000,12.232,12.29,12.2,12.241,12986,0
BDCZ.US,D,20200717,000000,12.262,12.271,12.208,12.249,5076,0
BDCZ.US,D,20200720,000000,12.146,12.19,12.118,12.16,9060,0
BDCZ.US,D,20200721,000000,12.277,12.333,12.262,12.28,5234,0
BDCZ.US,D,20200722,000000,12.288,12.433,12.288,12.428,4363,0
BDCZ.US,D,20200723,000000,12.446,12.46,12.357,12.369,8165,0
BDCZ.US,D,20200724,000000,12.307,12.307,12.206,12.206,1004,0
BDCZ.US,D,20200727,000000,12.218,12.218,12.122,12.122,9081,0
BDCZ.US,D,20200728,000000,12.118,12.208,12.118,12.156,1906,0
BDCZ.US,D,20200729,000000,12.163,12.262,12.163,12.26,5722,0
BDCZ.US,D,20200730,000000,12.218,12.271,12.218,12.267,2279,0
BDCZ.US,D,20200731,000000,12.288,12.298,12.267,12.291,4521,0
BDCZ.US,D,20200803,000000,12.352,12.441,12.352,12.401,4041,0
BDCZ.US,D,20200804,000000,12.415,12.524,12.415,12.514,15754,0
BDCZ.US,D,20200805,000000,12.694,12.705,12.668,12.694,4855,0
BDCZ.US,D,20200806,000000,11.49,12.793,11.49,12.693,6036,0
BDCZ.US,D,20200807,000000,12.779,12.921,12.779,12.921,4563,0
BDCZ.US,D,20200810,000000,13.17,13.242,13.134,13.18,3093,0
BDCZ.US,D,20200811,000000,13.269,13.269,13.043,13.043,2683,0
BDCZ.US,D,20200812,000000,13.184,13.184,13.052,13.087,2732,0
BDCZ.US,D,20200813,000000,13.134,13.179,13.001,13.003,2573,0
BDCZ.US,D,20200814,000000,12.95,12.983,12.937,12.983,4390,0
BDCZ.US,D,20200817,000000,13,13,12.891,12.918,7381,0
BDCZ.US,D,20200818,000000,12.819,12.855,12.76,12.76,9806,0
BDCZ.US,D,20200819,000000,12.755,12.755,12.721,12.727,1651,0
BDCZ.US,D,20200820,000000,12.688,12.694,12.668,12.694,1086,0
BDCZ.US,D,20200821,000000,11.983,12.61,11.983,12.559,9080,0
BDCZ.US,D,20200824,000000,12.721,12.921,12.721,12.921,4896,0
BDCZ.US,D,20200825,000000,13.036,13.036,12.766,12.845,38688,0
BDCZ.US,D,20200826,000000,12.774,12.774,12.603,12.603,11396,0
BDCZ.US,D,20200827,000000,12.451,12.766,12.415,12.415,8730,0
BDCZ.US,D,20200828,000000,12.819,12.901,12.815,12.878,3727,0
BDCZ.US,D,20200831,000000,12.81,12.846,12.799,12.845,1498,0
BDCZ.US,D,20200901,000000,12.613,12.784,12.613,12.775,2066,0
BDCZ.US,D,20200902,000000,12.793,12.875,12.793,12.871,10586,0
BDCZ.US,D,20200903,000000,12.585,12.766,12.54,12.54,2127,0
BDCZ.US,D,20200904,000000,12.63,12.667,12.568,12.633,854,0
BDCZ.US,D,20200908,000000,12.767,12.767,12.675,12.711,2840,0
BDCZ.US,D,20200909,000000,12.549,12.81,12.549,12.603,8623,0
BDCZ.US,D,20200910,000000,12.495,12.829,12.406,12.406,9160,0
BDCZ.US,D,20200911,000000,13.036,13.036,12.793,12.856,5423,0
BDCZ.US,D,20200914,000000,12.361,13,12.361,12.986,4642,0
BDCZ.US,D,20200915,000000,13,13.026,12.962,12.962,17144,0
BDCZ.US,D,20200916,000000,13.026,13.046,12.937,12.961,9914,0
BDCZ.US,D,20200917,000000,12.962,12.962,12.91,12.91,4469,0
BDCZ.US,D,20200918,000000,12.894,12.903,12.893,12.895,3293,0
BDCZ.US,D,20200921,000000,12.774,12.774,12.684,12.742,5343,0
BDCZ.US,D,20200922,000000,12.766,12.768,12.748,12.762,1977,0
BDCZ.US,D,20200923,000000,12.774,12.774,12.471,12.471,4060,0
BDCZ.US,D,20200924,000000,12.451,12.549,12.379,12.403,2837,0
BDCZ.US,D,20200925,000000,12.524,12.675,12.524,12.675,6293,0
BDCZ.US,D,20200928,000000,12.81,13.036,12.81,12.962,1861,0
BDCZ.US,D,20200929,000000,12.901,12.901,12.756,12.774,5531,0
BDCZ.US,D,20200930,000000,13.125,13.125,12.781,12.781,3338,0
BDCZ.US,D,20201001,000000,12.981,13.104,12.977,13.032,912,0
BDCZ.US,D,20201002,000000,12.54,13.144,12.54,12.784,8293,0
BDCZ.US,D,20201005,000000,12.73,13.166,12.73,13.087,3910,0
BDCZ.US,D,20201006,000000,13.166,13.169,13.007,13.026,9088,0
BDCZ.US,D,20201007,000000,13.052,13.081,13.008,13.078,7691,0
BDCZ.US,D,20201008,000000,13.125,13.171,13.125,13.171,614,0
BDCZ.US,D,20201009,000000,13.179,13.179,13.163,13.163,352,0
BDCZ.US,D,20201012,000000,13.151,13.151,12.958,12.996,31622,0
BDCZ.US,D,20201013,000000,12.783,12.949,12.783,12.938,4011,0
BDCZ.US,D,20201014,000000,12.958,13.032,12.925,12.925,4739,0
BDCZ.US,D,20201015,000000,12.898,12.949,12.898,12.908,2782,0
BDCZ.US,D,20201016,000000,12.911,12.911,12.875,12.883,6307,0
BDCZ.US,D,20201019,000000,12.865,12.865,12.672,12.683,4231,0
BDCZ.US,D,20201020,000000,12.773,12.829,12.709,12.829,6070,0
BDCZ.US,D,20201021,000000,12.653,12.718,12.643,12.659,6505,0
BDCZ.US,D,20201022,000000,12.643,12.699,12.643,12.675,2225,0
BDCZ.US,D,20201023,000000,12.736,12.783,12.736,12.78,2397,0
BDCZ.US,D,20201026,000000,12.699,12.699,12.551,12.596,2094,0
BDCZ.US,D,20201027,000000,12.801,12.801,12.562,12.562,6657,0
BDCZ.US,D,20201028,000000,12.45,12.45,12.24,12.24,6230,0
BDCZ.US,D,20201029,000000,12.724,12.724,12.24,12.296,4497,0
BDCZ.US,D,20201030,000000,12.21,12.256,12.08,12.213,7582,0
BDCZ.US,D,20201102,000000,12.228,12.561,12.228,12.462,5634,0
BDCZ.US,D,20201103,000000,12.629,12.681,12.588,12.631,11093,0
BDCZ.US,D,20201104,000000,12.699,12.81,12.688,12.719,3246,0
BDCZ.US,D,20201105,000000,13.068,13.097,13.05,13.05,3257,0
BDCZ.US,D,20201106,000000,13.079,13.079,13.036,13.041,15045,0
BDCZ.US,D,20201109,000000,13.549,13.549,13.3,13.346,5157,0
BDCZ.US,D,20201110,000000,13.447,13.779,13.447,13.733,10755,0
BDCZ.US,D,20201111,000000,13.752,13.816,13.734,13.786,3980,0
BDCZ.US,D,20201112,000000,13.336,13.769,13.336,13.582,877527,0
BDCZ.US,D,20201113,000000,13.798,13.862,13.769,13.825,3107,0
BDCZ.US,D,20201116,000000,14.075,14.075,14.057,14.07,1496,0
BDCZ.US,D,20201117,000000,13.595,14.19,13.595,14.127,4464,0
BDCZ.US,D,20201118,000000,12.995,14.332,12.995,14.134,14502,0
BDCZ.US,D,20201119,000000,14.277,14.334,14.277,14.334,14273,0
BDCZ.US,D,20201120,000000,14.139,14.296,14.139,14.25,11620,0
BDCZ.US,D,20201123,000000,14.397,14.516,14.356,14.493,19457,0
BDCZ.US,D,20201124,000000,14.785,14.863,14.675,14.767,6669,0
BDCZ.US,D,20201125,000000,14.536,14.96,14.536,14.96,13856,0
BDCZ.US,D,20201127,000000,15.039,15.044,14.97,14.97,1405,0
BDCZ.US,D,20201130,000000,14.998,15.002,14.416,14.416,30577,0
BDCZ.US,D,20201201,000000,13.936,14.998,13.936,14.901,6181,0
BDCZ.US,D,20201202,000000,15.126,15.126,14.924,14.93,3933,0
BDCZ.US,D,20201203,000000,15.053,15.192,15.053,15.119,12631,0
BDCZ.US,D,20201204,000000,15.274,15.367,15.238,15.243,3283,0
BDCZ.US,D,20201207,000000,16.058,16.058,15.016,15.085,20636,0
BDCZ.US,D,20201208,000000,15.146,15.146,14.96,15.052,5244,0
BDCZ.US,D,20201209,000000,15.302,15.302,14.896,14.996,16002,0
BDCZ.US,D,20201210,000000,14.877,14.934,14.859,14.926,9295,0
BDCZ.US,D,20201211,000000,14.906,14.958,14.887,14.958,1714,0
BDCZ.US,D,20201214,000000,15.293,15.293,14.887,14.914,27899,0
BDCZ.US,D,20201215,000000,14.859,14.959,14.859,14.959,8306,0
BDCZ.US,D,20201216,000000,14.785,14.998,14.785,14.961,8920,0
BDCZ.US,D,20201217,000000,14.998,14.998,14.942,14.988,3701,0
BDCZ.US,D,20201218,000000,14.96,14.96,14.803,14.9,6193,0
BDCZ.US,D,20201221,000000,14.85,14.931,14.767,14.794,6522,0
BDCZ.US,D,20201222,000000,14.748,14.776,14.629,14.646,9904,0
BDCZ.US,D,20201223,000000,14.726,14.813,14.726,14.751,4641,0
BDCZ.US,D,20201224,000000,14.701,14.721,14.692,14.721,480,0
BDCZ.US,D,20201228,000000,14.868,14.868,14.734,14.734,10147,0
BDCZ.US,D,20201229,000000,14.767,14.822,14.766,14.786,5392,0
BDCZ.US,D,20201230,000000,13.908,14.877,13.908,14.784,15655,0
BDCZ.US,D,20201231,000000,14.836,14.984,14.836,14.977,12312,0
BDCZ.US,D,20210104,000000,15.274,15.274,14.665,14.803,23998,0
BDCZ.US,D,20210105,000000,14.998,15.064,14.998,15.005,2912,0
BDCZ.US,D,20210106,000000,15.597,15.597,15.016,15.056,9587,0
BDCZ.US,D,20210107,000000,15.21,15.227,15.156,15.156,2108,0
BDCZ.US,D,20210108,000000,15.256,15.285,15.21,15.285,3160,0
BDCZ.US,D,20210111,000000,15.571,15.597,15.141,15.597,9019,0
BDCZ.US,D,20210112,000000,15.14,15.172,15.115,15.147,52572,0
BDCZ.US,D,20210113,000000,15.194,15.194,15.163,15.194,951,0
BDCZ.US,D,20210114,000000,15.276,15.429,15.259,15.395,4891,0
BDCZ.US,D,20210115,000000,15.107,15.456,15.107,15.456,1476,0
BDCZ.US,D,20210119,000000,15.286,15.555,15.286,15.466,9221,0
BDCZ.US,D,20210120,000000,15.54,15.571,15.466,15.571,2392,0
BDCZ.US,D,20210121,000000,15.654,15.664,15.644,15.65,6901,0
BDCZ.US,D,20210122,000000,15.578,15.616,15.578,15.598,1797,0
BDCZ.US,D,20210125,000000,15.733,15.733,15.54,15.552,5263,0
BDCZ.US,D,20210126,000000,15.654,15.677,15.654,15.677,413,0
BDCZ.US,D,20210127,000000,15.654,15.669,15.509,15.509,3981,0
BDCZ.US,D,20210128,000000,15.557,15.557,15.352,15.419,3256,0
BDCZ.US,D,20210129,000000,15.244,15.244,15.215,15.215,423,0
BDCZ.US,D,20210201,000000,15.328,15.462,15.328,15.462,5184,0
BDCZ.US,D,20210202,000000,15.56,15.805,15.56,15.75,4194,0
BDCZ.US,D,20210203,000000,15.748,15.862,15.748,15.862,1488,0
BDCZ.US,D,20210204,000000,15.985,16.032,15.947,15.947,2420,0
BDCZ.US,D,20210205,000000,16.049,16.207,16.046,16.207,3885,0
BDCZ.US,D,20210208,000000,16.22,16.253,16.175,16.213,4271,0
BDCZ.US,D,20210209,000000,16.153,16.153,16.042,16.042,7437,0
BDCZ.US,D,20210210,000000,15.994,16.396,15.994,16.323,16199,0
BDCZ.US,D,20210211,000000,16.413,16.413,16.296,16.297,14664,0
BDCZ.US,D,20210212,000000,15.57,16.4,15.57,16.375,2583,0
BDCZ.US,D,20210216,000000,16.513,16.513,16.409,16.42,1808,0
BDCZ.US,D,20210217,000000,16.418,16.418,16.371,16.396,4854,0
BDCZ.US,D,20210218,000000,16.418,16.461,16.418,16.428,8057,0
BDCZ.US,D,20210219,000000,16.447,16.475,16.447,16.475,3657,0
BDCZ.US,D,20210222,000000,16.089,16.692,16.089,16.608,6667,0
BDCZ.US,D,20210223,000000,16.843,16.843,16.395,16.494,2726,0
BDCZ.US,D,20210224,000000,16.729,16.777,16.72,16.772,7428,0
BDCZ.US,D,20210225,000000,16.833,16.843,16.581,16.581,3703,0
BDCZ.US,D,20210226,000000,16.702,16.747,16.702,16.747,286,0
BDCZ.US,D,20210301,000000,16.919,16.985,16.909,16.922,7129,0
BDCZ.US,D,20210302,000000,17.045,17.187,17.032,17.138,2678,0
BDCZ.US,D,20210303,000000,16.985,17.353,16.985,17.242,4231,0
BDCZ.US,D,20210304,000000,17.201,17.201,16.815,16.964,10062,0
BDCZ.US,D,20210305,000000,16.853,16.871,16.474,16.862,13245,0
BDCZ.US,D,20210308,000000,17.079,17.086,17.063,17.063,1613,0
BDCZ.US,D,20210309,000000,17.164,17.175,17.117,17.175,624,0
BDCZ.US,D,20210310,000000,17.285,17.362,17.285,17.333,990,0
BDCZ.US,D,20210311,000000,17.334,17.456,17.334,17.413,4037,0
BDCZ.US,D,20210312,000000,17.88,17.88,17.503,17.536,4013,0
BDCZ.US,D,20210315,000000,17.55,17.815,17.55,17.815,3083,0
BDCZ.US,D,20210316,000000,17.664,17.73,17.589,17.698,1893,0
BDCZ.US,D,20210317,000000,17.692,17.721,17.692,17.714,4548,0
BDCZ.US,D,20210318,000000,17.597,17.597,17.306,17.306,1148,0
BDCZ.US,D,20210319,000000,17.579,17.579,17.503,17.503,1409,0
BDCZ.US,D,20210322,000000,17.173,17.532,17.173,17.503,7355,0
BDCZ.US,D,20210323,000000,17.475,17.494,17.304,17.304,2668,0
BDCZ.US,D,20210324,000000,17.447,17.447,17.2,17.2,10453,0
BDCZ.US,D,20210325,000000,17.322,17.365,17.322,17.365,501,0
BDCZ.US,D,20210326,000000,17.513,17.565,17.438,17.565,3695,0
BDCZ.US,D,20210329,000000,17.537,17.645,17.447,17.558,95044,0
BDCZ.US,D,20210330,000000,17.607,17.664,17.607,17.608,1761,0
BDCZ.US,D,20210331,000000,17.636,17.654,17.535,17.535,1956,0
BDCZ.US,D,20210401,000000,17.277,17.805,17.277,17.786,9208,0
BDCZ.US,D,20210405,000000,17.277,18.041,17.277,18.011,28395,0
BDCZ.US,D,20210406,000000,17.692,18.324,17.692,18.145,122327,0
BDCZ.US,D,20210407,000000,17.947,18.334,17.947,18.284,3809,0
BDCZ.US,D,20210408,000000,18.013,18.297,18.013,18.136,13022,0
BDCZ.US,D,20210409,000000,17.768,18.386,17.768,17.805,13547,0
BDCZ.US,D,20210412,000000,18.104,18.431,18.104,18.384,9741,0
BDCZ.US,D,20210413,000000,18.267,18.383,18.267,18.34,6965,0
BDCZ.US,D,20210414,000000,18.364,18.364,18.245,18.245,6081,0
BDCZ.US,D,20210415,000000,18.325,18.383,18.325,18.36,7275,0
BDCZ.US,D,20210416,000000,18.364,18.431,18.364,18.422,5498,0
BDCZ.US,D,20210419,000000,18.297,18.451,18.297,18.392,4360,0
BDCZ.US,D,20210420,000000,18.277,18.316,18.277,18.316,1794,0
BDCZ.US,D,20210421,000000,18.364,18.441,18.364,18.431,2108,0
BDCZ.US,D,20210422,000000,18.451,18.479,18.345,18.354,7542,0
BDCZ.US,D,20210423,000000,18.691,18.691,18.373,18.429,5179,0
BDCZ.US,D,20210426,000000,18.513,18.527,18.48,18.48,3839,0
BDCZ.US,D,20210427,000000,18.393,18.557,17.825,18.532,31534,0
BDCZ.US,D,20210428,000000,18.566,18.633,18.566,18.61,24138,0
BDCZ.US,D,20210429,000000,18.489,18.706,18.489,18.706,12551,0
BDCZ.US,D,20210430,000000,18.499,18.749,18.499,18.547,8627,0
BDCZ.US,D,20210503,000000,18.585,18.616,18.557,18.585,5088,0
BDCZ.US,D,20210504,000000,18.47,18.509,18.403,18.451,21138,0
BDCZ.US,D,20210505,000000,18.393,18.557,18.393,18.533,16445,0
BDCZ.US,D,20210506,000000,18.403,18.472,18.383,18.472,1561,0
BDCZ.US,D,20210507,000000,18.499,18.566,18.496,18.558,25458,0
BDCZ.US,D,20210510,000000,18.421,18.633,18.421,18.432,9913,0
BDCZ.US,D,20210511,000000,18.171,18.329,18.171,18.206,10291,0
BDCZ.US,D,20210512,000000,17.998,17.998,17.593,17.621,4573,0
BDCZ.US,D,20210513,000000,17.95,18.07,17.95,18.058,6407,0
BDCZ.US,D,20210514,000000,18.224,18.354,18.191,18.331,7747,0
BDCZ.US,D,20210517,000000,18.364,18.489,18.364,18.445,12024,0
BDCZ.US,D,20210518,000000,18.518,18.557,18.483,18.483,8951,0
BDCZ.US,D,20210519,000000,18.297,18.502,18.277,18.502,4136,0
BDCZ.US,D,20210520,000000,18.547,18.605,18.527,18.575,13115,0
BDCZ.US,D,20210521,000000,18.778,18.778,18.297,18.615,13777,0
BDCZ.US,D,20210524,000000,18.633,18.681,18.624,18.665,12332,0
BDCZ.US,D,20210525,000000,18.73,18.73,18.487,18.487,9791,0
BDCZ.US,D,20210526,000000,18.653,18.664,18.633,18.663,6056,0
BDCZ.US,D,20210527,000000,18.711,18.807,18.672,18.778,9397,0
BDCZ.US,D,20210528,000000,18.797,18.855,18.797,18.852,3566,0
BDCZ.US,D,20210601,000000,18.845,19.086,18.845,19.067,15506,0
BDCZ.US,D,20210602,000000,19.067,19.175,19.067,19.146,23927,0
BDCZ.US,D,20210603,000000,18.999,19.221,18.999,19.183,13739,0
BDCZ.US,D,20210604,000000,19.211,19.249,19.168,19.236,15445,0
BDCZ.US,D,20210607,000000,19.337,19.346,19.298,19.312,10936,0
BDCZ.US,D,20210608,000000,19.307,19.452,19.298,19.423,3974,0
BDCZ.US,D,20210609,000000,19.403,19.471,19.403,19.447,15338,0
BDCZ.US,D,20210610,000000,19.539,19.539,19.286,19.286,22928,0
BDCZ.US,D,20210611,000000,19.355,19.461,19.355,19.441,10624,0
BDCZ.US,D,20210614,000000,19.443,19.493,19.385,19.493,5065,0
BDCZ.US,D,20210615,000000,19.307,19.365,19.269,19.303,3649,0
BDCZ.US,D,20210616,000000,19.395,19.443,19.375,19.393,6826,0
BDCZ.US,D,20210617,000000,19.241,19.241,19.135,19.154,8972,0
BDCZ.US,D,20210618,000000,18.85,18.85,18.739,18.739,2429,0
BDCZ.US,D,20210621,000000,19.029,19.153,19.029,19.074,4176,0
BDCZ.US,D,20210622,000000,19.049,19.105,19.049,19.102,12317,0
BDCZ.US,D,20210623,000000,19.153,19.163,19.105,19.105,5832,0
BDCZ.US,D,20210624,000000,19.183,19.183,19.125,19.168,2842,0
BDCZ.US,D,20210625,000000,19.183,19.183,19.092,19.092,8081,0
BDCZ.US,D,20210628,000000,18.991,19.105,18.991,19.071,4862,0
BDCZ.US,D,20210629,000000,19.067,19.067,18.904,18.904,12656,0
BDCZ.US,D,20210630,000000,18.923,18.937,18.865,18.937,5660,0
BDCZ.US,D,20210701,000000,19.095,19.095,19.045,19.045,13160,0
BDCZ.US,D,20210702,000000,19.173,19.269,19.159,19.255,7015,0
BDCZ.US,D,20210706,000000,19.143,19.298,19.143,19.249,10400,0
BDCZ.US,D,20210707,000000,19.182,19.182,18.999,19.086,8642,0
BDCZ.US,D,20210708,000000,18.98,18.98,18.912,18.953,1170,0
BDCZ.US,D,20210709,000000,19.086,19.226,19.086,19.226,2321,0
BDCZ.US,D,20210712,000000,19.24,19.375,19.24,19.371,2062,0
BDCZ.US,D,20210713,000000,19.316,19.316,19.233,19.233,747,0
BDCZ.US,D,20210714,000000,19.304,19.304,19.115,19.116,847,0
BDCZ.US,D,20210715,000000,19.091,19.144,19.002,19.042,2600,0
BDCZ.US,D,20210716,000000,19.061,19.061,18.973,18.974,3498,0
BDCZ.US,D,20210719,000000,18.698,18.698,18.551,18.678,5915,0
BDCZ.US,D,20210720,000000,18.973,19.041,18.963,18.999,3071,0
BDCZ.US,D,20210721,000000,18.924,19.218,18.924,19.131,9063,0
BDCZ.US,D,20210722,000000,19.085,19.085,19.022,19.027,3127,0
BDCZ.US,D,20210723,000000,19.12,19.13,19.04,19.04,13270,0
BDCZ.US,D,20210726,000000,19.032,19.149,19.032,19.14,9812,0
BDCZ.US,D,20210727,000000,19.13,19.13,19.051,19.103,3619,0
BDCZ.US,D,20210728,000000,19.189,19.189,19.17,19.17,1330,0
BDCZ.US,D,20210729,000000,19.051,19.125,19.051,19.084,15254,0
BDCZ.US,D,20210730,000000,19.079,19.079,18.934,18.97,14730,0
BDCZ.US,D,20210802,000000,19.071,19.11,19.001,19.001,27216,0
BDCZ.US,D,20210803,000000,18.796,18.963,18.786,18.924,30126,0
BDCZ.US,D,20210804,000000,19.071,19.071,18.767,18.786,5260,0
BDCZ.US,D,20210805,000000,18.885,19.037,18.885,19.037,5403,0
BDCZ.US,D,20210806,000000,19.14,19.159,19.14,19.159,1311,0
BDCZ.US,D,20210809,000000,19.137,19.137,19.137,19.137,138,0
BDCZ.US,D,20210810,000000,19.267,19.346,19.267,19.282,3726,0
BDCZ.US,D,20210811,000000,19.267,19.314,19.267,19.314,885,0
BDCZ.US,D,20210812,000000,19.326,19.417,19.306,19.417,3685,0
BDCZ.US,D,20210813,000000,19.473,19.493,19.458,19.489,3552,0
BDCZ.US,D,20210816,000000,19.522,19.522,19.424,19.444,2156,0
BDCZ.US,D,20210817,000000,19.355,19.355,19.198,19.279,1780,0
BDCZ.US,D,20210818,000000,19.179,19.199,19.161,19.161,4546,0
BDCZ.US,D,20210819,000000,18.953,18.953,18.673,18.673,1063,0
BDCZ.US,D,20210820,000000,18.924,19.087,18.924,19.036,6010,0
BDCZ.US,D,20210823,000000,19.11,19.11,19.11,19.11,440,0
BDCZ.US,D,20210824,000000,19.267,19.267,19.201,19.201,2790,0
BDCZ.US,D,20210825,000000,19.357,19.395,19.326,19.326,3035,0
BDCZ.US,D,20210826,000000,19.159,19.355,19.159,19.179,13133,0
BDCZ.US,D,20210827,000000,19.316,19.414,19.316,19.379,41239,0
BDCZ.US,D,20210830,000000,19.287,19.287,19.219,19.219,10097,0
BDCZ.US,D,20210831,000000,19.277,19.277,19.231,19.231,2155,0
BDCZ.US,D,20210901,000000,19.316,19.346,19.296,19.296,6799,0
BDCZ.US,D,20210902,000000,19.287,19.385,19.287,19.385,3110,0
BDCZ.US,D,20210903,000000,19.419,19.419,19.419,19.419,272,0
BDCZ.US,D,20210907,000000,19.205,19.316,19.179,19.231,3314,0
BDCZ.US,D,20210908,000000,19.179,19.297,19.179,19.189,5294,0
BDCZ.US,D,20210909,000000,19.228,19.346,19.228,19.3,15937,0
BDCZ.US,D,20210910,000000,19.346,19.346,19.228,19.228,4680,0
BDCZ.US,D,20210913,000000,19.208,19.267,19.194,19.252,6002,0
BDCZ.US,D,20210914,000000,19.272,19.272,19.211,19.211,9830,0
BDCZ.US,D,20210915,000000,19.228,19.405,19.228,19.405,18936,0
BDCZ.US,D,20210916,000000,19.292,19.35,19.23,19.23,4992,0
BDCZ.US,D,20210917,000000,19.134,19.134,19.134,19.134,314,0
BDCZ.US,D,20210920,000000,19.032,19.032,18.786,18.873,9477,0
BDCZ.US,D,20210921,000000,19.091,19.14,19.081,19.081,2838,0
BDCZ.US,D,20210922,000000,19.032,19.296,19.032,19.238,3640,0
BDCZ.US,D,20210923,000000,19.218,19.375,19.218,19.301,4615,0
BDCZ.US,D,20210924,000000,19.218,19.346,19.218,19.275,8986,0
BDCZ.US,D,20210927,000000,19.4,19.4,19.344,19.344,1000,0
BDCZ.US,D,20210928,000000,19.238,19.256,19.198,19.212,3233,0
BDCZ.US,D,20210929,000000,19.346,19.357,19.336,19.336,1615,0
BDCZ.US,D,20210930,000000,19.453,19.453,19.241,19.241,1086,0
BDCZ.US,D,20211001,000000,19.444,19.444,19.439,19.439,431,0
BDCZ.US,D,20211004,000000,19.434,19.444,19.355,19.381,5700,0
BDCZ.US,D,20211005,000000,19.395,19.517,19.395,19.477,24565,0
BDCZ.US,D,20211006,000000,19.375,19.542,19.372,19.542,6368,0
BDCZ.US,D,20211007,000000,19.718,19.718,19.512,19.515,8446,0
BDCZ.US,D,20211008,000000,19.709,19.709,19.689,19.689,1043,0
BDCZ.US,D,20211011,000000,19.719,19.728,19.634,19.634,3972,0
BDCZ.US,D,20211012,000000,19.61,19.7417,19.55,19.7417,6625,0
BDCZ.US,D,20211013,000000,19.69,19.8344,19.69,19.8344,6858,0
BDCZ.US,D,20211014,000000,19.81,19.93,19.81,19.8409,9491,0
BDCZ.US,D,20211015,000000,19.75,19.97,19.75,19.8622,13060,0
BDCZ.US,D,20211018,000000,19.89,19.9052,19.885,19.9052,1002,0
BDCZ.US,D,20211019,000000,19.9411,19.9827,19.94,19.9827,7068,0
BDCZ.US,D,20211020,000000,20.03,20.05,20.0112,20.0112,5103,0
BDCZ.US,D,20211021,000000,19.96,20.0799,19.96,20.0549,2582,0
BDCZ.US,D,20211022,000000,20.09,20.11,20.03,20.085,8213,0
BDCZ.US,D,20211025,000000,20.08,20.12,20.03,20.07,7875,0
BDCZ.US,D,20211026,000000,20.07,20.09,20.04,20.04,16511,0
BDCZ.US,D,20211027,000000,20.005,20.03,19.9951,19.9951,2255,0
BDCZ.US,D,20211028,000000,20.05,20.1338,20.05,20.1338,4196,0
BDCZ.US,D,20211029,000000,20.0501,20.0899,20.05,20.0648,980,0
BDCZ.US,D,20211101,000000,20.06,20.07,19.9955,19.9955,1692,0
BDCZ.US,D,20211102,000000,19.9399,19.9399,19.84,19.9128,23050,0
BDCZ.US,D,20211103,000000,19.9499,19.9499,19.9003,19.9003,13091,0
BDCZ.US,D,20211104,000000,19.95,19.95,19.82,19.9118,16448,0
BDCZ.US,D,20211105,000000,19.93,20.12,19.93,20.11,20671,0
BDCZ.US,D,20211108,000000,20.2599,20.26,20.19,20.2504,16788,0
BDCZ.US,D,20211109,000000,20.07,20.1621,20.07,20.11,19947,0
BDCZ.US,D,20211110,000000,20.13,20.13,20.03,20.0696,12584,0
BDCZ.US,D,20211111,000000,20.04,20.1757,20.04,20.1757,36259,0
BDCZ.US,D,20211112,000000,20.07,20.1239,20.07,20.1194,2310,0
BDCZ.US,D,20211115,000000,20.12,20.12,19.98,19.9879,1955,0
BDCZ.US,D,20211116,000000,20,20.0539,20,20.0148,3732,0
BDCZ.US,D,20211117,000000,19.95,19.9706,19.95,19.9706,783,0
BDCZ.US,D,20211118,000000,20.0395,20.0395,19.94,19.9868,691,0
BDCZ.US,D,20211119,000000,19.82,19.8571,19.82,19.8571,644,0
BDCZ.US,D,20211122,000000,19.89,19.935,19.847,19.847,2154,0
BDCZ.US,D,20211123,000000,19.81,19.9071,19.81,19.9071,1888,0
BDCZ.US,D,20211124,000000,19.94,19.94,19.921,19.921,698,0
BDCZ.US,D,20211126,000000,19.55,19.6975,19.55,19.6975,1002,0
BDCZ.US,D,20211129,000000,19.7325,19.8099,19.7242,19.7242,3290,0
BDCZ.US,D,20211130,000000,19.56,19.59,19.52,19.5512,6930,0
BDCZ.US,D,20211201,000000,19.62,19.66,19.43,19.4342,17525,0
BDCZ.US,D,20211202,000000,19.78,19.79,19.6897,19.6897,1895,0
BDCZ.US,D,20211203,000000,19.64,19.64,19.5814,19.6108,3187,0
BDCZ.US,D,20211206,000000,19.6601,19.7982,19.6601,19.7982,217,0
BDCZ.US,D,20211207,000000,19.85,19.97,19.7904,19.84,11792,0
BDCZ.US,D,20211208,000000,19.76,19.8908,19.76,19.8476,1103,0
BDCZ.US,D,20211209,000000,19.98,19.98,19.73,19.73,13575,0
BDCZ.US,D,20211210,000000,19.82,19.86,19.82,19.8426,3491,0
BDCZ.US,D,20211213,000000,19.68,19.7799,19.68,19.6885,6463,0
BDCZ.US,D,20211214,000000,19.65,19.65,19.4649,19.4649,8467,0
BDCZ.US,D,20211215,000000,19.34,19.5431,19.34,19.5431,9943,0
BDCZ.US,D,20211216,000000,19.39,19.54,19.39,19.4157,4545,0
BDCZ.US,D,20211217,000000,19.22,19.32,19.22,19.2745,11896,0
BDCZ.US,D,20211220,000000,18.9606,19.1647,18.91,19.1647,2087,0
BDCZ.US,D,20211221,000000,19.15,19.4715,19.15,19.3827,3502,0
BDCZ.US,D,20211222,000000,18.92,19.5999,18.92,19.5932,13020,0
BDCZ.US,D,20211223,000000,19.71,19.8799,19.71,19.84,1963,0
BDCZ.US,D,20211227,000000,19.84,19.9315,19.84,19.9299,10699,0
BDCZ.US,D,20211228,000000,19.86,20.1287,19.86,19.9757,20611,0
BDCZ.US,D,20211229,000000,20.01,20.05,19.9856,19.9856,1504,0
BDCZ.US,D,20211230,000000,19.85,20.1401,19.85,19.966,3594,0
BDCZ.US,D,20211231,000000,20.01,20.1003,20.01,20.0622,1944,0
BDCZ.US,D,20220103,000000,20.2,20.2,20.08,20.1285,3020,0
BDCZ.US,D,20220104,000000,20.25,20.35,20.25,20.2862,10188,0
BDCZ.US,D,20220105,000000,20.55,20.55,20.1003,20.1003,2174,0
BDCZ.US,D,20220106,000000,20.11,20.1356,20.11,20.1356,359,0
BDCZ.US,D,20220107,000000,20.28,20.3319,20.28,20.3211,3188,0
BDCZ.US,D,20220110,000000,20.3599,20.3599,20.26,20.3093,3900,0
BDCZ.US,D,20220111,000000,19.89,20.2747,19.89,20.2747,9092,0
BDCZ.US,D,20220112,000000,20.51,20.51,20.4441,20.4441,502,0
BDCZ.US,D,20220113,000000,20.23,20.2899,20.1688,20.1688,809,0
BDCZ.US,D,20220114,000000,20.0949,20.0949,20.0949,20.0949,46,0
BDCZ.US,D,20220118,000000,20.14,20.1919,20.1181,20.1379,2706,0
BDCZ.US,D,20220119,000000,20.13,20.13,20.0815,20.0815,822,0
BDCZ.US,D,20220120,000000,20,20.1399,19.86,19.8709,16130,0
BDCZ.US,D,20220121,000000,19.73,19.75,19.51,19.51,3064,0
