<TICKER>,<PER>,<DATE>,<TIME>,<OPEN>,<HIGH>,<LOW>,<CLOSE>,<VOL>,<OPENINT>
BMEZ.US,D,20200131,000000,18.549,18.573,18.428,18.509,493341,0
BMEZ.US,D,20200203,000000,18.563,18.573,18.447,18.486,290488,0
BMEZ.US,D,20200204,000000,18.563,18.794,18.495,18.748,428101,0
BMEZ.US,D,20200205,000000,18.748,18.89,18.647,18.839,367988,0
BMEZ.US,D,20200206,000000,18.895,19.079,18.803,19.014,371707,0
BMEZ.US,D,20200207,000000,19.117,19.197,19.014,19.103,391835,0
BMEZ.US,D,20200210,000000,19.097,19.349,19.051,19.32,335182,0
BMEZ.US,D,20200211,000000,19.422,19.804,19.349,19.804,473924,0
BMEZ.US,D,20200212,000000,19.942,19.942,19.485,19.54,305771,0
BMEZ.US,D,20200213,000000,19.468,19.75,19.418,19.52,349444,0
BMEZ.US,D,20200214,000000,19.624,19.778,19.26,19.615,346275,0
BMEZ.US,D,20200218,000000,19.669,19.669,19.349,19.386,172744,0
BMEZ.US,D,20200219,000000,19.579,19.897,19.461,19.633,266794,0
BMEZ.US,D,20200220,000000,19.624,19.758,19.579,19.702,238487,0
BMEZ.US,D,20200221,000000,19.702,19.717,19.213,19.287,331892,0
BMEZ.US,D,20200224,000000,19.004,19.287,18.904,19.287,148888,0
BMEZ.US,D,20200225,000000,19.377,19.494,18.919,18.995,244471,0
BMEZ.US,D,20200226,000000,19.032,19.33,18.86,19.11,228440,0
BMEZ.US,D,20200227,000000,19.014,19.088,18.209,18.573,372537,0
BMEZ.US,D,20200228,000000,18.209,18.61,18.201,18.209,481164,0
BMEZ.US,D,20200302,000000,18.248,18.519,18.209,18.209,1354870,0
BMEZ.US,D,20200303,000000,18.343,18.343,18.209,18.219,304721,0
BMEZ.US,D,20200304,000000,18.32,18.438,18.293,18.293,324761,0
BMEZ.US,D,20200305,000000,18.293,18.377,18.209,18.209,378594,0
BMEZ.US,D,20200306,000000,18.209,18.257,18.209,18.209,216934,0
BMEZ.US,D,20200309,000000,17.727,18.266,17.711,18.209,1166917,0
BMEZ.US,D,20200310,000000,18.229,18.367,17.755,17.865,573842,0
BMEZ.US,D,20200311,000000,17.755,17.895,17.666,17.765,429731,0
BMEZ.US,D,20200312,000000,17.666,17.938,16.615,16.846,2018734,0
BMEZ.US,D,20200313,000000,16.846,18.381,16.846,18.209,1601019,0
BMEZ.US,D,20200316,000000,16.981,17.273,14.686,15.125,625888,0
BMEZ.US,D,20200317,000000,15.251,16.081,13.422,13.567,464569,0
BMEZ.US,D,20200318,000000,13.43,13.43,11.782,11.994,815378,0
BMEZ.US,D,20200319,000000,11.537,14.416,11.537,12.748,564513,0
BMEZ.US,D,20200320,000000,14.542,14.887,12.748,12.748,556400,0
BMEZ.US,D,20200323,000000,12.748,13.137,11.473,12.729,572207,0
BMEZ.US,D,20200324,000000,13.021,14.57,13.021,14.57,403817,0
BMEZ.US,D,20200325,000000,14.752,15.919,14.537,15.326,419132,0
BMEZ.US,D,20200326,000000,14.932,16.282,14.817,15.899,487932,0
BMEZ.US,D,20200327,000000,15.899,16.3,15.033,15.891,422057,0
BMEZ.US,D,20200330,000000,16.126,16.3,15.363,15.872,272519,0
BMEZ.US,D,20200331,000000,15.936,16.381,15.936,16.3,310795,0
BMEZ.US,D,20200401,000000,15.936,16.227,15.407,15.47,186689,0
BMEZ.US,D,20200402,000000,15.46,16.024,15.024,15.389,191491,0
BMEZ.US,D,20200403,000000,15.936,16.162,15.448,15.737,199892,0
BMEZ.US,D,20200406,000000,16.381,16.381,15.78,15.962,210479,0
BMEZ.US,D,20200407,000000,16.381,16.556,15.843,16.081,399503,0
BMEZ.US,D,20200408,000000,16.381,16.5,16.003,16.348,254713,0
BMEZ.US,D,20200409,000000,16.463,17.474,16.463,17.303,353826,0
BMEZ.US,D,20200413,000000,17.492,17.492,16.316,17.256,253178,0
BMEZ.US,D,20200414,000000,17.412,17.879,17.208,17.265,439362,0
BMEZ.US,D,20200415,000000,16.934,17.321,16.889,17.218,266719,0
BMEZ.US,D,20200416,000000,17.393,17.512,16.942,17.36,297789,0
BMEZ.US,D,20200417,000000,17.849,17.916,17.346,17.603,448364,0
BMEZ.US,D,20200420,000000,17.739,18.126,17.455,17.831,346493,0
BMEZ.US,D,20200421,000000,17.898,17.898,17.576,17.822,349705,0
BMEZ.US,D,20200422,000000,17.849,18.126,17.686,18.126,223401,0
BMEZ.US,D,20200423,000000,18.079,18.126,17.813,17.941,204616,0
BMEZ.US,D,20200424,000000,17.959,18.171,17.813,17.831,253080,0
BMEZ.US,D,20200427,000000,18.013,18.308,17.898,18.262,433697,0
BMEZ.US,D,20200428,000000,18.308,18.308,17.95,18.134,331108,0
BMEZ.US,D,20200429,000000,18.225,18.308,18.134,18.235,259466,0
BMEZ.US,D,20200430,000000,18.07,18.205,17.621,17.925,365322,0
BMEZ.US,D,20200501,000000,17.959,17.959,17.556,17.704,265094,0
BMEZ.US,D,20200504,000000,17.813,17.879,17.485,17.785,144547,0
BMEZ.US,D,20200505,000000,18.126,18.215,17.841,17.859,214927,0
BMEZ.US,D,20200506,000000,18.013,18.225,17.621,18.089,198928,0
BMEZ.US,D,20200507,000000,17.986,18.205,17.916,18.117,283848,0
BMEZ.US,D,20200508,000000,18.308,18.308,18.079,18.253,249720,0
BMEZ.US,D,20200511,000000,18.262,18.317,18.06,18.126,336089,0
BMEZ.US,D,20200512,000000,18.225,18.464,18.126,18.171,338338,0
BMEZ.US,D,20200513,000000,18.308,18.308,17.676,17.934,255337,0
BMEZ.US,D,20200514,000000,17.629,18.279,17.629,17.84,241792,0
BMEZ.US,D,20200515,000000,17.84,18.401,17.84,18.327,174434,0
BMEZ.US,D,20200518,000000,18.401,18.495,18.273,18.356,486224,0
BMEZ.US,D,20200519,000000,18.391,18.391,18.108,18.309,302039,0
BMEZ.US,D,20200520,000000,18.391,18.401,18.318,18.401,418687,0
BMEZ.US,D,20200521,000000,18.401,18.477,18.347,18.428,285982,0
BMEZ.US,D,20200522,000000,18.447,18.447,18.282,18.375,173020,0
BMEZ.US,D,20200526,000000,18.467,18.575,18.327,18.375,309072,0
BMEZ.US,D,20200527,000000,18.401,18.42,18.181,18.381,198297,0
BMEZ.US,D,20200528,000000,18.438,18.585,18.386,18.486,327433,0
BMEZ.US,D,20200529,000000,18.565,18.585,18.356,18.565,247632,0
BMEZ.US,D,20200601,000000,18.585,18.603,18.488,18.541,303310,0
BMEZ.US,D,20200602,000000,18.612,18.612,18.467,18.549,230382,0
BMEZ.US,D,20200603,000000,18.585,18.78,18.549,18.762,352362,0
BMEZ.US,D,20200604,000000,18.788,18.884,18.668,18.78,402855,0
BMEZ.US,D,20200605,000000,18.953,19,18.734,18.834,369807,0
BMEZ.US,D,20200608,000000,18.852,18.852,18.515,18.752,324128,0
BMEZ.US,D,20200609,000000,18.63,18.807,18.617,18.725,213821,0
BMEZ.US,D,20200610,000000,18.807,18.834,18.64,18.771,190008,0
BMEZ.US,D,20200611,000000,18.41,18.549,17.767,17.803,364383,0
BMEZ.US,D,20200612,000000,18.229,18.545,17.935,18.164,177395,0
BMEZ.US,D,20200615,000000,17.747,18.403,17.747,18.267,281489,0
BMEZ.US,D,20200616,000000,18.499,18.579,18.239,18.489,324832,0
BMEZ.US,D,20200617,000000,18.499,18.843,18.413,18.747,206352,0
BMEZ.US,D,20200618,000000,18.711,19.026,18.654,18.866,230477,0
BMEZ.US,D,20200619,000000,19.035,19.275,19.017,19.275,261194,0
BMEZ.US,D,20200622,000000,19.229,19.478,19.099,19.329,223663,0
BMEZ.US,D,20200623,000000,19.422,19.645,19.348,19.645,292516,0
BMEZ.US,D,20200624,000000,19.422,19.49,19.142,19.285,335447,0
BMEZ.US,D,20200625,000000,19.285,19.469,19.104,19.407,201228,0
BMEZ.US,D,20200626,000000,19.209,19.478,18.912,19.249,284146,0
BMEZ.US,D,20200629,000000,19.459,19.459,19.142,19.348,177408,0
BMEZ.US,D,20200630,000000,19.495,19.581,19.249,19.339,300332,0
BMEZ.US,D,20200701,000000,19.485,19.522,19.106,19.329,222962,0
BMEZ.US,D,20200702,000000,19.385,19.745,19.385,19.402,275350,0
BMEZ.US,D,20200706,000000,19.532,19.866,19.513,19.82,244976,0
BMEZ.US,D,20200707,000000,19.793,20.337,19.598,20.154,297837,0
BMEZ.US,D,20200708,000000,20.308,20.44,19.941,20.078,303435,0
BMEZ.US,D,20200709,000000,20.271,20.271,19.689,20.226,247692,0
BMEZ.US,D,20200710,000000,20.394,20.58,19.994,20.291,358581,0
BMEZ.US,D,20200713,000000,20.236,21.031,20.236,20.504,361411,0
BMEZ.US,D,20200714,000000,20.42,20.777,20.17,20.346,342864,0
BMEZ.US,D,20200715,000000,20.58,20.793,20.458,20.624,284849,0
BMEZ.US,D,20200716,000000,20.45,21.544,20.45,20.865,341631,0
BMEZ.US,D,20200717,000000,21.08,21.332,20.818,21.285,220293,0
BMEZ.US,D,20200720,000000,21.471,22.039,20.987,21.07,332910,0
BMEZ.US,D,20200721,000000,21.229,21.369,20.953,20.967,312241,0
BMEZ.US,D,20200722,000000,21.089,21.127,20.541,20.809,379259,0
BMEZ.US,D,20200723,000000,20.738,21.238,20.719,21.034,336644,0
BMEZ.US,D,20200724,000000,21.146,21.275,20.777,21.238,205440,0
BMEZ.US,D,20200727,000000,21.323,21.488,20.963,21.137,170209,0
BMEZ.US,D,20200728,000000,21.359,21.554,21.05,21.369,264426,0
BMEZ.US,D,20200729,000000,21.369,21.433,20.845,21.433,282882,0
BMEZ.US,D,20200730,000000,21.22,21.795,20.913,21.06,234327,0
BMEZ.US,D,20200731,000000,21.21,21.22,20.784,20.997,164177,0
BMEZ.US,D,20200803,000000,21.099,21.404,21.051,21.384,276955,0
BMEZ.US,D,20200804,000000,21.379,21.988,21.287,21.323,283024,0
BMEZ.US,D,20200805,000000,21.369,21.601,21.191,21.582,348869,0
BMEZ.US,D,20200806,000000,21.601,22.047,21.379,21.926,244361,0
BMEZ.US,D,20200807,000000,22.066,22.872,21.873,22.623,290438,0
BMEZ.US,D,20200810,000000,22.623,22.623,21.648,21.739,329827,0
BMEZ.US,D,20200811,000000,21.833,22.042,21.539,21.667,273585,0
BMEZ.US,D,20200812,000000,21.926,22.14,21.757,22.007,246229,0
BMEZ.US,D,20200813,000000,21.953,22.346,21.756,22.112,235890,0
BMEZ.US,D,20200814,000000,22.178,22.321,21.822,21.916,184799,0
BMEZ.US,D,20200817,000000,21.842,22.057,21.684,22.057,258202,0
BMEZ.US,D,20200818,000000,22.057,22.122,21.862,22.047,181059,0
BMEZ.US,D,20200819,000000,22.075,22.317,21.972,22.088,142445,0
BMEZ.US,D,20200820,000000,22.141,22.378,22.037,22.242,142766,0
BMEZ.US,D,20200821,000000,22.132,22.252,22.017,22.017,159998,0
BMEZ.US,D,20200824,000000,22.383,22.392,22.075,22.178,132172,0
BMEZ.US,D,20200825,000000,22.346,22.44,22.066,22.44,233578,0
BMEZ.US,D,20200826,000000,22.393,22.579,22.278,22.579,249429,0
BMEZ.US,D,20200827,000000,22.671,22.671,22.307,22.43,195110,0
BMEZ.US,D,20200828,000000,22.484,22.56,22.354,22.56,148158,0
BMEZ.US,D,20200831,000000,22.671,22.709,22.402,22.7,217421,0
BMEZ.US,D,20200901,000000,22.7,23.073,22.532,23.073,235570,0
BMEZ.US,D,20200902,000000,23.073,23.22,22.626,22.857,237588,0
BMEZ.US,D,20200903,000000,22.728,22.925,21.608,21.684,250427,0
BMEZ.US,D,20200904,000000,22.354,22.354,20.292,21.179,545736,0
BMEZ.US,D,20200908,000000,20.685,20.948,20.489,20.771,254538,0
BMEZ.US,D,20200909,000000,20.984,21.402,20.85,21.282,175632,0
BMEZ.US,D,20200910,000000,21.45,21.804,21.366,21.637,234141,0
BMEZ.US,D,20200911,000000,21.832,21.949,21.646,21.804,142846,0
BMEZ.US,D,20200914,000000,21.693,22.386,21.693,22.217,190857,0
BMEZ.US,D,20200915,000000,22.395,22.486,22.18,22.263,198328,0
BMEZ.US,D,20200916,000000,22.254,22.353,21.822,22.143,171377,0
BMEZ.US,D,20200917,000000,21.766,22.113,21.766,22.058,134552,0
BMEZ.US,D,20200918,000000,22.113,22.415,21.917,21.945,161629,0
BMEZ.US,D,20200921,000000,21.832,21.832,21.308,21.598,218036,0
BMEZ.US,D,20200922,000000,21.852,21.888,21.336,21.504,220145,0
BMEZ.US,D,20200923,000000,21.504,21.588,20.809,20.875,369005,0
BMEZ.US,D,20200924,000000,20.944,21.05,20.613,21.007,301845,0
BMEZ.US,D,20200925,000000,20.944,21.391,20.934,21.261,216788,0
BMEZ.US,D,20200928,000000,21.551,21.701,21.364,21.374,225940,0
BMEZ.US,D,20200929,000000,21.541,22.094,21.374,22.008,250607,0
BMEZ.US,D,20200930,000000,22.235,22.451,21.936,22.348,152099,0
BMEZ.US,D,20201001,000000,22.486,22.842,21.989,22.338,274510,0
BMEZ.US,D,20201002,000000,22.28,22.722,22.095,22.694,246171,0
BMEZ.US,D,20201005,000000,22.477,23.377,22.477,23.377,197851,0
BMEZ.US,D,20201006,000000,23.405,23.83,23.172,23.377,254246,0
BMEZ.US,D,20201007,000000,23.714,23.885,23.433,23.677,151199,0
BMEZ.US,D,20201008,000000,23.706,23.847,23.332,23.332,184766,0
BMEZ.US,D,20201009,000000,23.79,23.894,23.207,23.247,203993,0
BMEZ.US,D,20201012,000000,23.538,23.658,23.352,23.472,138424,0
BMEZ.US,D,20201013,000000,23.613,24.024,23.519,24.024,143598,0
BMEZ.US,D,20201014,000000,23.809,24.391,23.489,23.761,148385,0
BMEZ.US,D,20201015,000000,23.799,23.799,23.358,23.412,157490,0
BMEZ.US,D,20201016,000000,23.591,23.799,23.292,23.321,258553,0
BMEZ.US,D,20201019,000000,23.47,23.64,23.017,23.046,91414,0
BMEZ.US,D,20201020,000000,23.084,23.224,22.876,23.214,182200,0
BMEZ.US,D,20201021,000000,23.214,23.339,22.886,22.997,135721,0
BMEZ.US,D,20201022,000000,23.007,23.358,23.007,23.136,229253,0
BMEZ.US,D,20201023,000000,23.412,23.412,22.84,22.963,142348,0
BMEZ.US,D,20201026,000000,22.997,22.997,22.321,22.651,227934,0
BMEZ.US,D,20201027,000000,22.718,22.756,22.5,22.633,136175,0
BMEZ.US,D,20201028,000000,22.36,22.481,21.665,22.472,321854,0
BMEZ.US,D,20201029,000000,22.472,22.472,22.069,22.292,151307,0
BMEZ.US,D,20201030,000000,22.389,22.389,21.908,21.991,180639,0
BMEZ.US,D,20201102,000000,22.266,22.36,21.908,22.312,205468,0
BMEZ.US,D,20201103,000000,22.463,22.811,22.436,22.802,107652,0
BMEZ.US,D,20201104,000000,23.017,24.133,23.017,23.65,295167,0
BMEZ.US,D,20201105,000000,24.082,24.561,23.996,24.034,270358,0
BMEZ.US,D,20201106,000000,23.912,24.363,23.837,24.194,198526,0
BMEZ.US,D,20201109,000000,24.984,25.295,23.789,23.865,203885,0
BMEZ.US,D,20201110,000000,23.799,23.94,23.546,23.893,132847,0
BMEZ.US,D,20201111,000000,24.062,24.917,24.033,24.363,317176,0
BMEZ.US,D,20201112,000000,24.439,24.468,24.092,24.241,159856,0
BMEZ.US,D,20201113,000000,24.514,24.846,24.459,24.741,211822,0
BMEZ.US,D,20201116,000000,25.205,25.252,24.818,25.252,153099,0
BMEZ.US,D,20201117,000000,25.374,25.468,24.93,25.384,186252,0
BMEZ.US,D,20201118,000000,25.554,25.582,24.45,24.543,220151,0
BMEZ.US,D,20201119,000000,24.599,24.599,23.986,24.553,164281,0
BMEZ.US,D,20201120,000000,24.524,24.57,24.203,24.487,151705,0
BMEZ.US,D,20201123,000000,24.533,25.27,24.488,24.932,212318,0
BMEZ.US,D,20201124,000000,25.317,25.496,24.93,25.233,165149,0
BMEZ.US,D,20201125,000000,25.394,25.496,25.225,25.403,119630,0
BMEZ.US,D,20201127,000000,25.582,25.922,25.413,25.922,48944,0
BMEZ.US,D,20201130,000000,26.262,26.262,25.496,25.828,169687,0
BMEZ.US,D,20201201,000000,25.81,26.63,25.657,26.582,117432,0
BMEZ.US,D,20201202,000000,26.63,27.556,26.358,27.358,234569,0
BMEZ.US,D,20201203,000000,27.206,27.349,26.63,26.688,207013,0
BMEZ.US,D,20201204,000000,26.611,27.009,26.592,26.725,195746,0
BMEZ.US,D,20201207,000000,26.659,27.151,26.639,26.678,191508,0
BMEZ.US,D,20201208,000000,26.858,27.151,26.68,27.073,123576,0
BMEZ.US,D,20201209,000000,27.151,29.235,27.007,28,332899,0
BMEZ.US,D,20201210,000000,27.858,28.143,27.396,28.094,181587,0
BMEZ.US,D,20201211,000000,28.094,28.133,27.782,27.876,171253,0
BMEZ.US,D,20201214,000000,28.425,28.425,27.594,27.735,135188,0
BMEZ.US,D,20201215,000000,27.82,28.199,27.546,28.199,186395,0
BMEZ.US,D,20201216,000000,28.351,28.388,27.82,27.905,155866,0
BMEZ.US,D,20201217,000000,27.905,28.075,27.517,27.945,154323,0
BMEZ.US,D,20201218,000000,28.226,28.425,27.735,27.953,162832,0
BMEZ.US,D,20201221,000000,27.478,27.972,27.478,27.764,143937,0
BMEZ.US,D,20201222,000000,28.037,28.332,27.716,28.245,171293,0
BMEZ.US,D,20201223,000000,28.407,28.862,28.161,28.568,175369,0
BMEZ.US,D,20201224,000000,28.702,28.747,28.245,28.332,76737,0
BMEZ.US,D,20201228,000000,28.568,28.991,27.648,27.915,142897,0
BMEZ.US,D,20201229,000000,27.838,28.095,27.279,27.414,186561,0
BMEZ.US,D,20201230,000000,27.594,27.594,26.854,26.957,187135,0
BMEZ.US,D,20201231,000000,27.195,27.971,27.024,27.148,194489,0
BMEZ.US,D,20210104,000000,27.148,28.199,26.721,27.726,350098,0
BMEZ.US,D,20210105,000000,27.915,27.915,27.385,27.716,122749,0
BMEZ.US,D,20210106,000000,27.555,28.027,26.845,27.347,152049,0
BMEZ.US,D,20210107,000000,27.308,28.664,27.308,28.332,122364,0
BMEZ.US,D,20210108,000000,28.332,28.805,28.199,28.369,119592,0
BMEZ.US,D,20210111,000000,28.01,28.834,27.854,28.558,160681,0
BMEZ.US,D,20210112,000000,28.522,28.673,28.255,28.407,149078,0
BMEZ.US,D,20210113,000000,28.464,28.474,28.125,28.323,148459,0
BMEZ.US,D,20210114,000000,28.209,29.16,28.209,28.855,174501,0
BMEZ.US,D,20210115,000000,28.665,28.845,28.217,28.313,124857,0
BMEZ.US,D,20210119,000000,28.816,29.131,28.332,28.674,169453,0
BMEZ.US,D,20210120,000000,28.921,29.187,28.769,29.025,126661,0
BMEZ.US,D,20210121,000000,28.911,29.414,28.588,28.731,170389,0
BMEZ.US,D,20210122,000000,29.054,29.054,28.542,28.759,226584,0
BMEZ.US,D,20210125,000000,29.178,29.233,28.797,28.855,117046,0
BMEZ.US,D,20210126,000000,28.807,28.997,28.559,28.559,123476,0
BMEZ.US,D,20210127,000000,28.435,28.655,27.475,27.875,154497,0
BMEZ.US,D,20210128,000000,27.494,28.179,27.182,27.875,158842,0
BMEZ.US,D,20210129,000000,28.026,28.094,27.134,27.465,212293,0
BMEZ.US,D,20210201,000000,27.275,27.382,25.556,26.62,778007,0
BMEZ.US,D,20210202,000000,26.84,27.445,26.611,27.314,497268,0
BMEZ.US,D,20210203,000000,27.411,27.572,27.192,27.305,275716,0
BMEZ.US,D,20210204,000000,27.411,27.808,27.162,27.192,835467,0
BMEZ.US,D,20210205,000000,27.285,27.6,26.962,27.572,361420,0
BMEZ.US,D,20210208,000000,27.818,28.245,27.676,28.054,296571,0
BMEZ.US,D,20210209,000000,27.989,28.759,27.98,28.407,272673,0
BMEZ.US,D,20210210,000000,28.598,28.779,28.189,28.445,239338,0
BMEZ.US,D,20210211,000000,28.425,29.044,28.389,28.731,197896,0
BMEZ.US,D,20210212,000000,28.607,29.265,28.607,29.265,277895,0
BMEZ.US,D,20210216,000000,29.475,29.475,28.424,28.434,309420,0
BMEZ.US,D,20210217,000000,28.378,28.607,28.052,28.234,402319,0
BMEZ.US,D,20210218,000000,28.024,28.234,27.53,27.815,443001,0
BMEZ.US,D,20210219,000000,28.102,28.615,28.044,28.434,196493,0
BMEZ.US,D,20210222,000000,28.044,28.424,27.568,27.606,256223,0
BMEZ.US,D,20210223,000000,27.5,27.833,26.338,27.642,438768,0
BMEZ.US,D,20210224,000000,27.26,27.977,27.187,27.28,236821,0
BMEZ.US,D,20210225,000000,27.109,27.662,26.328,26.432,413532,0
BMEZ.US,D,20210226,000000,26.357,26.795,25.947,25.975,271933,0
BMEZ.US,D,20210301,000000,26.118,27.08,26.118,26.833,177802,0
BMEZ.US,D,20210302,000000,27.043,27.497,26.775,27.27,339861,0
BMEZ.US,D,20210303,000000,27.28,27.377,26.47,26.642,208712,0
BMEZ.US,D,20210304,000000,26.461,26.871,25.268,25.756,385553,0
BMEZ.US,D,20210305,000000,25.756,25.756,24.591,25.535,497933,0
BMEZ.US,D,20210308,000000,25.432,25.756,24.229,24.277,369304,0
BMEZ.US,D,20210309,000000,24.801,25.487,24.801,25.422,420924,0
BMEZ.US,D,20210310,000000,25.649,25.756,25.144,25.268,277802,0
BMEZ.US,D,20210311,000000,25.756,26.185,25.535,25.897,236394,0
BMEZ.US,D,20210312,000000,25.626,26.009,25.04,25.951,166012,0
BMEZ.US,D,20210315,000000,25.854,26.43,25.778,26.036,287303,0
BMEZ.US,D,20210316,000000,26.094,26.363,25.471,25.873,325128,0
BMEZ.US,D,20210317,000000,25.873,25.892,25.434,25.854,209435,0
BMEZ.US,D,20210318,000000,25.798,25.844,25.208,25.251,342269,0
BMEZ.US,D,20210319,000000,25.183,25.498,25.087,25.135,335068,0
BMEZ.US,D,20210322,000000,25.279,25.471,25.002,25.232,575674,0
BMEZ.US,D,20210323,000000,25.232,25.414,24.283,24.456,798833,0
BMEZ.US,D,20210324,000000,24.426,24.657,24.147,24.263,807315,0
BMEZ.US,D,20210325,000000,24.263,24.694,24.062,24.54,523537,0
BMEZ.US,D,20210326,000000,24.628,24.771,24.465,24.525,342539,0
BMEZ.US,D,20210329,000000,24.569,24.876,24.407,24.771,254345,0
BMEZ.US,D,20210330,000000,24.771,24.86,24.215,24.311,400666,0
BMEZ.US,D,20210331,000000,24.436,25.242,24.372,25.222,266917,0
BMEZ.US,D,20210401,000000,25.635,26.199,25.586,26.084,388039,0
BMEZ.US,D,20210405,000000,26.191,26.708,26.182,26.593,276264,0
BMEZ.US,D,20210406,000000,26.468,26.583,26.065,26.162,210198,0
BMEZ.US,D,20210407,000000,26.325,26.325,25.74,25.798,336831,0
BMEZ.US,D,20210408,000000,25.892,26.286,25.385,25.451,321362,0
BMEZ.US,D,20210409,000000,25.653,26.094,25.499,26.036,198486,0
BMEZ.US,D,20210412,000000,26.172,26.172,25.567,25.844,216438,0
BMEZ.US,D,20210413,000000,25.854,26.018,25.289,25.75,405087,0
BMEZ.US,D,20210414,000000,25.938,26.197,25.764,25.822,201869,0
BMEZ.US,D,20210415,000000,26.033,26.304,25.957,26.15,170116,0
BMEZ.US,D,20210416,000000,26.497,26.526,26.179,26.265,274156,0
BMEZ.US,D,20210419,000000,26.371,26.493,25.918,26.236,259764,0
BMEZ.US,D,20210420,000000,26.033,26.4,25.988,26.304,217921,0
BMEZ.US,D,20210421,000000,26.467,26.632,26.15,26.497,360322,0
BMEZ.US,D,20210422,000000,26.651,26.68,25.957,26.245,243806,0
BMEZ.US,D,20210423,000000,26.881,26.881,26.294,26.39,190460,0
BMEZ.US,D,20210426,000000,26.371,27.064,26.371,26.931,198757,0
BMEZ.US,D,20210427,000000,26.998,27.036,26.563,26.689,157073,0
BMEZ.US,D,20210428,000000,26.979,27.028,26.294,26.651,183933,0
BMEZ.US,D,20210429,000000,26.881,27.074,26.38,26.563,223906,0
BMEZ.US,D,20210430,000000,26.632,26.853,26.448,26.535,225883,0
BMEZ.US,D,20210503,000000,26.622,26.853,26.545,26.796,173054,0
BMEZ.US,D,20210504,000000,26.863,26.891,26.097,26.497,192086,0
BMEZ.US,D,20210505,000000,26.516,26.555,26.101,26.343,129502,0
BMEZ.US,D,20210506,000000,26.304,26.458,25.437,25.859,283902,0
BMEZ.US,D,20210507,000000,25.869,26.274,25.735,25.966,253287,0
BMEZ.US,D,20210510,000000,25.976,26.111,25.522,25.725,256630,0
BMEZ.US,D,20210511,000000,25.542,25.542,24.885,25.05,342347,0
BMEZ.US,D,20210512,000000,24.83,25.715,24.345,24.424,381245,0
BMEZ.US,D,20210513,000000,24.468,24.855,24.389,24.699,208336,0
BMEZ.US,D,20210514,000000,25.03,25.592,24.797,25.573,244924,0
BMEZ.US,D,20210517,000000,25.475,25.602,25.244,25.438,196174,0
BMEZ.US,D,20210518,000000,25.612,25.965,25.446,25.748,121279,0
BMEZ.US,D,20210519,000000,25.544,25.748,25.418,25.708,141036,0
BMEZ.US,D,20210520,000000,25.902,25.942,25.669,25.796,209677,0
BMEZ.US,D,20210521,000000,25.97,26.251,25.863,26.241,121797,0
BMEZ.US,D,20210524,000000,26.349,26.543,26.174,26.397,114237,0
BMEZ.US,D,20210525,000000,26.057,26.31,26,26.232,233327,0
BMEZ.US,D,20210526,000000,26.426,26.833,26.135,26.775,185036,0
BMEZ.US,D,20210527,000000,27.047,27.085,26.737,27.085,154103,0
BMEZ.US,D,20210528,000000,27.192,27.657,27.154,27.443,199169,0
BMEZ.US,D,20210601,000000,27.628,27.694,27.085,27.59,174859,0
BMEZ.US,D,20210602,000000,27.637,27.736,27.473,27.706,191378,0
BMEZ.US,D,20210603,000000,27.6,27.716,27.453,27.492,143572,0
BMEZ.US,D,20210604,000000,27.726,27.784,27.492,27.667,154183,0
BMEZ.US,D,20210607,000000,27.696,28.348,27.573,28.054,84628,0
BMEZ.US,D,20210608,000000,28.025,28.124,27.736,27.765,111217,0
BMEZ.US,D,20210609,000000,27.987,28.054,27.736,28.025,109513,0
BMEZ.US,D,20210610,000000,28.025,28.171,27.87,28.094,128031,0
BMEZ.US,D,20210611,000000,28.171,28.191,27.968,28.114,94469,0
BMEZ.US,D,20210614,000000,28.304,28.411,28.139,28.381,79480,0
BMEZ.US,D,20210615,000000,28.479,28.704,27.953,28.606,162769,0
BMEZ.US,D,20210616,000000,28.606,28.674,28.02,28.089,143066,0
BMEZ.US,D,20210617,000000,28.059,28.14,27.582,27.588,184750,0
BMEZ.US,D,20210618,000000,27.602,28.235,27.339,27.972,135076,0
BMEZ.US,D,20210621,000000,28.001,28.186,27.592,27.777,137053,0
BMEZ.US,D,20210622,000000,27.777,28.089,27.582,28.089,93195,0
BMEZ.US,D,20210623,000000,27.953,28.167,27.825,27.944,103334,0
BMEZ.US,D,20210624,000000,28.139,28.429,27.924,28.02,120306,0
BMEZ.US,D,20210625,000000,28.099,28.381,28.069,28.274,86647,0
BMEZ.US,D,20210628,000000,28.538,28.614,28.109,28.439,97952,0
BMEZ.US,D,20210629,000000,28.624,28.771,28.119,28.391,130735,0
BMEZ.US,D,20210630,000000,28.509,28.509,28.05,28.186,156310,0
BMEZ.US,D,20210701,000000,28.186,28.761,28.186,28.761,136333,0
BMEZ.US,D,20210702,000000,28.849,28.956,28.546,28.956,129276,0
BMEZ.US,D,20210706,000000,28.995,28.995,28.577,28.819,133353,0
BMEZ.US,D,20210707,000000,28.839,28.995,28.644,28.839,139493,0
BMEZ.US,D,20210708,000000,28.624,28.879,28.099,28.596,123132,0
BMEZ.US,D,20210709,000000,28.859,28.946,28.42,28.566,97897,0
BMEZ.US,D,20210712,000000,28.459,28.669,28.459,28.624,108459,0
BMEZ.US,D,20210713,000000,28.654,28.995,28.176,28.714,160026,0
BMEZ.US,D,20210714,000000,28.746,29.041,28.503,28.57,83860,0
BMEZ.US,D,20210715,000000,28.56,28.845,28.022,28.257,103296,0
BMEZ.US,D,20210716,000000,28.503,28.991,27.915,28.16,139265,0
BMEZ.US,D,20210719,000000,27.689,27.768,27.18,27.307,222589,0
BMEZ.US,D,20210720,000000,27.317,27.992,27.298,27.915,98877,0
BMEZ.US,D,20210721,000000,27.982,28.16,27.816,27.905,83200,0
BMEZ.US,D,20210722,000000,27.915,28.121,27.812,27.875,76279,0
BMEZ.US,D,20210723,000000,28.022,28.022,27.646,27.925,117856,0
BMEZ.US,D,20210726,000000,27.739,27.945,27.327,27.503,120334,0
BMEZ.US,D,20210727,000000,27.493,27.503,27.033,27.209,103130,0
BMEZ.US,D,20210728,000000,27.121,27.67,27.121,27.425,128847,0
BMEZ.US,D,20210729,000000,27.503,27.797,27.503,27.62,111836,0
BMEZ.US,D,20210730,000000,27.67,27.826,27.484,27.777,92031,0
BMEZ.US,D,20210802,000000,27.992,28.131,27.768,28.032,129225,0
BMEZ.US,D,20210803,000000,28.15,28.304,27.836,28.218,142921,0
BMEZ.US,D,20210804,000000,28.267,28.609,28.218,28.56,108794,0
BMEZ.US,D,20210805,000000,28.503,29.021,28.404,28.914,119662,0
BMEZ.US,D,20210806,000000,28.982,29.09,28.542,29.081,134105,0
BMEZ.US,D,20210809,000000,29.177,29.276,29.041,29.257,100561,0
BMEZ.US,D,20210810,000000,29.286,29.286,28.952,29.071,90652,0
BMEZ.US,D,20210811,000000,29.031,29.09,28.815,28.933,119264,0
BMEZ.US,D,20210812,000000,28.815,28.914,28.699,28.845,100780,0
BMEZ.US,D,20210813,000000,28.83,28.895,28.663,28.663,52904,0
BMEZ.US,D,20210816,000000,28.722,28.722,28.329,28.516,72483,0
BMEZ.US,D,20210817,000000,28.2,28.545,28.2,28.506,90509,0
BMEZ.US,D,20210818,000000,28.564,28.618,28.23,28.357,104332,0
BMEZ.US,D,20210819,000000,28.299,28.319,27.856,27.935,78788,0
BMEZ.US,D,20210820,000000,27.974,28.309,27.896,28.241,62386,0
BMEZ.US,D,20210823,000000,28.357,28.545,28.17,28.289,121035,0
BMEZ.US,D,20210824,000000,28.536,28.545,27.462,27.797,189586,0
BMEZ.US,D,20210825,000000,27.806,28.202,27.806,28.082,132243,0
BMEZ.US,D,20210826,000000,27.905,28.052,27.364,27.561,160874,0
BMEZ.US,D,20210827,000000,27.58,27.905,27.177,27.806,140304,0
BMEZ.US,D,20210830,000000,27.955,28.142,27.925,28.132,140819,0
BMEZ.US,D,20210831,000000,28.239,28.352,28.112,28.289,108821,0
BMEZ.US,D,20210901,000000,28.446,28.708,28.289,28.703,141046,0
BMEZ.US,D,20210902,000000,28.693,28.978,28.583,28.781,105744,0
BMEZ.US,D,20210903,000000,28.82,29.519,28.753,29.224,110666,0
BMEZ.US,D,20210907,000000,29.224,29.401,28.958,29.047,104010,0
BMEZ.US,D,20210908,000000,28.938,29.146,28.633,28.82,80469,0
BMEZ.US,D,20210909,000000,28.751,28.997,28.486,28.496,68559,0
BMEZ.US,D,20210910,000000,28.526,28.636,28.239,28.367,61756,0
BMEZ.US,D,20210913,000000,28.496,28.545,28.052,28.062,73075,0
BMEZ.US,D,20210914,000000,28.087,28.231,27.681,27.751,125251,0
BMEZ.US,D,20210915,000000,27.82,28.117,27.654,27.84,96095,0
BMEZ.US,D,20210916,000000,27.721,27.979,27.681,27.979,55779,0
BMEZ.US,D,20210917,000000,27.82,28.018,27.613,27.681,108489,0
BMEZ.US,D,20210920,000000,27.464,27.533,27.064,27.177,155226,0
BMEZ.US,D,20210921,000000,27.395,27.527,27.127,27.286,72668,0
BMEZ.US,D,20210922,000000,27.425,27.648,27.296,27.474,94990,0
BMEZ.US,D,20210923,000000,27.563,27.84,27.385,27.444,157068,0
BMEZ.US,D,20210924,000000,27.286,27.543,27.019,27.108,189785,0
BMEZ.US,D,20210927,000000,27.009,27.009,26.613,26.678,194378,0
BMEZ.US,D,20210928,000000,26.643,26.643,26.099,26.366,217937,0
BMEZ.US,D,20210929,000000,26.356,26.801,26.297,26.593,170259,0
BMEZ.US,D,20210930,000000,26.722,26.871,26.563,26.692,135150,0
BMEZ.US,D,20211001,000000,26.751,27.286,26.514,27.157,196314,0
BMEZ.US,D,20211004,000000,27.039,27.276,26.78,26.92,154289,0
BMEZ.US,D,20211005,000000,26.969,27.147,26.91,27.098,114537,0
BMEZ.US,D,20211006,000000,26.949,27.305,26.93,27.305,124590,0
BMEZ.US,D,20211007,000000,27.563,28.196,27.385,27.652,100918,0
BMEZ.US,D,20211008,000000,27.691,27.889,27.395,27.484,54242,0
BMEZ.US,D,20211011,000000,27.325,27.493,26.93,26.93,99898,0
BMEZ.US,D,20211012,000000,26.949,27.029,26.565,26.623,107668,0
BMEZ.US,D,20211013,000000,26.643,27.009,26.267,26.781,115768,0
BMEZ.US,D,20211014,000000,26.965,27.13,26.657,26.926,206147,0
BMEZ.US,D,20211015,000000,27.035,27.413,26.916,27.194,116237,0
BMEZ.US,D,20211018,000000,27.204,27.323,27.055,27.144,69278,0
BMEZ.US,D,20211019,000000,27.075,27.393,26.975,27.124,105113,0
BMEZ.US,D,20211020,000000,27.174,27.393,26.617,26.756,288714,0
BMEZ.US,D,20211021,000000,26.687,26.955,26.597,26.816,246038,0
BMEZ.US,D,20211022,000000,26.717,27.035,26.717,26.916,136974,0
BMEZ.US,D,20211025,000000,26.916,27.105,26.756,26.846,119473,0
BMEZ.US,D,20211026,000000,26.866,26.998,26.428,26.528,208443,0
BMEZ.US,D,20211027,000000,26.438,26.756,26.02,26.12,225309,0
BMEZ.US,D,20211028,000000,26.15,26.548,26.06,26.538,146953,0
BMEZ.US,D,20211029,000000,26.577,26.717,26.422,26.607,138108,0
BMEZ.US,D,20211101,000000,26.737,27.194,26.621,27.045,177277,0
BMEZ.US,D,20211102,000000,27.075,27.373,26.886,27.095,140507,0
BMEZ.US,D,20211103,000000,27.105,27.582,27.075,27.483,134182,0
BMEZ.US,D,20211104,000000,27.463,27.721,27.184,27.502,165052,0
BMEZ.US,D,20211105,000000,27.532,27.751,27.323,27.552,152910,0
BMEZ.US,D,20211108,000000,27.691,27.721,27.313,27.403,133369,0
BMEZ.US,D,20211109,000000,27.383,27.502,27.075,27.433,110626,0
BMEZ.US,D,20211110,000000,27.323,27.433,27.055,27.055,141789,0
BMEZ.US,D,20211111,000000,27.105,27.274,26.607,27.025,115473,0
BMEZ.US,D,20211112,000000,26.85,27.28,26.8,27.15,131995,0
BMEZ.US,D,20211115,000000,27.08,27.23,26.76,26.76,123502,0
BMEZ.US,D,20211116,000000,26.52,26.93,26.52,26.77,202939,0
BMEZ.US,D,20211117,000000,26.66,26.98,26.35,26.38,139837,0
BMEZ.US,D,20211118,000000,26.44,26.5899,26,26.06,226779,0
BMEZ.US,D,20211119,000000,26.03,26.3193,25.85,25.85,172453,0
BMEZ.US,D,20211122,000000,25.87,25.9552,25.31,25.37,247716,0
BMEZ.US,D,20211123,000000,25.25,25.49,24.52,24.78,244567,0
BMEZ.US,D,20211124,000000,24.55,25.07,24.51,24.99,200352,0
BMEZ.US,D,20211126,000000,24.57,25.248,24.57,24.74,134283,0
BMEZ.US,D,20211129,000000,25,25,24.65,24.81,152368,0
BMEZ.US,D,20211130,000000,24.81,24.86,24.19,24.29,250221,0
BMEZ.US,D,20211201,000000,24.45,24.8489,23.93,23.98,214086,0
BMEZ.US,D,20211202,000000,23.67,24.16,23.5,23.57,430210,0
BMEZ.US,D,20211203,000000,23.61,23.775,22.85,23.1,494667,0
BMEZ.US,D,20211206,000000,23.09,23.49,22.6,22.88,483945,0
BMEZ.US,D,20211207,000000,23.06,23.7,23.06,23.44,383242,0
BMEZ.US,D,20211208,000000,23.47,23.78,23.34,23.43,891829,0
BMEZ.US,D,20211209,000000,23.35,23.59,23.11,23.27,530608,0
BMEZ.US,D,20211210,000000,23.3,23.45,22.93,22.99,284467,0
BMEZ.US,D,20211213,000000,23.02,23.32,22.91,23.27,236062,0
BMEZ.US,D,20211214,000000,23.24,23.2846,22.86,22.88,298101,0
BMEZ.US,D,20211215,000000,22.81,23.66,22.777,23.57,511089,0
BMEZ.US,D,20211216,000000,23.65,23.86,23.45,23.68,395281,0
BMEZ.US,D,20211217,000000,23.38,24.1998,23.3563,24.12,256265,0
BMEZ.US,D,20211220,000000,23.98,24.08,23.56,23.81,296353,0
BMEZ.US,D,20211221,000000,23.9,24.22,23.84,24.07,247549,0
BMEZ.US,D,20211222,000000,24.29,24.5965,23.96,24.58,234442,0
BMEZ.US,D,20211223,000000,24.66,25.81,24.6,25.21,283169,0
BMEZ.US,D,20211227,000000,25.21,25.34,24.98,25.18,446791,0
BMEZ.US,D,20211228,000000,25.12,25.33,24.86,24.99,249981,0
BMEZ.US,D,20211229,000000,25.09,25.22,24.86,25.08,271305,0
BMEZ.US,D,20211230,000000,25.19,25.4,25.03,25.06,232315,0
BMEZ.US,D,20211231,000000,25.25,25.45,25.165,25.36,212186,0
BMEZ.US,D,20220103,000000,25.32,25.66,25.189,25.59,153019,0
BMEZ.US,D,20220104,000000,25.76,25.78,24.86,25.06,229687,0
BMEZ.US,D,20220105,000000,24.95,25.07,24.15,24.18,262996,0
BMEZ.US,D,20220106,000000,24.2,24.3882,23.71,23.99,180908,0
BMEZ.US,D,20220107,000000,24.15,24.17,23.39,23.61,264046,0
BMEZ.US,D,20220110,000000,23.59,23.6,23,23.6,202184,0
BMEZ.US,D,20220111,000000,23.44,23.94,23.34,23.94,142688,0
BMEZ.US,D,20220112,000000,24.05,24.28,23.63,23.9,195276,0
BMEZ.US,D,20220113,000000,23.68,23.83,22.95,23.03,192770,0
BMEZ.US,D,20220114,000000,22.85,22.98,22.23,22.48,306335,0
BMEZ.US,D,20220118,000000,22.46,22.5,21.53,21.62,348084,0
BMEZ.US,D,20220119,000000,21.75,21.95,21.41,21.43,251618,0
BMEZ.US,D,20220120,000000,21.44,22.11,21.12,21.2,418746,0
BMEZ.US,D,20220121,000000,21.02,21.2699,20.24,20.41,389651,0
