<TICKER>,<PER>,<DATE>,<TIME>,<OPEN>,<HIGH>,<LOW>,<CLOSE>,<VOL>,<OPENINT>
BPMP.US,D,20171026,000000,11.809,12.298,11.809,12.089,24965739,0
BPMP.US,D,20171027,000000,12.052,12.503,12.052,12.32,4730708,0
BPMP.US,D,20171030,000000,12.298,12.474,12.264,12.369,1006472,0
BPMP.US,D,20171031,000000,12.369,12.679,12.353,12.614,1750220,0
BPMP.US,D,20171101,000000,12.614,13.055,12.614,12.908,2363489,0
BPMP.US,D,20171102,000000,13.027,13.027,12.643,12.782,1201923,0
BPMP.US,D,20171103,000000,12.881,12.881,12.652,12.791,323635,0
BPMP.US,D,20171106,000000,12.832,12.965,12.651,12.859,324801,0
BPMP.US,D,20171107,000000,12.859,12.895,12.776,12.837,254760,0
BPMP.US,D,20171108,000000,12.726,12.895,12.651,12.712,207965,0
BPMP.US,D,20171109,000000,12.685,12.845,12.573,12.627,318120,0
BPMP.US,D,20171110,000000,12.614,12.719,12.509,12.679,166872,0
BPMP.US,D,20171113,000000,12.656,12.893,12.58,12.656,295737,0
BPMP.US,D,20171114,000000,12.488,12.734,12.359,12.573,330968,0
BPMP.US,D,20171115,000000,12.573,12.811,12.403,12.719,277779,0
BPMP.US,D,20171116,000000,12.719,12.773,12.594,12.705,162384,0
BPMP.US,D,20171117,000000,12.76,12.807,12.543,12.699,221417,0
BPMP.US,D,20171120,000000,12.755,13.251,12.614,12.825,985174,0
BPMP.US,D,20171121,000000,12.825,12.93,12.58,12.699,1095510,0
BPMP.US,D,20171122,000000,12.599,12.747,12.35,12.509,991724,0
BPMP.US,D,20171124,000000,12.573,12.596,12.488,12.488,48061,0
BPMP.US,D,20171127,000000,12.586,12.586,12.291,12.35,763437,0
BPMP.US,D,20171128,000000,12.298,12.403,11.949,12.13,1279044,0
BPMP.US,D,20171129,000000,12.147,12.573,11.975,12.333,1371865,0
BPMP.US,D,20171130,000000,12.242,12.837,12.123,12.802,1014820,0
BPMP.US,D,20171201,000000,12.795,12.908,12.438,12.776,689443,0
BPMP.US,D,20171204,000000,12.679,12.965,12.594,12.747,647833,0
BPMP.US,D,20171205,000000,12.741,13.034,12.699,12.811,547040,0
BPMP.US,D,20171206,000000,12.802,12.811,12.421,12.627,210958,0
BPMP.US,D,20171207,000000,12.662,12.719,12.438,12.651,424069,0
BPMP.US,D,20171208,000000,12.741,12.806,12.427,12.719,143827,0
BPMP.US,D,20171211,000000,12.691,12.719,12.454,12.509,191698,0
BPMP.US,D,20171212,000000,12.538,12.685,12.271,12.503,497422,0
BPMP.US,D,20171213,000000,12.503,12.71,12.427,12.565,231476,0
BPMP.US,D,20171214,000000,12.614,12.679,12.446,12.614,225108,0
BPMP.US,D,20171215,000000,12.614,12.925,12.39,12.411,481658,0
BPMP.US,D,20171218,000000,12.438,12.705,12.411,12.614,226242,0
BPMP.US,D,20171219,000000,12.685,12.965,12.467,12.67,466649,0
BPMP.US,D,20171220,000000,12.627,13.008,12.467,12.802,512241,0
BPMP.US,D,20171221,000000,12.819,13.478,12.776,13.216,482932,0
BPMP.US,D,20171222,000000,13.015,13.357,12.989,13.309,112893,0
BPMP.US,D,20171226,000000,13.322,13.819,13.197,13.594,828305,0
BPMP.US,D,20171227,000000,13.478,13.701,13.305,13.594,609692,0
BPMP.US,D,20171228,000000,13.518,14.281,13.518,13.974,770301,0
BPMP.US,D,20171229,000000,13.91,15.003,13.91,14.416,470531,0
BPMP.US,D,20180102,000000,14.331,14.437,13.805,14.225,333451,0
BPMP.US,D,20180103,000000,14.151,15.193,14.1,14.842,621210,0
BPMP.US,D,20180104,000000,14.842,15.404,14.842,15.319,1326377,0
BPMP.US,D,20180105,000000,15.222,15.25,14.422,14.908,426214,0
BPMP.US,D,20180108,000000,14.919,15.186,14.682,14.808,236873,0
BPMP.US,D,20180109,000000,14.668,14.668,14.205,14.478,193526,0
BPMP.US,D,20180110,000000,14.38,14.871,14.183,14.409,270412,0
BPMP.US,D,20180111,000000,14.359,15.068,14.296,14.794,275066,0
BPMP.US,D,20180112,000000,14.718,14.892,14.38,14.871,144586,0
BPMP.US,D,20180116,000000,14.842,15.446,14.694,15.018,538311,0
BPMP.US,D,20180117,000000,15.053,15.482,14.998,15.419,340315,0
BPMP.US,D,20180118,000000,15.53,15.53,14.73,14.968,268257,0
BPMP.US,D,20180119,000000,14.968,15.353,14.542,15.282,512860,0
BPMP.US,D,20180122,000000,15.206,16.119,15.206,15.382,581347,0
BPMP.US,D,20180123,000000,15.27,15.598,14.823,15.27,212466,0
BPMP.US,D,20180124,000000,15.157,15.224,14.612,14.681,262599,0
BPMP.US,D,20180125,000000,14.688,14.823,14.142,14.571,355117,0
BPMP.US,D,20180126,000000,14.884,15.234,14.506,14.823,97533,0
BPMP.US,D,20180129,000000,14.752,15.2,14.59,14.892,94450,0
BPMP.US,D,20180130,000000,14.747,15.186,14.605,14.949,91980,0
BPMP.US,D,20180131,000000,15.075,15.274,14.318,14.726,63914,0
BPMP.US,D,20180201,000000,14.623,15.356,14.305,15.356,75577,0
BPMP.US,D,20180202,000000,15.187,15.187,14.502,14.751,182413,0
BPMP.US,D,20180205,000000,14.631,14.715,14.291,14.558,124989,0
BPMP.US,D,20180206,000000,14.291,15.109,13.938,14.968,195913,0
BPMP.US,D,20180207,000000,14.927,14.927,14.113,14.269,243197,0
BPMP.US,D,20180208,000000,14.368,14.446,13.427,13.851,270999,0
BPMP.US,D,20180209,000000,13.93,14.094,13.322,13.585,242968,0
BPMP.US,D,20180212,000000,13.718,14.03,13.102,13.528,222259,0
BPMP.US,D,20180213,000000,13.479,14.094,13.322,13.844,330256,0
BPMP.US,D,20180214,000000,13.816,14.949,13.682,13.992,120298,0
BPMP.US,D,20180215,000000,14.05,14.446,13.739,13.879,134471,0
BPMP.US,D,20180216,000000,14.155,14.68,13.774,14.341,133947,0
BPMP.US,D,20180220,000000,14.347,14.588,13.916,14.439,187023,0
BPMP.US,D,20180221,000000,14.431,14.587,13.872,14.22,128685,0
BPMP.US,D,20180222,000000,14.297,14.664,13.916,14.165,257975,0
BPMP.US,D,20180223,000000,14.226,14.637,13.585,14.17,237288,0
BPMP.US,D,20180226,000000,14.282,14.282,13.586,13.916,189077,0
BPMP.US,D,20180227,000000,13.967,14.255,13.569,13.867,290954,0
BPMP.US,D,20180228,000000,14.17,14.17,13.399,13.471,168059,0
BPMP.US,D,20180301,000000,13.449,14.269,13.204,13.825,382558,0
BPMP.US,D,20180302,000000,13.902,14.833,13.295,13.726,279601,0
BPMP.US,D,20180305,000000,13.655,14.113,13.286,13.895,117248,0
BPMP.US,D,20180306,000000,14.136,14.136,13.49,13.64,308448,0
BPMP.US,D,20180307,000000,13.548,14.199,13.483,13.718,295062,0
BPMP.US,D,20180308,000000,13.732,13.916,13.259,13.442,235965,0
BPMP.US,D,20180309,000000,13.449,13.64,13.187,13.286,218995,0
BPMP.US,D,20180312,000000,13.286,13.774,13.286,13.534,175688,0
BPMP.US,D,20180313,000000,13.563,13.569,13.237,13.343,194206,0
BPMP.US,D,20180314,000000,13.358,13.534,13.264,13.28,174113,0
BPMP.US,D,20180315,000000,13.286,13.385,12.014,13.004,622497,0
BPMP.US,D,20180316,000000,12.983,13.902,12.917,13.698,130823,0
BPMP.US,D,20180319,000000,13.788,13.788,13.004,13.28,130167,0
BPMP.US,D,20180320,000000,13.172,13.479,12.911,13.145,150658,0
BPMP.US,D,20180321,000000,13.167,13.619,12.911,13.161,214791,0
BPMP.US,D,20180322,000000,13.039,13.152,12.503,12.749,142830,0
BPMP.US,D,20180323,000000,12.884,13.161,12.192,12.255,161243,0
BPMP.US,D,20180326,000000,12.607,12.977,12.029,12.212,214699,0
BPMP.US,D,20180327,000000,12.291,12.873,12.029,12.461,280909,0
BPMP.US,D,20180328,000000,12.516,12.857,12.038,12.792,330209,0
BPMP.US,D,20180329,000000,12.82,12.911,12.192,12.607,285931,0
BPMP.US,D,20180402,000000,12.566,12.977,12.377,12.474,343420,0
BPMP.US,D,20180403,000000,12.657,12.785,12.284,12.557,205779,0
BPMP.US,D,20180404,000000,12.426,12.722,12.072,12.236,147373,0
BPMP.US,D,20180405,000000,12.467,12.601,12.12,12.236,150739,0
BPMP.US,D,20180406,000000,12.143,12.219,11.93,11.994,128135,0
BPMP.US,D,20180409,000000,12.044,12.693,11.895,12.162,164969,0
BPMP.US,D,20180410,000000,12.331,12.551,12.085,12.426,146128,0
BPMP.US,D,20180411,000000,12.461,13.06,12.461,12.474,167745,0
BPMP.US,D,20180412,000000,12.551,12.898,12.276,12.349,341708,0
BPMP.US,D,20180413,000000,12.34,12.616,12.127,12.219,319569,0
BPMP.US,D,20180416,000000,12.331,13.066,12.296,12.849,275822,0
BPMP.US,D,20180417,000000,12.905,13.746,12.722,12.898,324824,0
BPMP.US,D,20180418,000000,13.137,13.207,12.905,13.018,135338,0
BPMP.US,D,20180419,000000,12.946,13.11,12.693,12.94,303311,0
BPMP.US,D,20180420,000000,12.983,13.11,12.798,12.934,112503,0
BPMP.US,D,20180423,000000,12.977,13.336,12.616,12.798,314109,0
BPMP.US,D,20180424,000000,12.961,13.039,12.757,12.792,396320,0
BPMP.US,D,20180425,000000,12.785,12.876,12.68,12.806,125171,0
BPMP.US,D,20180426,000000,12.849,13.415,12.827,12.989,1284075,0
BPMP.US,D,20180427,000000,12.989,13.181,12.94,13.137,1321454,0
BPMP.US,D,20180430,000000,13.23,13.746,13.123,13.602,463155,0
BPMP.US,D,20180501,000000,13.554,14.062,13.273,13.891,232165,0
BPMP.US,D,20180502,000000,13.803,13.918,13.43,13.639,426019,0
BPMP.US,D,20180503,000000,13.566,13.739,13.36,13.617,394465,0
BPMP.US,D,20180504,000000,13.661,13.898,13.475,13.725,301434,0
BPMP.US,D,20180507,000000,13.838,14.326,13.838,14.126,353942,0
BPMP.US,D,20180508,000000,14.198,14.456,13.918,14.391,665831,0
BPMP.US,D,20180509,000000,14.506,14.513,14.22,14.37,401067,0
BPMP.US,D,20180510,000000,14.377,14.871,14.183,14.726,309233,0
BPMP.US,D,20180511,000000,14.699,14.807,14.421,14.726,150490,0
BPMP.US,D,20180514,000000,14.685,14.695,14.241,14.477,264751,0
BPMP.US,D,20180515,000000,14.406,14.656,14.37,14.413,368945,0
BPMP.US,D,20180516,000000,14.656,14.878,14.413,14.823,169335,0
BPMP.US,D,20180517,000000,14.858,15.418,14.802,15.323,160045,0
BPMP.US,D,20180518,000000,15.28,15.454,15.266,15.346,259279,0
BPMP.US,D,20180521,000000,15.374,15.755,15.199,15.602,213306,0
BPMP.US,D,20180522,000000,15.639,15.703,15.296,15.396,842178,0
BPMP.US,D,20180523,000000,15.28,15.338,14.957,15.275,330704,0
BPMP.US,D,20180524,000000,15.266,15.275,14.612,14.763,179445,0
BPMP.US,D,20180525,000000,14.685,15.05,14.573,14.871,257121,0
BPMP.US,D,20180529,000000,14.793,15.528,14.793,15.144,449914,0
BPMP.US,D,20180530,000000,15.151,15.461,15.057,15.158,126282,0
BPMP.US,D,20180531,000000,15.158,15.346,15.158,15.323,277013,0
BPMP.US,D,20180601,000000,15.387,15.882,15.353,15.533,413528,0
BPMP.US,D,20180604,000000,15.684,15.881,15.367,15.611,330893,0
BPMP.US,D,20180605,000000,15.667,16.061,15.503,15.703,373971,0
BPMP.US,D,20180606,000000,15.755,16.076,15.488,15.631,332686,0
BPMP.US,D,20180607,000000,15.726,16.185,15.676,16.141,408945,0
BPMP.US,D,20180608,000000,16.414,16.478,15.23,15.437,417781,0
BPMP.US,D,20180611,000000,15.446,15.998,15.296,15.805,437188,0
BPMP.US,D,20180612,000000,15.854,15.865,15.241,15.503,293137,0
BPMP.US,D,20180613,000000,15.546,15.862,15.238,15.374,231656,0
BPMP.US,D,20180614,000000,15.353,15.733,14.929,15.602,307210,0
BPMP.US,D,20180615,000000,15.554,16.056,14.973,15.387,1999553,0
BPMP.US,D,20180618,000000,15.353,15.755,15.13,15.187,184715,0
BPMP.US,D,20180619,000000,15.086,15.216,14.763,15.036,219919,0
BPMP.US,D,20180620,000000,15.05,15.3,14.865,15.107,242582,0
BPMP.US,D,20180621,000000,15.381,15.381,14.485,15.08,128440,0
BPMP.US,D,20180622,000000,15.339,15.391,14.814,15.067,197473,0
BPMP.US,D,20180625,000000,15.029,15.323,14.448,14.772,131573,0
BPMP.US,D,20180626,000000,14.8,15.554,14.629,15.418,369503,0
BPMP.US,D,20180627,000000,15.403,15.847,14.126,14.871,491466,0
BPMP.US,D,20180628,000000,14.85,15.209,14.807,14.994,130509,0
BPMP.US,D,20180629,000000,14.957,15.323,14.957,15.05,273227,0
BPMP.US,D,20180702,000000,14.929,15.154,14.663,15.13,228811,0
BPMP.US,D,20180703,000000,15.33,15.41,15.13,15.286,101547,0
BPMP.US,D,20180705,000000,15.296,15.667,15.296,15.431,191252,0
BPMP.US,D,20180706,000000,15.437,15.567,15.144,15.275,130109,0
BPMP.US,D,20180709,000000,15.286,15.368,15.108,15.323,65588,0
BPMP.US,D,20180710,000000,15.339,15.709,15.08,15.151,245652,0
BPMP.US,D,20180711,000000,15.073,15.41,14.708,14.735,220831,0
BPMP.US,D,20180712,000000,14.8,15.045,14.577,15.016,84630,0
BPMP.US,D,20180713,000000,15.029,15.195,14.909,15.029,60974,0
BPMP.US,D,20180716,000000,15.045,15.107,14.763,15.057,178294,0
BPMP.US,D,20180717,000000,15.036,15.187,14.745,14.871,235807,0
BPMP.US,D,20180718,000000,14.85,15.181,14.471,15.107,295279,0
BPMP.US,D,20180719,000000,15.238,15.932,14.979,15.488,405089,0
BPMP.US,D,20180720,000000,15.517,15.517,15.339,15.431,206740,0
BPMP.US,D,20180723,000000,15.459,15.676,15.259,15.596,271386,0
BPMP.US,D,20180724,000000,15.654,16.034,15.323,15.495,275066,0
BPMP.US,D,20180725,000000,15.431,15.854,15.073,15.703,501803,0
BPMP.US,D,20180726,000000,15.631,16.019,15.596,15.631,341641,0
BPMP.US,D,20180727,000000,15.709,15.854,14.629,14.673,499526,0
BPMP.US,D,20180730,000000,14.549,15.209,14.326,14.951,269962,0
BPMP.US,D,20180731,000000,15.03,15.186,14.945,15.068,114482,0
BPMP.US,D,20180801,000000,15.234,15.422,15.02,15.198,138342,0
BPMP.US,D,20180802,000000,15.141,15.312,15.05,15.22,136725,0
BPMP.US,D,20180803,000000,15.212,15.22,14.972,15.059,46777,0
BPMP.US,D,20180806,000000,15.104,15.401,14.973,15.241,107182,0
BPMP.US,D,20180807,000000,15.279,15.352,15.024,15.132,85299,0
BPMP.US,D,20180808,000000,15.046,15.328,14.864,15.132,95471,0
BPMP.US,D,20180809,000000,15.146,15.604,15.141,15.38,192524,0
BPMP.US,D,20180810,000000,15.62,15.91,15.184,15.604,780697,0
BPMP.US,D,20180813,000000,15.661,15.879,15.279,15.328,77491,0
BPMP.US,D,20180814,000000,15.38,15.574,15.132,15.43,64759,0
BPMP.US,D,20180815,000000,15.262,15.429,15.002,15.096,135700,0
BPMP.US,D,20180816,000000,15.234,15.234,14.885,15.008,48440,0
BPMP.US,D,20180817,000000,15.008,15.074,14.85,14.988,60986,0
BPMP.US,D,20180820,000000,15.068,15.3,14.969,15.141,145934,0
BPMP.US,D,20180821,000000,15.11,15.227,14.864,14.957,154112,0
BPMP.US,D,20180822,000000,15.088,15.14,14.833,14.966,42211,0
BPMP.US,D,20180823,000000,14.937,14.937,14.713,14.804,52756,0
BPMP.US,D,20180824,000000,14.921,14.957,14.464,14.804,196820,0
BPMP.US,D,20180827,000000,14.864,14.9,14.42,14.5,62499,0
BPMP.US,D,20180828,000000,14.5,14.5,13.999,14.204,196345,0
BPMP.US,D,20180829,000000,14.21,14.257,13.943,14.167,315785,0
BPMP.US,D,20180830,000000,14.167,14.507,13.999,14.436,364593,0
BPMP.US,D,20180831,000000,14.478,14.478,14.13,14.333,208985,0
BPMP.US,D,20180904,000000,14.384,14.529,14.355,14.494,244706,0
BPMP.US,D,20180905,000000,14.494,14.5,14.253,14.449,159172,0
BPMP.US,D,20180906,000000,14.406,14.929,13.97,14.384,209963,0
BPMP.US,D,20180907,000000,14.355,14.399,13.97,14.086,252420,0
BPMP.US,D,20180910,000000,14.115,14.399,14.049,14.275,130050,0
BPMP.US,D,20180911,000000,14.236,14.348,14.021,14.101,72774,0
BPMP.US,D,20180912,000000,14.245,14.245,13.874,13.919,62506,0
BPMP.US,D,20180913,000000,13.943,13.955,13.773,13.838,67182,0
BPMP.US,D,20180914,000000,13.874,13.904,13.643,13.745,145819,0
BPMP.US,D,20180917,000000,13.708,13.838,13.448,13.586,815554,0
BPMP.US,D,20180918,000000,13.557,13.723,13.505,13.549,315794,0
BPMP.US,D,20180919,000000,13.534,13.672,13.367,13.549,244614,0
BPMP.US,D,20180920,000000,13.621,13.833,13.563,13.802,475448,0
BPMP.US,D,20180921,000000,13.833,13.838,13.331,13.586,322000,0
BPMP.US,D,20180924,000000,13.577,13.64,12.873,13.23,475566,0
BPMP.US,D,20180925,000000,13.236,13.392,13.085,13.286,142866,0
BPMP.US,D,20180926,000000,13.309,13.621,13.213,13.557,402521,0
BPMP.US,D,20180927,000000,13.563,13.643,13.425,13.534,225911,0
BPMP.US,D,20180928,000000,13.534,13.796,13.213,13.658,606124,0
BPMP.US,D,20181001,000000,13.73,14.217,13.73,14.05,406371,0
BPMP.US,D,20181002,000000,14.144,14.224,13.943,14.101,588569,0
BPMP.US,D,20181003,000000,14.151,14.167,13.788,14.058,701672,0
BPMP.US,D,20181004,000000,14.042,14.123,13.968,14.042,627101,0
BPMP.US,D,20181005,000000,14.05,14.119,13.943,14.036,285089,0
BPMP.US,D,20181008,000000,13.984,14.105,13.846,13.919,242356,0
BPMP.US,D,20181009,000000,13.923,14.054,13.898,13.934,302465,0
BPMP.US,D,20181010,000000,13.874,13.874,13.315,13.418,114553,0
BPMP.US,D,20181011,000000,13.273,13.389,12.859,12.932,402941,0
BPMP.US,D,20181012,000000,13.076,13.105,12.859,12.925,234527,0
BPMP.US,D,20181015,000000,12.938,13.753,12.873,13.563,184698,0
BPMP.US,D,20181016,000000,13.628,14.014,13.615,13.874,161422,0
BPMP.US,D,20181017,000000,13.943,13.992,13.462,13.52,114575,0
BPMP.US,D,20181018,000000,13.484,13.943,13.448,13.534,110623,0
BPMP.US,D,20181019,000000,13.557,13.65,13.264,13.52,202144,0
BPMP.US,D,20181022,000000,13.666,13.73,13.382,13.592,116359,0
BPMP.US,D,20181023,000000,13.439,13.846,13.344,13.73,83833,0
BPMP.US,D,20181024,000000,13.679,13.833,13.513,13.549,2535348,0
BPMP.US,D,20181025,000000,13.687,13.947,13.565,13.708,206614,0
BPMP.US,D,20181026,000000,13.586,13.723,13.17,13.303,254859,0
BPMP.US,D,20181029,000000,13.396,13.448,13.164,13.367,339016,0
BPMP.US,D,20181030,000000,13.309,13.513,13.158,13.367,411096,0
BPMP.US,D,20181031,000000,13.507,13.685,13.449,13.47,241480,0
BPMP.US,D,20181101,000000,13.507,13.64,13.338,13.515,266910,0
BPMP.US,D,20181102,000000,13.59,13.658,13.145,13.272,299461,0
BPMP.US,D,20181105,000000,13.338,13.574,12.504,12.554,446468,0
BPMP.US,D,20181106,000000,12.541,12.578,12.12,12.46,425327,0
BPMP.US,D,20181107,000000,12.585,12.615,12.219,12.481,219388,0
BPMP.US,D,20181108,000000,12.467,13.111,12.423,13.006,207523,0
BPMP.US,D,20181109,000000,12.939,13.042,12.585,12.695,229486,0
BPMP.US,D,20181112,000000,12.71,12.806,12.392,12.415,77539,0
BPMP.US,D,20181113,000000,12.431,12.588,12.268,12.415,114052,0
BPMP.US,D,20181114,000000,12.562,12.954,12.252,12.681,321507,0
BPMP.US,D,20181115,000000,12.695,12.81,12.488,12.653,179406,0
BPMP.US,D,20181116,000000,12.599,12.688,11.995,12.052,238989,0
BPMP.US,D,20181119,000000,12.152,12.35,12.068,12.082,68547,0
BPMP.US,D,20181120,000000,12.097,12.179,11.447,11.816,165937,0
BPMP.US,D,20181121,000000,11.897,12.435,11.854,12.379,426097,0
BPMP.US,D,20181123,000000,12.222,12.35,12.04,12.04,30434,0
BPMP.US,D,20181126,000000,12.157,12.294,12.088,12.127,78652,0
BPMP.US,D,20181127,000000,12.046,12.319,11.986,12.12,148723,0
BPMP.US,D,20181128,000000,12.201,12.371,12.016,12.313,212281,0
BPMP.US,D,20181129,000000,12.319,12.467,12.101,12.319,242307,0
BPMP.US,D,20181130,000000,12.185,12.511,12.052,12.453,275400,0
BPMP.US,D,20181203,000000,12.571,12.717,12.277,12.547,347472,0
BPMP.US,D,20181204,000000,12.517,12.732,12.401,12.488,296272,0
BPMP.US,D,20181206,000000,12.431,12.622,12.157,12.571,526108,0
BPMP.US,D,20181207,000000,12.607,12.681,12.342,12.525,213591,0
BPMP.US,D,20181210,000000,12.333,12.547,12.019,12.371,253556,0
BPMP.US,D,20181211,000000,12.504,12.599,12.179,12.423,371312,0
BPMP.US,D,20181212,000000,12.517,12.806,12.194,12.362,428730,0
BPMP.US,D,20181213,000000,12.313,12.401,12.093,12.275,295342,0
BPMP.US,D,20181214,000000,12.488,12.901,11.972,12.406,479138,0
BPMP.US,D,20181217,000000,12.29,12.453,11.413,11.477,459091,0
BPMP.US,D,20181218,000000,11.499,11.824,11.424,11.78,347355,0
BPMP.US,D,20181219,000000,11.751,11.884,11.388,11.766,333536,0
BPMP.US,D,20181220,000000,11.715,11.802,11.265,11.485,298662,0
BPMP.US,D,20181221,000000,11.462,11.758,10.887,10.946,505841,0
BPMP.US,D,20181224,000000,10.954,11.19,10.674,10.968,137038,0
BPMP.US,D,20181226,000000,11.115,11.623,10.838,11.605,423292,0
BPMP.US,D,20181227,000000,11.382,11.462,10.829,11.005,444432,0
BPMP.US,D,20181228,000000,11.034,11.481,10.526,10.702,902917,0
BPMP.US,D,20181231,000000,10.738,11.633,10.738,11.469,294691,0
BPMP.US,D,20190102,000000,11.418,12.313,11.418,11.824,235023,0
BPMP.US,D,20190103,000000,11.78,11.965,11.611,11.772,178842,0
BPMP.US,D,20190104,000000,11.922,12.415,11.78,12.386,236505,0
BPMP.US,D,20190107,000000,12.415,12.681,12.023,12.194,290084,0
BPMP.US,D,20190108,000000,12.386,12.688,12.205,12.554,255007,0
BPMP.US,D,20190109,000000,12.607,12.843,12.453,12.827,399792,0
BPMP.US,D,20190110,000000,12.74,12.843,12.322,12.401,225379,0
BPMP.US,D,20190111,000000,12.379,12.516,12.044,12.231,223507,0
BPMP.US,D,20190114,000000,12.222,12.43,12.068,12.152,72990,0
BPMP.US,D,20190115,000000,12.222,12.517,12.222,12.401,270932,0
BPMP.US,D,20190116,000000,12.444,12.561,12.342,12.379,70186,0
BPMP.US,D,20190117,000000,12.348,12.497,12.342,12.392,147727,0
BPMP.US,D,20190118,000000,12.547,12.605,12.354,12.436,276597,0
BPMP.US,D,20190122,000000,12.259,12.379,12.114,12.238,124637,0
BPMP.US,D,20190123,000000,12.207,12.366,11.905,12.016,185774,0
BPMP.US,D,20190124,000000,12.097,12.231,11.948,12.002,394204,0
BPMP.US,D,20190125,000000,12.164,12.231,12.016,12.068,268229,0
BPMP.US,D,20190128,000000,12.046,12.068,11.816,11.972,283942,0
BPMP.US,D,20190129,000000,12.068,12.201,11.884,12.076,274184,0
BPMP.US,D,20190130,000000,12.187,12.435,11.948,12.293,374390,0
BPMP.US,D,20190131,000000,12.157,12.316,11.748,11.812,114063,0
BPMP.US,D,20190201,000000,11.827,12.166,11.805,12.076,267354,0
BPMP.US,D,20190204,000000,12.105,12.293,12.031,12.144,787972,0
BPMP.US,D,20190205,000000,12.144,12.573,12.144,12.535,411542,0
BPMP.US,D,20190206,000000,12.399,12.656,12.218,12.348,320580,0
BPMP.US,D,20190207,000000,12.264,12.316,11.82,11.865,184081,0
BPMP.US,D,20190208,000000,12.045,12.045,11.632,11.773,127431,0
BPMP.US,D,20190211,000000,11.723,11.857,11.617,11.716,124261,0
BPMP.US,D,20190212,000000,11.834,12.135,11.716,12.068,263926,0
BPMP.US,D,20190213,000000,12.152,12.316,11.91,12.173,334458,0
BPMP.US,D,20190214,000000,12.127,12.488,12.038,12.377,423444,0
BPMP.US,D,20190215,000000,12.377,12.661,12.114,12.144,356473,0
BPMP.US,D,20190219,000000,12.173,12.723,12.173,12.707,400626,0
BPMP.US,D,20190220,000000,12.648,13.046,12.564,12.707,436511,0
BPMP.US,D,20190221,000000,12.656,12.669,12.329,12.511,311693,0
BPMP.US,D,20190222,000000,12.435,12.648,12.285,12.316,199495,0
BPMP.US,D,20190225,000000,12.392,12.639,12.235,12.526,152680,0
BPMP.US,D,20190226,000000,12.543,12.648,12.368,12.511,327499,0
BPMP.US,D,20190227,000000,12.535,12.602,12.339,12.518,257925,0
BPMP.US,D,20190228,000000,12.759,12.759,12.098,12.322,298166,0
BPMP.US,D,20190301,000000,12.277,12.316,11.277,11.616,420325,0
BPMP.US,D,20190304,000000,11.641,11.773,11.527,11.686,341821,0
BPMP.US,D,20190305,000000,11.707,11.82,11.578,11.616,825199,0
BPMP.US,D,20190306,000000,11.641,11.716,11.481,11.622,247762,0
BPMP.US,D,20190307,000000,11.616,11.812,11.556,11.654,332104,0
BPMP.US,D,20190308,000000,11.415,11.632,10.987,11.037,2064360,0
BPMP.US,D,20190311,000000,11.352,11.427,11.12,11.352,889813,0
BPMP.US,D,20190312,000000,11.389,11.49,11.061,11.241,241323,0
BPMP.US,D,20190313,000000,11.256,11.427,11.13,11.167,271580,0
BPMP.US,D,20190314,000000,11.389,11.389,11.13,11.181,92621,0
BPMP.US,D,20190315,000000,11.159,11.256,11.007,11.016,483329,0
BPMP.US,D,20190318,000000,11.03,11.247,10.865,11.195,162414,0
BPMP.US,D,20190319,000000,11.241,11.485,11.219,11.277,344292,0
BPMP.US,D,20190320,000000,11.241,11.315,11.136,11.159,165552,0
BPMP.US,D,20190321,000000,11.181,11.265,11.067,11.159,202300,0
BPMP.US,D,20190322,000000,11.092,11.114,10.865,10.887,190996,0
BPMP.US,D,20190325,000000,10.904,11.061,10.625,10.963,254980,0
BPMP.US,D,20190326,000000,11.016,11.054,10.841,10.94,219122,0
BPMP.US,D,20190327,000000,10.987,10.987,10.691,10.82,416587,0
BPMP.US,D,20190328,000000,10.82,10.879,10.7,10.737,184341,0
BPMP.US,D,20190329,000000,10.76,10.904,10.729,10.879,167484,0
BPMP.US,D,20190401,000000,10.879,11.037,10.691,10.835,255920,0
BPMP.US,D,20190402,000000,10.835,10.94,10.744,10.849,432392,0
BPMP.US,D,20190403,000000,10.841,10.877,10.729,10.791,198938,0
BPMP.US,D,20190404,000000,10.791,11.172,10.729,11.15,1062777,0
BPMP.US,D,20190405,000000,11.241,11.427,11.172,11.36,932308,0
BPMP.US,D,20190408,000000,11.46,11.654,11.389,11.603,519095,0
BPMP.US,D,20190409,000000,11.616,11.661,11.383,11.383,471606,0
BPMP.US,D,20190410,000000,11.427,11.565,11.352,11.408,510158,0
BPMP.US,D,20190411,000000,11.473,11.511,11.336,11.466,339108,0
BPMP.US,D,20190412,000000,11.473,11.647,11.46,11.549,623725,0
BPMP.US,D,20190415,000000,11.585,11.632,11.437,11.466,302906,0
BPMP.US,D,20190416,000000,11.451,11.451,11.285,11.34,190283,0
BPMP.US,D,20190417,000000,11.383,11.408,11.256,11.315,192320,0
BPMP.US,D,20190418,000000,11.383,11.415,11.188,11.398,128217,0
BPMP.US,D,20190422,000000,11.389,11.497,11.352,11.444,116435,0
BPMP.US,D,20190423,000000,11.421,11.556,11.357,11.444,1014588,0
BPMP.US,D,20190424,000000,11.427,11.427,11.037,11.061,436881,0
BPMP.US,D,20190425,000000,11.106,11.106,10.887,10.924,225695,0
BPMP.US,D,20190426,000000,10.992,11.045,10.812,10.918,444022,0
BPMP.US,D,20190429,000000,11.061,11.265,10.992,11.226,1046568,0
BPMP.US,D,20190430,000000,11.386,11.386,11.019,11.104,596448,0
BPMP.US,D,20190501,000000,11.495,11.495,10.888,10.918,603894,0
BPMP.US,D,20190502,000000,10.926,11.04,10.681,10.802,623300,0
BPMP.US,D,20190503,000000,10.827,10.882,10.735,10.802,571436,0
BPMP.US,D,20190506,000000,10.742,10.865,10.666,10.712,428155,0
BPMP.US,D,20190507,000000,10.666,10.811,10.597,10.686,660331,0
BPMP.US,D,20190508,000000,10.742,10.827,10.704,10.789,849013,0
BPMP.US,D,20190509,000000,10.796,11.057,10.712,10.942,310474,0
BPMP.US,D,20190510,000000,11.033,11.057,10.911,11.002,245923,0
BPMP.US,D,20190513,000000,10.995,11.106,10.956,11.088,216362,0
BPMP.US,D,20190514,000000,11.057,11.342,11.057,11.219,242947,0
BPMP.US,D,20190515,000000,11.095,11.356,11.094,11.347,87980,0
BPMP.US,D,20190516,000000,11.364,11.705,11.331,11.671,214966,0
BPMP.US,D,20190517,000000,11.623,11.71,11.389,11.463,190275,0
BPMP.US,D,20190520,000000,11.479,11.617,11.44,11.555,217654,0
BPMP.US,D,20190521,000000,11.623,11.713,11.456,11.564,490509,0
BPMP.US,D,20190522,000000,11.578,11.801,11.518,11.764,209739,0
BPMP.US,D,20190523,000000,11.725,11.771,11.495,11.564,143432,0
BPMP.US,D,20190524,000000,11.525,11.848,11.5,11.833,250597,0
BPMP.US,D,20190528,000000,11.841,11.901,11.226,11.417,388847,0
BPMP.US,D,20190529,000000,11.287,11.287,10.802,10.965,493946,0
BPMP.US,D,20190530,000000,11.088,11.141,10.796,10.956,272263,0
BPMP.US,D,20190531,000000,10.918,11.194,10.849,11.194,263710,0
BPMP.US,D,20190603,000000,11.257,11.257,10.872,11.002,306365,0
BPMP.US,D,20190604,000000,11.148,11.385,11.026,11.157,117006,0
BPMP.US,D,20190605,000000,11.203,11.21,10.926,11.002,236238,0
BPMP.US,D,20190606,000000,11.171,11.326,11.135,11.203,282733,0
BPMP.US,D,20190607,000000,11.278,11.5,11.257,11.393,179739,0
BPMP.US,D,20190610,000000,11.326,11.479,11.287,11.424,167108,0
BPMP.US,D,20190611,000000,11.417,11.725,11.417,11.71,1109327,0
BPMP.US,D,20190612,000000,11.71,11.732,11.564,11.688,490667,0
BPMP.US,D,20190613,000000,11.795,11.833,11.447,11.825,1287085,0
BPMP.US,D,20190614,000000,11.732,11.732,11.424,11.633,1348507,0
BPMP.US,D,20190617,000000,11.617,11.617,11.424,11.572,521013,0
BPMP.US,D,20190618,000000,11.693,11.786,11.424,11.555,335038,0
BPMP.US,D,20190619,000000,11.594,11.71,11.518,11.649,93424,0
BPMP.US,D,20190620,000000,11.771,11.833,11.688,11.795,343673,0
BPMP.US,D,20190621,000000,11.756,11.879,11.74,11.825,268795,0
BPMP.US,D,20190624,000000,11.809,11.901,11.71,11.825,129548,0
BPMP.US,D,20190625,000000,11.879,11.879,11.68,11.7,81151,0
BPMP.US,D,20190626,000000,11.816,11.841,11.633,11.74,89050,0
BPMP.US,D,20190627,000000,11.764,11.816,11.623,11.68,140408,0
BPMP.US,D,20190628,000000,11.725,11.886,11.617,11.886,214830,0
BPMP.US,D,20190701,000000,11.879,11.978,11.662,11.662,224453,0
BPMP.US,D,20190702,000000,11.71,11.725,11.495,11.633,230608,0
BPMP.US,D,20190703,000000,11.649,11.848,11.518,11.74,107147,0
BPMP.US,D,20190705,000000,11.747,12.13,11.725,12.033,119779,0
BPMP.US,D,20190708,000000,12.048,12.178,11.982,12.178,189922,0
BPMP.US,D,20190709,000000,12.085,12.263,12.024,12.224,112213,0
BPMP.US,D,20190710,000000,12.277,12.516,12.233,12.401,120150,0
BPMP.US,D,20190711,000000,12.516,12.524,12.212,12.233,181848,0
BPMP.US,D,20190712,000000,12.292,12.425,12.149,12.349,106783,0
BPMP.US,D,20190715,000000,12.401,12.508,12.316,12.386,228549,0
BPMP.US,D,20190716,000000,12.392,12.478,12.292,12.386,236086,0
BPMP.US,D,20190717,000000,12.401,12.539,12.316,12.425,229633,0
BPMP.US,D,20190718,000000,12.431,12.539,12.178,12.207,490198,0
BPMP.US,D,20190719,000000,12.254,12.322,12.155,12.17,269164,0
BPMP.US,D,20190722,000000,12.216,12.401,12.178,12.37,281336,0
BPMP.US,D,20190723,000000,12.401,12.638,12.386,12.592,175151,0
BPMP.US,D,20190724,000000,12.616,12.701,12.254,12.322,187903,0
BPMP.US,D,20190725,000000,12.386,12.447,12.207,12.431,175958,0
BPMP.US,D,20190726,000000,12.438,12.661,12.392,12.508,178023,0
BPMP.US,D,20190729,000000,12.554,12.731,12.301,12.539,668920,0
BPMP.US,D,20190730,000000,12.531,12.719,12.313,12.461,388817,0
BPMP.US,D,20190731,000000,12.461,12.641,12.397,12.547,161981,0
BPMP.US,D,20190801,000000,12.547,12.613,12.1,12.24,147038,0
BPMP.US,D,20190802,000000,12.218,12.382,12.077,12.162,277992,0
BPMP.US,D,20190805,000000,12.139,12.139,11.473,11.724,337919,0
BPMP.US,D,20190806,000000,11.842,11.888,11.404,11.537,209510,0
BPMP.US,D,20190807,000000,11.551,11.699,11.404,11.481,269578,0
BPMP.US,D,20190808,000000,11.551,11.787,11.49,11.709,584377,0
BPMP.US,D,20190809,000000,11.686,11.96,11.544,11.647,891321,0
BPMP.US,D,20190812,000000,11.756,11.866,11.583,11.724,350688,0
BPMP.US,D,20190813,000000,11.796,11.966,11.394,11.418,484734,0
BPMP.US,D,20190814,000000,11.356,11.356,11.003,11.073,438651,0
BPMP.US,D,20190815,000000,11.098,11.254,10.925,11.207,1378232,0
BPMP.US,D,20190816,000000,11.162,11.497,11.162,11.497,223304,0
BPMP.US,D,20190819,000000,11.576,11.74,11.526,11.647,310445,0
BPMP.US,D,20190820,000000,11.294,11.709,11.285,11.569,307733,0
BPMP.US,D,20190821,000000,11.59,11.747,11.364,11.387,366912,0
BPMP.US,D,20190822,000000,11.449,11.661,11.379,11.418,188367,0
BPMP.US,D,20190823,000000,11.373,11.443,11.191,11.231,200652,0
BPMP.US,D,20190826,000000,11.325,11.426,11.191,11.254,239997,0
BPMP.US,D,20190827,000000,11.347,11.418,11.084,11.152,303021,0
BPMP.US,D,20190828,000000,11.143,11.466,11.121,11.356,384978,0
BPMP.US,D,20190829,000000,11.435,11.718,11.418,11.661,273597,0
BPMP.US,D,20190830,000000,11.731,11.731,11.513,11.639,1043469,0
BPMP.US,D,20190903,000000,11.59,11.731,11.394,11.63,289405,0
BPMP.US,D,20190904,000000,11.693,11.747,11.5,11.621,1274256,0
BPMP.US,D,20190905,000000,11.709,11.787,11.364,11.435,360185,0
BPMP.US,D,20190906,000000,11.356,11.449,11.276,11.356,148580,0
BPMP.US,D,20190909,000000,11.418,11.524,11.308,11.443,284765,0
BPMP.US,D,20190910,000000,11.497,11.52,11.303,11.308,291931,0
BPMP.US,D,20190911,000000,11.373,11.413,11.294,11.347,310638,0
BPMP.US,D,20190912,000000,11.356,11.394,11.184,11.216,255631,0
BPMP.US,D,20190913,000000,11.246,11.379,11.216,11.254,419206,0
BPMP.US,D,20190916,000000,11.504,11.544,11.2,11.246,405743,0
BPMP.US,D,20190917,000000,11.246,11.67,11.13,11.599,327090,0
BPMP.US,D,20190918,000000,11.599,11.873,11.599,11.756,195060,0
BPMP.US,D,20190919,000000,11.818,11.991,11.796,11.944,171064,0
BPMP.US,D,20190920,000000,12,12.304,11.834,11.896,549397,0
BPMP.US,D,20190923,000000,11.896,11.974,11.639,11.912,191496,0
BPMP.US,D,20190924,000000,11.951,11.951,11.653,11.661,261645,0
BPMP.US,D,20190925,000000,11.647,11.647,11.356,11.458,245855,0
BPMP.US,D,20190926,000000,11.497,11.586,11.379,11.435,161141,0
BPMP.US,D,20190927,000000,11.394,11.497,11.325,11.435,155881,0
BPMP.US,D,20190930,000000,11.426,11.52,11.308,11.435,292985,0
BPMP.US,D,20191001,000000,11.426,11.49,11.303,11.303,233958,0
BPMP.US,D,20191002,000000,11.308,11.473,11.162,11.458,266969,0
BPMP.US,D,20191003,000000,11.426,11.551,11.271,11.347,149403,0
BPMP.US,D,20191004,000000,11.373,11.497,11.356,11.387,69641,0
BPMP.US,D,20191007,000000,11.394,11.49,11.24,11.276,278475,0
BPMP.US,D,20191008,000000,11.175,11.67,11.175,11.599,300313,0
BPMP.US,D,20191009,000000,11.678,11.718,11.254,11.364,138068,0
BPMP.US,D,20191010,000000,11.418,11.59,11.325,11.466,321526,0
BPMP.US,D,20191011,000000,11.49,11.614,11.379,11.481,171112,0
BPMP.US,D,20191014,000000,11.481,11.614,11.316,11.342,123385,0
BPMP.US,D,20191015,000000,11.325,11.513,11.316,11.394,112401,0
BPMP.US,D,20191016,000000,11.413,11.44,11.24,11.276,171690,0
BPMP.US,D,20191017,000000,11.316,11.404,11.184,11.191,303410,0
BPMP.US,D,20191018,000000,11.231,11.504,11.231,11.356,269008,0
BPMP.US,D,20191021,000000,11.387,11.52,11.364,11.449,106172,0
BPMP.US,D,20191022,000000,11.473,11.579,11.379,11.49,144548,0
BPMP.US,D,20191023,000000,11.544,11.559,11.303,11.364,197735,0
BPMP.US,D,20191024,000000,11.379,11.559,11.246,11.513,278113,0
BPMP.US,D,20191025,000000,11.513,11.67,11.435,11.653,135938,0
BPMP.US,D,20191028,000000,11.709,11.818,11.599,11.756,246407,0
BPMP.US,D,20191029,000000,11.827,12.038,11.693,11.74,315048,0
BPMP.US,D,20191030,000000,11.851,12.028,11.532,12.012,480369,0
BPMP.US,D,20191031,000000,11.997,11.997,11.717,11.82,492118,0
BPMP.US,D,20191101,000000,11.811,11.9,11.708,11.747,80159,0
BPMP.US,D,20191104,000000,11.836,11.924,11.764,11.788,290246,0
BPMP.US,D,20191105,000000,11.86,11.86,11.516,11.611,269901,0
BPMP.US,D,20191106,000000,11.605,11.698,11.404,11.619,183020,0
BPMP.US,D,20191107,000000,11.659,11.692,11.46,11.564,198770,0
BPMP.US,D,20191108,000000,11.499,11.676,11.472,11.547,197860,0
BPMP.US,D,20191111,000000,11.507,11.611,11.413,11.426,906320,0
BPMP.US,D,20191112,000000,11.82,11.82,11.306,11.547,726214,0
BPMP.US,D,20191113,000000,11.419,12.661,11.419,11.94,668343,0
BPMP.US,D,20191114,000000,11.94,12.019,11.627,12.019,465665,0
BPMP.US,D,20191115,000000,12.019,12.292,11.988,12.236,419223,0
BPMP.US,D,20191118,000000,12.229,12.277,11.956,12.028,229480,0
BPMP.US,D,20191119,000000,12.019,12.1,11.86,11.924,255841,0
BPMP.US,D,20191120,000000,11.916,12.038,11.848,11.916,302779,0
BPMP.US,D,20191121,000000,11.9,12.181,11.892,12.109,244166,0
BPMP.US,D,20191122,000000,12.124,12.213,11.973,12.124,185456,0
BPMP.US,D,20191125,000000,12.141,12.566,12.069,12.455,288052,0
BPMP.US,D,20191126,000000,12.355,12.605,12.229,12.244,369765,0
BPMP.US,D,20191127,000000,12.252,12.324,11.86,11.869,456046,0
BPMP.US,D,20191129,000000,11.869,11.932,11.676,11.698,164001,0
BPMP.US,D,20191202,000000,11.788,11.828,11.419,11.444,531610,0
BPMP.US,D,20191203,000000,11.451,11.973,11.426,11.788,420274,0
BPMP.US,D,20191204,000000,11.876,11.884,11.724,11.828,346215,0
BPMP.US,D,20191205,000000,11.908,11.94,11.619,11.627,224722,0
BPMP.US,D,20191206,000000,11.627,11.811,11.574,11.78,232469,0
BPMP.US,D,20191209,000000,11.788,12.236,11.717,12.229,345959,0
BPMP.US,D,20191210,000000,12.204,12.213,11.499,11.676,862548,0
BPMP.US,D,20191211,000000,11.724,11.836,11.596,11.747,395159,0
BPMP.US,D,20191212,000000,11.676,11.916,11.587,11.636,456640,0
BPMP.US,D,20191213,000000,11.659,11.82,11.524,11.82,348812,0
BPMP.US,D,20191216,000000,11.74,11.932,11.562,11.876,434500,0
BPMP.US,D,20191217,000000,11.869,12.045,11.788,11.82,314992,0
BPMP.US,D,20191218,000000,11.804,12.213,11.731,12.197,478630,0
BPMP.US,D,20191219,000000,12.181,12.396,12.1,12.292,342099,0
BPMP.US,D,20191220,000000,12.261,12.39,12.109,12.22,365792,0
BPMP.US,D,20191223,000000,12.261,12.431,12.236,12.404,278823,0
BPMP.US,D,20191224,000000,12.422,12.517,12.301,12.493,61979,0
BPMP.US,D,20191226,000000,12.486,12.749,12.435,12.742,148776,0
BPMP.US,D,20191227,000000,12.829,12.829,12.461,12.574,179779,0
BPMP.US,D,20191230,000000,12.581,12.709,12.525,12.629,215193,0
BPMP.US,D,20191231,000000,12.623,12.669,12.445,12.509,211240,0
BPMP.US,D,20200102,000000,12.623,12.79,12.435,12.765,231521,0
BPMP.US,D,20200103,000000,12.758,13.022,12.686,12.997,245683,0
BPMP.US,D,20200106,000000,12.997,13.079,12.918,12.982,351980,0
BPMP.US,D,20200107,000000,12.982,13.254,12.894,13.191,270222,0
BPMP.US,D,20200108,000000,13.191,13.303,13.079,13.182,456754,0
BPMP.US,D,20200109,000000,13.173,13.279,12.941,13.141,647475,0
BPMP.US,D,20200110,000000,13.15,13.318,13.079,13.223,428766,0
BPMP.US,D,20200113,000000,13.223,13.423,13.173,13.36,379463,0
BPMP.US,D,20200114,000000,13.36,13.623,13.254,13.503,410001,0
BPMP.US,D,20200115,000000,13.503,13.687,13.36,13.374,261470,0
BPMP.US,D,20200116,000000,13.415,13.607,13.351,13.566,221101,0
BPMP.US,D,20200117,000000,13.503,13.623,13.471,13.519,158473,0
BPMP.US,D,20200121,000000,13.399,13.415,13.101,13.119,329588,0
BPMP.US,D,20200122,000000,13.128,13.128,12.749,12.79,276728,0
BPMP.US,D,20200123,000000,12.742,12.791,12.422,12.445,412243,0
BPMP.US,D,20200124,000000,12.461,12.542,12.22,12.252,375552,0
BPMP.US,D,20200127,000000,12.164,12.623,12.028,12.1,390183,0
BPMP.US,D,20200128,000000,12.157,12.314,12.06,12.22,442791,0
BPMP.US,D,20200129,000000,12.095,12.247,12.014,12.095,487577,0
BPMP.US,D,20200130,000000,12.021,12.103,11.923,11.998,338883,0
BPMP.US,D,20200131,000000,11.915,12.072,11.783,11.834,411685,0
BPMP.US,D,20200203,000000,11.874,11.94,11.711,11.8,315615,0
BPMP.US,D,20200204,000000,11.842,12.014,11.734,11.867,281231,0
BPMP.US,D,20200205,000000,11.94,12.047,11.816,11.956,369395,0
BPMP.US,D,20200206,000000,11.908,11.908,11.734,11.8,217565,0
BPMP.US,D,20200207,000000,11.751,11.793,11.646,11.67,228379,0
BPMP.US,D,20200210,000000,11.646,11.67,11.441,11.447,310379,0
BPMP.US,D,20200211,000000,11.48,11.701,11.456,11.522,305645,0
BPMP.US,D,20200212,000000,11.554,11.755,11.456,11.711,467503,0
BPMP.US,D,20200213,000000,11.711,11.848,11.522,11.646,286489,0
BPMP.US,D,20200214,000000,11.682,11.707,11.53,11.628,206541,0
BPMP.US,D,20200218,000000,11.686,11.742,11.605,11.67,462130,0
BPMP.US,D,20200219,000000,11.76,11.853,11.605,11.605,406506,0
BPMP.US,D,20200220,000000,11.693,11.848,11.673,11.816,289204,0
BPMP.US,D,20200221,000000,11.816,11.816,11.495,11.637,306259,0
BPMP.US,D,20200224,000000,11.49,11.605,11.333,11.504,348423,0
BPMP.US,D,20200225,000000,11.49,11.575,11.152,11.152,537401,0
BPMP.US,D,20200226,000000,11.152,11.3,10.382,10.382,830268,0
BPMP.US,D,20200227,000000,10.399,10.816,10.055,10.456,885725,0
BPMP.US,D,20200228,000000,10.218,10.922,9.981,10.922,809475,0
BPMP.US,D,20200302,000000,10.981,11.063,10.513,10.711,585698,0
BPMP.US,D,20200303,000000,10.718,10.775,10.266,10.555,397935,0
BPMP.US,D,20200304,000000,10.702,10.718,10.184,10.324,438160,0
BPMP.US,D,20200305,000000,10.324,10.324,10.088,10.208,278288,0
BPMP.US,D,20200306,000000,10.069,10.069,8.9549,8.9549,708114,0
BPMP.US,D,20200309,000000,8.1021,8.1595,6.6835,6.6835,732710,0
BPMP.US,D,20200310,000000,7.2656,7.8233,6.585,7.6593,1201203,0
BPMP.US,D,20200311,000000,7.3886,7.5362,7.1016,7.323,1258741,0
BPMP.US,D,20200312,000000,6.6424,6.9376,6.4456,6.5522,790263,0
BPMP.US,D,20200313,000000,6.9787,7.8643,6.544,7.6182,463368,0
BPMP.US,D,20200316,000000,6.7899,7.3313,6.5604,6.7735,765301,0
BPMP.US,D,20200317,000000,6.7981,6.9294,6.0847,6.4701,761351,0
BPMP.US,D,20200318,000000,6.0929,6.1421,5.2565,5.6501,2283788,0
BPMP.US,D,20200319,000000,6.0026,6.667,5.3386,6.1093,3003369,0
BPMP.US,D,20200320,000000,6.2571,7.7905,6.2488,6.8146,1531077,0
BPMP.US,D,20200323,000000,6.9049,7.2081,5.6582,6.4537,1113798,0
BPMP.US,D,20200324,000000,6.8063,6.9458,6.4291,6.6424,838141,0
BPMP.US,D,20200325,000000,6.6835,7.446,6.5604,7.3148,691013,0
BPMP.US,D,20200326,000000,7.3148,7.5853,7.0524,7.3968,472991,0
BPMP.US,D,20200327,000000,7.2081,7.2081,6.7817,7.036,640189,0
BPMP.US,D,20200330,000000,7.0852,7.1673,6.5357,6.7654,977301,0
BPMP.US,D,20200331,000000,6.8392,7.7084,6.7326,7.6347,1541425,0
BPMP.US,D,20200401,000000,7.4871,7.528,7.0442,7.3476,472256,0
BPMP.US,D,20200402,000000,7.4707,8.1021,7.396,7.8068,589898,0
BPMP.US,D,20200403,000000,7.8971,7.9494,6.8554,7.2492,380858,0
BPMP.US,D,20200406,000000,7.323,7.6099,7.0606,7.3803,209650,0
BPMP.US,D,20200407,000000,7.6593,7.8585,7.1016,7.5444,383015,0
BPMP.US,D,20200408,000000,7.4788,7.7945,7.0935,7.5033,502225,0
BPMP.US,D,20200409,000000,7.651,8.0861,7.5198,7.6674,477280,0
BPMP.US,D,20200413,000000,8.0201,8.3105,7.6756,7.9133,335005,0
BPMP.US,D,20200414,000000,8.0118,8.2992,7.8068,8.1755,434191,0
BPMP.US,D,20200415,000000,8.0035,8.0201,7.5853,7.6921,1420297,0
BPMP.US,D,20200416,000000,7.8315,8.7666,7.8315,8.3969,647205,0
BPMP.US,D,20200417,000000,8.7249,9.0198,8.422,9.0133,1048376,0
BPMP.US,D,20200420,000000,8.9466,9.0945,8.5614,8.9058,612095,0
BPMP.US,D,20200421,000000,8.7738,8.9141,8.463,8.6844,472050,0
BPMP.US,D,20200422,000000,8.8974,9.0859,8.6509,8.9058,335780,0
BPMP.US,D,20200423,000000,9.1439,9.3309,8.9382,9.3163,424777,0
BPMP.US,D,20200424,000000,9.3894,9.528,9.0374,9.3816,809330,0
BPMP.US,D,20200427,000000,9.4226,9.627,8.8974,9.602,730463,0
BPMP.US,D,20200428,000000,9.701,10.065,9.644,9.807,668702,0
BPMP.US,D,20200429,000000,10.093,10.539,9.743,10.464,692917,0
BPMP.US,D,20200430,000000,10.254,10.735,9.552,9.661,809349,0
BPMP.US,D,20200501,000000,9.543,9.679,9.143,9.29,317078,0
BPMP.US,D,20200504,000000,9.1811,10.009,8.9948,9.881,576702,0
BPMP.US,D,20200505,000000,10.161,10.236,9.4177,9.519,259907,0
BPMP.US,D,20200506,000000,9.519,9.633,9.2057,9.4079,199967,0
BPMP.US,D,20200507,000000,9.501,9.543,9.0281,9.1811,255488,0
BPMP.US,D,20200508,000000,9.2656,10.033,9.2143,10.009,440797,0
BPMP.US,D,20200511,000000,10.152,10.152,9.4762,9.586,281998,0
BPMP.US,D,20200512,000000,9.755,10.026,9.586,9.646,187707,0
BPMP.US,D,20200513,000000,9.637,9.637,9.1553,9.3572,172210,0
BPMP.US,D,20200514,000000,9.3241,9.4928,8.9614,9.2401,381448,0
BPMP.US,D,20200515,000000,9.1477,9.738,9.1477,9.729,258634,0
BPMP.US,D,20200518,000000,10.042,10.22,9.872,9.932,250800,0
BPMP.US,D,20200519,000000,10.026,10.549,9.872,10.296,257538,0
BPMP.US,D,20200520,000000,10.355,10.827,10.185,10.261,481778,0
BPMP.US,D,20200521,000000,10.195,10.524,10.093,10.21,215344,0
BPMP.US,D,20200522,000000,10.168,10.499,10.093,10.439,150377,0
BPMP.US,D,20200526,000000,10.863,10.863,10.405,10.752,202081,0
BPMP.US,D,20200527,000000,10.853,10.853,10.506,10.675,297552,0
BPMP.US,D,20200528,000000,10.692,10.895,10.367,10.843,462877,0
BPMP.US,D,20200529,000000,10.843,10.843,10.093,10.566,588532,0
BPMP.US,D,20200601,000000,10.533,10.954,10.439,10.777,205306,0
BPMP.US,D,20200602,000000,10.929,11.148,10.777,10.802,352108,0
BPMP.US,D,20200603,000000,11.005,11.123,10.802,11.005,170228,0
BPMP.US,D,20200604,000000,10.912,11.174,10.878,11.038,269940,0
BPMP.US,D,20200605,000000,11.377,11.502,10.954,11.148,406087,0
BPMP.US,D,20200608,000000,11.343,11.402,10.839,10.946,500006,0
BPMP.US,D,20200609,000000,10.87,10.988,10.254,10.346,343124,0
BPMP.US,D,20200610,000000,10.296,10.499,10.093,10.321,198187,0
BPMP.US,D,20200611,000000,9.925,10,9.4177,9.637,359724,0
BPMP.US,D,20200612,000000,10.051,10.33,9.536,9.722,236224,0
BPMP.US,D,20200615,000000,9.501,10.279,9.3748,10.101,235815,0
BPMP.US,D,20200616,000000,10.473,10.473,10.009,10.017,344359,0
BPMP.US,D,20200617,000000,10.026,10.33,9.844,10.093,281085,0
BPMP.US,D,20200618,000000,10.017,10.371,10.017,10.363,201571,0
BPMP.US,D,20200619,000000,10.558,10.608,10.185,10.195,242748,0
BPMP.US,D,20200622,000000,10.101,10.152,9.949,10.042,90791,0
BPMP.US,D,20200623,000000,10.076,10.254,9.899,10.109,561019,0
BPMP.US,D,20200624,000000,10.033,10.085,9.738,9.907,350878,0
BPMP.US,D,20200625,000000,9.848,10.109,9.637,9.747,175000,0
BPMP.US,D,20200626,000000,9.637,9.717,9.3914,9.536,340373,0
BPMP.US,D,20200629,000000,9.646,9.848,9.443,9.696,116460,0
BPMP.US,D,20200630,000000,9.722,9.722,9.4079,9.687,264476,0
BPMP.US,D,20200701,000000,9.722,9.881,9.637,9.856,67040,0
BPMP.US,D,20200702,000000,10.026,10.026,9.586,9.661,79789,0
BPMP.US,D,20200706,000000,9.831,9.907,9.2315,9.2656,218747,0
BPMP.US,D,20200707,000000,9.3504,9.627,9.2057,9.4079,172078,0
BPMP.US,D,20200708,000000,9.3836,9.4333,8.9363,9.1221,334670,0
BPMP.US,D,20200709,000000,9.0717,9.1705,8.7675,8.7999,342247,0
BPMP.US,D,20200710,000000,8.8177,8.9447,8.615,8.851,170004,0
BPMP.US,D,20200713,000000,8.9271,8.9614,8.3785,8.6908,279148,0
BPMP.US,D,20200714,000000,8.6655,8.9521,8.632,8.851,124483,0
BPMP.US,D,20200715,000000,9.0281,9.51,8.8844,9.4928,192658,0
BPMP.US,D,20200716,000000,9.4333,9.627,9.3163,9.536,112110,0
BPMP.US,D,20200717,000000,9.536,9.641,9.1553,9.2057,173812,0
BPMP.US,D,20200720,000000,9.2315,9.3923,9.1087,9.1981,160873,0
BPMP.US,D,20200721,000000,9.2822,9.623,9.2656,9.536,177671,0
BPMP.US,D,20200722,000000,9.552,9.621,9.3572,9.4255,135533,0
BPMP.US,D,20200723,000000,9.3914,9.4928,9.2143,9.3241,144346,0
BPMP.US,D,20200724,000000,9.2987,9.3621,9.1297,9.1887,153155,0
BPMP.US,D,20200727,000000,9.1887,9.4762,9.1221,9.4177,197005,0
BPMP.US,D,20200728,000000,9.4508,9.671,9.4079,9.57,294879,0
BPMP.US,D,20200729,000000,9.715,9.715,9.4362,9.672,140950,0
BPMP.US,D,20200730,000000,9.4977,9.584,9.288,9.558,113970,0
BPMP.US,D,20200731,000000,9.4265,9.576,9.2968,9.4977,107419,0
BPMP.US,D,20200803,000000,9.523,9.715,9.1573,9.2619,184727,0
BPMP.US,D,20200804,000000,9.2792,9.3631,8.8873,9.1401,225967,0
BPMP.US,D,20200805,000000,9.2095,9.4977,9.1925,9.2619,108358,0
BPMP.US,D,20200806,000000,9.3748,9.993,9.3056,9.959,332465,0
BPMP.US,D,20200807,000000,9.829,9.846,9.532,9.627,104626,0
BPMP.US,D,20200810,000000,9.654,10.151,9.654,10.132,144513,0
BPMP.US,D,20200811,000000,10.282,10.325,10.082,10.167,188149,0
BPMP.US,D,20200812,000000,10.263,10.43,10.204,10.29,227087,0
BPMP.US,D,20200813,000000,10.395,10.5,10.056,10.09,324915,0
BPMP.US,D,20200814,000000,10.082,10.29,10.028,10.195,120478,0
BPMP.US,D,20200817,000000,10.195,10.195,9.933,9.985,76952,0
BPMP.US,D,20200818,000000,10.082,10.204,9.863,9.959,148500,0
BPMP.US,D,20200819,000000,9.942,10.43,9.915,10.386,185739,0
BPMP.US,D,20200820,000000,10.352,10.621,10.22,10.246,300010,0
BPMP.US,D,20200821,000000,10.256,10.256,9.672,10.09,197435,0
BPMP.US,D,20200824,000000,10.273,10.273,9.689,9.793,356733,0
BPMP.US,D,20200825,000000,9.767,9.843,9.3231,9.689,612135,0
BPMP.US,D,20200826,000000,9.584,9.732,9.3153,9.4362,387946,0
BPMP.US,D,20200827,000000,9.68,9.948,9.4801,9.767,429854,0
BPMP.US,D,20200828,000000,9.732,10.298,9.724,10.195,328621,0
BPMP.US,D,20200831,000000,10.282,10.621,10.063,10.273,1147351,0
BPMP.US,D,20200901,000000,10.273,10.377,10.047,10.204,354437,0
BPMP.US,D,20200902,000000,10.195,10.308,9.863,10.011,552913,0
BPMP.US,D,20200903,000000,9.933,9.977,9.4879,9.576,392944,0
BPMP.US,D,20200904,000000,9.627,9.758,9.3309,9.532,196032,0
BPMP.US,D,20200908,000000,9.3153,9.55,9.0527,9.523,304160,0
BPMP.US,D,20200909,000000,9.4977,9.698,9.4196,9.541,317954,0
BPMP.US,D,20200910,000000,9.515,9.802,9.4713,9.611,140055,0
BPMP.US,D,20200911,000000,9.602,9.777,9.288,9.4538,173150,0
BPMP.US,D,20200914,000000,9.505,9.505,9.3231,9.3748,110507,0
BPMP.US,D,20200915,000000,9.445,9.4538,9.201,9.201,170827,0
BPMP.US,D,20200916,000000,9.2792,9.584,9.2447,9.4196,78656,0
BPMP.US,D,20200917,000000,9.4011,9.637,9.2362,9.4011,227442,0
BPMP.US,D,20200918,000000,9.4196,9.4196,8.9355,8.966,265271,0
BPMP.US,D,20200921,000000,8.9308,8.9308,8.2165,8.7566,306827,0
BPMP.US,D,20200922,000000,8.8353,8.9141,8.6781,8.8353,217588,0
BPMP.US,D,20200923,000000,8.9568,9.0309,8.5997,8.5997,260281,0
BPMP.US,D,20200924,000000,8.6086,8.6872,8.2338,8.2862,501627,0
BPMP.US,D,20200925,000000,8.1816,8.3736,8.1032,8.2774,521731,0
BPMP.US,D,20200928,000000,8.3035,8.4953,8.1206,8.4255,256769,0
BPMP.US,D,20200929,000000,8.3471,8.8789,8.3253,8.7395,236236,0
BPMP.US,D,20200930,000000,8.7918,8.94,8.6349,8.6349,323319,0
BPMP.US,D,20201001,000000,8.6349,8.7999,8.3559,8.6258,196372,0
BPMP.US,D,20201002,000000,8.4778,8.5997,8.3819,8.5733,206590,0
BPMP.US,D,20201005,000000,8.6952,8.8705,8.5127,8.7918,126659,0
BPMP.US,D,20201006,000000,8.8873,8.8873,8.3297,8.4255,185563,0
BPMP.US,D,20201007,000000,8.5214,8.5825,8.321,8.3733,152903,0
BPMP.US,D,20201008,000000,8.4169,8.6854,8.3645,8.6086,220882,0
BPMP.US,D,20201009,000000,8.7044,8.9308,8.5915,8.7656,313754,0
BPMP.US,D,20201012,000000,8.7132,8.8446,8.6429,8.661,101378,0
BPMP.US,D,20201013,000000,8.6258,8.7656,8.5388,8.6781,201041,0
BPMP.US,D,20201014,000000,8.6258,9.0612,8.6258,8.7918,265336,0
BPMP.US,D,20201015,000000,8.8177,9.0612,8.7305,8.992,286165,0
BPMP.US,D,20201016,000000,8.966,9.1487,8.7132,8.7132,487650,0
BPMP.US,D,20201019,000000,8.8705,9.1401,8.5825,8.5915,286373,0
BPMP.US,D,20201020,000000,8.661,8.7918,8.4604,8.565,224131,0
BPMP.US,D,20201021,000000,8.4953,8.6519,8.4604,8.4604,139879,0
BPMP.US,D,20201022,000000,8.4953,8.826,8.4953,8.7132,223125,0
BPMP.US,D,20201023,000000,8.7999,8.9308,8.6691,8.7477,125985,0
BPMP.US,D,20201026,000000,8.7132,8.8613,8.5388,8.7477,215156,0
BPMP.US,D,20201027,000000,8.7738,8.8177,8.6086,8.7566,267317,0
BPMP.US,D,20201028,000000,8.5374,8.7449,8.4381,8.5915,340849,0
BPMP.US,D,20201029,000000,8.5374,8.8446,8.5137,8.754,227937,0
BPMP.US,D,20201030,000000,8.6637,8.763,8.5555,8.754,262501,0
BPMP.US,D,20201102,000000,8.754,8.8529,8.5733,8.6818,215187,0
BPMP.US,D,20201103,000000,8.7901,8.916,8.6781,8.799,147358,0
BPMP.US,D,20201104,000000,8.799,9.0697,8.754,8.826,213866,0
BPMP.US,D,20201105,000000,8.8353,8.9521,8.6186,8.8081,255220,0
BPMP.US,D,20201106,000000,8.8984,8.9437,8.587,8.6096,282715,0
BPMP.US,D,20201109,000000,9.0244,9.598,8.8399,9.4664,554580,0
BPMP.US,D,20201110,000000,9.584,9.8,9.2685,9.548,211965,0
BPMP.US,D,20201111,000000,9.638,9.767,9.4216,9.584,211320,0
BPMP.US,D,20201112,000000,9.566,9.72,9.3865,9.485,152692,0
BPMP.US,D,20201113,000000,9.485,9.872,9.3504,9.638,236474,0
BPMP.US,D,20201116,000000,9.836,10.071,9.8,9.918,362790,0
BPMP.US,D,20201117,000000,9.909,9.994,9.774,9.9,360352,0
BPMP.US,D,20201118,000000,10.054,10.225,9.836,9.936,494578,0
BPMP.US,D,20201119,000000,9.927,10.018,9.774,9.872,641347,0
BPMP.US,D,20201120,000000,9.855,9.963,9.764,9.846,329128,0
BPMP.US,D,20201123,000000,9.999,10.279,9.999,10.17,275790,0
BPMP.US,D,20201124,000000,10.361,10.417,10.189,10.324,407687,0
BPMP.US,D,20201125,000000,10.324,10.378,10.127,10.288,435067,0
BPMP.US,D,20201127,000000,10.414,10.424,10.252,10.288,237876,0
BPMP.US,D,20201130,000000,10.279,10.389,10.143,10.234,448086,0
BPMP.US,D,20201201,000000,10.352,10.352,10.045,10.117,345908,0
BPMP.US,D,20201202,000000,10.143,10.324,10.107,10.189,325497,0
BPMP.US,D,20201203,000000,10.189,10.441,10.127,10.388,218863,0
BPMP.US,D,20201204,000000,10.468,10.713,10.388,10.55,556716,0
BPMP.US,D,20201207,000000,10.559,10.586,10.071,10.09,396242,0
BPMP.US,D,20201208,000000,10.09,10.242,9.846,9.882,699980,0
BPMP.US,D,20201209,000000,9.927,10.018,9.4128,9.701,1236818,0
BPMP.US,D,20201210,000000,9.747,10.018,9.747,9.918,375708,0
BPMP.US,D,20201211,000000,9.909,9.972,9.792,9.918,305392,0
BPMP.US,D,20201214,000000,10.117,10.117,9.3582,9.629,780125,0
BPMP.US,D,20201215,000000,9.692,9.747,9.485,9.612,489857,0
BPMP.US,D,20201216,000000,9.566,9.754,9.4586,9.675,449442,0
BPMP.US,D,20201217,000000,9.675,9.764,9.548,9.665,222785,0
BPMP.US,D,20201218,000000,9.747,9.954,9.648,9.792,512280,0
BPMP.US,D,20201221,000000,9.836,9.882,9.485,9.648,318050,0
BPMP.US,D,20201222,000000,9.629,9.701,9.4762,9.629,213763,0
BPMP.US,D,20201223,000000,9.612,9.737,9.4762,9.548,200723,0
BPMP.US,D,20201224,000000,9.648,9.756,9.522,9.575,108228,0
BPMP.US,D,20201228,000000,9.621,9.657,9.3865,9.4664,300537,0
BPMP.US,D,20201229,000000,9.4762,9.602,9.4128,9.485,546338,0
BPMP.US,D,20201230,000000,9.557,9.618,9.404,9.485,216872,0
BPMP.US,D,20201231,000000,9.3143,9.593,9.2505,9.566,250628,0
BPMP.US,D,20210104,000000,9.665,9.9,9.512,9.522,298850,0
BPMP.US,D,20210105,000000,9.53,9.999,9.53,9.828,363447,0
BPMP.US,D,20210106,000000,10.127,10.86,9.9,10.568,1318333,0
BPMP.US,D,20210107,000000,10.632,10.938,10.586,10.811,552949,0
BPMP.US,D,20210108,000000,10.893,10.965,10.532,10.883,587285,0
BPMP.US,D,20210111,000000,10.821,11.249,10.722,11.073,448300,0
BPMP.US,D,20210112,000000,11.101,11.659,11.101,11.633,791204,0
BPMP.US,D,20210113,000000,11.687,11.841,11.525,11.597,469611,0
BPMP.US,D,20210114,000000,11.687,11.813,11.534,11.76,602813,0
BPMP.US,D,20210115,000000,11.705,11.777,11.362,11.687,502276,0
BPMP.US,D,20210119,000000,11.732,11.805,11.404,11.633,610074,0
BPMP.US,D,20210120,000000,11.607,11.607,11.218,11.236,645179,0
BPMP.US,D,20210121,000000,11.362,11.38,10.874,11.01,402277,0
BPMP.US,D,20210122,000000,11.01,11.308,10.857,11.299,532297,0
BPMP.US,D,20210125,000000,11.352,11.633,11.173,11.623,681743,0
BPMP.US,D,20210126,000000,11.732,11.841,11.542,11.695,1337450,0
BPMP.US,D,20210127,000000,11.591,11.702,11.109,11.192,682704,0
BPMP.US,D,20210128,000000,11.128,11.248,10.757,10.97,888428,0
BPMP.US,D,20210129,000000,10.943,11.211,10.674,10.812,421340,0
BPMP.US,D,20210201,000000,10.906,10.907,10.376,10.525,645921,0
BPMP.US,D,20210202,000000,10.617,11.017,10.548,10.72,306558,0
BPMP.US,D,20210203,000000,10.701,11.007,10.691,10.794,260842,0
BPMP.US,D,20210204,000000,10.748,10.97,10.711,10.943,346362,0
BPMP.US,D,20210205,000000,10.96,11.044,10.812,10.988,237584,0
BPMP.US,D,20210208,000000,10.988,11.056,10.896,10.997,257627,0
BPMP.US,D,20210209,000000,11.017,11.155,10.914,11.155,265693,0
BPMP.US,D,20210210,000000,11.202,11.239,10.988,11.183,182382,0
BPMP.US,D,20210211,000000,11.239,11.341,11.044,11.229,238975,0
BPMP.US,D,20210212,000000,11.239,11.453,11.202,11.424,268292,0
BPMP.US,D,20210216,000000,11.507,11.73,11.443,11.655,512002,0
BPMP.US,D,20210217,000000,11.693,11.786,11.443,11.648,227913,0
BPMP.US,D,20210218,000000,11.564,11.685,11.044,11.165,346015,0
BPMP.US,D,20210219,000000,11.387,11.507,11.241,11.35,389715,0
BPMP.US,D,20210222,000000,11.433,11.702,10.988,11.063,660361,0
BPMP.US,D,20210223,000000,11.258,11.416,10.913,11.258,374081,0
BPMP.US,D,20210224,000000,11.313,11.722,11.1,11.128,859366,0
BPMP.US,D,20210225,000000,11.48,11.601,10.877,10.906,814162,0
BPMP.US,D,20210226,000000,10.951,11.034,10.209,10.58,1401123,0
BPMP.US,D,20210301,000000,10.674,10.988,10.674,10.849,663339,0
BPMP.US,D,20210302,000000,10.914,10.988,10.664,10.738,1459781,0
BPMP.US,D,20210303,000000,10.775,11.387,10.775,11.192,672773,0
BPMP.US,D,20210304,000000,11.202,11.554,11.118,11.174,548401,0
BPMP.US,D,20210305,000000,11.453,11.461,11.044,11.369,478638,0
BPMP.US,D,20210308,000000,11.517,11.517,11.221,11.453,433743,0
BPMP.US,D,20210309,000000,11.369,11.618,11.229,11.527,368374,0
BPMP.US,D,20210310,000000,11.499,11.87,11.453,11.833,347980,0
BPMP.US,D,20210311,000000,11.962,12.041,11.823,11.897,456533,0
BPMP.US,D,20210312,000000,11.776,12.055,11.776,11.953,286258,0
BPMP.US,D,20210315,000000,12.055,12.055,11.786,11.907,326908,0
BPMP.US,D,20210316,000000,11.86,11.925,11.749,11.86,331849,0
BPMP.US,D,20210317,000000,11.87,11.99,11.749,11.87,330531,0
BPMP.US,D,20210318,000000,11.85,11.87,11.378,11.433,448849,0
BPMP.US,D,20210319,000000,11.453,11.702,11.453,11.601,278978,0
BPMP.US,D,20210322,000000,11.776,11.823,11.544,11.655,370764,0
BPMP.US,D,20210323,000000,11.591,11.618,11.387,11.433,267183,0
BPMP.US,D,20210324,000000,11.433,11.655,11.433,11.591,382500,0
BPMP.US,D,20210325,000000,11.618,11.638,11.332,11.527,268576,0
BPMP.US,D,20210326,000000,11.591,11.759,11.517,11.685,396773,0
BPMP.US,D,20210329,000000,11.749,11.759,11.527,11.591,279426,0
BPMP.US,D,20210330,000000,11.554,11.618,11.461,11.601,179666,0
BPMP.US,D,20210331,000000,11.581,11.776,11.573,11.739,648751,0
BPMP.US,D,20210401,000000,11.722,11.805,11.638,11.776,296527,0
BPMP.US,D,20210405,000000,11.879,11.879,11.693,11.85,464023,0
BPMP.US,D,20210406,000000,11.916,11.962,11.805,11.842,308484,0
BPMP.US,D,20210407,000000,11.887,11.907,11.759,11.85,168815,0
BPMP.US,D,20210408,000000,11.85,11.879,11.776,11.87,229903,0
BPMP.US,D,20210409,000000,11.887,12.018,11.767,11.87,654630,0
BPMP.US,D,20210412,000000,11.944,11.953,11.85,11.87,233367,0
BPMP.US,D,20210413,000000,11.944,11.944,11.833,11.86,230728,0
BPMP.US,D,20210414,000000,11.823,11.981,11.823,11.879,315793,0
BPMP.US,D,20210415,000000,11.87,11.916,11.833,11.87,318263,0
BPMP.US,D,20210416,000000,11.962,11.962,11.823,11.86,391960,0
BPMP.US,D,20210419,000000,11.953,12.027,11.887,11.907,315772,0
BPMP.US,D,20210420,000000,12,12,11.823,11.842,318451,0
BPMP.US,D,20210421,000000,11.833,12.013,11.805,11.962,219648,0
BPMP.US,D,20210422,000000,12,12.157,11.916,12.018,514014,0
BPMP.US,D,20210423,000000,12.055,12.259,12.037,12.212,659320,0
BPMP.US,D,20210426,000000,12.286,12.612,12.269,12.528,1214612,0
BPMP.US,D,20210427,000000,12.843,12.87,12.658,12.853,1176558,0
BPMP.US,D,20210428,000000,12.935,13.04,12.612,12.744,764733,0
BPMP.US,D,20210429,000000,12.821,12.926,12.508,12.66,409129,0
BPMP.US,D,20210430,000000,12.64,12.759,12.412,12.422,348218,0
BPMP.US,D,20210503,000000,12.508,12.716,12.422,12.574,296596,0
BPMP.US,D,20210504,000000,12.65,12.666,12.478,12.602,306225,0
BPMP.US,D,20210505,000000,12.736,12.792,12.622,12.754,352318,0
BPMP.US,D,20210506,000000,12.602,12.949,12.602,12.888,521533,0
BPMP.US,D,20210507,000000,12.888,13.116,12.84,13.02,404919,0
BPMP.US,D,20210510,000000,13.316,13.354,13.078,13.268,536753,0
BPMP.US,D,20210511,000000,13.126,13.202,12.916,13.068,281640,0
BPMP.US,D,20210512,000000,13.088,13.344,12.974,13.03,258858,0
BPMP.US,D,20210513,000000,13.012,13.23,12.85,13.058,317604,0
BPMP.US,D,20210514,000000,13.172,13.316,13.126,13.258,357938,0
BPMP.US,D,20210517,000000,13.164,13.316,13.059,13.249,289675,0
BPMP.US,D,20210518,000000,13.372,13.372,13.144,13.249,277543,0
BPMP.US,D,20210519,000000,13.078,13.116,12.935,13.02,214187,0
BPMP.US,D,20210520,000000,13.03,13.192,12.944,13.172,276914,0
BPMP.US,D,20210521,000000,13.258,13.486,13.24,13.354,255850,0
BPMP.US,D,20210524,000000,13.41,13.62,13.363,13.592,525888,0
BPMP.US,D,20210525,000000,13.601,13.62,13.334,13.372,357894,0
BPMP.US,D,20210526,000000,13.458,13.524,13.382,13.496,270260,0
BPMP.US,D,20210527,000000,13.592,13.734,13.544,13.582,565583,0
BPMP.US,D,20210528,000000,13.639,13.686,13.344,13.448,737052,0
BPMP.US,D,20210601,000000,13.554,13.639,13.42,13.62,296734,0
BPMP.US,D,20210602,000000,13.63,13.658,13.468,13.524,377149,0
BPMP.US,D,20210603,000000,13.486,13.63,13.468,13.592,183916,0
BPMP.US,D,20210604,000000,13.63,13.753,13.516,13.715,209711,0
BPMP.US,D,20210607,000000,13.791,13.982,13.643,13.962,322744,0
BPMP.US,D,20210608,000000,13.962,13.982,13.706,13.706,408789,0
BPMP.US,D,20210609,000000,13.8,14.067,13.734,14.038,292468,0
BPMP.US,D,20210610,000000,14.143,14.257,14.057,14.124,219643,0
BPMP.US,D,20210611,000000,14.381,14.742,14.314,14.562,820349,0
BPMP.US,D,20210614,000000,14.771,14.809,14.428,14.733,655543,0
BPMP.US,D,20210615,000000,14.828,14.932,14.495,14.818,455245,0
BPMP.US,D,20210616,000000,14.98,14.999,14.753,14.913,324514,0
BPMP.US,D,20210617,000000,14.847,14.894,14.048,14.228,579682,0
BPMP.US,D,20210618,000000,14.029,14.286,13.982,14.058,412278,0
BPMP.US,D,20210621,000000,14.058,14.343,14.029,14.295,336566,0
BPMP.US,D,20210622,000000,14.286,14.362,14.086,14.2,260055,0
BPMP.US,D,20210623,000000,14.333,14.343,14.029,14.067,279382,0
BPMP.US,D,20210624,000000,14.067,14.096,13.848,13.962,296141,0
BPMP.US,D,20210625,000000,14.038,14.038,13.653,13.744,377211,0
BPMP.US,D,20210628,000000,13.668,13.696,13.377,13.468,467424,0
BPMP.US,D,20210629,000000,13.582,13.596,13.439,13.506,167847,0
BPMP.US,D,20210630,000000,13.601,13.896,13.554,13.772,285240,0
BPMP.US,D,20210701,000000,13.953,14.029,13.829,13.934,173752,0
BPMP.US,D,20210702,000000,13.972,14.01,13.82,13.924,184316,0
BPMP.US,D,20210706,000000,14.053,14.053,13.744,13.924,179655,0
BPMP.US,D,20210707,000000,13.924,14.029,13.601,13.724,213403,0
BPMP.US,D,20210708,000000,13.592,13.666,13.439,13.486,284929,0
BPMP.US,D,20210709,000000,13.648,13.858,13.648,13.81,266323,0
BPMP.US,D,20210712,000000,13.8,13.896,13.744,13.81,280909,0
BPMP.US,D,20210713,000000,13.791,13.858,13.648,13.686,197406,0
BPMP.US,D,20210714,000000,13.658,13.772,13.325,13.486,349745,0
BPMP.US,D,20210715,000000,13.363,13.41,13.182,13.258,416370,0
BPMP.US,D,20210716,000000,13.41,13.439,13.096,13.211,256702,0
BPMP.US,D,20210719,000000,13.012,13.025,12.564,12.736,642472,0
BPMP.US,D,20210720,000000,12.878,13.172,12.802,13.134,335281,0
BPMP.US,D,20210721,000000,13.268,13.51,13.202,13.278,270346,0
BPMP.US,D,20210722,000000,13.334,13.706,13.22,13.524,315137,0
BPMP.US,D,20210723,000000,13.706,13.706,13.258,13.478,392881,0
BPMP.US,D,20210726,000000,13.592,13.677,13.439,13.601,319918,0
BPMP.US,D,20210727,000000,13.582,13.591,13.363,13.458,552144,0
BPMP.US,D,20210728,000000,13.455,13.504,13.163,13.358,723796,0
BPMP.US,D,20210729,000000,13.367,13.553,13.309,13.533,361170,0
BPMP.US,D,20210730,000000,13.445,13.65,13.406,13.465,388711,0
BPMP.US,D,20210802,000000,13.377,13.377,12.875,12.948,606068,0
BPMP.US,D,20210803,000000,12.87,13.133,12.763,13.016,320559,0
BPMP.US,D,20210804,000000,13.007,13.007,12.529,12.685,442096,0
BPMP.US,D,20210805,000000,12.617,13.153,12.539,12.86,2108188,0
BPMP.US,D,20210806,000000,12.773,12.89,12.548,12.802,1692479,0
BPMP.US,D,20210809,000000,12.636,12.831,12.636,12.753,768922,0
BPMP.US,D,20210810,000000,12.685,12.773,12.636,12.763,814418,0
BPMP.US,D,20210811,000000,12.773,12.773,12.626,12.665,878433,0
BPMP.US,D,20210812,000000,12.734,12.734,12.578,12.675,3572403,0
BPMP.US,D,20210813,000000,12.675,12.675,12.587,12.617,278231,0
BPMP.US,D,20210816,000000,12.626,12.686,12.548,12.656,1157819,0
BPMP.US,D,20210817,000000,12.617,12.675,12.568,12.607,282193,0
BPMP.US,D,20210818,000000,12.626,12.675,12.582,12.656,422312,0
BPMP.US,D,20210819,000000,12.578,12.656,12.509,12.587,1140374,0
BPMP.US,D,20210820,000000,12.48,12.646,12.431,12.617,565218,0
BPMP.US,D,20210823,000000,12.656,12.763,12.597,12.695,1103606,0
BPMP.US,D,20210824,000000,12.773,12.782,12.675,12.724,481928,0
BPMP.US,D,20210825,000000,12.753,12.856,12.685,12.841,306915,0
BPMP.US,D,20210826,000000,12.773,12.86,12.695,12.743,330520,0
BPMP.US,D,20210827,000000,12.782,12.958,12.782,12.909,332433,0
BPMP.US,D,20210830,000000,12.909,12.938,12.734,12.773,338805,0
BPMP.US,D,20210831,000000,12.763,12.987,12.714,12.812,537249,0
BPMP.US,D,20210901,000000,12.851,12.899,12.782,12.812,380113,0
BPMP.US,D,20210902,000000,12.841,12.918,12.792,12.87,282035,0
BPMP.US,D,20210903,000000,12.958,12.958,12.792,12.87,340529,0
BPMP.US,D,20210907,000000,12.792,12.87,12.782,12.841,123145,0
BPMP.US,D,20210908,000000,12.87,12.929,12.763,12.812,594064,0
BPMP.US,D,20210909,000000,12.782,12.885,12.773,12.86,472144,0
BPMP.US,D,20210910,000000,12.968,12.968,12.817,12.831,307091,0
BPMP.US,D,20210913,000000,12.87,12.938,12.821,12.86,388944,0
BPMP.US,D,20210914,000000,12.86,12.88,12.773,12.802,346292,0
BPMP.US,D,20210915,000000,12.802,12.909,12.792,12.88,201678,0
BPMP.US,D,20210916,000000,12.86,12.909,12.782,12.87,366386,0
BPMP.US,D,20210917,000000,12.821,12.87,12.753,12.773,565464,0
BPMP.US,D,20210920,000000,12.646,12.743,12.612,12.675,647060,0
BPMP.US,D,20210921,000000,12.743,12.743,12.606,12.685,329532,0
BPMP.US,D,20210922,000000,12.558,12.851,12.548,12.743,369480,0
BPMP.US,D,20210923,000000,12.724,12.919,12.724,12.821,360673,0
BPMP.US,D,20210924,000000,12.851,12.909,12.812,12.812,243179,0
BPMP.US,D,20210927,000000,12.87,13.085,12.86,12.968,441436,0
BPMP.US,D,20210928,000000,13.055,13.143,12.968,12.987,369475,0
BPMP.US,D,20210929,000000,13.026,13.114,12.968,12.977,251195,0
BPMP.US,D,20210930,000000,12.997,13.104,12.899,12.919,998692,0
BPMP.US,D,20211001,000000,12.938,13.231,12.919,13.094,299662,0
BPMP.US,D,20211004,000000,13.182,13.504,13.182,13.26,672440,0
BPMP.US,D,20211005,000000,13.309,13.484,13.094,13.28,706931,0
BPMP.US,D,20211006,000000,13.28,13.299,13.016,13.085,521048,0
BPMP.US,D,20211007,000000,13.124,13.172,12.997,13.124,593172,0
BPMP.US,D,20211008,000000,13.075,13.289,13.065,13.192,499537,0
BPMP.US,D,20211011,000000,13.299,13.358,13.27,13.309,329286,0
BPMP.US,D,20211012,000000,13.358,13.397,13.299,13.348,430421,0
BPMP.US,D,20211013,000000,13.348,13.387,13.221,13.377,548323,0
BPMP.US,D,20211014,000000,13.455,13.514,13.289,13.514,567675,0
BPMP.US,D,20211015,000000,13.582,13.602,13.455,13.504,518599,0
BPMP.US,D,20211018,000000,13.523,13.621,13.26,13.319,582932,0
BPMP.US,D,20211019,000000,13.387,13.572,13.358,13.426,246716,0
BPMP.US,D,20211020,000000,13.465,13.572,13.406,13.572,642260,0
BPMP.US,D,20211021,000000,13.602,13.602,13.275,13.338,569669,0
BPMP.US,D,20211022,000000,13.572,13.572,13.319,13.426,550164,0
BPMP.US,D,20211025,000000,13.543,13.543,13.426,13.523,645593,0
BPMP.US,D,20211026,000000,13.572,13.641,13.48,13.543,755447,0
BPMP.US,D,20211027,000000,13.45,13.56,13.31,13.36,417239,0
BPMP.US,D,20211028,000000,13.24,13.39,13.15,13.35,526498,0
BPMP.US,D,20211029,000000,13.3,13.36,13.221,13.3,344079,0
BPMP.US,D,20211101,000000,13.31,13.4,13.31,13.34,336281,0
BPMP.US,D,20211102,000000,13.35,13.3997,13.14,13.22,361608,0
BPMP.US,D,20211103,000000,13.1,13.3,13.06,13.11,676938,0
BPMP.US,D,20211104,000000,13.11,13.16,13,13.04,1080803,0
BPMP.US,D,20211105,000000,13.07,13.1,13.01,13.08,500481,0
BPMP.US,D,20211108,000000,13.22,13.22,13.11,13.15,277344,0
BPMP.US,D,20211109,000000,13.15,13.283,13.1,13.11,208201,0
BPMP.US,D,20211110,000000,13.1,13.1,13.01,13.02,284598,0
BPMP.US,D,20211111,000000,13.11,13.13,13.02,13.08,234237,0
BPMP.US,D,20211112,000000,13.16,13.19,13.03,13.11,363152,0
BPMP.US,D,20211115,000000,13.1,13.22,13.02,13.04,241447,0
BPMP.US,D,20211116,000000,13.03,13.0599,13,13.01,348819,0
BPMP.US,D,20211117,000000,13.01,13.08,13.01,13.01,166165,0
BPMP.US,D,20211118,000000,13.09,13.19,13.0281,13.1,325925,0
BPMP.US,D,20211119,000000,13.04,13.1,12.91,12.95,504741,0
BPMP.US,D,20211122,000000,12.99,12.99,12.81,12.88,583178,0
BPMP.US,D,20211123,000000,12.91,12.96,12.85,12.93,367316,0
BPMP.US,D,20211124,000000,12.94,13.02,12.9,13,621275,0
BPMP.US,D,20211126,000000,12.92,12.92,12.725,12.82,435869,0
BPMP.US,D,20211129,000000,12.9,12.93,12.76,12.84,575832,0
BPMP.US,D,20211130,000000,12.83,12.93,12.62,12.87,929903,0
BPMP.US,D,20211201,000000,12.89,12.98,12.7,12.77,295604,0
BPMP.US,D,20211202,000000,12.72,12.96,12.661,12.88,265917,0
BPMP.US,D,20211203,000000,12.95,12.95,12.79,12.84,229966,0
BPMP.US,D,20211206,000000,12.86,12.96,12.73,12.88,285695,0
BPMP.US,D,20211207,000000,12.94,13.105,12.89,13.04,478453,0
BPMP.US,D,20211208,000000,13.06,13.12,12.97,13,303196,0
BPMP.US,D,20211209,000000,13.1,13.1,12.86,12.89,232259,0
BPMP.US,D,20211210,000000,12.99,12.99,12.8,12.84,326224,0
BPMP.US,D,20211213,000000,12.76,12.85,12.75,12.77,351540,0
BPMP.US,D,20211214,000000,12.81,12.91,12.75,12.79,357574,0
BPMP.US,D,20211215,000000,12.82,12.96,12.72,12.84,354155,0
BPMP.US,D,20211216,000000,12.87,12.98,12.86,12.94,294043,0
BPMP.US,D,20211217,000000,12.88,12.95,12.775,12.91,743937,0
BPMP.US,D,20211220,000000,14.67,14.71,14.35,14.63,8888486,0
BPMP.US,D,20211221,000000,14.83,15.2,14.8,15.14,1758705,0
BPMP.US,D,20211222,000000,15.21,15.4,15.12,15.35,844846,0
BPMP.US,D,20211223,000000,15.5,15.74,15.38,15.47,1593414,0
BPMP.US,D,20211227,000000,15.35,15.58,15.181,15.56,710983,0
BPMP.US,D,20211228,000000,15.59,15.69,15.43,15.54,404381,0
BPMP.US,D,20211229,000000,15.52,15.64,15.4,15.46,699520,0
BPMP.US,D,20211230,000000,15.48,15.585,15.31,15.31,360272,0
BPMP.US,D,20211231,000000,15.21,15.32,15.2,15.3,560062,0
BPMP.US,D,20220103,000000,15.2,15.81,15.2,15.76,1190057,0
BPMP.US,D,20220104,000000,16.06,16.54,15.97,16.42,563282,0
BPMP.US,D,20220105,000000,16.57,16.74,16.35,16.37,373604,0
BPMP.US,D,20220106,000000,16.6,16.76,16.51,16.61,514214,0
BPMP.US,D,20220107,000000,16.81,17.1,16.72,17.1,350317,0
BPMP.US,D,20220110,000000,17.19,17.3,16.93,17.02,843549,0
BPMP.US,D,20220111,000000,17.12,17.64,17.1,17.58,365967,0
BPMP.US,D,20220112,000000,17.65,18.08,17.65,17.98,545454,0
BPMP.US,D,20220113,000000,18.07,18.21,17.79,17.96,1279896,0
BPMP.US,D,20220114,000000,18.17,18.46,18.16,18.43,503877,0
BPMP.US,D,20220118,000000,18.59,18.73,18.36,18.63,320879,0
BPMP.US,D,20220119,000000,18.65,18.75,18.2852,18.5,635730,0
BPMP.US,D,20220120,000000,18.22,18.43,18.05,18.08,308510,0
BPMP.US,D,20220121,000000,17.8,17.89,17.57,17.68,423344,0
