<TICKER>,<PER>,<DATE>,<TIME>,<OPEN>,<HIGH>,<LOW>,<CLOSE>,<VOL>,<OPENINT>
BSTZ.US,D,20190626,000000,17.566,17.727,17.566,17.584,2002534,0
BSTZ.US,D,20190627,000000,17.701,17.701,17.575,17.584,821294,0
BSTZ.US,D,20190628,000000,17.638,18.437,17.603,18.268,536292,0
BSTZ.US,D,20190701,000000,18.269,19.28,18.269,19.122,537342,0
BSTZ.US,D,20190702,000000,19.397,19.534,18.849,19.104,418100,0
BSTZ.US,D,20190703,000000,19.174,19.174,18.759,19.061,205190,0
BSTZ.US,D,20190705,000000,19.298,20.299,19.236,19.36,399367,0
BSTZ.US,D,20190708,000000,19.418,19.418,18.013,19.061,405097,0
BSTZ.US,D,20190709,000000,19.174,20.063,19.018,19.72,334067,0
BSTZ.US,D,20190710,000000,19.713,19.979,19.28,19.342,342258,0
BSTZ.US,D,20190711,000000,19.544,19.677,19.342,19.456,200856,0
BSTZ.US,D,20190712,000000,19.622,19.979,19.622,19.879,269625,0
BSTZ.US,D,20190715,000000,19.739,19.979,19.686,19.979,281187,0
BSTZ.US,D,20190716,000000,19.979,19.979,19.614,19.805,237052,0
BSTZ.US,D,20190717,000000,19.979,19.979,19.41,19.418,175837,0
BSTZ.US,D,20190718,000000,19.501,19.695,18.884,19.166,162373,0
BSTZ.US,D,20190719,000000,19.484,19.765,19.397,19.601,275787,0
BSTZ.US,D,20190722,000000,19.979,20.024,19.193,19.581,188516,0
BSTZ.US,D,20190723,000000,19.677,19.748,19.428,19.677,129242,0
BSTZ.US,D,20190724,000000,19.677,19.677,19.156,19.59,128590,0
BSTZ.US,D,20190725,000000,19.544,19.677,19.387,19.614,125772,0
BSTZ.US,D,20190726,000000,19.63,19.667,19.325,19.387,86980,0
BSTZ.US,D,20190729,000000,19.342,19.765,19.255,19.765,145367,0
BSTZ.US,D,20190730,000000,19.677,19.677,19.342,19.544,114879,0
BSTZ.US,D,20190731,000000,19.677,19.729,19.096,19.096,235622,0
BSTZ.US,D,20190801,000000,19.325,19.437,19.091,19.387,130910,0
BSTZ.US,D,20190802,000000,18.445,18.455,18.005,18.359,468485,0
BSTZ.US,D,20190805,000000,18.183,18.183,17.566,17.638,402416,0
BSTZ.US,D,20190806,000000,18.005,18.341,17.805,18.224,302881,0
BSTZ.US,D,20190807,000000,18.214,18.416,17.832,18.168,231809,0
BSTZ.US,D,20190808,000000,18.26,18.876,18.095,18.622,208026,0
BSTZ.US,D,20190809,000000,18.84,19.085,18.5,18.929,139391,0
BSTZ.US,D,20190812,000000,18.632,18.884,18.224,18.412,148114,0
BSTZ.US,D,20190813,000000,18.412,18.884,18.412,18.684,178318,0
BSTZ.US,D,20190814,000000,18.533,18.702,17.561,18.388,348774,0
BSTZ.US,D,20190815,000000,18.198,18.339,17.935,17.935,205752,0
BSTZ.US,D,20190816,000000,18.258,18.33,18.008,18.074,156347,0
BSTZ.US,D,20190819,000000,18.231,18.516,18.165,18.48,141979,0
BSTZ.US,D,20190820,000000,18.471,18.702,18.304,18.438,152227,0
BSTZ.US,D,20190821,000000,18.71,18.71,18.433,18.577,136580,0
BSTZ.US,D,20190822,000000,18.656,18.656,18.322,18.525,141825,0
BSTZ.US,D,20190823,000000,18.612,18.71,18.027,18.092,194518,0
BSTZ.US,D,20190826,000000,18.276,18.533,18.065,18.403,176684,0
BSTZ.US,D,20190827,000000,18.533,18.533,18.083,18.083,183471,0
BSTZ.US,D,20190828,000000,18.172,18.428,17.963,17.963,172812,0
BSTZ.US,D,20190829,000000,18.147,18.533,18.074,18.41,169024,0
BSTZ.US,D,20190830,000000,18.622,18.648,18.102,18.322,133952,0
BSTZ.US,D,20190903,000000,18.181,18.428,17.897,18.156,166925,0
BSTZ.US,D,20190904,000000,18.499,18.499,18.102,18.181,127176,0
BSTZ.US,D,20190905,000000,18.241,18.375,18.181,18.181,190361,0
BSTZ.US,D,20190906,000000,18.189,18.533,18.181,18.454,121561,0
BSTZ.US,D,20190909,000000,18.612,18.71,18.313,18.383,174603,0
BSTZ.US,D,20190910,000000,18.541,18.622,18.33,18.508,125303,0
BSTZ.US,D,20190911,000000,18.489,18.604,18.339,18.432,163702,0
BSTZ.US,D,20190912,000000,18.444,18.754,18.403,18.684,166637,0
BSTZ.US,D,20190913,000000,18.632,18.796,18.311,18.47,111675,0
BSTZ.US,D,20190916,000000,18.311,18.62,18.311,18.531,85286,0
BSTZ.US,D,20190917,000000,18.443,18.622,18.355,18.401,131575,0
BSTZ.US,D,20190918,000000,18.274,18.391,18.178,18.284,88268,0
BSTZ.US,D,20190919,000000,18.33,18.566,18.195,18.488,106110,0
BSTZ.US,D,20190920,000000,18.453,18.596,18.269,18.462,79012,0
BSTZ.US,D,20190923,000000,18.443,18.622,18.266,18.498,82823,0
BSTZ.US,D,20190924,000000,18.622,18.622,18.266,18.42,135679,0
BSTZ.US,D,20190925,000000,18.443,18.622,18.186,18.22,216041,0
BSTZ.US,D,20190926,000000,18.302,18.336,17.932,18.025,140261,0
BSTZ.US,D,20190927,000000,18.178,18.401,17.968,18.311,125870,0
BSTZ.US,D,20190930,000000,18.443,18.479,18.274,18.364,152869,0
BSTZ.US,D,20191001,000000,18.488,18.566,18.186,18.293,178688,0
BSTZ.US,D,20191002,000000,18.355,18.462,17.823,17.959,150383,0
BSTZ.US,D,20191003,000000,18.015,18.19,17.879,17.923,145378,0
BSTZ.US,D,20191004,000000,17.999,18.084,17.913,18.053,67173,0
BSTZ.US,D,20191007,000000,18.08,18.089,17.923,17.974,87163,0
BSTZ.US,D,20191008,000000,17.974,18.025,17.792,17.866,161346,0
BSTZ.US,D,20191009,000000,17.875,17.974,17.653,17.754,219899,0
BSTZ.US,D,20191010,000000,17.858,17.858,17.691,17.727,187181,0
BSTZ.US,D,20191011,000000,17.867,18.001,17.47,17.608,581852,0
BSTZ.US,D,20191014,000000,17.727,17.894,17.642,17.801,160110,0
BSTZ.US,D,20191015,000000,17.814,17.922,17.805,17.84,200402,0
BSTZ.US,D,20191016,000000,17.788,17.84,17.653,17.754,194595,0
BSTZ.US,D,20191017,000000,17.779,17.814,17.555,17.779,189449,0
BSTZ.US,D,20191018,000000,17.663,17.77,17.608,17.672,116087,0
BSTZ.US,D,20191021,000000,17.691,17.691,17.478,17.486,212472,0
BSTZ.US,D,20191022,000000,17.512,17.591,17.486,17.539,172511,0
BSTZ.US,D,20191023,000000,17.555,17.823,17.478,17.823,112713,0
BSTZ.US,D,20191024,000000,17.84,17.915,17.637,17.718,95759,0
BSTZ.US,D,20191025,000000,17.653,17.805,17.581,17.581,121893,0
BSTZ.US,D,20191028,000000,17.805,17.933,17.644,17.796,175963,0
BSTZ.US,D,20191029,000000,17.788,17.924,17.718,17.84,189850,0
BSTZ.US,D,20191030,000000,17.904,17.904,17.606,17.754,114438,0
BSTZ.US,D,20191031,000000,17.914,17.924,17.71,17.736,195112,0
BSTZ.US,D,20191101,000000,17.832,17.914,17.761,17.823,139946,0
BSTZ.US,D,20191104,000000,17.823,17.95,17.77,17.788,156572,0
BSTZ.US,D,20191105,000000,17.788,17.914,17.788,17.814,109902,0
BSTZ.US,D,20191106,000000,17.796,17.885,17.754,17.779,100043,0
BSTZ.US,D,20191107,000000,17.867,17.894,17.779,17.823,191851,0
BSTZ.US,D,20191108,000000,17.823,17.885,17.77,17.849,164065,0
BSTZ.US,D,20191111,000000,17.823,17.914,17.796,17.859,103304,0
BSTZ.US,D,20191112,000000,17.867,17.96,17.754,17.77,136634,0
BSTZ.US,D,20191113,000000,17.761,17.933,17.701,17.924,196115,0
BSTZ.US,D,20191114,000000,17.84,17.999,17.84,17.975,89184,0
BSTZ.US,D,20191115,000000,18.074,18.102,17.867,17.894,158948,0
BSTZ.US,D,20191118,000000,17.894,18.036,17.876,17.904,141403,0
BSTZ.US,D,20191119,000000,17.914,17.977,17.876,17.95,117120,0
BSTZ.US,D,20191120,000000,17.849,17.962,17.778,17.859,170932,0
BSTZ.US,D,20191121,000000,17.867,17.914,17.778,17.823,97693,0
BSTZ.US,D,20191122,000000,17.788,17.899,17.778,17.823,124258,0
BSTZ.US,D,20191125,000000,17.859,17.96,17.735,17.769,231569,0
BSTZ.US,D,20191126,000000,17.788,17.854,17.709,17.778,272870,0
BSTZ.US,D,20191127,000000,17.778,17.914,17.778,17.804,177178,0
BSTZ.US,D,20191129,000000,17.859,17.933,17.795,17.823,76167,0
BSTZ.US,D,20191202,000000,17.823,17.885,17.76,17.832,159920,0
BSTZ.US,D,20191203,000000,17.662,17.753,17.607,17.615,194257,0
BSTZ.US,D,20191204,000000,17.69,17.769,17.598,17.709,230639,0
BSTZ.US,D,20191205,000000,17.813,17.867,17.726,17.867,117358,0
BSTZ.US,D,20191206,000000,17.823,17.914,17.788,17.867,184718,0
BSTZ.US,D,20191209,000000,17.867,17.96,17.823,17.823,195652,0
BSTZ.US,D,20191210,000000,17.867,17.902,17.735,17.743,122228,0
BSTZ.US,D,20191211,000000,17.735,17.849,17.635,17.849,171998,0
BSTZ.US,D,20191212,000000,17.726,17.96,17.726,17.914,114946,0
BSTZ.US,D,20191213,000000,17.822,18,17.822,17.95,173955,0
BSTZ.US,D,20191216,000000,17.984,18.075,17.941,18.019,188210,0
BSTZ.US,D,20191217,000000,18.093,18.209,18.009,18.148,192724,0
BSTZ.US,D,20191218,000000,18.122,18.487,18.084,18.132,210417,0
BSTZ.US,D,20191219,000000,18.174,18.367,18.132,18.308,274834,0
BSTZ.US,D,20191220,000000,18.353,18.453,18.236,18.308,188270,0
BSTZ.US,D,20191223,000000,18.327,18.443,18.318,18.42,136986,0
BSTZ.US,D,20191224,000000,18.344,18.569,18.318,18.401,113566,0
BSTZ.US,D,20191226,000000,18.381,18.443,18.148,18.29,183672,0
BSTZ.US,D,20191227,000000,18.363,18.435,18.3,18.401,130136,0
BSTZ.US,D,20191230,000000,18.443,18.476,18.209,18.308,149423,0
BSTZ.US,D,20191231,000000,18.391,18.453,18.246,18.453,191302,0
BSTZ.US,D,20200102,000000,18.453,18.741,18.453,18.741,158306,0
BSTZ.US,D,20200103,000000,18.525,18.723,18.498,18.56,155433,0
BSTZ.US,D,20200106,000000,18.453,18.741,18.41,18.696,157893,0
BSTZ.US,D,20200107,000000,18.732,18.873,18.615,18.814,192604,0
BSTZ.US,D,20200108,000000,18.678,18.986,18.587,18.892,190620,0
BSTZ.US,D,20200109,000000,18.993,19.038,18.83,18.921,163677,0
BSTZ.US,D,20200110,000000,18.902,18.993,18.814,18.879,158657,0
BSTZ.US,D,20200113,000000,18.857,19.038,18.857,18.93,168595,0
BSTZ.US,D,20200114,000000,18.993,19.121,18.902,19.003,188631,0
BSTZ.US,D,20200115,000000,19.102,19.273,18.912,19.21,203491,0
BSTZ.US,D,20200116,000000,19.408,19.608,19.265,19.415,289132,0
BSTZ.US,D,20200117,000000,19.535,19.535,19.283,19.473,146570,0
BSTZ.US,D,20200121,000000,19.509,19.592,19.228,19.425,235627,0
BSTZ.US,D,20200122,000000,19.6,19.663,19.327,19.356,203609,0
BSTZ.US,D,20200123,000000,19.347,19.572,19.347,19.392,225511,0
BSTZ.US,D,20200124,000000,19.473,19.535,19.142,19.283,171765,0
BSTZ.US,D,20200127,000000,18.585,19.012,18.486,18.705,374835,0
BSTZ.US,D,20200128,000000,18.722,18.93,18.621,18.822,369371,0
BSTZ.US,D,20200129,000000,18.866,19.085,18.829,19.049,210913,0
BSTZ.US,D,20200130,000000,18.966,19.093,18.848,19.093,141805,0
BSTZ.US,D,20200131,000000,19.076,19.111,18.857,18.912,260229,0
BSTZ.US,D,20200203,000000,19.093,19.201,19.003,19.165,102777,0
BSTZ.US,D,20200204,000000,19.356,19.617,19.266,19.553,169271,0
BSTZ.US,D,20200205,000000,19.736,19.825,19.501,19.617,228493,0
BSTZ.US,D,20200206,000000,19.634,19.779,19.463,19.625,192746,0
BSTZ.US,D,20200207,000000,19.663,19.672,19.445,19.519,108627,0
BSTZ.US,D,20200210,000000,19.347,19.852,19.293,19.718,185143,0
BSTZ.US,D,20200211,000000,19.834,19.889,19.726,19.806,192263,0
BSTZ.US,D,20200212,000000,19.899,19.899,19.797,19.899,220027,0
BSTZ.US,D,20200213,000000,19.955,19.974,19.718,19.761,214740,0
BSTZ.US,D,20200214,000000,19.778,19.896,19.616,19.718,140294,0
BSTZ.US,D,20200218,000000,19.718,19.852,19.556,19.852,98834,0
BSTZ.US,D,20200219,000000,19.87,19.946,19.743,19.938,262042,0
BSTZ.US,D,20200220,000000,19.761,19.95,19.743,19.918,175426,0
BSTZ.US,D,20200221,000000,19.918,19.918,19.453,19.56,209524,0
BSTZ.US,D,20200224,000000,19.008,19.026,18.644,18.671,449159,0
BSTZ.US,D,20200225,000000,18.773,18.833,18.18,18.252,388080,0
BSTZ.US,D,20200226,000000,18.289,18.69,18.189,18.307,221716,0
BSTZ.US,D,20200227,000000,18.11,18.11,17.445,17.663,607671,0
BSTZ.US,D,20200228,000000,17.266,17.909,17.266,17.519,447889,0
BSTZ.US,D,20200302,000000,17.816,18.833,17.57,18.171,435103,0
BSTZ.US,D,20200303,000000,18.261,18.617,17.988,18.11,371907,0
BSTZ.US,D,20200304,000000,18.352,18.699,18.244,18.699,210289,0
BSTZ.US,D,20200305,000000,18.471,18.542,18.097,18.234,246027,0
BSTZ.US,D,20200306,000000,17.946,18.171,17.588,18.09,247943,0
BSTZ.US,D,20200309,000000,17.168,17.228,15.535,17.028,373320,0
BSTZ.US,D,20200310,000000,17.501,18.489,17.029,17.436,144786,0
BSTZ.US,D,20200311,000000,17.537,17.537,16.264,16.618,234354,0
BSTZ.US,D,20200312,000000,14.175,14.991,13.536,14.12,673564,0
BSTZ.US,D,20200313,000000,14.632,15.949,14.064,14.632,315531,0
BSTZ.US,D,20200316,000000,12.309,13.909,12.309,13.186,511113,0
BSTZ.US,D,20200317,000000,12.831,13.689,12.711,13.627,558073,0
BSTZ.US,D,20200318,000000,13.489,13.675,11.659,11.895,627193,0
BSTZ.US,D,20200319,000000,11.614,13.762,10.974,12.939,564278,0
BSTZ.US,D,20200320,000000,13.88,13.88,12.061,12.061,547254,0
BSTZ.US,D,20200323,000000,11.036,12.189,11.036,11.677,689590,0
BSTZ.US,D,20200324,000000,12.344,14.476,12.344,13.771,679979,0
BSTZ.US,D,20200325,000000,14.072,15.773,13.781,15.108,565594,0
BSTZ.US,D,20200326,000000,15.09,16.02,14.978,15.637,414199,0
BSTZ.US,D,20200327,000000,15.262,16.022,15.015,15.773,645494,0
BSTZ.US,D,20200330,000000,15.847,16.096,15.408,15.754,378485,0
BSTZ.US,D,20200331,000000,15.754,16.049,15.136,15.262,316210,0
BSTZ.US,D,20200401,000000,14.622,15.205,14.286,14.583,243193,0
BSTZ.US,D,20200402,000000,14.393,15.082,14.175,14.722,160085,0
BSTZ.US,D,20200403,000000,14.678,15.108,14.366,14.512,302031,0
BSTZ.US,D,20200406,000000,14.968,15.562,14.842,15.335,227428,0
BSTZ.US,D,20200407,000000,15.72,16.652,15.307,16.106,701359,0
BSTZ.US,D,20200408,000000,16.23,16.469,15.747,16.298,196429,0
BSTZ.US,D,20200409,000000,16.646,16.854,16.158,16.705,382094,0
BSTZ.US,D,20200413,000000,16.934,17.354,16.114,16.56,193364,0
BSTZ.US,D,20200414,000000,17.012,17.234,16.515,16.927,211633,0
BSTZ.US,D,20200415,000000,16.908,16.954,16.331,16.891,146256,0
BSTZ.US,D,20200416,000000,16.917,17.323,16.801,17.174,237392,0
BSTZ.US,D,20200417,000000,17.519,17.721,17.187,17.598,347751,0
BSTZ.US,D,20200420,000000,17.684,17.684,17.204,17.474,201469,0
BSTZ.US,D,20200421,000000,17.244,17.285,16.653,16.846,192188,0
BSTZ.US,D,20200422,000000,17.121,17.764,17.088,17.674,162295,0
BSTZ.US,D,20200423,000000,17.579,17.782,17.201,17.288,217635,0
BSTZ.US,D,20200424,000000,17.405,17.626,17.012,17.377,216213,0
BSTZ.US,D,20200427,000000,17.474,17.884,17.464,17.713,205824,0
BSTZ.US,D,20200428,000000,18.022,18.022,17.482,17.482,211526,0
BSTZ.US,D,20200429,000000,17.607,18.17,17.607,18.126,282612,0
BSTZ.US,D,20200430,000000,18.126,18.318,17.884,18.198,189906,0
BSTZ.US,D,20200501,000000,17.738,17.933,17.415,17.444,175896,0
BSTZ.US,D,20200504,000000,17.333,17.81,17.012,17.655,173663,0
BSTZ.US,D,20200505,000000,18.03,18.162,17.537,17.783,293711,0
BSTZ.US,D,20200506,000000,17.703,18.224,17.693,18.04,243722,0
BSTZ.US,D,20200507,000000,18.002,18.759,18.002,18.694,328003,0
BSTZ.US,D,20200508,000000,18.823,18.989,18.437,18.778,414980,0
BSTZ.US,D,20200511,000000,18.85,19.081,18.537,18.868,281036,0
BSTZ.US,D,20200512,000000,19.035,19.035,18.592,18.722,346802,0
BSTZ.US,D,20200513,000000,18.583,18.823,17.866,18.059,389793,0
BSTZ.US,D,20200514,000000,17.856,18.069,17.558,17.959,173583,0
BSTZ.US,D,20200515,000000,18.002,18.688,17.799,18.678,243811,0
BSTZ.US,D,20200518,000000,19.233,19.233,18.809,18.881,249551,0
BSTZ.US,D,20200519,000000,18.993,19.262,18.881,19.063,270953,0
BSTZ.US,D,20200520,000000,19.408,19.502,19.113,19.299,332791,0
BSTZ.US,D,20200521,000000,19.446,19.446,19.085,19.345,176722,0
BSTZ.US,D,20200522,000000,19.085,19.262,18.91,19.104,339074,0
BSTZ.US,D,20200526,000000,19.262,19.502,19.176,19.354,238669,0
BSTZ.US,D,20200527,000000,19.408,19.408,18.945,19.28,220752,0
BSTZ.US,D,20200528,000000,19.456,19.728,19.282,19.537,244453,0
BSTZ.US,D,20200529,000000,19.678,19.716,19.345,19.555,233644,0
BSTZ.US,D,20200601,000000,19.594,20.221,19.523,20.026,313585,0
BSTZ.US,D,20200602,000000,19.919,20.296,19.843,20.221,202579,0
BSTZ.US,D,20200603,000000,20.315,20.674,20.315,20.51,346744,0
BSTZ.US,D,20200604,000000,20.371,20.601,20.169,20.258,267889,0
BSTZ.US,D,20200605,000000,20.556,20.573,20.258,20.362,320839,0
BSTZ.US,D,20200608,000000,20.564,20.564,20.277,20.443,268298,0
BSTZ.US,D,20200609,000000,20.151,20.519,20.151,20.398,300802,0
BSTZ.US,D,20200610,000000,20.564,20.805,20.434,20.666,273089,0
BSTZ.US,D,20200611,000000,20.333,20.337,19.668,19.815,328933,0
BSTZ.US,D,20200612,000000,20.289,20.484,19.777,20.24,195915,0
BSTZ.US,D,20200615,000000,19.777,20.429,19.634,20.364,269957,0
BSTZ.US,D,20200616,000000,20.8,20.965,20.484,20.792,231799,0
BSTZ.US,D,20200617,000000,20.83,21.237,20.765,20.939,235110,0
BSTZ.US,D,20200618,000000,20.967,21.255,20.892,20.986,172537,0
BSTZ.US,D,20200619,000000,21.17,21.348,20.901,21.043,230766,0
BSTZ.US,D,20200622,000000,21.107,21.422,21.097,21.282,250012,0
BSTZ.US,D,20200623,000000,21.264,21.636,21.264,21.461,226488,0
BSTZ.US,D,20200624,000000,21.432,21.556,20.83,21.107,416392,0
BSTZ.US,D,20200625,000000,21.078,21.348,20.986,21.179,220754,0
BSTZ.US,D,20200626,000000,21.107,21.291,20.736,20.82,261302,0
BSTZ.US,D,20200629,000000,20.948,20.948,20.479,20.66,345433,0
BSTZ.US,D,20200630,000000,20.83,21.193,20.595,21.051,343400,0
BSTZ.US,D,20200701,000000,21.17,21.367,21.051,21.367,259408,0
BSTZ.US,D,20200702,000000,21.589,21.859,21.589,21.645,291065,0
BSTZ.US,D,20200706,000000,22.091,22.395,21.841,22.065,342832,0
BSTZ.US,D,20200707,000000,21.822,22.424,21.683,22.247,349284,0
BSTZ.US,D,20200708,000000,22.405,22.741,22.238,22.453,458447,0
BSTZ.US,D,20200709,000000,22.547,22.829,22.286,22.692,329021,0
BSTZ.US,D,20200710,000000,22.825,22.825,22.517,22.771,260343,0
BSTZ.US,D,20200713,000000,22.841,23.148,22.065,22.065,405037,0
BSTZ.US,D,20200714,000000,22.138,22.138,21.204,22.007,473085,0
BSTZ.US,D,20200715,000000,22.381,22.381,21.774,22.083,215621,0
BSTZ.US,D,20200716,000000,21.915,21.915,21.587,21.801,283976,0
BSTZ.US,D,20200717,000000,21.876,21.905,21.681,21.858,233332,0
BSTZ.US,D,20200720,000000,22.007,22.641,21.923,22.641,273152,0
BSTZ.US,D,20200721,000000,22.783,22.836,22.445,22.621,277954,0
BSTZ.US,D,20200722,000000,22.695,22.817,22.519,22.66,200536,0
BSTZ.US,D,20200723,000000,22.436,22.774,22.101,22.101,417781,0
BSTZ.US,D,20200724,000000,21.915,22.287,21.765,22.035,289869,0
BSTZ.US,D,20200727,000000,22.157,22.371,22.083,22.334,179463,0
BSTZ.US,D,20200728,000000,22.416,22.603,22.21,22.316,229761,0
BSTZ.US,D,20200729,000000,22.519,23.025,22.403,22.909,235358,0
BSTZ.US,D,20200730,000000,22.764,23.125,22.613,23.106,158064,0
BSTZ.US,D,20200731,000000,23.376,23.502,22.949,23.502,228116,0
BSTZ.US,D,20200803,000000,23.619,24.785,23.619,24.461,462026,0
BSTZ.US,D,20200804,000000,24.251,24.721,24.096,24.56,382698,0
BSTZ.US,D,20200805,000000,24.396,24.676,24.242,24.347,270201,0
BSTZ.US,D,20200806,000000,24.478,24.56,24.251,24.523,185787,0
BSTZ.US,D,20200807,000000,24.242,24.49,23.844,24.086,346392,0
BSTZ.US,D,20200810,000000,24.048,24.077,23.61,23.705,283306,0
BSTZ.US,D,20200811,000000,23.685,23.742,23.357,23.386,316896,0
BSTZ.US,D,20200812,000000,23.544,23.742,23.535,23.601,160821,0
BSTZ.US,D,20200813,000000,23.854,23.996,23.696,23.874,250226,0
BSTZ.US,D,20200814,000000,23.734,23.95,23.701,23.827,149941,0
BSTZ.US,D,20200817,000000,23.827,24.148,23.791,24.148,160118,0
BSTZ.US,D,20200818,000000,24.247,24.306,24.005,24.257,181245,0
BSTZ.US,D,20200819,000000,24.296,24.348,24.192,24.212,161271,0
BSTZ.US,D,20200820,000000,24.176,24.412,24.023,24.412,173188,0
BSTZ.US,D,20200821,000000,24.222,24.383,24.109,24.277,187530,0
BSTZ.US,D,20200824,000000,24.296,24.531,24.09,24.176,210373,0
BSTZ.US,D,20200825,000000,24.204,24.43,24.185,24.43,152708,0
BSTZ.US,D,20200826,000000,24.521,24.87,24.521,24.822,260720,0
BSTZ.US,D,20200827,000000,24.72,24.89,24.625,24.665,177207,0
BSTZ.US,D,20200828,000000,24.937,24.964,24.74,24.87,261916,0
BSTZ.US,D,20200831,000000,24.91,25.19,24.814,25.19,175347,0
BSTZ.US,D,20200901,000000,25.332,25.481,25.214,25.481,311066,0
BSTZ.US,D,20200902,000000,25.586,25.659,25.18,25.528,243833,0
BSTZ.US,D,20200903,000000,25.442,25.442,23.666,23.77,742652,0
BSTZ.US,D,20200904,000000,23.95,24,22.812,23.686,566011,0
BSTZ.US,D,20200908,000000,22.953,23.188,22.652,22.767,407602,0
BSTZ.US,D,20200909,000000,23.102,23.638,23.03,23.582,213019,0
BSTZ.US,D,20200910,000000,23.827,23.997,23.065,23.178,280743,0
BSTZ.US,D,20200911,000000,23.121,23.394,22.904,22.963,186442,0
BSTZ.US,D,20200914,000000,23.131,23.527,23.131,23.435,162556,0
BSTZ.US,D,20200915,000000,23.803,23.896,23.651,23.709,149773,0
BSTZ.US,D,20200916,000000,23.728,23.906,23.527,23.584,197745,0
BSTZ.US,D,20200917,000000,23.16,23.425,23.084,23.357,204635,0
BSTZ.US,D,20200918,000000,23.503,23.982,23.257,23.454,195881,0
BSTZ.US,D,20200921,000000,23.122,23.464,23.03,23.386,251871,0
BSTZ.US,D,20200922,000000,23.435,23.653,23.237,23.493,288553,0
BSTZ.US,D,20200923,000000,23.689,23.689,22.933,22.953,283822,0
BSTZ.US,D,20200924,000000,22.679,23.159,22.661,22.973,251150,0
BSTZ.US,D,20200925,000000,22.992,23.357,22.895,23.31,172934,0
BSTZ.US,D,20200928,000000,23.567,23.831,23.493,23.66,169983,0
BSTZ.US,D,20200929,000000,23.66,23.944,23.557,23.934,167633,0
BSTZ.US,D,20200930,000000,24.066,24.253,23.944,24.209,179062,0
BSTZ.US,D,20201001,000000,24.528,24.945,24.398,24.945,200612,0
BSTZ.US,D,20201002,000000,24.546,25.332,24.509,24.982,287073,0
BSTZ.US,D,20201005,000000,25.019,25.462,25.019,25.462,213641,0
BSTZ.US,D,20201006,000000,25.529,25.708,25.325,25.36,204320,0
BSTZ.US,D,20201007,000000,25.68,25.926,25.578,25.916,199672,0
BSTZ.US,D,20201008,000000,26.038,26.171,25.832,25.907,151737,0
BSTZ.US,D,20201009,000000,26.246,26.5,25.981,26.188,169179,0
BSTZ.US,D,20201012,000000,26.661,26.916,26.405,26.7,210284,0
BSTZ.US,D,20201013,000000,26.814,27.125,26.7,26.983,243763,0
BSTZ.US,D,20201014,000000,26.93,27.063,26.18,26.627,211342,0
BSTZ.US,D,20201015,000000,26.39,26.476,26.199,26.39,115548,0
BSTZ.US,D,20201016,000000,26.325,26.988,26.325,26.713,134161,0
BSTZ.US,D,20201019,000000,26.77,27.072,26.18,26.295,193249,0
BSTZ.US,D,20201020,000000,26.456,26.54,26.068,26.199,235344,0
BSTZ.US,D,20201021,000000,26.305,26.512,26.068,26.146,158356,0
BSTZ.US,D,20201022,000000,26.146,26.362,25.973,26.068,180590,0
BSTZ.US,D,20201023,000000,26.335,26.476,26.064,26.344,130814,0
BSTZ.US,D,20201026,000000,26.088,26.315,25.311,25.481,343979,0
BSTZ.US,D,20201027,000000,25.518,25.708,25.253,25.282,168785,0
BSTZ.US,D,20201028,000000,24.686,24.983,24.523,24.657,235324,0
BSTZ.US,D,20201029,000000,24.637,25.368,24.637,25.233,184747,0
BSTZ.US,D,20201030,000000,25.253,25.441,24.686,24.808,200806,0
BSTZ.US,D,20201102,000000,25.141,25.432,24.932,25.33,173905,0
BSTZ.US,D,20201103,000000,25.558,25.946,25.321,25.85,144758,0
BSTZ.US,D,20201104,000000,26.305,27.234,26.305,27.045,202190,0
BSTZ.US,D,20201105,000000,27.62,28.332,27.616,28.201,315669,0
BSTZ.US,D,20201106,000000,28.41,28.739,27.957,28.438,312580,0
BSTZ.US,D,20201109,000000,29.512,29.65,27.491,27.64,414467,0
BSTZ.US,D,20201110,000000,27.433,27.433,26.589,26.799,296910,0
BSTZ.US,D,20201111,000000,26.958,27.65,26.958,27.367,181992,0
BSTZ.US,D,20201112,000000,27.593,27.955,27.007,27.186,178724,0
BSTZ.US,D,20201113,000000,27.591,27.947,27.239,27.811,211045,0
BSTZ.US,D,20201116,000000,27.962,28.485,27.811,28.066,197112,0
BSTZ.US,D,20201117,000000,28.048,28.438,27.811,28.303,143378,0
BSTZ.US,D,20201118,000000,28.493,28.78,28.322,28.532,251232,0
BSTZ.US,D,20201119,000000,28.502,28.866,28.322,28.866,156330,0
BSTZ.US,D,20201120,000000,28.971,29.589,28.971,29.321,158387,0
BSTZ.US,D,20201123,000000,29.569,30.351,29.531,29.988,251467,0
BSTZ.US,D,20201124,000000,30.321,30.426,30.017,30.301,205544,0
BSTZ.US,D,20201125,000000,30.4,30.674,30.122,30.39,148959,0
BSTZ.US,D,20201127,000000,30.617,31.11,30.617,30.948,78117,0
BSTZ.US,D,20201130,000000,31.101,31.605,30.579,31.225,209764,0
BSTZ.US,D,20201201,000000,31.504,31.815,31.083,31.806,232758,0
BSTZ.US,D,20201202,000000,31.806,31.872,31.52,31.862,178612,0
BSTZ.US,D,20201203,000000,31.806,32.253,31.634,31.673,215997,0
BSTZ.US,D,20201204,000000,31.872,32.253,31.872,32.12,162903,0
BSTZ.US,D,20201207,000000,32.111,32.111,31.255,32.111,204558,0
BSTZ.US,D,20201208,000000,32.102,32.253,31.954,32.243,132444,0
BSTZ.US,D,20201209,000000,32.253,33.3,31.958,32.175,179689,0
BSTZ.US,D,20201210,000000,32.175,32.994,32.175,32.576,163450,0
BSTZ.US,D,20201211,000000,32.633,32.877,32.395,32.539,144416,0
BSTZ.US,D,20201214,000000,32.791,33.173,32.647,32.877,194801,0
BSTZ.US,D,20201215,000000,33.125,33.164,32.791,32.991,179523,0
BSTZ.US,D,20201216,000000,32.791,33.173,32.628,33.04,204939,0
BSTZ.US,D,20201217,000000,33.087,33.68,33.087,33.631,236209,0
BSTZ.US,D,20201218,000000,33.602,34.481,33.602,34.386,279145,0
BSTZ.US,D,20201221,000000,34.081,36.056,33.89,35.263,220930,0
BSTZ.US,D,20201222,000000,35.493,36.123,35.463,35.97,216426,0
BSTZ.US,D,20201223,000000,36.19,36.606,36.133,36.181,102728,0
BSTZ.US,D,20201224,000000,36.447,36.447,35.111,35.398,138301,0
BSTZ.US,D,20201228,000000,35.522,36.045,34.997,35.073,164036,0
BSTZ.US,D,20201229,000000,35.13,35.371,34.232,34.767,214827,0
BSTZ.US,D,20201230,000000,34.92,35.32,34.376,34.74,170909,0
BSTZ.US,D,20201231,000000,34.567,35.006,34.481,34.73,164931,0
BSTZ.US,D,20210104,000000,34.72,34.73,33.298,33.736,342684,0
BSTZ.US,D,20210105,000000,33.48,33.85,33.135,33.602,326549,0
BSTZ.US,D,20210106,000000,33.354,33.666,32.811,32.981,245898,0
BSTZ.US,D,20210107,000000,32.83,34.271,32.83,34.099,298000,0
BSTZ.US,D,20210108,000000,34.367,34.653,34.157,34.528,261721,0
BSTZ.US,D,20210111,000000,33.582,34.175,33.572,33.86,316617,0
BSTZ.US,D,20210112,000000,33.736,34.386,33.736,34.29,195510,0
BSTZ.US,D,20210113,000000,34.146,34.71,34.146,34.547,180762,0
BSTZ.US,D,20210114,000000,34.736,35.137,34.523,34.662,172567,0
BSTZ.US,D,20210115,000000,34.657,34.955,34.206,34.437,175451,0
BSTZ.US,D,20210119,000000,34.486,35.29,34.486,35.003,174391,0
BSTZ.US,D,20210120,000000,35.29,35.666,35.231,35.481,136495,0
BSTZ.US,D,20210121,000000,35.912,36.065,35.338,35.442,175840,0
BSTZ.US,D,20210122,000000,35.434,35.53,35.098,35.318,141536,0
BSTZ.US,D,20210125,000000,35.491,35.741,34.974,35.471,145670,0
BSTZ.US,D,20210126,000000,35.31,35.415,34.993,35.07,198438,0
BSTZ.US,D,20210127,000000,34.906,35.003,33.977,34.15,192764,0
BSTZ.US,D,20210128,000000,33.949,34.609,33.853,34.39,220948,0
BSTZ.US,D,20210129,000000,34.399,34.514,33.48,33.911,209051,0
BSTZ.US,D,20210201,000000,34.123,35.003,34.045,34.926,239822,0
BSTZ.US,D,20210202,000000,35.406,36.103,35.098,36.046,193940,0
BSTZ.US,D,20210203,000000,36.333,36.611,35.96,36.533,181335,0
BSTZ.US,D,20210204,000000,36.728,37.276,36.728,36.948,270424,0
BSTZ.US,D,20210205,000000,37.223,37.829,37.068,37.646,284512,0
BSTZ.US,D,20210208,000000,38.229,38.249,37.311,37.444,200632,0
BSTZ.US,D,20210209,000000,37.588,37.923,37.159,37.819,189976,0
BSTZ.US,D,20210210,000000,38.135,38.21,37.369,37.923,199786,0
BSTZ.US,D,20210211,000000,37.999,38.527,37.923,38.334,248458,0
BSTZ.US,D,20210212,000000,38.397,38.782,37.782,38.705,288742,0
BSTZ.US,D,20210216,000000,38.944,39.32,38.321,38.686,159000,0
BSTZ.US,D,20210217,000000,38.542,39.376,37.755,38.609,219437,0
BSTZ.US,D,20210218,000000,38.416,38.638,37.553,38.503,251307,0
BSTZ.US,D,20210219,000000,38.84,39.061,38.302,38.561,178615,0
BSTZ.US,D,20210222,000000,38.369,38.551,36.861,36.861,249919,0
BSTZ.US,D,20210223,000000,35.748,36.246,33.673,35.815,541176,0
BSTZ.US,D,20210224,000000,35.815,36.073,34.95,35.738,295752,0
BSTZ.US,D,20210225,000000,35.334,35.748,34.297,34.45,351460,0
BSTZ.US,D,20210226,000000,34.585,35.276,34.278,34.979,200356,0
BSTZ.US,D,20210301,000000,35.537,36.152,35.296,35.9,187728,0
BSTZ.US,D,20210302,000000,36.054,36.342,35.546,36.217,263807,0
BSTZ.US,D,20210303,000000,35.824,36.007,34.489,34.96,182593,0
BSTZ.US,D,20210304,000000,34.603,34.911,32.271,33.452,539439,0
BSTZ.US,D,20210305,000000,33.575,33.97,31.799,33.403,412472,0
BSTZ.US,D,20210308,000000,33.335,33.614,31.981,32.04,448826,0
BSTZ.US,D,20210309,000000,32.557,33.796,32.557,33.575,277457,0
BSTZ.US,D,20210310,000000,34.239,34.239,33.403,33.403,238415,0
BSTZ.US,D,20210311,000000,34.152,34.861,34.018,34.643,225332,0
BSTZ.US,D,20210312,000000,34.576,34.604,33.793,34.586,158650,0
BSTZ.US,D,20210315,000000,34.586,34.717,34.296,34.44,186574,0
BSTZ.US,D,20210316,000000,34.567,34.923,33.996,34.171,238019,0
BSTZ.US,D,20210317,000000,33.919,34.402,33.389,34.258,191176,0
BSTZ.US,D,20210318,000000,33.689,33.996,32.356,32.423,373802,0
BSTZ.US,D,20210319,000000,32.568,33.032,32.452,32.867,386629,0
BSTZ.US,D,20210322,000000,33.32,33.524,33.003,33.35,393182,0
BSTZ.US,D,20210323,000000,33.186,33.379,32.695,32.751,360677,0
BSTZ.US,D,20210324,000000,32.742,32.927,31.786,31.786,484788,0
BSTZ.US,D,20210325,000000,31.739,31.758,30.946,31.439,700712,0
BSTZ.US,D,20210326,000000,32.231,32.877,31.854,32.877,556014,0
BSTZ.US,D,20210329,000000,33.071,33.495,32.578,33.312,340938,0
BSTZ.US,D,20210330,000000,33.389,33.43,32.917,33.408,182853,0
BSTZ.US,D,20210331,000000,33.919,34.518,33.437,34.44,211214,0
BSTZ.US,D,20210401,000000,34.933,36.09,34.759,35.868,255444,0
BSTZ.US,D,20210405,000000,36.921,37.143,35.897,36.321,273249,0
BSTZ.US,D,20210406,000000,36.245,36.331,35.897,36.139,166221,0
BSTZ.US,D,20210407,000000,36.139,36.401,35.859,35.995,187057,0
BSTZ.US,D,20210408,000000,36.516,37.539,36.188,37.307,223974,0
BSTZ.US,D,20210409,000000,37.461,37.461,36.911,37.366,125187,0
BSTZ.US,D,20210412,000000,37.471,37.529,37.056,37.173,151718,0
BSTZ.US,D,20210413,000000,37.423,37.483,36.911,37.297,171112,0
BSTZ.US,D,20210414,000000,37.395,37.557,36.591,36.62,130146,0
BSTZ.US,D,20210415,000000,36.91,37.463,36.883,37.202,99344,0
BSTZ.US,D,20210416,000000,37.278,37.744,37.268,37.609,112606,0
BSTZ.US,D,20210419,000000,37.609,37.782,37.065,37.453,146638,0
BSTZ.US,D,20210420,000000,37.268,37.268,36.844,36.881,97471,0
BSTZ.US,D,20210421,000000,36.784,36.874,36.464,36.793,172779,0
BSTZ.US,D,20210422,000000,36.803,37.249,36.644,36.96,158266,0
BSTZ.US,D,20210423,000000,37.375,38.045,37.318,37.463,164914,0
BSTZ.US,D,20210426,000000,37.425,37.861,37.425,37.56,163566,0
BSTZ.US,D,20210427,000000,37.501,37.802,36.96,37.095,90667,0
BSTZ.US,D,20210428,000000,37.337,37.764,37.337,37.676,87344,0
BSTZ.US,D,20210429,000000,37.822,38.17,36.987,37.347,128012,0
BSTZ.US,D,20210430,000000,37.347,37.531,36.989,37.367,111551,0
BSTZ.US,D,20210503,000000,37.657,37.657,37.173,37.23,147472,0
BSTZ.US,D,20210504,000000,36.93,37.153,35.441,35.902,243828,0
BSTZ.US,D,20210505,000000,35.971,36.29,35.525,35.659,106551,0
BSTZ.US,D,20210506,000000,35.882,36.165,34.627,34.933,180540,0
BSTZ.US,D,20210507,000000,35.097,35.786,35.02,35.126,135699,0
BSTZ.US,D,20210510,000000,35.02,35.03,33.945,34.071,182666,0
BSTZ.US,D,20210511,000000,32.964,34.381,32.78,34.061,262039,0
BSTZ.US,D,20210512,000000,33.712,34.148,32.859,33.023,203046,0
BSTZ.US,D,20210513,000000,33.074,33.628,32.733,33.064,176672,0
BSTZ.US,D,20210514,000000,33.161,34.086,33.161,33.921,168095,0
BSTZ.US,D,20210517,000000,33.901,34.232,33.268,33.423,116771,0
BSTZ.US,D,20210518,000000,33.609,34.106,33.492,33.998,108950,0
BSTZ.US,D,20210519,000000,33.356,34.3,33.152,34.008,100027,0
BSTZ.US,D,20210520,000000,34.291,34.954,34.219,34.574,160956,0
BSTZ.US,D,20210521,000000,34.758,35.207,34.574,34.875,145450,0
BSTZ.US,D,20210524,000000,35.148,35.44,35.011,35.138,114329,0
BSTZ.US,D,20210525,000000,35.138,35.557,35.138,35.245,127857,0
BSTZ.US,D,20210526,000000,35.46,35.977,35.343,35.878,97549,0
BSTZ.US,D,20210527,000000,35.839,36.288,35.492,36.073,113747,0
BSTZ.US,D,20210528,000000,36.258,37.058,36.073,36.765,136472,0
BSTZ.US,D,20210601,000000,37.067,37.252,36.416,36.727,138857,0
BSTZ.US,D,20210602,000000,36.824,36.901,36.579,36.814,107140,0
BSTZ.US,D,20210603,000000,36.59,36.901,36.531,36.774,92417,0
BSTZ.US,D,20210604,000000,36.931,36.999,36.142,36.746,125648,0
BSTZ.US,D,20210607,000000,36.863,37.038,36.62,36.979,61626,0
BSTZ.US,D,20210608,000000,37.33,37.652,37.008,37.135,104811,0
BSTZ.US,D,20210609,000000,37.203,37.594,36.989,37.106,74786,0
BSTZ.US,D,20210610,000000,37.106,38.062,37.077,37.848,94437,0
BSTZ.US,D,20210611,000000,37.992,38.226,37.886,38.207,138586,0
BSTZ.US,D,20210614,000000,38.629,39.196,38.421,39.146,207998,0
BSTZ.US,D,20210615,000000,39.236,39.236,38.648,38.825,122723,0
BSTZ.US,D,20210616,000000,39.06,39.06,38.072,38.629,110979,0
BSTZ.US,D,20210617,000000,38.365,39.033,38.247,38.355,127444,0
BSTZ.US,D,20210618,000000,38.267,39.236,38.17,39.146,162791,0
BSTZ.US,D,20210621,000000,39.196,39.211,38.657,38.776,134004,0
BSTZ.US,D,20210622,000000,38.941,39.172,38.855,39.108,110352,0
BSTZ.US,D,20210623,000000,39.156,39.626,39.06,39.511,114308,0
BSTZ.US,D,20210624,000000,39.706,40.116,39.686,39.98,144280,0
BSTZ.US,D,20210625,000000,40.086,40.227,39.802,40.047,87064,0
BSTZ.US,D,20210628,000000,40.155,40.674,40.116,40.625,138047,0
BSTZ.US,D,20210629,000000,40.743,40.83,40.066,40.311,158670,0
BSTZ.US,D,20210630,000000,40.449,40.889,40.051,40.81,175405,0
BSTZ.US,D,20210701,000000,40.8,41.114,40.607,40.87,149180,0
BSTZ.US,D,20210702,000000,41.085,41.3,40.929,41.035,142631,0
BSTZ.US,D,20210706,000000,41.144,41.25,40.958,41.183,114200,0
BSTZ.US,D,20210707,000000,41.212,41.378,40.958,41.055,135678,0
BSTZ.US,D,20210708,000000,40.625,40.8,39.539,39.95,145033,0
BSTZ.US,D,20210709,000000,39.97,40.36,39.95,40.096,118812,0
BSTZ.US,D,20210712,000000,40.341,41.015,40.116,40.43,92639,0
BSTZ.US,D,20210713,000000,40.605,41.015,40.321,40.39,92496,0
BSTZ.US,D,20210714,000000,40.725,40.793,39.978,40.351,58857,0
BSTZ.US,D,20210715,000000,40.302,40.302,39.428,39.526,94430,0
BSTZ.US,D,20210716,000000,39.724,39.916,38.397,38.583,163251,0
BSTZ.US,D,20210719,000000,37.718,38.09,37.374,38.043,190165,0
BSTZ.US,D,20210720,000000,38.279,38.869,37.974,38.74,132318,0
BSTZ.US,D,20210721,000000,38.593,39.252,38.593,39.055,68887,0
BSTZ.US,D,20210722,000000,39.026,39.398,38.966,39.142,77173,0
BSTZ.US,D,20210723,000000,39.518,39.93,39.329,39.664,149392,0
BSTZ.US,D,20210726,000000,39.791,39.92,39.501,39.575,112758,0
BSTZ.US,D,20210727,000000,39.674,39.771,38.565,38.869,151041,0
BSTZ.US,D,20210728,000000,38.829,39.694,38.786,39.478,89224,0
BSTZ.US,D,20210729,000000,39.546,39.762,39.311,39.674,116907,0
BSTZ.US,D,20210730,000000,39.418,39.643,38.966,39.448,100665,0
BSTZ.US,D,20210802,000000,39.594,39.88,39.262,39.694,131281,0
BSTZ.US,D,20210803,000000,39.762,40.007,39.316,39.684,101175,0
BSTZ.US,D,20210804,000000,39.724,40.145,39.546,39.989,123946,0
BSTZ.US,D,20210805,000000,40.195,40.773,40.08,40.696,107139,0
BSTZ.US,D,20210806,000000,40.617,40.696,40.326,40.548,96477,0
BSTZ.US,D,20210809,000000,40.755,40.773,40.253,40.431,93789,0
BSTZ.US,D,20210810,000000,40.528,40.753,40.283,40.322,56481,0
BSTZ.US,D,20210811,000000,40.391,40.617,40.057,40.243,84750,0
BSTZ.US,D,20210812,000000,39.989,40.253,39.89,40.175,77032,0
BSTZ.US,D,20210813,000000,40.225,40.353,39.83,39.969,60004,0
BSTZ.US,D,20210816,000000,39.79,39.855,39.318,39.633,84193,0
BSTZ.US,D,20210817,000000,39.042,39.268,38.77,38.952,118680,0
BSTZ.US,D,20210818,000000,38.942,39.139,38.864,39.002,73723,0
BSTZ.US,D,20210819,000000,38.479,38.962,38.479,38.637,120845,0
BSTZ.US,D,20210820,000000,38.785,39.189,38.656,39.11,72258,0
BSTZ.US,D,20210823,000000,39.209,39.969,39.159,39.723,93007,0
BSTZ.US,D,20210824,000000,40.007,40.423,39.8,39.81,161382,0
BSTZ.US,D,20210825,000000,39.87,40.244,39.396,39.9,148866,0
BSTZ.US,D,20210826,000000,39.84,39.947,39.516,39.603,76176,0
BSTZ.US,D,20210827,000000,39.534,40.156,39.534,40.057,70884,0
BSTZ.US,D,20210830,000000,40.176,40.629,40.166,40.442,100444,0
BSTZ.US,D,20210831,000000,40.59,40.6,40.373,40.531,74903,0
BSTZ.US,D,20210901,000000,40.64,41.201,40.62,41.054,105477,0
BSTZ.US,D,20210902,000000,41.153,41.379,41.004,41.104,92289,0
BSTZ.US,D,20210903,000000,41.163,41.962,41.163,41.912,70581,0
BSTZ.US,D,20210907,000000,41.793,42.05,41.616,41.656,75587,0
BSTZ.US,D,20210908,000000,41.675,41.675,40.63,40.877,97711,0
BSTZ.US,D,20210909,000000,40.797,41.192,40.62,40.807,88598,0
BSTZ.US,D,20210910,000000,41.133,41.261,40.807,40.827,91374,0
BSTZ.US,D,20210913,000000,41.064,41.143,40.353,40.837,116424,0
BSTZ.US,D,20210914,000000,40.996,41.155,40.62,40.62,101746,0
BSTZ.US,D,20210915,000000,40.937,40.937,40.501,40.729,97665,0
BSTZ.US,D,20210916,000000,40.61,40.848,40.526,40.709,99040,0
BSTZ.US,D,20210917,000000,40.461,40.788,40.343,40.432,74098,0
BSTZ.US,D,20210920,000000,39.629,39.847,39.055,39.313,139546,0
BSTZ.US,D,20210921,000000,39.491,39.946,39.361,39.491,119169,0
BSTZ.US,D,20210922,000000,39.549,40.223,39.498,39.966,137459,0
BSTZ.US,D,20210923,000000,40.135,40.59,40.069,40.471,79427,0
BSTZ.US,D,20210924,000000,40.303,40.371,40.015,40.115,86854,0
BSTZ.US,D,20210927,000000,39.787,39.877,39.491,39.689,100081,0
BSTZ.US,D,20210928,000000,39.273,39.421,38.193,38.331,203146,0
BSTZ.US,D,20210929,000000,38.401,38.571,37.856,38.054,129810,0
BSTZ.US,D,20210930,000000,38.272,38.549,38.143,38.222,153648,0
BSTZ.US,D,20211001,000000,38.331,38.896,38.143,38.807,126896,0
BSTZ.US,D,20211004,000000,38.757,38.837,37.4,37.737,183727,0
BSTZ.US,D,20211005,000000,37.727,38.599,37.727,38.45,119008,0
BSTZ.US,D,20211006,000000,38.321,38.599,37.757,38.49,132762,0
BSTZ.US,D,20211007,000000,38.787,39.569,38.787,39.303,130187,0
BSTZ.US,D,20211008,000000,39.481,39.54,38.975,39.233,94887,0
BSTZ.US,D,20211011,000000,39.203,39.471,38.787,38.827,90038,0
BSTZ.US,D,20211012,000000,38.767,39.104,38.645,38.797,107613,0
BSTZ.US,D,20211013,000000,38.797,39.569,38.797,39.421,97170,0
BSTZ.US,D,20211014,000000,39.831,40.339,39.632,40.14,99261,0
BSTZ.US,D,20211015,000000,40.528,40.896,40.498,40.737,84815,0
BSTZ.US,D,20211018,000000,40.628,41.334,40.362,41.305,93819,0
BSTZ.US,D,20211019,000000,41.563,42.091,41.315,41.633,99680,0
BSTZ.US,D,20211020,000000,41.733,41.919,41.155,41.285,83738,0
BSTZ.US,D,20211021,000000,40.976,41.529,40.867,40.896,190585,0
BSTZ.US,D,20211022,000000,40.638,40.916,40.02,40.03,116355,0
BSTZ.US,D,20211025,000000,39.971,40.702,39.971,40.349,116712,0
BSTZ.US,D,20211026,000000,40.448,40.986,40.09,40.319,148472,0
BSTZ.US,D,20211027,000000,40.468,40.638,40.03,40.11,154390,0
BSTZ.US,D,20211028,000000,40.309,40.906,40.161,40.906,129359,0
BSTZ.US,D,20211029,000000,40.867,41.175,40.337,40.807,130470,0
BSTZ.US,D,20211101,000000,41.215,41.802,41.061,41.802,128749,0
BSTZ.US,D,20211102,000000,41.832,42.382,41.185,41.623,164267,0
BSTZ.US,D,20211103,000000,41.862,42.33,41.683,42.131,119805,0
BSTZ.US,D,20211104,000000,42.141,42.36,42.111,42.31,128370,0
BSTZ.US,D,20211105,000000,42.698,42.937,42.569,42.828,94490,0
BSTZ.US,D,20211108,000000,42.957,43.445,42.932,43.226,112257,0
BSTZ.US,D,20211109,000000,43.206,43.564,42.937,43.335,113201,0
BSTZ.US,D,20211110,000000,43.007,43.375,42.44,42.569,114280,0
BSTZ.US,D,20211111,000000,43.047,43.103,42.679,42.778,81433,0
BSTZ.US,D,20211112,000000,42.9,43.145,42.76,43.12,65119,0
BSTZ.US,D,20211115,000000,43.36,43.62,43.0316,43.17,66629,0
BSTZ.US,D,20211116,000000,43.08,43.462,43.08,43.42,116421,0
BSTZ.US,D,20211117,000000,43.36,43.4499,42.8138,43,90393,0
BSTZ.US,D,20211118,000000,43.07,43.21,42.53,42.71,75467,0
BSTZ.US,D,20211119,000000,42.6,42.81,42.04,42.13,83453,0
BSTZ.US,D,20211122,000000,42.28,42.28,40.89,41.2,135769,0
BSTZ.US,D,20211123,000000,41,41.3,39.63,39.99,177491,0
BSTZ.US,D,20211124,000000,39.65,39.82,38.88,39.82,120328,0
BSTZ.US,D,20211126,000000,39.41,40.2897,39.25,39.67,95632,0
BSTZ.US,D,20211129,000000,40.09,40.5599,39.97,40.38,89024,0
BSTZ.US,D,20211130,000000,40.46,40.57,39.42,40.02,126058,0
BSTZ.US,D,20211201,000000,40.37,40.6,38.77,38.8,159957,0
BSTZ.US,D,20211202,000000,38.52,39.28,38.44,38.7,247459,0
BSTZ.US,D,20211203,000000,38.56,38.68,36.82,37.21,307413,0
BSTZ.US,D,20211206,000000,37.25,37.88,36.29,36.84,176981,0
BSTZ.US,D,20211207,000000,37.1,38.34,37.1,38.18,202101,0
BSTZ.US,D,20211208,000000,38.33,38.99,38.0374,38.7,160180,0
BSTZ.US,D,20211209,000000,38.83,38.9898,38,38.04,100980,0
BSTZ.US,D,20211210,000000,38.4,38.5666,37.5,37.7,101825,0
BSTZ.US,D,20211213,000000,37.54,37.5999,36.6791,36.88,143212,0
BSTZ.US,D,20211214,000000,36.52,36.69,35.63,35.7,250211,0
BSTZ.US,D,20211215,000000,35.55,37.05,35.21,36.88,289170,0
BSTZ.US,D,20211216,000000,36.2,36.47,34.83,36.11,511864,0
BSTZ.US,D,20211217,000000,35.34,36.91,35.34,36.34,195635,0
BSTZ.US,D,20211220,000000,36.15,36.6,35.6,36.32,296416,0
BSTZ.US,D,20211221,000000,36.69,37.01,36.3278,36.85,203912,0
BSTZ.US,D,20211222,000000,36.84,37.63,36.74,37.61,157163,0
BSTZ.US,D,20211223,000000,37.76,38.21,37.75,38.09,219822,0
BSTZ.US,D,20211227,000000,38.28,39.09,38.28,38.84,206929,0
BSTZ.US,D,20211228,000000,38.6,38.74,37.98,37.98,99412,0
BSTZ.US,D,20211229,000000,37.9,38.35,37.68,37.98,156876,0
BSTZ.US,D,20211230,000000,37.89,38.65,37.89,38.5,187277,0
BSTZ.US,D,20211231,000000,38.93,39,38.602,38.94,372700,0
BSTZ.US,D,20220103,000000,39.11,39.11,38.4234,39.04,138740,0
BSTZ.US,D,20220104,000000,39.13,39.13,37.19,37.72,333699,0
BSTZ.US,D,20220105,000000,37.6,37.6232,35.47,35.54,299628,0
BSTZ.US,D,20220106,000000,35.26,35.77,34.54,34.81,322698,0
BSTZ.US,D,20220107,000000,34.7,34.9953,34.12,34.24,387570,0
BSTZ.US,D,20220110,000000,33.75,34.11,32.64,34.1,369341,0
BSTZ.US,D,20220111,000000,34.23,35.31,33.8301,35.23,173645,0
BSTZ.US,D,20220112,000000,35.44,35.9067,34.57,35.08,222085,0
BSTZ.US,D,20220113,000000,34.84,34.97,32.96,33.1,182367,0
BSTZ.US,D,20220114,000000,32.73,33.39,32.35,32.97,160508,0
BSTZ.US,D,20220118,000000,32.09,32.3599,31.2,31.33,397438,0
BSTZ.US,D,20220119,000000,31.5,32.2525,30.66,30.66,219182,0
BSTZ.US,D,20220120,000000,30.95,31.63,30.19,30.32,240245,0
BSTZ.US,D,20220121,000000,29.85,30.39,28.02,28.49,607288,0
