<TICKER>,<PER>,<DATE>,<TIME>,<OPEN>,<HIGH>,<LOW>,<CLOSE>,<VOL>,<OPENINT>
BW_A.US,D,20210514,000000,24.5,24.65,24.41,24.5,81471,0
BW_A.US,D,20210517,000000,24.74,24.74,24.51,24.69,51444,0
BW_A.US,D,20210518,000000,24.7,24.7,24.5,24.65,139635,0
BW_A.US,D,20210519,000000,24.57,24.74,24.33,24.675,65795,0
BW_A.US,D,20210520,000000,24.74,24.89,24.71,24.85,80189,0
BW_A.US,D,20210521,000000,24.89,25,24.85,25,79981,0
BW_A.US,D,20210524,000000,25,25.1999,24.85,24.93,169114,0
BW_A.US,D,20210525,000000,24.97,24.99,24.79,24.9,62207,0
BW_A.US,D,20210526,000000,24.93,24.98,24.78,24.95,71708,0
BW_A.US,D,20210527,000000,24.95,24.95,24.8,24.9,91589,0
BW_A.US,D,20210528,000000,24.94,25.13,24.8,24.85,412688,0
BW_A.US,D,20210601,000000,24.9,25.0971,24.9,25.05,135685,0
BW_A.US,D,20210602,000000,25.1,25.1,24.93,24.99,102938,0
BW_A.US,D,20210603,000000,25,25.08,24.97,25.05,64309,0
BW_A.US,D,20210604,000000,25.04,25.2,25.04,25.2,126048,0
BW_A.US,D,20210607,000000,25.18,25.3,25.13,25.3,84215,0
BW_A.US,D,20210608,000000,25.2899,25.55,25.2899,25.42,39829,0
BW_A.US,D,20210609,000000,25.4,25.49,25.3,25.37,30882,0
BW_A.US,D,20210610,000000,25.38,25.55,25.38,25.54,41749,0
BW_A.US,D,20210611,000000,25.55,25.7,25.55,25.7,38768,0
BW_A.US,D,20210614,000000,25.61,25.86,25.52,25.83,44797,0
BW_A.US,D,20210615,000000,25.71,25.81,25.57,25.65,87425,0
BW_A.US,D,20210616,000000,25.66,25.75,25.52,25.75,70114,0
BW_A.US,D,20210617,000000,25.48,25.6,25.38,25.5,75663,0
BW_A.US,D,20210618,000000,25.55,25.55,25.475,25.49,15118,0
BW_A.US,D,20210621,000000,25.5,25.55,25.46,25.5,25372,0
BW_A.US,D,20210622,000000,25.54,25.54,25.322,25.494,37648,0
BW_A.US,D,20210623,000000,25.54,25.54,25.46,25.5,23441,0
BW_A.US,D,20210624,000000,25.54,25.54,25.4478,25.49,12153,0
BW_A.US,D,20210625,000000,25.49,25.54,25.41,25.54,32904,0
BW_A.US,D,20210628,000000,25.54,25.54,25.4201,25.5,30435,0
BW_A.US,D,20210629,000000,25.57,25.57,25.43,25.56,27021,0
BW_A.US,D,20210630,000000,25.5,25.5,25.4525,25.49,81400,0
BW_A.US,D,20210701,000000,25.4923,25.5,25.44,25.48,30038,0
BW_A.US,D,20210702,000000,25.5,25.62,25.4,25.5,74800,0
BW_A.US,D,20210706,000000,25.5,25.75,25.43,25.65,37342,0
BW_A.US,D,20210707,000000,25.07,25.7335,25.07,25.5,160917,0
BW_A.US,D,20210708,000000,25.48,25.7248,25.35,25.5,41866,0
BW_A.US,D,20210709,000000,25.55,25.6881,25.3924,25.56,60050,0
BW_A.US,D,20210712,000000,25.5,25.66,25.5,25.55,62113,0
BW_A.US,D,20210713,000000,25.5,25.59,25.215,25.48,43329,0
BW_A.US,D,20210714,000000,25.5,25.65,25.325,25.555,33006,0
BW_A.US,D,20210715,000000,25.55,25.66,25.37,25.44,15641,0
BW_A.US,D,20210716,000000,25.6,25.74,25.45,25.69,28233,0
BW_A.US,D,20210719,000000,25.5,25.74,25.5,25.52,22930,0
BW_A.US,D,20210720,000000,25.43,25.59,25.43,25.5,36597,0
BW_A.US,D,20210721,000000,25.51,25.74,25.5,25.73,26503,0
BW_A.US,D,20210722,000000,25.73,25.75,25.6437,25.72,38556,0
BW_A.US,D,20210723,000000,25.74,25.74,25.615,25.74,26164,0
BW_A.US,D,20210726,000000,25.74,25.74,25.53,25.7,41187,0
BW_A.US,D,20210727,000000,25.68,25.7,25.62,25.65,42349,0
BW_A.US,D,20210728,000000,25.7,25.7,25.6,25.65,26527,0
BW_A.US,D,20210729,000000,25.74,25.74,25.61,25.64,33289,0
BW_A.US,D,20210730,000000,25.7387,25.75,25.54,25.65,349046,0
BW_A.US,D,20210802,000000,25.68,25.7,25.63,25.68,31515,0
BW_A.US,D,20210803,000000,25.67,25.74,25.64,25.64,31257,0
BW_A.US,D,20210804,000000,25.68,25.7421,25.52,25.57,36755,0
BW_A.US,D,20210805,000000,25.63,25.65,25.5109,25.56,17426,0
BW_A.US,D,20210806,000000,25.55,25.59,25.37,25.54,64081,0
BW_A.US,D,20210809,000000,25.44,25.5,25.27,25.36,12416,0
BW_A.US,D,20210810,000000,25.42,25.42,25.04,25.3,17712,0
BW_A.US,D,20210811,000000,25.4,25.4,25.22,25.27,16094,0
BW_A.US,D,20210812,000000,25.36,25.5262,25.25,25.34,30098,0
BW_A.US,D,20210813,000000,25.33,25.4799,25.2254,25.37,80228,0
BW_A.US,D,20210816,000000,25.4,25.41,25.29,25.35,24456,0
BW_A.US,D,20210817,000000,25.39,25.39,25.2,25.35,25115,0
BW_A.US,D,20210818,000000,25.31,25.35,25.22,25.335,34355,0
BW_A.US,D,20210819,000000,25.21,25.3997,25.21,25.35,10033,0
BW_A.US,D,20210820,000000,25.35,25.3995,25.31,25.35,10422,0
BW_A.US,D,20210823,000000,25.2768,25.4464,25.26,25.34,46387,0
BW_A.US,D,20210824,000000,25.4199,25.43,25.3,25.375,30338,0
BW_A.US,D,20210825,000000,25.35,25.42,25.25,25.3,29623,0
BW_A.US,D,20210826,000000,25.26,25.35,25.2,25.2696,22174,0
BW_A.US,D,20210827,000000,25.34,25.37,25.25,25.3,14257,0
BW_A.US,D,20210830,000000,25.3,25.39,25.29,25.37,32001,0
BW_A.US,D,20210831,000000,25.33,25.395,25.26,25.3,9906,0
BW_A.US,D,20210901,000000,25.3,25.4016,25.3,25.34,40350,0
BW_A.US,D,20210902,000000,25.3815,25.39,25.325,25.34,31755,0
BW_A.US,D,20210903,000000,25.35,25.4191,25.3,25.35,53596,0
BW_A.US,D,20210907,000000,25.33,25.38,25.3,25.3,17899,0
BW_A.US,D,20210908,000000,25.3,25.3191,25.26,25.28,18573,0
BW_A.US,D,20210909,000000,25.3,25.41,25.25,25.3,20773,0
BW_A.US,D,20210910,000000,25.3,25.3947,25.26,25.3,42118,0
BW_A.US,D,20210913,000000,25.3,25.3911,25.27,25.3,23055,0
BW_A.US,D,20210914,000000,24.94,25.3,24.895,25.0792,27725,0
BW_A.US,D,20210915,000000,25.1234,25.25,25.0801,25.2,15920,0
BW_A.US,D,20210916,000000,25.2075,25.2882,25.2075,25.25,41648,0
BW_A.US,D,20210917,000000,25.23,25.25,25.137,25.25,23228,0
BW_A.US,D,20210920,000000,25.25,25.25,25.2158,25.2329,9562,0
BW_A.US,D,20210921,000000,25.25,25.25,25.1,25.12,24415,0
BW_A.US,D,20210922,000000,25.18,25.25,25.15,25.2,13890,0
BW_A.US,D,20210923,000000,25.2492,25.25,25.1394,25.25,26708,0
BW_A.US,D,20210924,000000,25.1126,25.25,25.11,25.2,7559,0
BW_A.US,D,20210927,000000,25.2,25.2398,25.0941,25.21,26930,0
BW_A.US,D,20210928,000000,25.08,25.2,25,25.06,19819,0
BW_A.US,D,20210929,000000,25.11,25.2,25.0201,25.15,22982,0
BW_A.US,D,20210930,000000,25.1373,25.2,25.0396,25.2,19266,0
BW_A.US,D,20211001,000000,25.2,25.25,25.1643,25.2,18993,0
BW_A.US,D,20211004,000000,25.2,25.2,25.1,25.19,14406,0
BW_A.US,D,20211005,000000,25.225,25.225,25.1,25.16,29668,0
BW_A.US,D,20211006,000000,25.19,25.2,25.17,25.2,18216,0
BW_A.US,D,20211007,000000,25.2,25.2,25.15,25.1999,27140,0
BW_A.US,D,20211008,000000,25.2,25.2125,25.15,25.2,13250,0
BW_A.US,D,20211011,000000,25.2188,25.22,25.175,25.22,17772,0
BW_A.US,D,20211012,000000,25.225,25.25,25.15,25.2,21131,0
BW_A.US,D,20211013,000000,25.2301,25.2499,25.1745,25.23,30683,0
BW_A.US,D,20211014,000000,25.235,25.28,25.22,25.24,54825,0
BW_A.US,D,20211015,000000,25.24,25.4411,25.22,25.3842,92786,0
BW_A.US,D,20211018,000000,25.38,25.38,25.305,25.35,11011,0
BW_A.US,D,20211019,000000,25.34,25.3737,25.17,25.3,14503,0
BW_A.US,D,20211020,000000,25.3034,25.3034,25.25,25.28,19925,0
BW_A.US,D,20211021,000000,25.25,25.3213,25.17,25.19,13779,0
BW_A.US,D,20211022,000000,25.28,25.3,25.2,25.2,6386,0
BW_A.US,D,20211025,000000,25.15,25.25,25.15,25.2,14001,0
BW_A.US,D,20211026,000000,25.2,25.22,25.1895,25.2,10605,0
BW_A.US,D,20211027,000000,25.2,25.24,25.1567,25.2,14241,0
BW_A.US,D,20211028,000000,25.21,25.2283,25.17,25.19,9659,0
BW_A.US,D,20211029,000000,25.19,25.25,25.18,25.2,15750,0
BW_A.US,D,20211101,000000,25.2,25.2399,25.16,25.2,15996,0
BW_A.US,D,20211102,000000,25.2,25.3299,25.15,25.18,16335,0
BW_A.US,D,20211103,000000,25.18,25.2525,25.14,25.205,9096,0
BW_A.US,D,20211104,000000,25.22,25.3799,25.2,25.36,127812,0
BW_A.US,D,20211105,000000,25.27,25.4,25.2,25.25,18789,0
BW_A.US,D,20211108,000000,25.23,25.26,25.1732,25.22,23521,0
BW_A.US,D,20211109,000000,25.2257,25.23,25.19,25.23,52802,0
BW_A.US,D,20211110,000000,25.21,25.2559,25.05,25.1954,22117,0
BW_A.US,D,20211111,000000,25.2,25.31,25.2,25.28,102860,0
BW_A.US,D,20211112,000000,25.3299,25.3299,25.1778,25.18,31196,0
BW_A.US,D,20211115,000000,25.2,25.27,25.2,25.22,12531,0
BW_A.US,D,20211116,000000,25.22,25.2588,25.195,25.2,20120,0
BW_A.US,D,20211117,000000,25.2,25.28,25.2,25.22,96490,0
BW_A.US,D,20211118,000000,25.33,25.33,25.16,25.2,19695,0
BW_A.US,D,20211119,000000,25.3,25.3,25.1999,25.225,15207,0
BW_A.US,D,20211122,000000,25.2499,25.25,25.215,25.24,21640,0
BW_A.US,D,20211123,000000,25.24,25.2789,25.1801,25.215,18559,0
BW_A.US,D,20211124,000000,25.22,25.2499,25.185,25.23,17937,0
BW_A.US,D,20211126,000000,25.19,25.245,25.19,25.2001,10206,0
BW_A.US,D,20211129,000000,25.25,25.35,25.25,25.29,22448,0
BW_A.US,D,20211130,000000,25.33,25.6,25.33,25.58,24647,0
BW_A.US,D,20211201,000000,25.6,26.43,25.56,26.03,17808,0
BW_A.US,D,20211202,000000,26.05,26.31,25.52,26.02,44522,0
BW_A.US,D,20211203,000000,26.26,26.26,26,26.15,16279,0
BW_A.US,D,20211206,000000,25.95,26.3,25.95,26,23965,0
BW_A.US,D,20211207,000000,26.01,26.01,25.6,25.7,35228,0
BW_A.US,D,20211208,000000,25.7,25.75,25.525,25.55,30992,0
BW_A.US,D,20211209,000000,25.54,25.6388,25.4,25.47,24329,0
BW_A.US,D,20211210,000000,25.47,25.5244,25.3219,25.4,20751,0
BW_A.US,D,20211213,000000,25.45,25.46,25.35,25.42,53609,0
BW_A.US,D,20211214,000000,25.07,25.1392,25,25,28202,0
BW_A.US,D,20211215,000000,25,25.0699,24.98,25,49812,0
BW_A.US,D,20211216,000000,24.98,25.025,24.9,24.99,27423,0
BW_A.US,D,20211217,000000,24.97,25.04,24.9276,25,80841,0
BW_A.US,D,20211220,000000,25,25.0334,24.95,24.97,21121,0
BW_A.US,D,20211221,000000,25,25,24.95,24.98,48071,0
BW_A.US,D,20211222,000000,24.985,25,24.95,24.98,29540,0
BW_A.US,D,20211223,000000,25,25,24.95,24.9947,44589,0
BW_A.US,D,20211227,000000,25,25.0222,24.96,24.97,21087,0
BW_A.US,D,20211228,000000,25,25.0499,24.95,25,78480,0
BW_A.US,D,20211229,000000,25,25.0099,24.95,24.99,71758,0
BW_A.US,D,20211230,000000,25,25.0378,24.99,25.01,77223,0
BW_A.US,D,20211231,000000,25,25.05,24.99,25,60836,0
BW_A.US,D,20220103,000000,25,25,24.89,25,30600,0
BW_A.US,D,20220104,000000,25,25.02,24.9201,25.02,31495,0
BW_A.US,D,20220105,000000,25.02,25.04,24.99,24.99,22143,0
BW_A.US,D,20220106,000000,25.015,25.02,24.99,25,14716,0
BW_A.US,D,20220107,000000,25.047,25.05,25,25.02,28279,0
BW_A.US,D,20220110,000000,25.05,25.05,25,25.02,16347,0
BW_A.US,D,20220111,000000,25.01,25.05,25,25.025,22040,0
BW_A.US,D,20220112,000000,25.01,25.05,25,25.0429,31682,0
BW_A.US,D,20220113,000000,25.03,25.04,25.01,25.01,33794,0
BW_A.US,D,20220114,000000,25.0241,25.04,25,25,19312,0
BW_A.US,D,20220118,000000,24.98,25,24.9714,24.99,14776,0
BW_A.US,D,20220119,000000,25,25.0064,24.99,25,16711,0
BW_A.US,D,20220120,000000,25,25.05,24.99,25,10718,0
BW_A.US,D,20220121,000000,25,25.005,24.98,24.9842,17544,0
