<TICKER>,<PER>,<DATE>,<TIME>,<OPEN>,<HIGH>,<LOW>,<CLOSE>,<VOL>,<OPENINT>
CINR.US,D,20151109,000000,15.544,15.812,15.477,15.631,30917,0
CINR.US,D,20151110,000000,15.293,15.597,15.139,15.277,51121,0
CINR.US,D,20151111,000000,15.277,15.745,15.139,15.55,29276,0
CINR.US,D,20151112,000000,15.745,15.745,14.803,14.945,35517,0
CINR.US,D,20151113,000000,15.039,15.597,14.816,15.193,32694,0
CINR.US,D,20151116,000000,15.059,15.503,14.904,15.253,31803,0
CINR.US,D,20151117,000000,15.214,15.396,14.913,15.018,18574,0
CINR.US,D,20151118,000000,15.018,15.408,14.966,15.154,10849,0
CINR.US,D,20151119,000000,15.309,15.477,15.1,15.477,10702,0
CINR.US,D,20151120,000000,15.477,15.631,15.059,15.55,15899,0
CINR.US,D,20151123,000000,15.341,15.605,15.092,15.139,22739,0
CINR.US,D,20151124,000000,15.283,15.283,14.992,15.146,32251,0
CINR.US,D,20151125,000000,15.026,15.376,14.945,15.376,18727,0
CINR.US,D,20151127,000000,15.408,15.469,15.408,15.448,593,0
CINR.US,D,20151130,000000,15.469,15.469,14.959,15.079,57516,0
CINR.US,D,20151201,000000,15.174,15.309,14.978,15.206,20088,0
CINR.US,D,20151202,000000,15.1,15.241,14.959,15.039,28532,0
CINR.US,D,20151203,000000,15.139,15.139,14.953,15.007,33601,0
CINR.US,D,20151204,000000,15.092,15.328,15.007,15.132,36558,0
CINR.US,D,20151207,000000,15.18,15.18,14.803,14.81,41910,0
CINR.US,D,20151208,000000,14.992,14.992,14.486,14.56,32963,0
CINR.US,D,20151209,000000,14.6,14.803,14.567,14.803,35667,0
CINR.US,D,20151210,000000,14.824,14.824,14.534,14.649,16644,0
CINR.US,D,20151211,000000,14.486,14.803,14.434,14.434,32845,0
CINR.US,D,20151214,000000,14.514,14.796,14.514,14.526,47350,0
CINR.US,D,20151215,000000,14.664,14.777,14.334,14.446,44436,0
CINR.US,D,20151216,000000,14.623,14.73,14.469,14.469,23331,0
CINR.US,D,20151217,000000,14.635,14.938,14.5,14.796,68807,0
CINR.US,D,20151218,000000,14.938,15.121,14.796,15.092,59890,0
CINR.US,D,20151221,000000,15.105,15.105,14.839,15.039,13523,0
CINR.US,D,20151222,000000,14.953,15.174,14.953,15.139,51959,0
CINR.US,D,20151223,000000,15.174,15.206,15.052,15.174,31211,0
CINR.US,D,20151224,000000,15.234,15.611,15.193,15.443,24893,0
CINR.US,D,20151228,000000,15.443,15.631,15.139,15.187,48303,0
CINR.US,D,20151229,000000,15.277,15.277,15.007,15.127,36339,0
CINR.US,D,20151230,000000,14.97,15.139,14.97,14.985,47872,0
CINR.US,D,20151231,000000,14.998,15.071,14.998,15.018,16690,0
CINR.US,D,20160104,000000,14.803,15.376,14.803,15.113,25071,0
CINR.US,D,20160105,000000,15.012,15.255,14.803,14.81,34020,0
CINR.US,D,20160106,000000,14.81,15.132,14.803,14.816,27371,0
CINR.US,D,20160107,000000,14.743,14.803,14.614,14.635,38891,0
CINR.US,D,20160108,000000,14.664,14.664,13.712,14.144,472397,0
CINR.US,D,20160111,000000,14.567,14.567,13.95,14.144,30972,0
CINR.US,D,20160112,000000,14.164,14.272,13.166,13.638,289016,0
CINR.US,D,20160113,000000,13.755,13.755,13.29,13.595,136122,0
CINR.US,D,20160114,000000,13.633,14.272,13.558,14.198,136855,0
CINR.US,D,20160115,000000,13.876,14.084,13.808,13.982,53553,0
CINR.US,D,20160119,000000,14.158,14.272,13.603,13.694,56177,0
CINR.US,D,20160120,000000,13.456,13.456,12.653,13.277,351232,0
CINR.US,D,20160121,000000,13.295,13.909,13.295,13.801,22558,0
CINR.US,D,20160122,000000,14.534,14.703,14.125,14.285,32243,0
CINR.US,D,20160125,000000,14.266,14.266,13.801,13.982,36231,0
CINR.US,D,20160126,000000,14.219,14.233,13.529,14.01,390323,0
CINR.US,D,20160127,000000,14.175,15.052,13.863,14.776,363253,0
CINR.US,D,20160128,000000,15.024,15.122,14.601,14.705,60010,0
CINR.US,D,20160129,000000,14.886,15.57,14.81,15.175,53528,0
CINR.US,D,20160201,000000,15.3,15.702,15.182,15.418,31028,0
CINR.US,D,20160202,000000,15.345,15.811,15.17,15.364,43582,0
CINR.US,D,20160203,000000,15.3,15.612,15.24,15.356,56977,0
CINR.US,D,20160204,000000,15.447,16.075,15.384,15.84,41918,0
CINR.US,D,20160205,000000,15.8,15.935,15.555,15.84,31858,0
CINR.US,D,20160208,000000,15.8,16.517,15.8,16.319,96337,0
CINR.US,D,20160209,000000,16.336,16.336,15.391,15.391,31482,0
CINR.US,D,20160210,000000,15.494,15.895,15.292,15.349,35648,0
CINR.US,D,20160211,000000,15.004,15.004,14.182,14.23,74913,0
CINR.US,D,20160212,000000,14.576,14.825,14.415,14.524,37445,0
CINR.US,D,20160216,000000,14.541,14.684,14.16,14.678,82039,0
CINR.US,D,20160217,000000,14.692,15.071,14.524,14.783,42163,0
CINR.US,D,20160218,000000,14.643,15.175,14.533,14.967,180914,0
CINR.US,D,20160219,000000,14.975,14.975,14.684,14.705,30729,0
CINR.US,D,20160222,000000,14.864,15.128,14.354,14.767,65905,0
CINR.US,D,20160223,000000,14.684,14.895,14.524,14.846,41385,0
CINR.US,D,20160224,000000,14.783,15.141,14.776,14.998,68096,0
CINR.US,D,20160225,000000,15.071,15.071,14.936,15.067,8628,0
CINR.US,D,20160226,000000,15.21,15.21,14.926,15.19,19158,0
CINR.US,D,20160229,000000,15.17,15.8,15.079,15.659,47132,0
CINR.US,D,20160301,000000,15.866,16.207,15.542,15.639,25398,0
CINR.US,D,20160302,000000,15.963,15.963,15.356,15.834,31502,0
CINR.US,D,20160303,000000,15.84,16.171,15.84,16.103,36422,0
CINR.US,D,20160304,000000,16.083,16.385,16.042,16.219,26000,0
CINR.US,D,20160307,000000,16.26,16.487,16.226,16.469,21516,0
CINR.US,D,20160308,000000,16.427,16.457,16.083,16.336,15550,0
CINR.US,D,20160309,000000,16.509,16.526,16.132,16.509,26286,0
CINR.US,D,20160310,000000,16.582,16.582,16.428,16.461,14675,0
CINR.US,D,20160311,000000,16.533,16.533,16.431,16.457,9585,0
CINR.US,D,20160314,000000,16.457,16.926,16.457,16.676,221236,0
CINR.US,D,20160315,000000,16.676,17.273,16.676,17.113,162330,0
CINR.US,D,20160316,000000,17.291,17.949,17.223,17.812,153826,0
CINR.US,D,20160317,000000,17.804,17.976,17.375,17.679,94954,0
CINR.US,D,20160318,000000,17.679,17.899,17.285,17.812,347754,0
CINR.US,D,20160321,000000,18.159,18.286,17.361,17.769,177540,0
CINR.US,D,20160322,000000,17.528,17.734,17.528,17.7,61621,0
CINR.US,D,20160323,000000,17.7,17.7,16.975,17.493,95473,0
CINR.US,D,20160324,000000,17.383,17.734,17.383,17.631,53863,0
CINR.US,D,20160328,000000,17.631,17.631,17.157,17.47,69241,0
CINR.US,D,20160329,000000,17.569,17.921,17.313,17.894,43316,0
CINR.US,D,20160330,000000,17.846,17.976,17.725,17.907,94159,0
CINR.US,D,20160331,000000,17.812,17.97,17.734,17.881,27856,0
CINR.US,D,20160401,000000,17.714,18.143,17.466,18.143,59224,0
CINR.US,D,20160404,000000,18.117,18.219,17.907,18.101,69861,0
CINR.US,D,20160405,000000,17.777,17.989,17.777,17.907,54982,0
CINR.US,D,20160406,000000,17.777,18.094,17.777,18.085,51110,0
CINR.US,D,20160407,000000,18.08,18.219,18.004,18.219,33514,0
CINR.US,D,20160408,000000,18.151,18.765,18.127,18.759,50258,0
CINR.US,D,20160411,000000,18.725,18.772,18.557,18.626,62779,0
CINR.US,D,20160412,000000,18.634,19.303,18.557,18.944,50905,0
CINR.US,D,20160413,000000,18.958,19.552,18.896,19.277,68006,0
CINR.US,D,20160414,000000,19.255,19.449,18.991,19.277,59975,0
CINR.US,D,20160415,000000,19.255,19.435,19.193,19.381,79217,0
CINR.US,D,20160418,000000,19.393,19.663,19.323,19.323,92889,0
CINR.US,D,20160419,000000,19.643,19.663,19.532,19.568,89399,0
CINR.US,D,20160420,000000,19.691,20.03,19.568,19.893,71283,0
CINR.US,D,20160421,000000,19.893,20.442,19.733,20.362,90939,0
CINR.US,D,20160422,000000,20.419,20.605,19.711,20.272,168017,0
CINR.US,D,20160425,000000,20.292,20.54,20.225,20.378,100832,0
CINR.US,D,20160426,000000,20.225,20.521,20.126,20.252,130834,0
CINR.US,D,20160427,000000,20.238,20.789,20.091,20.789,74599,0
CINR.US,D,20160428,000000,20.577,21.099,20.466,20.895,79591,0
CINR.US,D,20160429,000000,20.944,21.581,20.572,20.869,86431,0
CINR.US,D,20160502,000000,20.869,20.869,20.114,20.861,67035,0
CINR.US,D,20160503,000000,20.566,20.641,19.491,19.936,101837,0
CINR.US,D,20160504,000000,19.72,19.923,19.211,19.605,156960,0
CINR.US,D,20160505,000000,19.632,20.321,19.218,19.945,90414,0
CINR.US,D,20160506,000000,19.738,20.303,19.211,20.184,79683,0
CINR.US,D,20160509,000000,20.091,20.219,19.098,19.428,91084,0
CINR.US,D,20160510,000000,19.521,19.844,19.247,19.69,76631,0
CINR.US,D,20160511,000000,19.745,19.957,19.684,19.931,48840,0
CINR.US,D,20160512,000000,20.127,20.297,19.874,19.874,88147,0
CINR.US,D,20160513,000000,19.88,20.269,19.88,19.987,83193,0
CINR.US,D,20160516,000000,20.029,20.419,19.923,20.1,78024,0
CINR.US,D,20160517,000000,20.091,20.456,20.091,20.212,39305,0
CINR.US,D,20160518,000000,20.227,20.227,19.514,19.564,41675,0
CINR.US,D,20160519,000000,19.473,19.72,19.274,19.476,42863,0
CINR.US,D,20160520,000000,19.727,20.17,19.282,19.667,29586,0
CINR.US,D,20160523,000000,19.831,19.936,19.67,19.69,28936,0
CINR.US,D,20160524,000000,19.703,20,19.535,19.811,65782,0
CINR.US,D,20160525,000000,19.839,20.289,19.806,20.042,46635,0
CINR.US,D,20160526,000000,20.233,20.401,19.794,19.993,15954,0
CINR.US,D,20160527,000000,19.936,20.029,19.773,19.88,18065,0
CINR.US,D,20160531,000000,19.867,19.95,19.738,19.95,32166,0
CINR.US,D,20160601,000000,19.776,19.886,19.329,19.584,42811,0
CINR.US,D,20160602,000000,19.648,19.852,19.5,19.69,43353,0
CINR.US,D,20160603,000000,19.867,20.091,19.71,20.091,50421,0
CINR.US,D,20160606,000000,20.091,20.091,19.684,19.972,85154,0
CINR.US,D,20160607,000000,19.915,19.987,19.564,19.656,88616,0
CINR.US,D,20160608,000000,19.824,20.042,19.734,20.007,34432,0
CINR.US,D,20160609,000000,19.993,20.023,19.745,19.95,30127,0
CINR.US,D,20160610,000000,19.804,20.212,19.804,20,43104,0
CINR.US,D,20160613,000000,19.972,19.972,19.605,19.69,27230,0
CINR.US,D,20160614,000000,19.632,20.007,19.393,19.752,56838,0
CINR.US,D,20160615,000000,19.88,20.401,19.729,20.269,37881,0
CINR.US,D,20160616,000000,20.36,20.409,19.776,20.135,44984,0
CINR.US,D,20160617,000000,20.135,20.436,19.945,20.246,40315,0
CINR.US,D,20160620,000000,20.063,20.353,20.063,20.17,53787,0
CINR.US,D,20160621,000000,20.289,20.316,19.95,20.058,22998,0
CINR.US,D,20160622,000000,20.189,20.189,19.556,19.622,43175,0
CINR.US,D,20160623,000000,19.622,19.745,19.572,19.627,15477,0
CINR.US,D,20160624,000000,19.393,19.604,19.393,19.514,52055,0
CINR.US,D,20160627,000000,19.409,19.584,18.505,19.548,132482,0
CINR.US,D,20160628,000000,19.64,19.993,19.384,19.761,33173,0
CINR.US,D,20160629,000000,20.135,20.135,19.672,19.831,59755,0
CINR.US,D,20160630,000000,19.844,20.135,19.752,19.752,43169,0
CINR.US,D,20160701,000000,19.811,20.269,19.811,20.17,42372,0
CINR.US,D,20160705,000000,27.565,27.565,20.266,20.812,191546,0
CINR.US,D,20160706,000000,21.057,22.074,20.935,21.396,147673,0
CINR.US,D,20160707,000000,21.657,21.74,21.468,21.567,52560,0
CINR.US,D,20160708,000000,21.706,22.074,21.642,22.032,75596,0
CINR.US,D,20160711,000000,22.223,22.747,21.444,21.601,88281,0
CINR.US,D,20160712,000000,21.838,22.347,21.774,22.347,65523,0
CINR.US,D,20160713,000000,22.403,22.779,22.346,22.771,100703,0
CINR.US,D,20160714,000000,22.771,23.15,22.44,22.65,89397,0
CINR.US,D,20160715,000000,22.779,23.193,21.706,21.819,131941,0
CINR.US,D,20160718,000000,22.038,22.489,21.502,22.403,84961,0
CINR.US,D,20160719,000000,22.403,22.545,21.642,22.121,94177,0
CINR.US,D,20160720,000000,22.101,22.912,22.06,22.912,86866,0
CINR.US,D,20160721,000000,22.912,22.951,22.629,22.912,104322,0
CINR.US,D,20160722,000000,22.821,23.088,22.566,22.83,75716,0
CINR.US,D,20160725,000000,23.052,23.123,21.961,22.138,122420,0
CINR.US,D,20160726,000000,22.101,23.002,22.047,22.904,134723,0
CINR.US,D,20160727,000000,22.903,23.812,22.674,23.082,105089,0
CINR.US,D,20160728,000000,22.788,22.967,21.834,22.099,77593,0
CINR.US,D,20160729,000000,22.071,22.312,21.886,21.921,42428,0
CINR.US,D,20160801,000000,22.138,22.138,21.921,21.963,38825,0
CINR.US,D,20160802,000000,21.963,21.963,21.165,21.382,71319,0
CINR.US,D,20160803,000000,21.526,21.661,21.346,21.596,52214,0
CINR.US,D,20160804,000000,21.669,22.399,21.208,22.084,62065,0
CINR.US,D,20160805,000000,21.679,22.013,20.271,20.915,216797,0
CINR.US,D,20160808,000000,20.986,21.287,20.502,20.571,110207,0
CINR.US,D,20160809,000000,20.276,20.656,19.737,20.549,130085,0
CINR.US,D,20160810,000000,20.8,20.831,20.149,20.349,38991,0
CINR.US,D,20160811,000000,20.434,21.388,20.369,21.281,85845,0
CINR.US,D,20160812,000000,21.202,21.233,20.506,20.571,77034,0
CINR.US,D,20160815,000000,20.556,21.05,20.499,20.499,65477,0
CINR.US,D,20160816,000000,20.556,21.024,19.984,20.263,72899,0
CINR.US,D,20160817,000000,20.29,20.719,20.133,20.514,58714,0
CINR.US,D,20160818,000000,20.491,20.807,20.271,20.68,47172,0
CINR.US,D,20160819,000000,20.541,20.772,20.474,20.636,66224,0
CINR.US,D,20160822,000000,20.541,20.843,20.266,20.514,54046,0
CINR.US,D,20160823,000000,20.714,21.007,20.379,20.592,64205,0
CINR.US,D,20160824,000000,20.499,21.024,20.362,20.636,61123,0
CINR.US,D,20160825,000000,20.491,20.656,20.404,20.499,29571,0
CINR.US,D,20160826,000000,20.386,20.47,20.205,20.379,51878,0
CINR.US,D,20160829,000000,20.441,20.742,20.305,20.577,50258,0
CINR.US,D,20160830,000000,20.571,21.024,20.441,20.866,54892,0
CINR.US,D,20160831,000000,20.786,20.974,20.664,20.8,28588,0
CINR.US,D,20160901,000000,20.699,20.994,20.529,20.908,35687,0
CINR.US,D,20160902,000000,20.965,21.332,20.414,21.316,65799,0
CINR.US,D,20160906,000000,21.332,22.228,21.332,21.784,60911,0
CINR.US,D,20160907,000000,21.921,22.183,21.519,22.077,52818,0
CINR.US,D,20160908,000000,21.978,22.313,21.605,22.313,44237,0
CINR.US,D,20160909,000000,22.214,22.421,20.807,20.807,75188,0
CINR.US,D,20160912,000000,20.858,21.78,20.858,21.712,58563,0
CINR.US,D,20160913,000000,21.433,21.669,21.208,21.545,70468,0
CINR.US,D,20160914,000000,21.587,21.746,20.951,21.625,40821,0
CINR.US,D,20160915,000000,21.545,21.703,21.281,21.554,30502,0
CINR.US,D,20160916,000000,21.504,21.712,21.323,21.504,13391,0
CINR.US,D,20160919,000000,21.504,21.784,21.351,21.634,51698,0
CINR.US,D,20160920,000000,21.511,21.768,21.511,21.575,15421,0
CINR.US,D,20160921,000000,21.712,21.761,21.495,21.596,28080,0
CINR.US,D,20160922,000000,21.789,21.886,21.531,21.849,21926,0
CINR.US,D,20160923,000000,21.877,22.25,21.562,21.834,30013,0
CINR.US,D,20160926,000000,21.703,22.028,21.082,21.281,41905,0
CINR.US,D,20160927,000000,21.411,21.863,21.266,21.812,32322,0
CINR.US,D,20160928,000000,21.69,22.414,21.403,22.381,63711,0
CINR.US,D,20160929,000000,22.258,22.594,21.526,21.804,29694,0
CINR.US,D,20160930,000000,21.926,22.393,21.834,22.338,54547,0
CINR.US,D,20161003,000000,22.163,22.643,21.909,22.643,34191,0
CINR.US,D,20161004,000000,22.457,22.651,22.071,22.258,52123,0
CINR.US,D,20161005,000000,22.265,22.417,22.114,22.292,51380,0
CINR.US,D,20161006,000000,22.141,22.601,21.963,22.138,48733,0
CINR.US,D,20161007,000000,22.223,22.59,21.963,22.488,75672,0
CINR.US,D,20161010,000000,22.421,22.601,21.886,21.926,23113,0
CINR.US,D,20161011,000000,21.991,22.637,21.545,22.536,51308,0
CINR.US,D,20161012,000000,22.338,22.716,22.25,22.25,22228,0
CINR.US,D,20161013,000000,22.106,22.74,21.708,22.313,64380,0
CINR.US,D,20161014,000000,22.421,22.73,22.005,22.013,23906,0
CINR.US,D,20161017,000000,22.206,22.629,22.064,22.329,31552,0
CINR.US,D,20161018,000000,22.572,22.588,22.099,22.265,83169,0
CINR.US,D,20161019,000000,22.579,22.952,22.492,22.952,49521,0
CINR.US,D,20161020,000000,22.894,22.961,22.718,22.825,13748,0
CINR.US,D,20161021,000000,22.78,22.874,22.682,22.809,34928,0
CINR.US,D,20161024,000000,22.961,22.961,22.27,22.373,42818,0
CINR.US,D,20161025,000000,22.507,22.952,22.419,22.78,32879,0
CINR.US,D,20161026,000000,22.808,22.946,22.67,22.779,24670,0
CINR.US,D,20161027,000000,22.837,23.004,22.67,22.917,23248,0
CINR.US,D,20161028,000000,22.837,23.165,22.573,22.573,31458,0
CINR.US,D,20161031,000000,22.831,22.831,21.574,21.966,47294,0
CINR.US,D,20161101,000000,21.858,21.927,21.442,21.55,36475,0
CINR.US,D,20161102,000000,21.55,21.55,20.975,21.274,43587,0
CINR.US,D,20161103,000000,21.186,21.266,21.097,21.112,22078,0
CINR.US,D,20161104,000000,21.01,21.186,20.893,21.186,15715,0
CINR.US,D,20161107,000000,21.186,22.443,21.186,21.858,44011,0
CINR.US,D,20161108,000000,21.72,22.138,21.259,21.917,34352,0
CINR.US,D,20161109,000000,21.646,22.353,21.535,21.975,57144,0
CINR.US,D,20161110,000000,22.099,22.567,22.021,22.335,69240,0
CINR.US,D,20161111,000000,22.305,22.413,22.07,22.07,23028,0
CINR.US,D,20161114,000000,22.138,22.478,21.925,21.966,35315,0
CINR.US,D,20161115,000000,21.966,22.831,21.751,22.75,57333,0
CINR.US,D,20161116,000000,22.398,22.757,22.236,22.742,30169,0
CINR.US,D,20161117,000000,22.595,22.974,22.501,22.823,34342,0
CINR.US,D,20161118,000000,22.851,22.868,22.339,22.757,19757,0
CINR.US,D,20161121,000000,22.69,22.831,22.354,22.573,31912,0
CINR.US,D,20161122,000000,22.626,22.626,22.125,22.273,26754,0
CINR.US,D,20161123,000000,22.011,22.208,21.917,21.931,16759,0
CINR.US,D,20161125,000000,22.063,22.083,21.807,21.843,20951,0
CINR.US,D,20161128,000000,21.807,22.224,21.807,22.181,40586,0
CINR.US,D,20161129,000000,22.077,22.179,21.69,22.114,42541,0
CINR.US,D,20161130,000000,22.003,22.646,21.925,22.646,34456,0
CINR.US,D,20161201,000000,22.595,22.595,22.142,22.378,24621,0
CINR.US,D,20161202,000000,22.326,22.612,22.165,22.288,12722,0
CINR.US,D,20161205,000000,22.354,22.618,22.297,22.48,18595,0
CINR.US,D,20161206,000000,22.201,22.64,22.201,22.64,15335,0
CINR.US,D,20161207,000000,22.611,22.779,22.253,22.253,44396,0
CINR.US,D,20161208,000000,22.305,22.574,22.174,22.427,10406,0
CINR.US,D,20161209,000000,22.398,22.419,22.208,22.346,15158,0
CINR.US,D,20161212,000000,22.45,22.544,22.282,22.297,25580,0
CINR.US,D,20161213,000000,22.297,22.459,22.217,22.267,8429,0
CINR.US,D,20161214,000000,22.21,22.36,21.938,22.026,22177,0
CINR.US,D,20161215,000000,22.084,22.31,22.019,22.063,22243,0
CINR.US,D,20161216,000000,22.116,22.267,22.063,22.2,29283,0
CINR.US,D,20161219,000000,22.187,22.233,22.138,22.138,12804,0
CINR.US,D,20161220,000000,22.138,22.165,22.026,22.07,22362,0
CINR.US,D,20161221,000000,22.063,22.217,21.881,21.881,24764,0
CINR.US,D,20161222,000000,21.917,22.034,21.55,21.55,20302,0
CINR.US,D,20161223,000000,21.551,21.813,21.193,21.201,38598,0
CINR.US,D,20161227,000000,21.287,21.339,21.186,21.201,69941,0
CINR.US,D,20161228,000000,21.186,21.186,20.822,20.892,38230,0
CINR.US,D,20161229,000000,20.865,21.244,20.828,21.186,21099,0
CINR.US,D,20161230,000000,21.287,21.287,20.719,21.186,28479,0
CINR.US,D,20170103,000000,21.251,22.26,21.039,21.925,25695,0
CINR.US,D,20170104,000000,22.046,22.26,21.714,21.9,25255,0
CINR.US,D,20170105,000000,21.881,22.831,21.755,22.831,59308,0
CINR.US,D,20170106,000000,22.646,22.831,21.983,22.346,28429,0
CINR.US,D,20170109,000000,22.099,22.099,21.807,21.983,22306,0
CINR.US,D,20170110,000000,21.858,22.604,21.858,22.573,37396,0
CINR.US,D,20170111,000000,22.614,22.646,22.12,22.573,24506,0
CINR.US,D,20170112,000000,22.501,22.501,22.192,22.208,27100,0
CINR.US,D,20170113,000000,22.217,22.501,22.217,22.354,25323,0
CINR.US,D,20170117,000000,22.354,22.841,22.346,22.786,28253,0
CINR.US,D,20170118,000000,22.757,22.786,22.286,22.354,26801,0
CINR.US,D,20170119,000000,22.419,22.823,22.413,22.672,23281,0
CINR.US,D,20170120,000000,22.815,22.903,22.502,22.808,27367,0
CINR.US,D,20170123,000000,22.903,23.194,22.78,23.165,38419,0
CINR.US,D,20170124,000000,23.106,23.443,22.735,23.275,37052,0
CINR.US,D,20170125,000000,23.377,23.68,23.377,23.423,41308,0
CINR.US,D,20170126,000000,23.597,23.742,23.538,23.538,53694,0
CINR.US,D,20170127,000000,23.44,23.767,22.842,22.993,35682,0
CINR.US,D,20170130,000000,22.748,22.913,22.481,22.741,33266,0
CINR.US,D,20170131,000000,22.704,23.711,22.503,23.402,31524,0
CINR.US,D,20170201,000000,23.432,23.432,22.888,23.314,19113,0
CINR.US,D,20170202,000000,23.148,23.364,22.837,22.869,18395,0
CINR.US,D,20170203,000000,23.137,23.61,23.024,23.181,28900,0
CINR.US,D,20170206,000000,23.09,23.333,22.904,23.198,18006,0
CINR.US,D,20170207,000000,23.314,23.425,23.052,23.113,13513,0
CINR.US,D,20170208,000000,23.2,23.417,22.904,23.388,18207,0
CINR.US,D,20170209,000000,23.187,23.33,22.948,22.965,20671,0
CINR.US,D,20170210,000000,23.181,23.2,22.94,23.008,10483,0
CINR.US,D,20170213,000000,23.156,23.238,22.688,22.688,28776,0
CINR.US,D,20170214,000000,22.688,23.199,22.688,22.998,12457,0
CINR.US,D,20170215,000000,23.156,23.209,22.755,23.209,15969,0
CINR.US,D,20170216,000000,23.217,23.217,22.877,22.993,27196,0
CINR.US,D,20170217,000000,23.163,23.163,21.887,22.204,176214,0
CINR.US,D,20170221,000000,21.802,21.844,19.93,20.577,300078,0
CINR.US,D,20170222,000000,20.45,20.582,20.278,20.45,94079,0
CINR.US,D,20170223,000000,20.45,20.848,20.45,20.763,34315,0
CINR.US,D,20170224,000000,20.784,20.784,20.421,20.45,55465,0
CINR.US,D,20170227,000000,20.45,20.836,20.45,20.486,34838,0
CINR.US,D,20170228,000000,20.45,20.746,20.45,20.642,49216,0
CINR.US,D,20170301,000000,20.582,20.827,20.458,20.562,38608,0
CINR.US,D,20170302,000000,20.674,20.814,20.265,20.45,80922,0
CINR.US,D,20170303,000000,20.606,20.71,20.285,20.525,49309,0
CINR.US,D,20170306,000000,20.466,20.926,20.466,20.756,39701,0
CINR.US,D,20170307,000000,20.57,21.17,20.563,21.17,45963,0
CINR.US,D,20170308,000000,21.194,21.194,20.636,20.658,46285,0
CINR.US,D,20170309,000000,20.658,20.822,20.408,20.674,46882,0
CINR.US,D,20170310,000000,20.702,20.822,20.674,20.687,37050,0
CINR.US,D,20170313,000000,20.702,21.095,20.702,21.037,15709,0
CINR.US,D,20170314,000000,20.947,21.025,20.384,20.486,38184,0
CINR.US,D,20170315,000000,20.429,20.843,20.425,20.65,64047,0
CINR.US,D,20170316,000000,20.577,20.719,20.384,20.466,59925,0
CINR.US,D,20170317,000000,20.45,20.65,20.153,20.249,237637,0
CINR.US,D,20170320,000000,20.129,20.799,20.129,20.65,104401,0
CINR.US,D,20170321,000000,20.746,20.763,20.458,20.472,31579,0
CINR.US,D,20170322,000000,20.466,20.746,20.367,20.636,26945,0
CINR.US,D,20170323,000000,20.442,21.17,20.442,21.015,58303,0
CINR.US,D,20170324,000000,21.006,21.585,20.956,21.397,33976,0
CINR.US,D,20170327,000000,21.083,21.633,20.764,21.379,23382,0
CINR.US,D,20170328,000000,21.379,21.567,21.099,21.232,31094,0
CINR.US,D,20170329,000000,21.87,21.87,21.257,21.306,14463,0
CINR.US,D,20170330,000000,21.306,21.532,21.09,21.285,29850,0
CINR.US,D,20170331,000000,21.289,21.42,21.128,21.216,28789,0
CINR.US,D,20170403,000000,21.194,21.253,21.006,21.121,17978,0
CINR.US,D,20170404,000000,21.121,21.319,21.121,21.157,15559,0
CINR.US,D,20170405,000000,21.157,21.336,21.095,21.095,39349,0
CINR.US,D,20170406,000000,21.103,21.277,20.822,21.09,28442,0
CINR.US,D,20170407,000000,21.045,21.097,20.778,20.875,21988,0
CINR.US,D,20170410,000000,20.784,21.497,20.776,21.497,33508,0
CINR.US,D,20170411,000000,21.424,21.818,21.336,21.342,19422,0
CINR.US,D,20170412,000000,21.438,21.736,21.379,21.394,31689,0
CINR.US,D,20170413,000000,21.394,21.511,20.933,21.141,14053,0
CINR.US,D,20170417,000000,21.045,21.462,21.006,21.006,19468,0
CINR.US,D,20170418,000000,20.933,21.452,20.822,20.971,32067,0
CINR.US,D,20170419,000000,21.015,21.237,20.919,21.208,10468,0
CINR.US,D,20170420,000000,21.232,21.386,21.141,21.299,9880,0
CINR.US,D,20170421,000000,21.122,21.399,21.122,21.201,11307,0
CINR.US,D,20170424,000000,21.402,21.454,21.133,21.201,20344,0
CINR.US,D,20170425,000000,21.31,21.424,21.157,21.201,24077,0
CINR.US,D,20170426,000000,21.267,21.562,21.216,21.416,28403,0
CINR.US,D,20170427,000000,21.55,21.582,21.239,21.256,25884,0
CINR.US,D,20170428,000000,21.43,21.587,21.285,21.587,8632,0
CINR.US,D,20170501,000000,21.649,21.649,21.323,21.46,25943,0
CINR.US,D,20170502,000000,21.362,21.605,21.362,21.605,30733,0
CINR.US,D,20170503,000000,21.619,21.619,21.256,21.314,10490,0
CINR.US,D,20170504,000000,21.332,21.415,20.915,21.239,17478,0
CINR.US,D,20170505,000000,21.239,21.605,21.239,21.559,16571,0
CINR.US,D,20170508,000000,21.559,21.619,21.353,21.353,12310,0
CINR.US,D,20170509,000000,21.337,21.613,21.278,21.613,41433,0
CINR.US,D,20170510,000000,21.626,22.112,21.578,21.923,80096,0
CINR.US,D,20170511,000000,21.892,22.119,21.641,22.051,7298,0
CINR.US,D,20170512,000000,21.869,22.228,21.528,22.228,34123,0
CINR.US,D,20170515,000000,22.567,22.567,21.657,21.998,25772,0
CINR.US,D,20170516,000000,22.182,22.362,21.87,21.887,12029,0
CINR.US,D,20170517,000000,21.854,22.168,21.662,21.998,16249,0
CINR.US,D,20170518,000000,22.112,22.188,21.636,21.998,14170,0
CINR.US,D,20170519,000000,21.892,21.899,21.256,21.256,100967,0
CINR.US,D,20170522,000000,21.384,21.568,21.239,21.239,23652,0
CINR.US,D,20170523,000000,21.239,21.418,21.049,21.049,37846,0
CINR.US,D,20170524,000000,20.906,21.239,20.861,20.861,22598,0
CINR.US,D,20170525,000000,20.889,21.2,20.48,20.48,40652,0
CINR.US,D,20170526,000000,20.496,20.921,20.496,20.7,18344,0
CINR.US,D,20170530,000000,20.807,20.852,20.519,20.595,27482,0
CINR.US,D,20170531,000000,20.604,20.693,20.329,20.48,22083,0
CINR.US,D,20170601,000000,20.48,21.003,20.48,20.889,7841,0
CINR.US,D,20170602,000000,20.898,20.929,20.692,20.717,8386,0
CINR.US,D,20170605,000000,20.907,21.923,20.853,21.923,75803,0
CINR.US,D,20170606,000000,21.985,21.991,21.386,21.674,39554,0
CINR.US,D,20170607,000000,21.686,21.877,21.657,21.718,25223,0
CINR.US,D,20170608,000000,21.735,21.844,21.652,21.68,8209,0
CINR.US,D,20170609,000000,21.751,21.751,21.436,21.505,32660,0
CINR.US,D,20170612,000000,21.505,21.882,21.505,21.847,7350,0
CINR.US,D,20170613,000000,21.887,21.887,21.657,21.772,8180,0
CINR.US,D,20170614,000000,21.763,21.763,21.542,21.542,15288,0
CINR.US,D,20170615,000000,21.421,21.755,21.338,21.436,9717,0
CINR.US,D,20170616,000000,21.55,21.653,21.323,21.496,14893,0
CINR.US,D,20170619,000000,21.744,21.744,21.283,21.301,12985,0
CINR.US,D,20170620,000000,21.278,21.377,21.012,21.239,16068,0
CINR.US,D,20170621,000000,21.285,21.384,21.006,21.202,16368,0
CINR.US,D,20170622,000000,21.513,21.513,21.024,21.094,9241,0
CINR.US,D,20170623,000000,21.094,21.44,21.073,21.293,7434,0
CINR.US,D,20170626,000000,21.323,21.43,21.195,21.384,9382,0
CINR.US,D,20170627,000000,21.441,21.513,21.314,21.452,12160,0
CINR.US,D,20170628,000000,21.505,21.612,21.323,21.323,9382,0
CINR.US,D,20170629,000000,21.434,21.434,20.725,20.784,23604,0
CINR.US,D,20170630,000000,20.763,21.355,20.671,20.784,40398,0
CINR.US,D,20170703,000000,20.898,21.186,20.745,20.769,13769,0
CINR.US,D,20170705,000000,21.012,21.012,20.738,20.87,41490,0
CINR.US,D,20170706,000000,20.823,20.898,20.721,20.791,11273,0
CINR.US,D,20170707,000000,20.878,20.959,20.738,20.738,10020,0
CINR.US,D,20170710,000000,20.83,20.993,20.512,20.784,27037,0
CINR.US,D,20170711,000000,20.738,20.823,20.503,20.503,30246,0
CINR.US,D,20170712,000000,20.574,20.815,20.503,20.61,21877,0
CINR.US,D,20170713,000000,20.721,20.823,20.721,20.784,7724,0
CINR.US,D,20170714,000000,20.769,20.967,20.769,20.852,14024,0
CINR.US,D,20170717,000000,20.975,21.11,20.929,21.012,12380,0
CINR.US,D,20170718,000000,21.012,21.283,21.012,21.012,8281,0
CINR.US,D,20170719,000000,21.18,21.195,21.036,21.089,8061,0
CINR.US,D,20170720,000000,21.239,21.239,20.663,20.663,10569,0
CINR.US,D,20170721,000000,20.823,21.168,20.633,20.639,12835,0
CINR.US,D,20170724,000000,20.566,20.633,20.48,20.48,19403,0
CINR.US,D,20170725,000000,20.496,21.073,20.48,20.898,27051,0
CINR.US,D,20170726,000000,20.928,21.233,20.838,21.218,9695,0
CINR.US,D,20170727,000000,21.218,21.239,20.936,21.073,12600,0
CINR.US,D,20170728,000000,20.861,21.171,20.519,20.549,48317,0
CINR.US,D,20170731,000000,20.566,20.929,20.566,20.7,32008,0
CINR.US,D,20170801,000000,20.759,21.157,20.519,20.549,34420,0
CINR.US,D,20170802,000000,20.595,20.815,20.595,20.815,11367,0
CINR.US,D,20170803,000000,20.921,20.921,20.426,20.472,27980,0
CINR.US,D,20170804,000000,20.333,20.363,20.138,20.17,29353,0
CINR.US,D,20170807,000000,20.007,20.007,18.821,19.751,142830,0
CINR.US,D,20170808,000000,18.821,18.962,17.51,18.473,234190,0
CINR.US,D,20170809,000000,18.319,18.585,17.946,18.45,132116,0
CINR.US,D,20170810,000000,18.434,19.581,18.326,19.55,74262,0
CINR.US,D,20170811,000000,19.55,19.559,18.412,18.52,55548,0
CINR.US,D,20170814,000000,18.628,19.134,18.628,18.714,32754,0
CINR.US,D,20170815,000000,18.705,18.923,18.341,18.589,26565,0
CINR.US,D,20170816,000000,18.644,18.956,18.363,18.589,36853,0
CINR.US,D,20170817,000000,18.535,18.589,18.353,18.42,262825,0
CINR.US,D,20170818,000000,18.473,18.473,18.271,18.442,34117,0
CINR.US,D,20170821,000000,18.512,18.672,18.203,18.257,56349,0
CINR.US,D,20170822,000000,18.271,18.479,18.107,18.295,49455,0
CINR.US,D,20170823,000000,18.28,18.589,18.28,18.496,33195,0
CINR.US,D,20170824,000000,18.466,19.133,18.466,18.954,22306,0
CINR.US,D,20170825,000000,18.962,18.962,18.405,18.774,39722,0
CINR.US,D,20170828,000000,18.714,18.846,18.379,18.405,28593,0
CINR.US,D,20170829,000000,18.405,18.589,18.32,18.427,19727,0
CINR.US,D,20170830,000000,18.319,18.542,18.319,18.358,17281,0
CINR.US,D,20170831,000000,18.387,18.583,18.387,18.583,15876,0
CINR.US,D,20170901,000000,18.589,18.84,18.589,18.705,10255,0
CINR.US,D,20170905,000000,18.714,18.937,18.706,18.743,14281,0
CINR.US,D,20170906,000000,18.705,18.954,18.396,18.55,21208,0
CINR.US,D,20170907,000000,18.558,18.772,18.442,18.481,27036,0
CINR.US,D,20170908,000000,18.52,18.899,18.473,18.589,12360,0
CINR.US,D,20170911,000000,18.837,18.976,18.598,18.976,23276,0
CINR.US,D,20170912,000000,19.101,19.751,19.063,19.751,20269,0
CINR.US,D,20170913,000000,19.751,20.062,19.211,19.899,30482,0
CINR.US,D,20170914,000000,20.007,20.216,19.751,19.751,13078,0
CINR.US,D,20170915,000000,19.751,19.946,19.73,19.79,16472,0
CINR.US,D,20170918,000000,19.751,19.999,19.751,19.869,28658,0
CINR.US,D,20170919,000000,19.999,19.999,18.992,18.992,27779,0
CINR.US,D,20170920,000000,19.109,19.717,19.078,19.403,24252,0
CINR.US,D,20170921,000000,19.286,19.433,18.651,18.651,12808,0
CINR.US,D,20170922,000000,18.854,19.266,18.535,18.535,20413,0
CINR.US,D,20170925,000000,18.743,19.394,18.644,18.799,52158,0
CINR.US,D,20170926,000000,18.807,19.692,18.807,19.574,11083,0
CINR.US,D,20170927,000000,19.574,19.574,18.862,19.232,39226,0
CINR.US,D,20170928,000000,19.349,19.712,19.296,19.496,8907,0
CINR.US,D,20170929,000000,19.55,19.559,19.403,19.403,2388,0
CINR.US,D,20171002,000000,19.364,19.704,19.356,19.373,4267,0
CINR.US,D,20171003,000000,19.527,19.675,19.373,19.403,16809,0
CINR.US,D,20171004,000000,19.364,19.937,19.335,19.488,16563,0
CINR.US,D,20171005,000000,19.512,19.891,19.412,19.682,36600,0
CINR.US,D,20171006,000000,19.751,19.751,19.575,19.581,5988,0
CINR.US,D,20171009,000000,19.751,19.93,19.751,19.751,5858,0
CINR.US,D,20171010,000000,19.751,19.751,19.675,19.682,6153,0
CINR.US,D,20171011,000000,19.675,19.922,19.302,19.829,33089,0
CINR.US,D,20171012,000000,19.751,19.937,19.403,19.931,51923,0
CINR.US,D,20171013,000000,19.704,20.1,19.364,19.985,49908,0
CINR.US,D,20171016,000000,19.736,19.985,19.45,19.559,47784,0
CINR.US,D,20171017,000000,19.559,19.869,19.364,19.364,17544,0
CINR.US,D,20171018,000000,19.479,19.73,19.062,19.596,8245,0
CINR.US,D,20171019,000000,19.634,19.666,19.354,19.596,7870,0
CINR.US,D,20171020,000000,19.522,19.907,19.505,19.907,18695,0
CINR.US,D,20171023,000000,19.869,20.138,19.568,20.122,16545,0
CINR.US,D,20171024,000000,19.934,19.934,19.596,19.617,9074,0
CINR.US,D,20171025,000000,19.559,19.651,19.237,19.651,32937,0
CINR.US,D,20171026,000000,19.659,20.13,19.479,19.675,23517,0
CINR.US,D,20171027,000000,19.675,19.675,19.256,19.403,13301,0
CINR.US,D,20171030,000000,19.441,19.588,19.139,19.465,20113,0
CINR.US,D,20171031,000000,19.465,19.674,19.147,19.433,16097,0
CINR.US,D,20171101,000000,19.921,19.921,19.441,19.596,3748,0
CINR.US,D,20171102,000000,19.666,20.13,19.411,19.751,26088,0
CINR.US,D,20171103,000000,19.701,19.701,19.147,19.439,17588,0
CINR.US,D,20171106,000000,19.67,19.685,19.029,19.685,23364,0
CINR.US,D,20171107,000000,19.29,19.41,19.044,19.139,44218,0
CINR.US,D,20171108,000000,19.194,19.568,19.052,19.56,20309,0
CINR.US,D,20171109,000000,19.41,19.423,19.147,19.392,11037,0
CINR.US,D,20171110,000000,19.298,19.637,19.091,19.56,16728,0
CINR.US,D,20171113,000000,19.528,19.528,19.22,19.259,16200,0
CINR.US,D,20171114,000000,19.211,19.354,18.957,19.329,23872,0
CINR.US,D,20171115,000000,19.242,19.615,19.013,19.37,18263,0
CINR.US,D,20171116,000000,19.41,19.67,19.391,19.663,21547,0
CINR.US,D,20171117,000000,19.625,20.128,19.606,19.836,16159,0
CINR.US,D,20171120,000000,20.035,20.2,20.002,20.193,18863,0
CINR.US,D,20171121,000000,20.273,20.519,20.2,20.2,20820,0
CINR.US,D,20171122,000000,20.21,20.463,19.775,20.2,8680,0
CINR.US,D,20171124,000000,20.114,20.184,19.775,20.009,12457,0
CINR.US,D,20171127,000000,19.97,20.2,19.788,20.146,22407,0
CINR.US,D,20171128,000000,20.161,20.519,20.066,20.296,25183,0
CINR.US,D,20171129,000000,20.351,20.517,20.322,20.463,13199,0
CINR.US,D,20171130,000000,20.463,20.597,20.193,20.597,33245,0
CINR.US,D,20171201,000000,20.597,20.803,20.437,20.731,36440,0
CINR.US,D,20171204,000000,20.835,20.994,20.448,20.794,14747,0
CINR.US,D,20171205,000000,20.58,20.58,20.279,20.329,10281,0
CINR.US,D,20171206,000000,20.351,20.486,20.216,20.397,8341,0
CINR.US,D,20171207,000000,20.304,20.51,19.939,20.51,10795,0
CINR.US,D,20171208,000000,20.304,20.304,19.97,20.002,5984,0
CINR.US,D,20171211,000000,19.979,20.339,19.884,20.279,55097,0
CINR.US,D,20171212,000000,20.279,20.397,19.977,20.088,12051,0
CINR.US,D,20171213,000000,19.987,20.488,19.987,20.177,32489,0
CINR.US,D,20171214,000000,20.184,20.2,19.97,20.193,20460,0
CINR.US,D,20171215,000000,20.146,20.315,20.05,20.05,24805,0
CINR.US,D,20171218,000000,20.151,20.319,20.058,20.128,24193,0
CINR.US,D,20171219,000000,19.884,19.884,19.464,19.535,47643,0
CINR.US,D,20171220,000000,19.528,20.088,19.423,19.805,36680,0
CINR.US,D,20171221,000000,19.805,20.122,19.646,19.954,19784,0
CINR.US,D,20171222,000000,20.05,20.233,19.805,20.083,13752,0
CINR.US,D,20171226,000000,20.066,20.319,19.748,20.019,31963,0
CINR.US,D,20171227,000000,20.009,20.39,20.009,20.39,16684,0
CINR.US,D,20171228,000000,20.39,20.397,20.133,20.216,26923,0
CINR.US,D,20171229,000000,20.177,20.393,19.893,19.893,31759,0
CINR.US,D,20180102,000000,19.963,20.437,19.963,20.437,21239,0
CINR.US,D,20180103,000000,20.287,20.51,20.233,20.479,14356,0
CINR.US,D,20180104,000000,20.519,20.597,20.278,20.597,30961,0
CINR.US,D,20180105,000000,20.588,20.876,20.458,20.811,12132,0
CINR.US,D,20180108,000000,20.876,20.876,20.528,20.549,19853,0
CINR.US,D,20180109,000000,20.557,20.867,20.39,20.39,35812,0
CINR.US,D,20180110,000000,20.437,20.82,20.329,20.397,12032,0
CINR.US,D,20180111,000000,20.534,20.82,20.463,20.725,14632,0
CINR.US,D,20180112,000000,20.756,21.135,20.716,20.994,27321,0
CINR.US,D,20180116,000000,21.072,21.176,20.612,20.794,22009,0
CINR.US,D,20180117,000000,20.85,21.103,20.663,20.897,14044,0
CINR.US,D,20180118,000000,21.085,21.135,20.597,21.007,15382,0
CINR.US,D,20180119,000000,21.04,21.658,20.994,21.636,19953,0
CINR.US,D,20180122,000000,21.636,21.943,21.484,21.921,16739,0
CINR.US,D,20180123,000000,21.786,21.786,21.388,21.594,13287,0
CINR.US,D,20180124,000000,21.626,21.771,21.231,21.565,5467,0
CINR.US,D,20180125,000000,21.499,21.761,21.256,21.565,14179,0
CINR.US,D,20180126,000000,21.589,21.709,21.499,21.585,8669,0
CINR.US,D,20180129,000000,21.666,21.771,21.444,21.452,25169,0
CINR.US,D,20180130,000000,21.279,21.484,20.994,21.223,19573,0
CINR.US,D,20180131,000000,21.026,21.388,21.026,21.047,21044,0
CINR.US,D,20180201,000000,20.606,21.388,20.606,20.954,55676,0
CINR.US,D,20180202,000000,20.915,21.388,20.915,21.262,31391,0
CINR.US,D,20180205,000000,21.231,21.745,20.835,21.016,17765,0
CINR.US,D,20180206,000000,20.716,21.736,20.716,21.736,31547,0
CINR.US,D,20180207,000000,21.565,22.175,21.31,22.046,37921,0
CINR.US,D,20180208,000000,22.126,22.174,21.676,21.753,33369,0
CINR.US,D,20180209,000000,22.083,22.091,20.97,21.208,36959,0
CINR.US,D,20180212,000000,21.355,21.962,20.765,20.95,70385,0
CINR.US,D,20180213,000000,21.014,22.203,21.014,22.203,41135,0
CINR.US,D,20180214,000000,21.969,22.495,21.519,22.495,18467,0
CINR.US,D,20180215,000000,22.317,23.295,22.269,22.972,41080,0
CINR.US,D,20180216,000000,23.329,23.442,22.342,22.446,14229,0
CINR.US,D,20180220,000000,22.181,22.595,22.181,22.181,22484,0
CINR.US,D,20180221,000000,22.342,22.722,21.526,21.646,43168,0
CINR.US,D,20180222,000000,21.799,22.243,21.607,21.607,8227,0
CINR.US,D,20180223,000000,21.776,22.229,21.738,21.856,12940,0
CINR.US,D,20180226,000000,22.071,22.419,21.945,22.326,10878,0
CINR.US,D,20180227,000000,22.326,22.461,21.957,22.389,33356,0
CINR.US,D,20180228,000000,22.422,22.446,21.871,22.383,12312,0
CINR.US,D,20180301,000000,21.949,22.277,21.728,22.203,7815,0
CINR.US,D,20180302,000000,22.067,22.291,21.759,22.001,7521,0
CINR.US,D,20180305,000000,22.026,22.355,21.875,22.341,13614,0
CINR.US,D,20180306,000000,22.365,22.454,22.164,22.382,9717,0
CINR.US,D,20180307,000000,22.342,22.811,22.341,22.529,7587,0
CINR.US,D,20180308,000000,22.529,22.682,22.317,22.479,7944,0
CINR.US,D,20180309,000000,22.771,22.841,22.287,22.841,17094,0
CINR.US,D,20180312,000000,22.794,23.75,22.556,22.948,16974,0
CINR.US,D,20180313,000000,23.176,23.579,22.85,22.891,11465,0
CINR.US,D,20180314,000000,23.166,23.279,23.004,23.264,6519,0
CINR.US,D,20180315,000000,23.239,23.303,22.688,22.771,36811,0
CINR.US,D,20180316,000000,22.762,23.256,22.648,22.648,6238,0
CINR.US,D,20180319,000000,22.666,22.666,22.529,22.529,6695,0
CINR.US,D,20180320,000000,22.609,23.191,22.529,22.617,14865,0
CINR.US,D,20180321,000000,22.836,23.238,22.609,22.609,8528,0
CINR.US,D,20180322,000000,22.609,22.738,22.083,22.083,8095,0
CINR.US,D,20180323,000000,22.342,22.543,21.719,21.719,6879,0
CINR.US,D,20180326,000000,22.001,22.277,21.557,22.268,4363,0
CINR.US,D,20180327,000000,22.277,22.584,21.979,21.979,3484,0
CINR.US,D,20180328,000000,22.035,22.383,21.4,21.75,8277,0
CINR.US,D,20180329,000000,21.75,22.551,21.658,22.551,4859,0
CINR.US,D,20180402,000000,22.01,22.576,21.637,22.026,14834,0
CINR.US,D,20180403,000000,21.979,22.303,21.686,21.728,17659,0
CINR.US,D,20180404,000000,21.637,22.244,21.637,22.101,14742,0
CINR.US,D,20180405,000000,22.244,22.529,22.244,22.488,10998,0
CINR.US,D,20180406,000000,22.533,22.568,22.087,22.181,9218,0
CINR.US,D,20180409,000000,22.244,22.56,21.951,22.56,11268,0
CINR.US,D,20180410,000000,22.722,22.722,22.001,22.059,50664,0
CINR.US,D,20180411,000000,22.059,22.495,21.848,22.059,122362,0
CINR.US,D,20180412,000000,22.296,22.539,22.059,22.539,4118,0
CINR.US,D,20180413,000000,22.56,22.56,22.067,22.067,14604,0
CINR.US,D,20180416,000000,22.164,22.542,22.001,22.01,17383,0
CINR.US,D,20180417,000000,22.018,22.548,22.018,22.083,23279,0
CINR.US,D,20180418,000000,22.56,22.56,22.083,22.083,7458,0
CINR.US,D,20180419,000000,22.001,22.491,22.001,22.075,11806,0
CINR.US,D,20180420,000000,22.268,22.268,21.881,21.905,18730,0
CINR.US,D,20180423,000000,22.083,22.083,21.606,21.637,32767,0
CINR.US,D,20180424,000000,21.637,21.886,21.054,21.072,15354,0
CINR.US,D,20180425,000000,21.355,21.355,21.014,21.014,31350,0
CINR.US,D,20180426,000000,21.148,21.346,21.039,21.072,9822,0
CINR.US,D,20180427,000000,21.046,21.302,21.033,21.033,27020,0
CINR.US,D,20180430,000000,21.046,21.825,21.046,21.46,26855,0
CINR.US,D,20180501,000000,21.25,21.75,21.25,21.258,11878,0
CINR.US,D,20180502,000000,21.386,21.75,21.386,21.71,5644,0
CINR.US,D,20180503,000000,21.685,22.098,21.644,21.741,9681,0
CINR.US,D,20180504,000000,21.856,22.17,21.376,21.897,12517,0
CINR.US,D,20180507,000000,21.838,22.268,21.236,21.236,14266,0
CINR.US,D,20180508,000000,21.22,21.887,20.691,20.699,26263,0
CINR.US,D,20180509,000000,20.592,21.112,20.195,20.244,50784,0
CINR.US,D,20180510,000000,20.038,20.389,20.038,20.162,54530,0
CINR.US,D,20180511,000000,20.195,20.438,20.121,20.22,104598,0
CINR.US,D,20180514,000000,20.378,20.48,20.172,20.329,31375,0
CINR.US,D,20180515,000000,20.361,20.361,20.162,20.171,19674,0
CINR.US,D,20180516,000000,20.162,20.334,20.08,20.137,25136,0
CINR.US,D,20180517,000000,20.235,20.798,19.632,20.212,31305,0
CINR.US,D,20180518,000000,20.235,20.658,20.064,20.285,4593,0
CINR.US,D,20180521,000000,20.542,20.65,20.258,20.577,20853,0
CINR.US,D,20180522,000000,20.65,21.046,20.372,21.012,23259,0
CINR.US,D,20180523,000000,20.946,20.946,20.641,20.754,7509,0
CINR.US,D,20180524,000000,20.881,20.888,20.667,20.831,16797,0
CINR.US,D,20180525,000000,20.823,20.99,20.783,20.906,4690,0
CINR.US,D,20180529,000000,20.931,20.988,20.393,20.956,8630,0
CINR.US,D,20180530,000000,20.938,21.385,20.839,21.253,16287,0
CINR.US,D,20180531,000000,21.353,22.303,20.957,22.303,41546,0
CINR.US,D,20180601,000000,22.303,22.715,21.697,22.03,34009,0
CINR.US,D,20180604,000000,21.824,22.278,21.676,21.691,10466,0
CINR.US,D,20180605,000000,21.683,22.218,20.906,21.136,18945,0
CINR.US,D,20180606,000000,20.988,21.158,20.748,20.748,17325,0
CINR.US,D,20180607,000000,20.888,21.446,20.888,21.434,1685,0
CINR.US,D,20180608,000000,21.17,21.17,20.981,20.981,6031,0
CINR.US,D,20180611,000000,20.988,21.312,20.783,20.865,20170,0
CINR.US,D,20180612,000000,20.865,21.351,20.783,20.906,15125,0
CINR.US,D,20180613,000000,20.823,21.313,20.748,21.095,11106,0
CINR.US,D,20180614,000000,20.996,21.417,20.829,21.245,17339,0
CINR.US,D,20180615,000000,21.269,21.568,21.233,21.468,11813,0
CINR.US,D,20180618,000000,21.527,22.004,21.397,21.649,18931,0
CINR.US,D,20180619,000000,21.698,21.774,21.559,21.604,5293,0
CINR.US,D,20180620,000000,21.609,21.978,21.609,21.649,4464,0
CINR.US,D,20180621,000000,21.856,21.882,21.609,21.848,8835,0
CINR.US,D,20180622,000000,21.825,21.987,21.559,21.575,17269,0
CINR.US,D,20180625,000000,21.667,22.059,21.667,22.046,14138,0
CINR.US,D,20180626,000000,22.071,22.179,21.666,22.179,16700,0
CINR.US,D,20180627,000000,22.229,22.229,21.74,21.824,13081,0
CINR.US,D,20180628,000000,21.815,21.815,21.559,21.661,5465,0
CINR.US,D,20180629,000000,21.734,21.734,21.683,21.716,1516,0
CINR.US,D,20180702,000000,21.568,21.724,21.559,21.649,6499,0
CINR.US,D,20180703,000000,21.625,22.035,21.621,21.789,4690,0
CINR.US,D,20180705,000000,21.987,22.26,21.897,22.253,6379,0
CINR.US,D,20180706,000000,22.229,22.516,22.167,22.401,9178,0
CINR.US,D,20180709,000000,22.516,22.724,22.149,22.418,15415,0
CINR.US,D,20180710,000000,22.418,22.732,22.418,22.443,6022,0
CINR.US,D,20180711,000000,22.782,22.782,22.436,22.708,11194,0
CINR.US,D,20180712,000000,22.896,22.896,22.64,22.708,10656,0
CINR.US,D,20180713,000000,22.724,22.724,22.477,22.526,6160,0
CINR.US,D,20180716,000000,22.516,22.814,22.516,22.69,6146,0
CINR.US,D,20180717,000000,22.69,23.054,22.69,22.775,6077,0
CINR.US,D,20180718,000000,22.749,23.03,22.559,22.775,18183,0
CINR.US,D,20180719,000000,22.724,22.888,22.724,22.776,1711,0
CINR.US,D,20180720,000000,22.874,22.874,22.724,22.839,3852,0
CINR.US,D,20180723,000000,22.831,23.043,22.678,22.678,3217,0
CINR.US,D,20180724,000000,22.632,22.972,22.632,22.756,8438,0
CINR.US,D,20180725,000000,23.004,23.004,22.666,22.857,7220,0
CINR.US,D,20180726,000000,23.003,23.038,22.932,22.952,7331,0
CINR.US,D,20180727,000000,23.004,23.023,22.874,22.905,7195,0
CINR.US,D,20180730,000000,23.054,23.054,22.829,22.829,4931,0
CINR.US,D,20180731,000000,22.989,23.013,22.84,22.972,3525,0
CINR.US,D,20180801,000000,23.054,23.34,22.972,23.026,12784,0
CINR.US,D,20180802,000000,23.32,23.477,23.138,23.138,9524,0
CINR.US,D,20180803,000000,23.66,23.725,23.138,23.322,7801,0
CINR.US,D,20180806,000000,23.322,23.686,23.322,23.546,4579,0
CINR.US,D,20180807,000000,23.88,23.922,23.618,23.846,11193,0
CINR.US,D,20180808,000000,23.676,23.745,23.364,23.382,6084,0
CINR.US,D,20180809,000000,23.774,23.988,23.553,23.922,2716,0
CINR.US,D,20180810,000000,23.364,23.669,22.941,23.029,23897,0
CINR.US,D,20180813,000000,23.221,23.221,22.795,22.935,2299,0
CINR.US,D,20180814,000000,22.858,23.231,22.858,23.079,9199,0
CINR.US,D,20180815,000000,23.147,23.147,22.646,22.664,5810,0
CINR.US,D,20180816,000000,22.776,23.196,22.657,22.657,8206,0
CINR.US,D,20180817,000000,23.001,23.231,22.804,22.858,3450,0
CINR.US,D,20180820,000000,23.238,23.264,22.858,23.01,7436,0
CINR.US,D,20180821,000000,23.028,23.196,22.817,22.885,7891,0
CINR.US,D,20180822,000000,22.868,23.045,22.657,22.657,11989,0
CINR.US,D,20180823,000000,22.749,22.858,22.749,22.858,1027,0
CINR.US,D,20180824,000000,22.614,23.143,22.614,22.782,8555,0
CINR.US,D,20180827,000000,22.858,23.28,22.776,23.103,17104,0
CINR.US,D,20180828,000000,23.446,23.446,23.158,23.309,2045,0
CINR.US,D,20180829,000000,23.196,23.322,23.05,23.238,6657,0
CINR.US,D,20180830,000000,23.626,23.694,23.28,23.609,5571,0
CINR.US,D,20180831,000000,23.297,23.4,23.24,23.254,5621,0
CINR.US,D,20180904,000000,23.297,23.441,22.959,23.087,5673,0
CINR.US,D,20180905,000000,23.241,23.364,23.204,23.322,4020,0
CINR.US,D,20180906,000000,23.491,23.538,23.407,23.535,3797,0
CINR.US,D,20180907,000000,23.484,23.609,23.265,23.567,7144,0
CINR.US,D,20180910,000000,23.618,23.618,23.407,23.484,2891,0
CINR.US,D,20180911,000000,23.424,23.582,23.415,23.415,11141,0
CINR.US,D,20180912,000000,23.484,23.484,22.868,22.868,13514,0
CINR.US,D,20180913,000000,23.161,23.161,23.029,23.153,3129,0
CINR.US,D,20180914,000000,22.987,23.214,22.987,23.032,2066,0
CINR.US,D,20180917,000000,23.111,23.576,22.589,22.766,23704,0
CINR.US,D,20180918,000000,22.935,23.011,22.79,22.948,2351,0
CINR.US,D,20180919,000000,22.993,23.081,22.993,23.052,2330,0
CINR.US,D,20180920,000000,23.145,23.154,23.094,23.094,1060,0
CINR.US,D,20180921,000000,23.196,23.246,23.069,23.069,5128,0
CINR.US,D,20180924,000000,23.028,23.083,22.941,22.941,5626,0
CINR.US,D,20180925,000000,22.9,22.965,22.894,22.918,7486,0
CINR.US,D,20180926,000000,22.941,22.941,22.841,22.858,8226,0
CINR.US,D,20180927,000000,22.834,22.9,22.834,22.858,4218,0
CINR.US,D,20180928,000000,22.849,23.102,22.762,22.79,32085,0
CINR.US,D,20181001,000000,22.877,23.366,22.877,23.366,27964,0
CINR.US,D,20181002,000000,23.364,23.364,23.212,23.246,4979,0
CINR.US,D,20181003,000000,23.28,23.499,23.111,23.199,13370,0
CINR.US,D,20181004,000000,23.145,23.145,22.776,22.858,34501,0
CINR.US,D,20181005,000000,22.884,23.066,22.776,22.834,11673,0
CINR.US,D,20181008,000000,22.841,22.909,22.776,22.858,16080,0
CINR.US,D,20181009,000000,22.858,22.858,22.521,22.601,15376,0
CINR.US,D,20181010,000000,22.606,22.606,21.745,21.973,27635,0
CINR.US,D,20181011,000000,21.973,22.197,21.519,21.846,31909,0
CINR.US,D,20181012,000000,21.931,22.287,21.057,21.399,46222,0
CINR.US,D,20181015,000000,21.67,21.733,21.151,21.425,27727,0
CINR.US,D,20181016,000000,21.475,21.846,21.475,21.679,15624,0
CINR.US,D,20181017,000000,21.762,21.785,21.475,21.611,5546,0
CINR.US,D,20181018,000000,21.731,21.731,21.602,21.602,1026,0
CINR.US,D,20181019,000000,21.784,21.803,21.592,21.592,7385,0
CINR.US,D,20181022,000000,21.812,21.836,21.592,21.836,8093,0
CINR.US,D,20181023,000000,21.592,21.699,21.383,21.699,16173,0
CINR.US,D,20181024,000000,21.542,21.682,21.509,21.519,13785,0
CINR.US,D,20181025,000000,21.61,21.743,21.477,21.743,7088,0
CINR.US,D,20181026,000000,21.519,21.731,21.509,21.534,10998,0
CINR.US,D,20181029,000000,20.97,21.468,20.97,20.97,35002,0
CINR.US,D,20181030,000000,21.088,21.256,20.939,21.202,13810,0
CINR.US,D,20181031,000000,21.095,21.484,21.095,21.34,10824,0
CINR.US,D,20181101,000000,21.527,21.931,21.222,21.66,15032,0
CINR.US,D,20181102,000000,21.506,21.524,21.301,21.524,20174,0
CINR.US,D,20181105,000000,22.23,22.23,21.783,21.783,6179,0
CINR.US,D,20181106,000000,22.386,22.386,20.703,21.048,40760,0
CINR.US,D,20181107,000000,20.997,21.238,20.85,20.972,14448,0
CINR.US,D,20181108,000000,20.929,20.972,20.755,20.797,9345,0
CINR.US,D,20181109,000000,20.788,20.962,20.712,20.712,10982,0
CINR.US,D,20181112,000000,20.797,20.868,20.591,20.591,10955,0
CINR.US,D,20181113,000000,20.575,20.962,20.333,20.462,12315,0
CINR.US,D,20181114,000000,20.959,20.959,20.617,20.69,10505,0
CINR.US,D,20181115,000000,20.936,20.944,20.486,20.486,11522,0
CINR.US,D,20181116,000000,20.824,20.936,20.583,20.788,11228,0
CINR.US,D,20181119,000000,20.66,20.788,20.622,20.788,10466,0
CINR.US,D,20181120,000000,20.788,20.788,20.34,20.53,23719,0
CINR.US,D,20181121,000000,20.515,20.832,20.453,20.832,13262,0
CINR.US,D,20181123,000000,20.642,20.84,20.539,20.703,3810,0
CINR.US,D,20181126,000000,20.721,20.962,20.539,20.539,4638,0
CINR.US,D,20181127,000000,20.575,20.911,20.486,20.636,12065,0
CINR.US,D,20181128,000000,20.892,20.936,20.634,20.901,17464,0
CINR.US,D,20181129,000000,20.773,20.773,20.401,20.401,10152,0
CINR.US,D,20181130,000000,20.53,20.53,20.272,20.515,12665,0
CINR.US,D,20181203,000000,20.575,20.685,20.315,20.359,17865,0
CINR.US,D,20181204,000000,20.272,20.408,19.945,19.945,13235,0
CINR.US,D,20181206,000000,19.841,20.023,19.669,20.023,28135,0
CINR.US,D,20181207,000000,19.935,20.204,19.918,19.918,7491,0
CINR.US,D,20181210,000000,20.117,20.117,19.41,19.41,24416,0
CINR.US,D,20181211,000000,19.469,19.617,19.367,19.617,21669,0
CINR.US,D,20181212,000000,19.617,19.83,19.386,19.41,10430,0
CINR.US,D,20181213,000000,19.453,19.566,19.275,19.28,22342,0
CINR.US,D,20181214,000000,19.28,19.41,19.095,19.099,15525,0
CINR.US,D,20181217,000000,19.065,19.081,17.899,17.899,45863,0
CINR.US,D,20181218,000000,18.116,18.452,17.999,18.427,47218,0
CINR.US,D,20181219,000000,18.634,18.771,18.331,18.382,19402,0
CINR.US,D,20181220,000000,18.367,18.492,17.036,17.036,70178,0
CINR.US,D,20181221,000000,17.036,17.347,16.961,17.338,45945,0
CINR.US,D,20181224,000000,17.331,17.4,17.089,17.295,12036,0
CINR.US,D,20181226,000000,17.167,17.684,17.167,17.537,28215,0
CINR.US,D,20181227,000000,17.512,17.884,17.512,17.855,36071,0
CINR.US,D,20181228,000000,17.899,18.478,17.624,18.4,262379,0
CINR.US,D,20181231,000000,18.419,18.73,18.123,18.503,15887,0
CINR.US,D,20190102,000000,18.375,19.367,18.263,19.03,14648,0
CINR.US,D,20190103,000000,19.176,19.301,18.892,19.065,11747,0
CINR.US,D,20190104,000000,19.193,19.384,19.193,19.34,9992,0
CINR.US,D,20190107,000000,19.41,19.927,19.41,19.41,20375,0
CINR.US,D,20190108,000000,19.41,19.815,19.41,19.626,4900,0
CINR.US,D,20190109,000000,19.841,20.349,19.841,20.069,4907,0
CINR.US,D,20190110,000000,20.048,20.5,20.035,20.496,13301,0
CINR.US,D,20190111,000000,20.515,20.6,19.935,20.486,9512,0
CINR.US,D,20190114,000000,20.486,20.703,20.401,20.669,14045,0
CINR.US,D,20190115,000000,20.703,21.128,20.451,21.128,15972,0
CINR.US,D,20190116,000000,21.048,21.212,20.764,21.212,7270,0
CINR.US,D,20190117,000000,20.944,21.212,20.919,21.16,7001,0
CINR.US,D,20190118,000000,20.972,21.118,20.41,20.508,22371,0
CINR.US,D,20190122,000000,20.315,20.325,19.824,19.824,21124,0
CINR.US,D,20190123,000000,19.875,19.953,19.426,19.426,12081,0
CINR.US,D,20190124,000000,19.692,19.739,19.41,19.453,11925,0
CINR.US,D,20190125,000000,19.581,20.039,19.581,19.836,11679,0
CINR.US,D,20190128,000000,19.659,20.057,19.532,19.721,9719,0
CINR.US,D,20190129,000000,20.036,20.036,19.841,19.842,4900,0
CINR.US,D,20190130,000000,19.848,20.298,19.841,19.927,15725,0
CINR.US,D,20190131,000000,19.894,20.401,19.893,19.961,10320,0
CINR.US,D,20190201,000000,20.237,21.048,20.099,20.807,33336,0
CINR.US,D,20190204,000000,21.033,21.513,20.845,21.212,30738,0
CINR.US,D,20190205,000000,21.472,21.826,21.315,21.652,36516,0
CINR.US,D,20190206,000000,21.834,22.1,21.515,21.936,19722,0
CINR.US,D,20190207,000000,21.911,21.997,21.342,21.679,17690,0
CINR.US,D,20190208,000000,21.723,22.138,21.331,21.767,14116,0
CINR.US,D,20190211,000000,21.846,22.057,21.846,22.005,6514,0
CINR.US,D,20190212,000000,21.979,22.067,21.889,21.889,18331,0
CINR.US,D,20190213,000000,21.979,22.067,21.889,22.037,9006,0
CINR.US,D,20190214,000000,22.057,22.507,21.82,22.087,19927,0
CINR.US,D,20190215,000000,22.067,22.307,22.057,22.067,26478,0
CINR.US,D,20190219,000000,22.067,22.133,21.912,22.032,9141,0
CINR.US,D,20190220,000000,22.032,22.178,21.891,22.032,16478,0
CINR.US,D,20190221,000000,21.942,21.959,21.767,21.801,7390,0
CINR.US,D,20190222,000000,21.949,22.051,21.872,21.889,7727,0
CINR.US,D,20190225,000000,21.979,21.979,21.713,21.713,4049,0
CINR.US,D,20190226,000000,21.67,21.969,21.67,21.969,8666,0
CINR.US,D,20190227,000000,22.057,22.057,21.802,21.979,6263,0
CINR.US,D,20190228,000000,21.979,22.002,21.825,21.925,9072,0
CINR.US,D,20190301,000000,21.863,22.066,21.845,21.863,10134,0
CINR.US,D,20190304,000000,21.969,21.979,21.808,21.889,3439,0
CINR.US,D,20190305,000000,21.889,21.917,21.704,21.882,9284,0
CINR.US,D,20190306,000000,21.966,21.979,21.785,21.889,9508,0
CINR.US,D,20190307,000000,21.904,21.904,21.626,21.854,4797,0
CINR.US,D,20190308,000000,21.702,21.792,21.289,21.351,18182,0
CINR.US,D,20190311,000000,21.352,21.74,21.352,21.581,5181,0
CINR.US,D,20190312,000000,21.598,21.626,21.434,21.626,2826,0
CINR.US,D,20190313,000000,21.626,22.067,21.582,22.067,13649,0
CINR.US,D,20190314,000000,22.057,22.154,21.873,21.873,3478,0
CINR.US,D,20190315,000000,21.979,21.979,21.801,21.851,4774,0
CINR.US,D,20190318,000000,21.74,21.776,21.67,21.776,3231,0
CINR.US,D,20190319,000000,21.642,21.826,21.626,21.749,5939,0
CINR.US,D,20190320,000000,21.67,21.845,21.576,21.679,15629,0
CINR.US,D,20190321,000000,21.679,21.882,21.679,21.836,6402,0
CINR.US,D,20190322,000000,21.836,21.836,20.786,20.989,9752,0
CINR.US,D,20190325,000000,21.077,21.077,20.998,21.05,3562,0
CINR.US,D,20190326,000000,21.221,21.573,21.066,21.294,4237,0
CINR.US,D,20190327,000000,21.361,21.404,21.216,21.287,5168,0
CINR.US,D,20190328,000000,21.184,21.299,20.973,21.272,9189,0
CINR.US,D,20190329,000000,21.404,22.49,21.342,22.49,21092,0
CINR.US,D,20190401,000000,22.076,22.319,22.076,22.207,5667,0
CINR.US,D,20190402,000000,22.085,22.145,21.889,21.908,5524,0
CINR.US,D,20190403,000000,22.173,22.173,21.132,21.132,6426,0
CINR.US,D,20190404,000000,21.315,21.642,21.315,21.535,8180,0
CINR.US,D,20190405,000000,21.582,21.642,21.139,21.422,6260,0
CINR.US,D,20190408,000000,21.732,21.836,21.626,21.801,10528,0
CINR.US,D,20190409,000000,21.776,21.942,21.713,21.908,5985,0
CINR.US,D,20190410,000000,21.747,21.908,21.617,21.745,3347,0
CINR.US,D,20190411,000000,21.889,21.889,21.528,21.528,7089,0
CINR.US,D,20190412,000000,21.455,21.992,21.455,21.635,5696,0
CINR.US,D,20190415,000000,21.635,21.75,21.582,21.625,5724,0
CINR.US,D,20190416,000000,21.713,21.873,21.246,21.246,7608,0
CINR.US,D,20190417,000000,21.582,21.582,21.263,21.315,5068,0
CINR.US,D,20190418,000000,21.387,21.564,21.272,21.334,8279,0
CINR.US,D,20190422,000000,21.626,21.626,21.501,21.579,14175,0
CINR.US,D,20190423,000000,21.535,21.74,21.535,21.661,13217,0
CINR.US,D,20190424,000000,21.801,21.888,21.263,21.528,29387,0
CINR.US,D,20190425,000000,21.65,21.801,21.404,21.404,4546,0
CINR.US,D,20190426,000000,21.635,21.635,21.361,21.471,13764,0
CINR.US,D,20190429,000000,21.492,21.528,21.432,21.521,7647,0
CINR.US,D,20190430,000000,21.458,21.458,21.272,21.272,13676,0
CINR.US,D,20190501,000000,21.369,21.626,21.272,21.621,9641,0
CINR.US,D,20190502,000000,21.713,21.736,21.582,21.588,6749,0
CINR.US,D,20190503,000000,21.678,21.713,21.272,21.325,8353,0
CINR.US,D,20190506,000000,21.255,21.582,21.255,21.404,6291,0
CINR.US,D,20190507,000000,21.432,21.537,21.369,21.448,5134,0
CINR.US,D,20190508,000000,21.555,21.555,20.302,20.434,47949,0
CINR.US,D,20190509,000000,20.434,20.434,19.427,19.551,52397,0
CINR.US,D,20190510,000000,19.638,20.133,19.638,20.133,28282,0
CINR.US,D,20190513,000000,16.337,17.643,16.337,17.212,396040,0
CINR.US,D,20190514,000000,17.3,17.3,16.506,17.026,353048,0
CINR.US,D,20190515,000000,17.01,17.246,16.77,16.904,144083,0
CINR.US,D,20190516,000000,16.904,17.281,16.895,17.181,174373,0
CINR.US,D,20190517,000000,17.079,17.353,16.991,17.01,67389,0
CINR.US,D,20190520,000000,17.01,17.52,16.765,17.458,138654,0
CINR.US,D,20190521,000000,17.386,17.476,17.089,17.413,176485,0
CINR.US,D,20190522,000000,17.368,17.476,17.08,17.198,121524,0
CINR.US,D,20190523,000000,17.162,17.198,16.893,17,25796,0
CINR.US,D,20190524,000000,17.026,17.251,17.026,17.117,98265,0
CINR.US,D,20190528,000000,17.117,17.512,17.117,17.44,39026,0
CINR.US,D,20190529,000000,17.368,17.512,17.071,17.18,28261,0
CINR.US,D,20190530,000000,17.123,17.234,16.893,17.01,24856,0
CINR.US,D,20190531,000000,16.956,17.045,16.712,16.918,33423,0
CINR.US,D,20190603,000000,16.918,17.52,16.918,17.18,163883,0
CINR.US,D,20190604,000000,17.278,17.401,17.117,17.162,26252,0
CINR.US,D,20190605,000000,17.224,17.224,16.412,16.506,32633,0
CINR.US,D,20190606,000000,16.506,16.839,16.447,16.74,29322,0
CINR.US,D,20190607,000000,16.765,17.162,16.227,16.803,54653,0
CINR.US,D,20190610,000000,16.864,17.089,16.662,16.848,25422,0
CINR.US,D,20190611,000000,16.964,17.109,16.715,16.883,25723,0
CINR.US,D,20190612,000000,16.784,16.964,16.667,16.856,60805,0
CINR.US,D,20190613,000000,16.981,17.287,16.88,17.071,32753,0
CINR.US,D,20190614,000000,17.089,17.278,17.012,17.099,9058,0
CINR.US,D,20190617,000000,17.071,17.071,16.81,16.893,18861,0
CINR.US,D,20190618,000000,16.893,16.893,15.185,15.554,248012,0
CINR.US,D,20190619,000000,15.554,15.714,15.32,15.418,78772,0
CINR.US,D,20190620,000000,15.571,15.663,15.32,15.453,28111,0
CINR.US,D,20190621,000000,15.521,15.661,15.408,15.607,10246,0
CINR.US,D,20190624,000000,15.644,15.644,15.103,15.185,28086,0
CINR.US,D,20190625,000000,15.202,15.679,15.149,15.362,70448,0
CINR.US,D,20190626,000000,15.472,15.813,15.472,15.759,17236,0
CINR.US,D,20190627,000000,15.777,16.354,15.669,16.354,34958,0
CINR.US,D,20190628,000000,16.308,17.422,15.985,17.422,77265,0
CINR.US,D,20190701,000000,16.972,16.972,15.743,16.47,56027,0
CINR.US,D,20190702,000000,16.46,16.632,15.895,15.993,12543,0
CINR.US,D,20190703,000000,15.993,15.993,15.527,15.554,23398,0
CINR.US,D,20190705,000000,15.364,15.664,15.364,15.545,27941,0
CINR.US,D,20190708,000000,15.453,15.634,15.364,15.401,48741,0
CINR.US,D,20190709,000000,15.401,15.723,15.374,15.723,90192,0
CINR.US,D,20190710,000000,15.723,15.743,15.472,15.545,9323,0
CINR.US,D,20190711,000000,15.616,15.652,15.284,15.492,90551,0
CINR.US,D,20190712,000000,15.383,15.679,15.364,15.679,7504,0
CINR.US,D,20190715,000000,15.625,15.628,15.453,15.561,9367,0
CINR.US,D,20190716,000000,15.498,15.671,15.453,15.507,2773,0
CINR.US,D,20190717,000000,15.499,15.499,15.113,15.222,39726,0
CINR.US,D,20190718,000000,15.355,15.374,15.185,15.355,11655,0
CINR.US,D,20190719,000000,15.364,15.545,15.307,15.408,9576,0
CINR.US,D,20190722,000000,15.408,15.634,15.338,15.536,13144,0
CINR.US,D,20190723,000000,15.517,15.527,15.32,15.383,9615,0
CINR.US,D,20190724,000000,15.32,15.453,15.284,15.355,15875,0
CINR.US,D,20190725,000000,15.276,15.428,15.226,15.276,12339,0
CINR.US,D,20190726,000000,15.238,15.326,15.051,15.266,38187,0
CINR.US,D,20190729,000000,15.167,15.196,15.051,15.122,30745,0
CINR.US,D,20190730,000000,15.096,15.453,15.086,15.364,21501,0
CINR.US,D,20190731,000000,15.355,15.355,15.113,15.23,13734,0
CINR.US,D,20190801,000000,15.167,15.311,14.87,14.88,32543,0
CINR.US,D,20190802,000000,14.933,15.006,14.466,14.717,24286,0
CINR.US,D,20190805,000000,14.511,14.752,14.426,14.493,31570,0
CINR.US,D,20190806,000000,14.825,15.076,14.672,15.032,31209,0
CINR.US,D,20190807,000000,15.022,15.022,14.628,14.861,22526,0
CINR.US,D,20190808,000000,14.861,15.021,14.471,14.495,43838,0
CINR.US,D,20190809,000000,14.495,14.567,14.054,14.054,34044,0
CINR.US,D,20190812,000000,14.018,14.2,13.761,13.761,42676,0
CINR.US,D,20190813,000000,13.807,14.235,13.807,13.871,17634,0
CINR.US,D,20190814,000000,13.816,13.939,13.706,13.761,22666,0
CINR.US,D,20190815,000000,13.761,13.871,13.642,13.761,59790,0
CINR.US,D,20190816,000000,13.797,14.219,13.759,14.219,35151,0
CINR.US,D,20190819,000000,14.219,14.484,14.146,14.33,9511,0
CINR.US,D,20190820,000000,14.302,14.531,14.045,14.394,26268,0
CINR.US,D,20190821,000000,14.302,14.469,14.2,14.2,15003,0
CINR.US,D,20190822,000000,14.219,14.483,14.2,14.274,15498,0
CINR.US,D,20190823,000000,14.128,14.31,13.898,13.898,17246,0
CINR.US,D,20190826,000000,13.971,14.164,13.971,14.045,12437,0
CINR.US,D,20190827,000000,14.375,14.63,14.157,14.182,10401,0
CINR.US,D,20190828,000000,14.238,14.531,14.238,14.412,23678,0
CINR.US,D,20190829,000000,14.495,14.495,14.205,14.31,21309,0
CINR.US,D,20190830,000000,14.385,14.385,14.099,14.119,11789,0
CINR.US,D,20190903,000000,13.935,14.128,13.761,13.761,25110,0
CINR.US,D,20190904,000000,13.844,13.957,13.788,13.834,12085,0
CINR.US,D,20190905,000000,13.862,14.452,13.852,14.265,12704,0
CINR.US,D,20190906,000000,14.265,14.495,14.238,14.31,17648,0
CINR.US,D,20190909,000000,14.293,14.524,14.293,14.31,19765,0
CINR.US,D,20190910,000000,14.412,14.76,14.365,14.558,24429,0
CINR.US,D,20190911,000000,14.449,14.834,14.43,14.834,34240,0
CINR.US,D,20190912,000000,14.88,15.025,14.834,14.971,6016,0
CINR.US,D,20190913,000000,14.852,14.99,14.733,14.769,12628,0
CINR.US,D,20190916,000000,14.789,14.789,14.219,14.219,12563,0
CINR.US,D,20190917,000000,14.265,14.531,14.255,14.421,18786,0
CINR.US,D,20190918,000000,14.421,14.43,14.219,14.338,21392,0
CINR.US,D,20190919,000000,14.293,14.596,14.293,14.338,4561,0
CINR.US,D,20190920,000000,14.449,14.715,14.449,14.513,9299,0
CINR.US,D,20190923,000000,14.495,15.164,14.495,15.091,42782,0
CINR.US,D,20190924,000000,15.201,15.411,15,15.229,41066,0
CINR.US,D,20190925,000000,15.356,15.825,15.131,15.825,46565,0
CINR.US,D,20190926,000000,15.889,16.595,15.473,16.595,22502,0
CINR.US,D,20190927,000000,16.587,17.737,16.283,17.687,61825,0
CINR.US,D,20190930,000000,17.724,17.764,16.568,16.935,159825,0
CINR.US,D,20191001,000000,16.743,16.798,16.054,16.202,28343,0
CINR.US,D,20191002,000000,16.192,16.333,15.773,16.197,14926,0
CINR.US,D,20191003,000000,16.182,16.37,15.954,16.307,8117,0
CINR.US,D,20191004,000000,16.396,16.548,16.286,16.338,3901,0
CINR.US,D,20191007,000000,16.477,16.524,16.17,16.403,8561,0
CINR.US,D,20191008,000000,16.384,16.412,15.567,15.678,73875,0
CINR.US,D,20191009,000000,15.714,15.938,15.674,15.76,11479,0
CINR.US,D,20191010,000000,15.752,16.063,15.752,15.917,6712,0
CINR.US,D,20191011,000000,16.274,16.274,15.778,16.017,14265,0
CINR.US,D,20191014,000000,15.889,16.063,15.865,15.907,8206,0
CINR.US,D,20191015,000000,15.88,16.127,15.88,16.072,6361,0
CINR.US,D,20191016,000000,16.081,16.164,15.916,15.916,9313,0
CINR.US,D,20191017,000000,15.948,15.971,15.87,15.87,11955,0
CINR.US,D,20191018,000000,15.916,16.153,15.916,16.008,9573,0
CINR.US,D,20191021,000000,16.192,16.43,16.036,16.43,8247,0
CINR.US,D,20191022,000000,16.421,16.513,16.127,16.458,14926,0
CINR.US,D,20191023,000000,16.467,16.824,16.415,16.603,7120,0
CINR.US,D,20191024,000000,16.464,16.696,16.464,16.522,2753,0
CINR.US,D,20191025,000000,16.494,16.512,16.247,16.247,5425,0
CINR.US,D,20191028,000000,16.403,16.559,16.303,16.559,5448,0
CINR.US,D,20191029,000000,16.559,16.688,16.293,16.329,7542,0
CINR.US,D,20191030,000000,16.266,16.97,16.266,16.65,22688,0
CINR.US,D,20191031,000000,16.732,16.806,16.477,16.485,5139,0
CINR.US,D,20191101,000000,16.522,17.063,16.504,17.017,17347,0
CINR.US,D,20191104,000000,16.595,17.063,16.532,16.668,39577,0
CINR.US,D,20191105,000000,16.944,17.971,16.944,17.907,28049,0
CINR.US,D,20191106,000000,17.843,18.191,17.748,17.824,11996,0
CINR.US,D,20191107,000000,17.657,18.02,17.322,17.778,38993,0
CINR.US,D,20191108,000000,17.581,17.918,17.516,17.545,20499,0
CINR.US,D,20191111,000000,17.283,17.647,17.283,17.442,13674,0
CINR.US,D,20191112,000000,17.572,17.572,17.371,17.413,4750,0
CINR.US,D,20191113,000000,17.311,17.466,17.131,17.255,8559,0
CINR.US,D,20191114,000000,17.273,17.404,17.181,17.181,8563,0
CINR.US,D,20191115,000000,17.255,17.728,17.189,17.577,72899,0
CINR.US,D,20191118,000000,17.572,17.572,17.366,17.413,12311,0
CINR.US,D,20191119,000000,17.376,17.564,17.278,17.404,20190,0
CINR.US,D,20191120,000000,17.488,17.563,17.181,17.209,11936,0
CINR.US,D,20191121,000000,17.181,17.416,17.171,17.273,17967,0
CINR.US,D,20191122,000000,17.354,17.354,16.946,16.947,12181,0
CINR.US,D,20191125,000000,16.994,17.111,16.691,16.886,21467,0
CINR.US,D,20191126,000000,17.051,17.051,16.545,16.62,9520,0
CINR.US,D,20191127,000000,16.489,16.555,16.433,16.479,13261,0
CINR.US,D,20191129,000000,16.479,16.62,16.433,16.433,6120,0
CINR.US,D,20191202,000000,16.433,16.479,16.125,16.125,16346,0
CINR.US,D,20191203,000000,16.107,16.247,15.976,16.247,42701,0
CINR.US,D,20191204,000000,16.162,16.695,16.162,16.658,22691,0
CINR.US,D,20191205,000000,16.62,16.703,16.555,16.646,1343,0
CINR.US,D,20191206,000000,16.807,16.883,16.639,16.807,28335,0
CINR.US,D,20191209,000000,16.686,16.881,16.646,16.779,12726,0
CINR.US,D,20191210,000000,16.666,16.769,16.555,16.648,17047,0
CINR.US,D,20191211,000000,16.648,16.807,16.648,16.676,4007,0
CINR.US,D,20191212,000000,16.648,16.918,16.648,16.713,27554,0
CINR.US,D,20191213,000000,16.75,16.901,16.274,16.713,86198,0
CINR.US,D,20191216,000000,16.695,16.901,16.573,16.612,19070,0
CINR.US,D,20191217,000000,16.639,16.732,16.573,16.61,12869,0
CINR.US,D,20191218,000000,16.62,16.76,16.573,16.76,21390,0
CINR.US,D,20191219,000000,16.676,16.759,16.592,16.61,8852,0
CINR.US,D,20191220,000000,16.666,16.726,16.601,16.62,15082,0
CINR.US,D,20191223,000000,16.62,16.713,16.601,16.658,10659,0
CINR.US,D,20191224,000000,16.62,16.704,16.62,16.704,2463,0
CINR.US,D,20191226,000000,16.704,16.798,16.592,16.601,16562,0
CINR.US,D,20191227,000000,16.62,16.713,16.358,16.583,20663,0
CINR.US,D,20191230,000000,16.573,16.645,16.433,16.504,26105,0
CINR.US,D,20191231,000000,16.666,16.666,15.966,16.201,81842,0
CINR.US,D,20200102,000000,16.162,16.33,16.162,16.294,11212,0
CINR.US,D,20200103,000000,16.208,16.377,16.162,16.274,24715,0
CINR.US,D,20200106,000000,16.294,16.452,16.201,16.264,18508,0
CINR.US,D,20200107,000000,16.228,16.34,16.228,16.312,5351,0
CINR.US,D,20200108,000000,16.294,16.314,16.208,16.208,6220,0
CINR.US,D,20200109,000000,16.201,16.219,16.079,16.107,10195,0
CINR.US,D,20200110,000000,16.125,16.153,16.115,16.153,8248,0
CINR.US,D,20200113,000000,16.181,16.452,16.135,16.433,24418,0
CINR.US,D,20200114,000000,16.386,16.573,16.364,16.527,15584,0
CINR.US,D,20200115,000000,16.406,16.71,16.406,16.527,6675,0
CINR.US,D,20200116,000000,16.666,16.803,16.573,16.648,12405,0
CINR.US,D,20200117,000000,16.722,17.003,16.658,16.881,21787,0
CINR.US,D,20200121,000000,16.928,17.124,16.928,17.087,11678,0
CINR.US,D,20200122,000000,17.087,17.217,16.835,17.04,35822,0
CINR.US,D,20200123,000000,17.04,17.508,17.04,17.498,14289,0
CINR.US,D,20200124,000000,17.442,17.469,17.21,17.273,30041,0
CINR.US,D,20200127,000000,17.003,17.007,16.713,16.76,25968,0
CINR.US,D,20200128,000000,16.815,16.854,16.666,16.742,13715,0
CINR.US,D,20200129,000000,16.873,16.891,16.76,16.76,5631,0
CINR.US,D,20200130,000000,16.527,16.683,16.478,16.648,10219,0
CINR.US,D,20200131,000000,16.76,16.76,16.611,16.639,10140,0
CINR.US,D,20200203,000000,16.779,17.115,16.61,17.096,11831,0
CINR.US,D,20200204,000000,17.096,17.245,16.891,16.91,17767,0
CINR.US,D,20200205,000000,17.081,17.117,16.989,17.003,4107,0
CINR.US,D,20200206,000000,17.096,17.273,17.017,17.087,22549,0
CINR.US,D,20200207,000000,17.125,17.191,16.854,17.173,22118,0
CINR.US,D,20200210,000000,17.077,17.125,16.82,17.116,7123,0
CINR.US,D,20200211,000000,17.087,17.087,16.868,17.021,7198,0
CINR.US,D,20200212,000000,17.077,17.077,16.792,16.82,17204,0
CINR.US,D,20200213,000000,16.763,16.792,16.601,16.63,35355,0
CINR.US,D,20200214,000000,16.592,16.716,16.575,16.601,25800,0
CINR.US,D,20200218,000000,16.421,16.461,15.987,16.293,69806,0
CINR.US,D,20200219,000000,16.278,16.421,16.031,16.031,33377,0
CINR.US,D,20200220,000000,16.031,16.173,16.031,16.031,21009,0
CINR.US,D,20200221,000000,16.107,16.288,15.888,15.888,12321,0
CINR.US,D,20200224,000000,15.603,15.603,14.984,15.032,42000,0
CINR.US,D,20200225,000000,15.127,15.127,14.414,14.461,46226,0
CINR.US,D,20200226,000000,14.576,14.86,14.461,14.461,14725,0
CINR.US,D,20200227,000000,14.385,14.547,14.033,14.414,50908,0
CINR.US,D,20200228,000000,14.277,14.604,13.529,13.529,131084,0
CINR.US,D,20200302,000000,13.766,14.68,13.686,14.308,37971,0
CINR.US,D,20200303,000000,14.469,15.032,14.469,14.851,16741,0
CINR.US,D,20200304,000000,14.984,15.133,14.842,14.956,6921,0
CINR.US,D,20200305,000000,14.851,14.923,14.594,14.689,8674,0
CINR.US,D,20200306,000000,14.48,14.583,14.004,14.024,21018,0
CINR.US,D,20200309,000000,13.795,13.795,12.273,12.377,60986,0
CINR.US,D,20200310,000000,12.606,12.949,12.335,12.611,22745,0
CINR.US,D,20200311,000000,12.463,12.581,11.892,12.444,33510,0
CINR.US,D,20200312,000000,11.892,11.959,11.151,11.505,40181,0
CINR.US,D,20200313,000000,11.92,12.501,11.806,12.206,29048,0
CINR.US,D,20200316,000000,11.512,11.559,10.465,10.56,87921,0
CINR.US,D,20200317,000000,10.94,12.419,9.78,9.78,97860,0
CINR.US,D,20200318,000000,9.514,10.437,8.9716,9.0572,115149,0
CINR.US,D,20200319,000000,9.1999,11.112,9.1161,10.465,89208,0
CINR.US,D,20200320,000000,10.57,10.57,9.514,9.514,77580,0
CINR.US,D,20200323,000000,9.895,10.056,9.3177,9.581,43154,0
CINR.US,D,20200324,000000,10.027,10.437,9.571,9.761,45592,0
CINR.US,D,20200325,000000,9.904,10.056,9.637,9.761,73325,0
CINR.US,D,20200326,000000,9.743,10.319,9.532,9.532,57072,0
CINR.US,D,20200327,000000,9.532,9.532,9.1312,9.3236,51999,0
CINR.US,D,20200330,000000,9.514,9.676,9.3439,9.3616,26009,0
CINR.US,D,20200331,000000,9.3901,9.875,9.3901,9.856,14769,0
CINR.US,D,20200401,000000,9.552,9.787,9.1676,9.3999,16376,0
CINR.US,D,20200402,000000,9.4382,10.009,9.4283,9.666,27115,0
CINR.US,D,20200403,000000,9.685,10.123,9.3236,9.4853,33286,0
CINR.US,D,20200406,000000,9.524,9.942,9.3236,9.4283,30634,0
CINR.US,D,20200407,000000,9.4853,10.132,9.4853,9.619,32382,0
CINR.US,D,20200408,000000,9.817,10.171,9.761,10.009,7737,0
CINR.US,D,20200409,000000,10.342,11.417,10.047,11.236,20539,0
CINR.US,D,20200413,000000,11.417,11.417,10.037,10.599,13944,0
CINR.US,D,20200414,000000,10.787,11.27,10.037,10.323,57791,0
CINR.US,D,20200415,000000,10.303,10.94,10.084,10.132,53611,0
CINR.US,D,20200416,000000,10.254,10.512,9.818,9.818,12280,0
CINR.US,D,20200417,000000,9.895,10.656,9.514,9.619,63372,0
CINR.US,D,20200420,000000,9.4666,10.294,9.4666,9.923,17746,0
CINR.US,D,20200421,000000,9.932,10.817,9.885,9.961,25930,0
CINR.US,D,20200422,000000,9.961,10.37,9.961,9.99,10909,0
CINR.US,D,20200423,000000,10.199,10.546,10.199,10.236,17166,0
CINR.US,D,20200424,000000,10.598,10.598,10.275,10.275,15273,0
CINR.US,D,20200427,000000,10.323,10.94,10.323,10.751,17827,0
CINR.US,D,20200428,000000,11.064,11.485,10.993,11.36,14135,0
CINR.US,D,20200429,000000,11.512,12.106,11.398,11.398,38062,0
CINR.US,D,20200430,000000,11.654,11.835,10.846,11.131,38788,0
CINR.US,D,20200501,000000,10.703,10.85,10.389,10.827,32150,0
CINR.US,D,20200504,000000,10.465,10.846,10.465,10.465,24180,0
CINR.US,D,20200505,000000,10.66,10.751,10.066,10.465,69551,0
CINR.US,D,20200506,000000,10.551,10.751,10.275,10.403,56821,0
CINR.US,D,20200507,000000,10.634,10.85,10.438,10.801,22717,0
CINR.US,D,20200508,000000,10.801,10.929,10.536,10.762,31761,0
CINR.US,D,20200511,000000,10.762,10.929,10.349,10.624,49631,0
CINR.US,D,20200512,000000,10.526,11.076,10.349,10.349,62710,0
CINR.US,D,20200513,000000,10.389,10.506,9.937,9.947,61796,0
CINR.US,D,20200514,000000,9.947,10.261,9.4828,10.261,15074,0
CINR.US,D,20200515,000000,10.3,10.673,10.3,10.556,35433,0
CINR.US,D,20200518,000000,10.634,11.272,10.634,10.86,33998,0
CINR.US,D,20200519,000000,10.953,11.194,10.909,11.066,22189,0
CINR.US,D,20200520,000000,11.096,11.626,11.056,11.174,24359,0
CINR.US,D,20200521,000000,11.263,11.665,11.056,11.429,29660,0
CINR.US,D,20200522,000000,11.587,11.675,11.312,11.675,11146,0
CINR.US,D,20200526,000000,11.783,12.146,11.783,11.881,27479,0
CINR.US,D,20200527,000000,12.244,12.323,11.803,12.176,28086,0
CINR.US,D,20200528,000000,12.136,12.264,11.783,11.822,16319,0
CINR.US,D,20200529,000000,12.009,12.009,11.547,11.665,16242,0
CINR.US,D,20200601,000000,11.498,11.862,11.282,11.415,10708,0
CINR.US,D,20200602,000000,11.292,11.685,11.292,11.538,7121,0
CINR.US,D,20200603,000000,11.538,11.763,11.4,11.4,57502,0
CINR.US,D,20200604,000000,11.459,12.254,11.459,12.028,86047,0
CINR.US,D,20200605,000000,12.392,12.912,12.078,12.451,42820,0
CINR.US,D,20200608,000000,12.863,13.384,12.76,12.765,53280,0
CINR.US,D,20200609,000000,12.815,12.974,12.716,12.775,25780,0
CINR.US,D,20200610,000000,12.843,12.843,12.343,12.667,38925,0
CINR.US,D,20200611,000000,12.156,12.298,11.4,11.773,45069,0
CINR.US,D,20200612,000000,11.945,12.244,11.587,11.636,58068,0
CINR.US,D,20200615,000000,11.488,12.421,11.478,12.323,35352,0
CINR.US,D,20200616,000000,12.529,12.755,11.979,12.755,43441,0
CINR.US,D,20200617,000000,12.765,12.765,12.341,12.519,15546,0
CINR.US,D,20200618,000000,12.608,12.608,11.832,11.97,16143,0
CINR.US,D,20200619,000000,12.146,12.559,12.146,12.559,25792,0
CINR.US,D,20200622,000000,12.588,12.735,12.323,12.333,27595,0
CINR.US,D,20200623,000000,12.392,12.706,12.254,12.706,16490,0
CINR.US,D,20200624,000000,12.519,12.765,12.127,12.254,18048,0
CINR.US,D,20200625,000000,12.411,12.416,11.827,11.93,12483,0
CINR.US,D,20200626,000000,12.343,13.639,12.078,12.667,267545,0
CINR.US,D,20200629,000000,12.667,12.951,12.519,12.539,16403,0
CINR.US,D,20200630,000000,12.549,12.632,12.519,12.519,55972,0
CINR.US,D,20200701,000000,12.49,12.696,12.186,12.402,23959,0
CINR.US,D,20200702,000000,12.451,12.765,12.186,12.225,128650,0
CINR.US,D,20200706,000000,12.313,12.716,12.274,12.303,145592,0
CINR.US,D,20200707,000000,12.402,12.431,12.156,12.323,34160,0
CINR.US,D,20200708,000000,12.215,12.539,12.028,12.028,11742,0
CINR.US,D,20200709,000000,11.891,12.127,11.344,11.344,28999,0
CINR.US,D,20200710,000000,11.619,11.633,10.988,10.988,20369,0
CINR.US,D,20200713,000000,11.184,11.223,10.487,11.115,25529,0
CINR.US,D,20200714,000000,10.88,11.115,10.801,11.017,30346,0
CINR.US,D,20200715,000000,11.174,11.498,11.096,11.498,7368,0
CINR.US,D,20200716,000000,11.596,11.646,11.234,11.331,10142,0
CINR.US,D,20200717,000000,11.518,11.629,11.096,11.557,5807,0
CINR.US,D,20200720,000000,11.685,11.685,11.184,11.263,10517,0
CINR.US,D,20200721,000000,11.518,11.518,11.056,11.056,8397,0
CINR.US,D,20200722,000000,11.047,11.282,11.047,11.282,2816,0
CINR.US,D,20200723,000000,11.302,11.479,11.204,11.346,2954,0
CINR.US,D,20200724,000000,11.282,11.481,11.243,11.351,8222,0
CINR.US,D,20200727,000000,11.538,11.871,11.312,11.763,8158,0
CINR.US,D,20200728,000000,11.626,11.626,11.292,11.439,10717,0
CINR.US,D,20200729,000000,11.439,11.439,11.105,11.321,26389,0
CINR.US,D,20200730,000000,11.243,11.312,11.096,11.282,13590,0
CINR.US,D,20200731,000000,11.243,11.262,10.899,10.899,35552,0
CINR.US,D,20200803,000000,10.968,11.253,10.801,10.88,36651,0
CINR.US,D,20200804,000000,10.644,10.644,9.23,9.613,231822,0
CINR.US,D,20200805,000000,9.554,9.77,9.372,9.3969,80303,0
CINR.US,D,20200806,000000,9.3969,10.31,9.3969,10.065,63407,0
CINR.US,D,20200807,000000,10.006,10.384,9.917,10.143,30747,0
CINR.US,D,20200810,000000,10.084,10.261,10.011,10.074,32055,0
CINR.US,D,20200811,000000,10.074,10.29,9.966,9.966,24469,0
CINR.US,D,20200812,000000,10.035,10.457,9.927,10.325,43042,0
CINR.US,D,20200813,000000,10.34,10.811,10.192,10.34,19954,0
CINR.US,D,20200814,000000,10.074,10.212,9.79,9.79,41543,0
CINR.US,D,20200817,000000,9.721,10.025,9.583,9.78,29929,0
CINR.US,D,20200818,000000,9.75,9.986,9.672,9.672,9272,0
CINR.US,D,20200819,000000,9.672,9.881,9.446,9.613,26103,0
CINR.US,D,20200820,000000,9.4853,9.633,9.3969,9.4951,22307,0
CINR.US,D,20200821,000000,9.525,9.574,9.3282,9.4067,19563,0
CINR.US,D,20200824,000000,9.534,9.583,9.2496,9.4951,16508,0
CINR.US,D,20200825,000000,9.554,9.574,9.3282,9.4067,9940,0
CINR.US,D,20200826,000000,9.4067,9.574,9.3783,9.574,9831,0
CINR.US,D,20200827,000000,9.4264,9.525,9.338,9.3969,12371,0
CINR.US,D,20200828,000000,9.574,9.878,9.4469,9.819,28845,0
CINR.US,D,20200831,000000,9.613,9.829,9.4166,9.77,40944,0
CINR.US,D,20200901,000000,9.662,9.819,9.574,9.819,31180,0
CINR.US,D,20200902,000000,9.819,9.898,9.623,9.795,21006,0
CINR.US,D,20200903,000000,9.711,10.055,9.711,9.858,34581,0
CINR.US,D,20200904,000000,9.919,10.212,9.846,10.065,23688,0
CINR.US,D,20200908,000000,10.065,10.516,9.819,10.094,36652,0
CINR.US,D,20200909,000000,10.114,10.506,10.104,10.192,21411,0
CINR.US,D,20200910,000000,10.261,10.595,10.183,10.595,23370,0
CINR.US,D,20200911,000000,10.605,11.439,10.605,11.439,47740,0
CINR.US,D,20200914,000000,11.302,11.616,11.194,11.508,32314,0
CINR.US,D,20200915,000000,11.587,11.871,11.243,11.714,16551,0
CINR.US,D,20200916,000000,11.783,11.979,11.606,11.97,28913,0
CINR.US,D,20200917,000000,11.007,12.235,10.614,12.058,29554,0
CINR.US,D,20200918,000000,11.812,12.549,11.812,12.451,19616,0
CINR.US,D,20200921,000000,12.264,12.264,11.248,11.42,19141,0
CINR.US,D,20200922,000000,11.655,12.019,11.587,11.832,10135,0
CINR.US,D,20200923,000000,11.773,11.979,11.685,11.881,17642,0
CINR.US,D,20200924,000000,11.596,12.254,11.411,11.871,16407,0
CINR.US,D,20200925,000000,12.235,12.235,11.822,12.058,17171,0
CINR.US,D,20200928,000000,12.058,12.549,12.006,12.176,10456,0
CINR.US,D,20200929,000000,12.329,12.49,12.254,12.284,17966,0
CINR.US,D,20200930,000000,12.343,12.431,12.161,12.284,11577,0
CINR.US,D,20201001,000000,12.156,12.284,11.881,12.097,25173,0
CINR.US,D,20201002,000000,11.891,12.411,11.669,12.411,10001,0
CINR.US,D,20201005,000000,12.421,12.797,12.411,12.5,11215,0
CINR.US,D,20201006,000000,12.627,12.686,12.205,12.51,10342,0
CINR.US,D,20201007,000000,12.755,12.755,12.047,12.313,9066,0
CINR.US,D,20201008,000000,12.264,12.677,12.264,12.431,19074,0
CINR.US,D,20201009,000000,12.451,12.451,12.12,12.343,15093,0
CINR.US,D,20201012,000000,12.274,12.274,11.601,11.636,34159,0
CINR.US,D,20201013,000000,11.862,12.235,11.646,12.097,12664,0
CINR.US,D,20201014,000000,12.205,12.451,12.132,12.352,13204,0
CINR.US,D,20201015,000000,12.264,12.47,12.186,12.451,11122,0
CINR.US,D,20201016,000000,12.372,12.372,12.048,12.048,8220,0
CINR.US,D,20201019,000000,12.048,12.372,11.793,11.793,9170,0
CINR.US,D,20201020,000000,11.783,11.863,11.443,11.754,9327,0
CINR.US,D,20201021,000000,11.626,11.788,11.41,11.606,11153,0
CINR.US,D,20201022,000000,11.724,11.724,11.557,11.631,13540,0
CINR.US,D,20201023,000000,11.803,11.979,11.695,11.695,6311,0
CINR.US,D,20201026,000000,11.695,11.695,11.469,11.469,4526,0
CINR.US,D,20201027,000000,11.572,11.572,11.351,11.356,13160,0
CINR.US,D,20201028,000000,11.253,11.351,10.899,11.017,13351,0
CINR.US,D,20201029,000000,11.15,11.655,10.912,11.292,10434,0
CINR.US,D,20201030,000000,11.606,11.606,10.821,10.821,7615,0
CINR.US,D,20201102,000000,11.066,11.182,10.929,10.988,10703,0
CINR.US,D,20201103,000000,11.115,11.194,10.241,10.732,26494,0
CINR.US,D,20201104,000000,10.732,10.752,10.359,10.516,10037,0
CINR.US,D,20201105,000000,10.654,11.321,10.654,11.233,19070,0
CINR.US,D,20201106,000000,11.019,11.395,11.019,11.174,5264,0
CINR.US,D,20201109,000000,11.302,11.537,11.236,11.361,8765,0
CINR.US,D,20201110,000000,11.508,11.93,11.376,11.881,12766,0
CINR.US,D,20201111,000000,11.95,11.95,11.783,11.783,933,0
CINR.US,D,20201112,000000,11.709,11.757,11.292,11.292,30832,0
CINR.US,D,20201113,000000,11.302,11.513,11.292,11.371,13579,0
CINR.US,D,20201116,000000,11.518,11.862,11.39,11.685,22184,0
CINR.US,D,20201117,000000,11.497,11.723,11.497,11.636,3905,0
CINR.US,D,20201118,000000,11.979,11.979,11.547,11.709,7560,0
CINR.US,D,20201119,000000,11.897,11.95,11.587,11.734,10901,0
CINR.US,D,20201120,000000,11.724,11.989,11.724,11.803,6301,0
CINR.US,D,20201123,000000,11.636,12.127,11.636,12.068,24298,0
CINR.US,D,20201124,000000,12.068,12.352,12.049,12.097,9560,0
CINR.US,D,20201125,000000,11.958,12.274,11.881,12.274,4403,0
CINR.US,D,20201127,000000,12.323,12.352,11.93,12.146,2124,0
CINR.US,D,20201130,000000,12.225,12.254,11.518,12.019,10992,0
CINR.US,D,20201201,000000,11.783,12.019,11.695,11.695,15246,0
CINR.US,D,20201202,000000,11.375,12.019,11.375,11.881,114627,0
CINR.US,D,20201203,000000,11.901,11.901,11.714,11.793,15188,0
CINR.US,D,20201204,000000,11.839,12.225,11.837,11.999,15933,0
CINR.US,D,20201207,000000,11.922,12.195,11.783,11.852,43932,0
CINR.US,D,20201208,000000,11.921,12.018,11.793,11.911,14356,0
CINR.US,D,20201209,000000,11.93,11.93,11.793,11.803,8885,0
CINR.US,D,20201210,000000,11.92,12.028,11.636,11.97,13719,0
CINR.US,D,20201211,000000,11.97,12.188,11.97,12.078,10059,0
CINR.US,D,20201214,000000,12.151,12.726,12.151,12.677,34123,0
CINR.US,D,20201215,000000,12.48,12.664,12.372,12.637,27656,0
CINR.US,D,20201216,000000,12.566,12.566,12.31,12.346,11054,0
CINR.US,D,20201217,000000,11.834,12.441,11.834,12.333,20418,0
CINR.US,D,20201218,000000,12.274,12.392,11.773,12.176,18720,0
CINR.US,D,20201221,000000,11.979,12.209,11.513,12.146,24591,0
CINR.US,D,20201222,000000,11.92,12.146,11.724,11.9,20172,0
CINR.US,D,20201223,000000,11.837,12.264,11.827,11.96,20991,0
CINR.US,D,20201224,000000,11.93,12.028,11.891,11.955,8838,0
CINR.US,D,20201228,000000,11.96,12.274,11.891,12.082,18378,0
CINR.US,D,20201229,000000,12.018,12.068,11.803,11.974,17307,0
CINR.US,D,20201230,000000,11.97,12.49,11.97,12.117,33147,0
CINR.US,D,20201231,000000,12.127,12.461,12.038,12.362,13426,0
CINR.US,D,20210104,000000,12.362,12.421,11.832,12.068,41821,0
CINR.US,D,20210105,000000,12.078,13.541,11.999,13.541,24408,0
CINR.US,D,20210106,000000,12.834,14.14,12.834,14.041,31992,0
CINR.US,D,20210107,000000,13.992,14.189,13.705,14.051,12901,0
CINR.US,D,20210108,000000,14.002,14.019,13.32,13.629,10362,0
CINR.US,D,20210111,000000,13.285,13.58,12.991,13.256,17995,0
CINR.US,D,20210112,000000,13.354,13.745,13.354,13.745,9108,0
CINR.US,D,20210113,000000,13.55,13.747,13.536,13.698,7490,0
CINR.US,D,20210114,000000,13.531,14.228,13.531,13.737,18657,0
CINR.US,D,20210115,000000,13.374,14.014,13.374,13.727,7066,0
CINR.US,D,20210119,000000,13.678,14.061,13.678,13.727,7162,0
CINR.US,D,20210120,000000,13.747,14.005,13.425,13.766,5926,0
CINR.US,D,20210121,000000,13.894,14.022,13.747,13.747,12103,0
CINR.US,D,20210122,000000,13.619,13.665,13.256,13.256,6733,0
CINR.US,D,20210125,000000,13.325,13.796,13.118,13.285,12300,0
CINR.US,D,20210126,000000,13.55,13.55,13.344,13.344,7233,0
CINR.US,D,20210127,000000,13.256,13.344,12.382,12.657,17638,0
CINR.US,D,20210128,000000,12.657,13.128,12.657,12.863,11761,0
CINR.US,D,20210129,000000,12.804,12.883,12.608,12.637,6612,0
CINR.US,D,20210201,000000,12.712,12.765,12.5,12.765,15724,0
CINR.US,D,20210202,000000,12.765,12.991,12.583,12.755,6510,0
CINR.US,D,20210203,000000,12.902,13.059,12.794,12.922,15376,0
CINR.US,D,20210204,000000,12.843,13.059,12.735,12.829,12739,0
CINR.US,D,20210205,000000,12.942,13.531,12.893,13.256,17066,0
CINR.US,D,20210208,000000,13.423,13.943,13.381,13.748,13893,0
CINR.US,D,20210209,000000,13.639,13.992,13.487,13.541,19653,0
CINR.US,D,20210210,000000,13.472,13.489,13.327,13.423,13042,0
CINR.US,D,20210211,000000,13.374,13.737,13.241,13.516,11915,0
CINR.US,D,20210212,000000,13.374,13.551,13.354,13.354,8454,0
CINR.US,D,20210216,000000,13.354,13.531,12.794,13.256,7536,0
CINR.US,D,20210217,000000,13.158,13.334,12.991,13.207,5027,0
CINR.US,D,20210218,000000,13.334,13.334,13.306,13.306,1158,0
CINR.US,D,20210219,000000,13.433,13.433,13.04,13.04,7647,0
CINR.US,D,20210222,000000,13.05,13.364,12.785,13.03,12935,0
CINR.US,D,20210223,000000,12.785,12.973,12.519,12.834,13716,0
CINR.US,D,20210224,000000,12.912,13.123,12.912,12.971,6029,0
CINR.US,D,20210225,000000,13.256,13.462,13.256,13.266,3102,0
CINR.US,D,20210226,000000,13.305,13.452,12.951,13.064,7221,0
CINR.US,D,20210301,000000,12.883,13.059,12.863,12.863,12502,0
CINR.US,D,20210302,000000,12.765,12.873,12.537,12.656,5123,0
CINR.US,D,20210303,000000,12.853,13.213,12.627,12.873,9656,0
CINR.US,D,20210304,000000,12.971,13.109,12.767,13.109,12055,0
CINR.US,D,20210305,000000,13.04,13.737,13.04,13.649,7948,0
CINR.US,D,20210308,000000,13.629,13.737,13.59,13.59,6596,0
CINR.US,D,20210309,000000,13.639,13.737,13.6,13.639,16735,0
CINR.US,D,20210310,000000,13.512,13.619,13.3,13.364,5626,0
CINR.US,D,20210311,000000,13.386,13.992,13.275,13.924,20034,0
CINR.US,D,20210312,000000,13.943,13.992,13.393,13.933,22701,0
CINR.US,D,20210315,000000,13.865,13.865,13.253,13.629,25641,0
CINR.US,D,20210316,000000,13.619,13.796,13.442,13.56,5510,0
CINR.US,D,20210317,000000,13.644,13.933,13.639,13.904,9386,0
CINR.US,D,20210318,000000,13.904,13.943,13.796,13.796,11972,0
CINR.US,D,20210319,000000,13.717,13.717,13.648,13.678,2752,0
CINR.US,D,20210322,000000,13.55,13.678,13.256,13.649,12525,0
CINR.US,D,20210323,000000,13.398,13.462,13.256,13.256,8011,0
CINR.US,D,20210324,000000,13.226,13.334,12.902,13.207,11108,0
CINR.US,D,20210325,000000,12.866,13.845,12.775,13.845,28352,0
CINR.US,D,20210326,000000,13.816,13.816,13.334,13.678,8591,0
CINR.US,D,20210329,000000,13.55,13.55,13.207,13.207,1490,0
CINR.US,D,20210330,000000,13.246,13.246,12.912,12.912,7433,0
CINR.US,D,20210331,000000,13.001,13.001,12.618,12.618,5416,0
CINR.US,D,20210401,000000,12.735,13.091,12.735,12.961,9245,0
CINR.US,D,20210405,000000,12.843,12.961,12.794,12.804,8448,0
CINR.US,D,20210406,000000,12.814,12.901,12.794,12.794,2309,0
CINR.US,D,20210407,000000,12.794,12.912,12.794,12.873,13330,0
CINR.US,D,20210408,000000,12.843,13.167,12.803,12.922,22662,0
CINR.US,D,20210409,000000,12.932,13.094,12.912,12.912,4649,0
CINR.US,D,20210412,000000,12.94,12.961,12.785,12.947,15274,0
CINR.US,D,20210413,000000,12.775,13.128,12.775,12.961,10285,0
CINR.US,D,20210414,000000,13.05,13.05,12.863,13.011,3306,0
CINR.US,D,20210415,000000,12.778,13.148,12.657,12.696,14813,0
CINR.US,D,20210416,000000,12.588,12.853,12.559,12.853,7317,0
CINR.US,D,20210419,000000,12.765,12.765,12.47,12.578,16901,0
CINR.US,D,20210420,000000,12.726,12.726,12.274,12.372,33001,0
CINR.US,D,20210421,000000,12.549,12.765,12.53,12.627,6950,0
CINR.US,D,20210422,000000,12.588,12.588,12.303,12.392,7248,0
CINR.US,D,20210423,000000,12.394,12.691,12.392,12.667,14140,0
CINR.US,D,20210426,000000,12.627,12.667,12.529,12.588,3590,0
CINR.US,D,20210427,000000,12.696,12.765,12.667,12.667,8780,0
CINR.US,D,20210428,000000,12.524,12.765,12.524,12.704,15657,0
CINR.US,D,20210429,000000,12.765,12.971,12.765,12.863,9004,0
CINR.US,D,20210430,000000,12.775,13.138,12.775,12.863,12033,0
CINR.US,D,20210503,000000,12.863,13.305,12.76,13.059,12195,0
CINR.US,D,20210504,000000,12.893,13.167,12.564,13.059,31115,0
CINR.US,D,20210505,000000,12.768,13.02,12.657,12.801,7338,0
CINR.US,D,20210506,000000,12.863,12.863,12.613,12.696,15967,0
CINR.US,D,20210507,000000,12.716,13.138,12.274,12.598,26935,0
CINR.US,D,20210510,000000,12.519,12.991,12.519,12.775,12085,0
CINR.US,D,20210511,000000,12.667,12.961,12.474,12.961,9816,0
CINR.US,D,20210512,000000,12.667,12.961,12.667,12.863,6967,0
CINR.US,D,20210513,000000,12.961,12.961,12.618,12.785,6587,0
CINR.US,D,20210514,000000,12.794,12.794,12.392,12.618,17363,0
CINR.US,D,20210517,000000,12.431,12.506,12.294,12.294,16286,0
CINR.US,D,20210518,000000,12.195,12.598,12.195,12.313,20115,0
CINR.US,D,20210519,000000,12.274,12.47,12.166,12.47,9066,0
CINR.US,D,20210520,000000,12.47,12.608,12.24,12.284,13556,0
CINR.US,D,20210521,000000,12.313,12.549,12.284,12.284,10278,0
CINR.US,D,20210524,000000,12.176,12.333,11.881,12.019,11417,0
CINR.US,D,20210525,000000,12.186,12.313,12.058,12.254,19198,0
CINR.US,D,20210526,000000,12.49,12.49,12.274,12.313,6696,0
CINR.US,D,20210527,000000,12.469,12.765,12.372,12.421,12021,0
CINR.US,D,20210528,000000,12.333,12.627,12.313,12.519,13223,0
CINR.US,D,20210601,000000,12.519,12.716,12.475,12.475,7820,0
CINR.US,D,20210602,000000,12.478,12.755,12.478,12.616,4040,0
CINR.US,D,20210603,000000,12.618,12.618,12.583,12.588,1347,0
CINR.US,D,20210604,000000,12.519,12.647,12.313,12.519,44006,0
CINR.US,D,20210607,000000,12.564,13.236,12.48,13.109,30245,0
CINR.US,D,20210608,000000,12.883,13.334,12.883,13.165,12551,0
CINR.US,D,20210609,000000,13.148,13.688,13.148,13.609,17478,0
CINR.US,D,20210610,000000,13.649,13.845,13.364,13.797,28695,0
CINR.US,D,20210611,000000,13.796,14.483,13.766,14.238,16234,0
CINR.US,D,20210614,000000,14.238,14.493,14.164,14.307,7610,0
CINR.US,D,20210615,000000,14.405,14.473,13.992,14.444,10893,0
CINR.US,D,20210616,000000,14.483,14.611,14.16,14.581,8864,0
CINR.US,D,20210617,000000,14.621,14.719,14.08,14.513,28875,0
CINR.US,D,20210618,000000,14.473,14.552,13.798,14.277,13082,0
CINR.US,D,20210621,000000,14.277,14.341,13.462,13.462,10574,0
CINR.US,D,20210622,000000,13.442,14.046,13.442,13.992,17615,0
CINR.US,D,20210623,000000,14.081,14.081,13.501,13.757,26483,0
CINR.US,D,20210624,000000,14.022,14.022,13.56,13.639,10003,0
CINR.US,D,20210625,000000,13.6,13.871,13.6,13.6,5965,0
CINR.US,D,20210628,000000,13.256,13.982,13.256,13.766,34009,0
CINR.US,D,20210629,000000,13.541,13.796,13.113,13.555,30685,0
CINR.US,D,20210630,000000,13.668,14.444,13.305,14.238,34534,0
CINR.US,D,20210701,000000,14.326,14.415,14.11,14.415,11901,0
CINR.US,D,20210702,000000,14.503,14.729,14.09,14.729,2322,0
CINR.US,D,20210706,000000,14.729,14.729,14.149,14.473,12172,0
CINR.US,D,20210707,000000,14.464,14.709,14.287,14.336,12256,0
CINR.US,D,20210708,000000,14.238,14.346,13.827,13.973,9713,0
CINR.US,D,20210709,000000,14.11,14.13,13.835,14.071,4886,0
CINR.US,D,20210712,000000,13.639,13.766,13.403,13.766,3267,0
CINR.US,D,20210713,000000,13.516,14.007,12.814,13.275,28257,0
CINR.US,D,20210714,000000,13.275,14.081,13.21,13.604,38570,0
CINR.US,D,20210715,000000,13.609,13.924,13.305,13.531,17654,0
CINR.US,D,20210716,000000,13.107,13.376,12.981,12.991,2416,0
CINR.US,D,20210719,000000,13.059,13.747,12.764,13.413,84720,0
CINR.US,D,20210720,000000,13.491,13.747,13.442,13.746,3596,0
CINR.US,D,20210721,000000,13.58,13.958,13.477,13.688,11723,0
CINR.US,D,20210722,000000,14.196,14.196,13.433,13.85,6550,0
CINR.US,D,20210723,000000,13.941,13.943,13.266,13.943,20459,0
CINR.US,D,20210726,000000,13.855,14.64,13.796,14.041,9350,0
CINR.US,D,20210727,000000,14.071,14.523,13.982,14.385,16442,0
CINR.US,D,20210728,000000,14.483,14.503,14.019,14.385,15473,0
CINR.US,D,20210729,000000,14.316,14.405,13.958,14.169,5799,0
CINR.US,D,20210730,000000,14.049,14.06,13.742,13.806,1928,0
CINR.US,D,20210802,000000,13.992,14.12,13.992,13.992,3139,0
CINR.US,D,20210803,000000,14.236,14.236,13.968,14.032,2348,0
CINR.US,D,20210804,000000,13.933,13.992,13.853,13.873,5594,0
CINR.US,D,20210805,000000,13.658,13.658,13.237,13.237,6278,0
CINR.US,D,20210806,000000,13.158,13.403,13.158,13.266,8518,0
CINR.US,D,20210809,000000,13.138,13.167,12.274,12.883,12591,0
CINR.US,D,20210810,000000,13.04,13.148,12.814,12.934,5148,0
CINR.US,D,20210811,000000,12.804,12.991,12.797,12.893,1547,0
CINR.US,D,20210812,000000,12.755,12.922,12.675,12.922,1559,0
CINR.US,D,20210813,000000,12.842,12.883,12.618,12.618,2091,0
CINR.US,D,20210816,000000,12.578,12.755,12.421,12.755,15042,0
CINR.US,D,20210817,000000,12.745,12.745,12.519,12.578,3023,0
CINR.US,D,20210818,000000,12.569,12.745,12.274,12.274,32988,0
CINR.US,D,20210819,000000,12.274,12.519,12.274,12.274,16797,0
CINR.US,D,20210820,000000,12.51,12.51,11.97,12.089,8439,0
CINR.US,D,20210823,000000,12.205,12.461,12.127,12.421,6493,0
CINR.US,D,20210824,000000,12.294,12.509,12.202,12.402,7322,0
CINR.US,D,20210825,000000,12.294,12.5,12.284,12.5,14235,0
CINR.US,D,20210826,000000,12.686,12.686,12.372,12.41,7785,0
CINR.US,D,20210827,000000,12.396,12.622,12.375,12.392,7992,0
CINR.US,D,20210830,000000,12.48,12.667,12.372,12.382,8525,0
CINR.US,D,20210831,000000,12.381,12.618,12.343,12.343,6807,0
CINR.US,D,20210901,000000,12.303,12.38,12.303,12.322,3471,0
CINR.US,D,20210902,000000,12.392,12.392,11.911,12.205,16499,0
CINR.US,D,20210903,000000,12.127,12.303,12.127,12.186,24790,0
CINR.US,D,20210907,000000,12.107,12.392,12.107,12.372,17690,0
CINR.US,D,20210908,000000,12.372,12.392,12.137,12.318,13166,0
CINR.US,D,20210909,000000,12.195,12.343,12.195,12.323,2081,0
CINR.US,D,20210910,000000,12.333,12.735,12.249,12.549,43827,0
CINR.US,D,20210913,000000,12.47,12.975,12.47,12.51,27159,0
CINR.US,D,20210914,000000,12.49,12.912,12.49,12.569,19282,0
CINR.US,D,20210915,000000,12.618,12.775,12.581,12.608,4623,0
CINR.US,D,20210916,000000,12.893,13.001,12.5,13.001,6703,0
CINR.US,D,20210917,000000,13.03,13.158,12.843,12.902,9873,0
CINR.US,D,20210920,000000,12.5,13.167,12.47,12.667,85564,0
CINR.US,D,20210921,000000,12.637,12.667,12.51,12.623,36425,0
CINR.US,D,20210922,000000,12.593,12.912,12.47,12.569,41331,0
CINR.US,D,20210923,000000,12.569,12.667,12.47,12.569,8296,0
CINR.US,D,20210924,000000,12.498,12.991,12.498,12.706,4476,0
CINR.US,D,20210927,000000,12.961,13.55,12.961,13.55,31615,0
CINR.US,D,20210928,000000,13.364,13.845,13.364,13.766,17653,0
CINR.US,D,20210929,000000,13.7,14.483,13.609,14.483,37055,0
CINR.US,D,20210930,000000,14.542,16.064,14.365,15.612,74962,0
CINR.US,D,20211001,000000,15.485,15.603,14.997,15.072,20891,0
CINR.US,D,20211004,000000,15.063,15.072,14.316,14.65,15186,0
CINR.US,D,20211005,000000,14.493,14.603,14.189,14.434,5470,0
CINR.US,D,20211006,000000,14.277,14.475,13.845,14.1,12630,0
CINR.US,D,20211007,000000,14.218,14.532,13.879,14.434,3739,0
CINR.US,D,20211008,000000,14.513,15.033,14.513,15.004,28217,0
CINR.US,D,20211011,000000,15.072,15.622,14.839,15.622,33164,0
CINR.US,D,20211012,000000,15.691,16.545,15.691,15.927,32142,0
CINR.US,D,20211013,000000,16.074,16.592,16.005,16.162,34522,0
CINR.US,D,20211014,000000,16.113,16.427,15.838,15.907,29075,0
CINR.US,D,20211015,000000,15.917,16.103,15.711,15.73,30212,0
CINR.US,D,20211018,000000,15.72,16.349,15.72,16.182,27849,0
CINR.US,D,20211019,000000,16.349,16.349,16.005,16.172,31420,0
CINR.US,D,20211020,000000,16.241,16.663,16.138,16.575,31807,0
CINR.US,D,20211021,000000,16.643,16.643,15.966,16.084,53094,0
CINR.US,D,20211022,000000,15.936,16.239,15.416,15.73,17397,0
CINR.US,D,20211025,000000,15.77,16.133,15.691,15.976,3402,0
CINR.US,D,20211026,000000,16.192,16.514,16.084,16.261,14560,0
CINR.US,D,20211027,000000,16.148,16.182,15.805,16.103,6235,0
CINR.US,D,20211028,000000,15.987,16.084,15.838,15.956,5986,0
CINR.US,D,20211029,000000,15.927,15.956,15.73,15.956,11683,0
CINR.US,D,20211101,000000,17.576,19.334,17.257,18.264,112636,0
CINR.US,D,20211102,000000,18.509,18.509,17.307,17.674,19095,0
CINR.US,D,20211103,000000,17.498,18.44,17.488,18.067,35464,0
CINR.US,D,20211104,000000,18.303,18.303,17.537,17.606,15600,0
CINR.US,D,20211105,000000,18.116,18.843,17.606,18.46,34080,0
CINR.US,D,20211108,000000,19.79,19.79,18.5,19.01,35474,0
CINR.US,D,20211109,000000,18.73,18.97,17.815,18.71,56291,0
CINR.US,D,20211110,000000,18.59,18.65,17.942,18.145,19612,0
CINR.US,D,20211111,000000,18.3,18.59,18,18.4,13909,0
CINR.US,D,20211112,000000,18.51,18.59,18.14,18.43,10617,0
CINR.US,D,20211115,000000,18.63,18.63,17.4,18.3,36072,0
CINR.US,D,20211116,000000,18.055,18.5,17.8367,18.25,18869,0
CINR.US,D,20211117,000000,18.2499,18.25,17.84,18.01,58137,0
CINR.US,D,20211118,000000,18.3,18.4725,17.86,18.28,20674,0
CINR.US,D,20211119,000000,18.36,18.36,17.92,18.335,10128,0
CINR.US,D,20211122,000000,19.51,19.9999,18.51,19.41,64669,0
CINR.US,D,20211123,000000,19.36,19.86,18.63,18.68,42991,0
CINR.US,D,20211124,000000,18.75,19.36,18.11,18.82,15016,0
CINR.US,D,20211126,000000,18.7,18.7,17.849,18.7,14750,0
CINR.US,D,20211129,000000,18.53,18.53,16.73,17.7,12141,0
CINR.US,D,20211130,000000,17.05,18.0699,17.02,17.71,7430,0
CINR.US,D,20211201,000000,17.72,17.72,16.88,16.92,12955,0
CINR.US,D,20211202,000000,17.02,17.42,16.835,17.23,12001,0
CINR.US,D,20211203,000000,17.7,17.7,17.05,17.37,4517,0
CINR.US,D,20211206,000000,17.3,17.3,16.27,16.68,13308,0
CINR.US,D,20211207,000000,16.69,17.5,16.69,16.81,11413,0
CINR.US,D,20211208,000000,16.81,17.14,16.81,16.82,5814,0
CINR.US,D,20211209,000000,16.66,16.77,16.14,16.415,6329,0
CINR.US,D,20211210,000000,16.6,16.6,16.12,16.52,16769,0
CINR.US,D,20211213,000000,16.5,16.8293,16.17,16.17,5067,0
CINR.US,D,20211214,000000,16.44,16.44,16.22,16.38,9674,0
CINR.US,D,20211215,000000,16.5,16.9999,16.26,16.95,33149,0
CINR.US,D,20211216,000000,17.01,17.54,17,17,8189,0
CINR.US,D,20211217,000000,16.99,17.005,16.69,16.97,3041,0
CINR.US,D,20211220,000000,16.66,16.97,16.53,16.69,9924,0
CINR.US,D,20211221,000000,16.57,17.09,16.57,16.69,15023,0
CINR.US,D,20211222,000000,16.52,16.7,16.41,16.61,7598,0
CINR.US,D,20211223,000000,16.52,17.18,16.4704,17.18,9047,0
CINR.US,D,20211227,000000,17.1,17.1,16.5601,17.06,9114,0
CINR.US,D,20211228,000000,16.86,17.09,16.81,16.91,2119,0
CINR.US,D,20211229,000000,16.82,16.8608,16.4,16.5,4958,0
CINR.US,D,20211230,000000,16.5,16.64,16.2,16.47,12470,0
CINR.US,D,20211231,000000,16.04,16.61,16.04,16.5,15220,0
CINR.US,D,20220103,000000,16.7344,17.01,16.32,16.75,5749,0
CINR.US,D,20220104,000000,16.8,17.01,16.72,16.98,3315,0
CINR.US,D,20220105,000000,16.98,17.1,16.5489,16.8494,21798,0
CINR.US,D,20220106,000000,16.5101,17.02,16.5101,16.61,5116,0
CINR.US,D,20220107,000000,16.8999,16.8999,16.53,16.875,6933,0
CINR.US,D,20220110,000000,16.5499,16.9,16.5496,16.896,5180,0
CINR.US,D,20220111,000000,16.9,17.1,16.7795,16.96,3469,0
CINR.US,D,20220112,000000,17.1,17.2,16.805,16.9663,14436,0
CINR.US,D,20220113,000000,17.18,17.18,16.96,17.05,2944,0
CINR.US,D,20220114,000000,17.01,17.425,16.88,17,2476,0
CINR.US,D,20220118,000000,16.86,17,16.62,16.62,6622,0
CINR.US,D,20220119,000000,16.64,16.72,16.4,16.53,7220,0
CINR.US,D,20220120,000000,16.6443,16.79,16.3,16.54,10191,0
CINR.US,D,20220121,000000,16.79,17.26,16.25,16.43,8681,0
