<TICKER>,<PER>,<DATE>,<TIME>,<OPEN>,<HIGH>,<LOW>,<CLOSE>,<VOL>,<OPENINT>
CLBR-WS.US,D,20210708,000000,0.79,1,0.7751,0.8199,67062,0
CLBR-WS.US,D,20210709,000000,0.811,0.85,0.811,0.85,36102,0
CLBR-WS.US,D,20210712,000000,0.8001,0.8506,0.7999,0.819758,76473,0
CLBR-WS.US,D,20210713,000000,0.85,0.876045,0.8101,0.827001,20542,0
CLBR-WS.US,D,20210714,000000,0.85,0.8798,0.824999,0.86,54381,0
CLBR-WS.US,D,20210715,000000,0.8749,0.8798,0.86,0.87,16153,0
CLBR-WS.US,D,20210716,000000,0.87,0.87,0.867513,0.87,11222,0
CLBR-WS.US,D,20210719,000000,1.0543,1.0851,0.8503,0.8503,31490,0
CLBR-WS.US,D,20210720,000000,0.8524,0.9024,0.8524,0.8524,1199,0
CLBR-WS.US,D,20210721,000000,0.8521,0.901999,0.8499,0.871651,11201,0
CLBR-WS.US,D,20210722,000000,0.8302,0.880099,0.8302,0.8303,599,0
CLBR-WS.US,D,20210723,000000,0.8303,0.880199,0.8303,0.880199,1801,0
CLBR-WS.US,D,20210726,000000,0.899899,0.899899,0.8501,0.8501,634,0
CLBR-WS.US,D,20210727,000000,0.8403,0.8403,0.820101,0.820101,6036,0
CLBR-WS.US,D,20210729,000000,0.8407,0.889899,0.84,0.84,9245,0
CLBR-WS.US,D,20210730,000000,0.8501,0.86,0.82,0.82,1550,0
CLBR-WS.US,D,20210802,000000,0.820101,0.899899,0.820101,0.8489,1213,0
CLBR-WS.US,D,20210803,000000,0.82,0.87,0.82,0.869899,9786,0
CLBR-WS.US,D,20210804,000000,0.832,0.842511,0.83,0.83,9000,0
CLBR-WS.US,D,20210805,000000,0.8201,0.8201,0.6862,0.74,28032,0
CLBR-WS.US,D,20210806,000000,0.740101,0.77,0.72,0.7201,2729,0
CLBR-WS.US,D,20210809,000000,0.76,0.76,0.6501,0.7499,4459,0
CLBR-WS.US,D,20210811,000000,0.78,0.78,0.78,0.78,489,0
CLBR-WS.US,D,20210812,000000,0.743499,0.7699,0.7299,0.7536,4664,0
CLBR-WS.US,D,20210816,000000,0.6734,0.6902,0.6734,0.6902,200,0
CLBR-WS.US,D,20210817,000000,0.724692,0.724692,0.68,0.7201,4133,0
CLBR-WS.US,D,20210818,000000,0.745,0.745123,0.705,0.7051,800,0
CLBR-WS.US,D,20210819,000000,0.6399,0.7399,0.6399,0.6957,5600,0
CLBR-WS.US,D,20210820,000000,0.643,0.7101,0.63,0.69,9300,0
CLBR-WS.US,D,20210823,000000,0.642,0.7023,0.6,0.66,7621,0
CLBR-WS.US,D,20210824,000000,0.6013,0.6413,0.6013,0.6413,624,0
CLBR-WS.US,D,20210830,000000,0.6211,0.688101,0.6211,0.679401,1733,0
CLBR-WS.US,D,20210831,000000,0.601301,0.74,0.5645,0.644,80165,0
CLBR-WS.US,D,20210901,000000,0.600201,0.6398,0.600201,0.6398,4660,0
CLBR-WS.US,D,20210902,000000,0.6101,0.6399,0.6,0.6399,2101,0
CLBR-WS.US,D,20210907,000000,0.64,0.64,0.6,0.62,2700,0
CLBR-WS.US,D,20210908,000000,0.6,0.6001,0.5458,0.5601,7681,0
CLBR-WS.US,D,20210909,000000,0.5383,0.5383,0.5383,0.5383,1734,0
CLBR-WS.US,D,20210913,000000,0.542,0.542,0.542,0.542,414,0
CLBR-WS.US,D,20210914,000000,0.5301,0.5301,0.5301,0.5301,100,0
CLBR-WS.US,D,20210915,000000,0.55,0.55,0.55,0.55,1143,0
CLBR-WS.US,D,20210916,000000,0.5999,0.5999,0.5996,0.599848,4371,0
CLBR-WS.US,D,20210921,000000,0.5332,0.5332,0.5332,0.5332,270,0
CLBR-WS.US,D,20210922,000000,0.534,0.5701,0.5332,0.5634,6943,0
CLBR-WS.US,D,20210924,000000,0.5899,0.61,0.5899,0.61,2500,0
CLBR-WS.US,D,20210927,000000,0.550501,0.6,0.5505,0.6,3281,0
CLBR-WS.US,D,20210930,000000,0.5604,0.5604,0.5599,0.56,1779,0
CLBR-WS.US,D,20211001,000000,0.580101,0.580101,0.580101,0.580101,500,0
CLBR-WS.US,D,20211004,000000,0.639799,0.6399,0.5799,0.5799,1214,0
CLBR-WS.US,D,20211006,000000,0.5501,0.5851,0.5501,0.585,3895,0
CLBR-WS.US,D,20211007,000000,0.6199,0.6199,0.6199,0.6199,479,0
CLBR-WS.US,D,20211008,000000,0.6799,0.6799,0.588799,0.6099,3966,0
CLBR-WS.US,D,20211012,000000,0.5936,0.6017,0.5936,0.6,6986,0
CLBR-WS.US,D,20211015,000000,0.6299,0.6299,0.6299,0.6299,1200,0
CLBR-WS.US,D,20211025,000000,0.6899,0.6899,0.64,0.6899,1894,0
CLBR-WS.US,D,20211026,000000,0.68,0.68,0.6411,0.67,10695,0
CLBR-WS.US,D,20211027,000000,0.66,0.665051,0.66,0.665049,1539,0
CLBR-WS.US,D,20211028,000000,0.670101,0.670101,0.670101,0.670101,935,0
CLBR-WS.US,D,20211102,000000,0.67,0.68,0.67,0.68,3000,0
CLBR-WS.US,D,20211103,000000,0.7199,0.72,0.7,0.7,3723,0
CLBR-WS.US,D,20211104,000000,0.7099,0.71,0.7099,0.71,775,0
CLBR-WS.US,D,20211105,000000,0.6801,0.6801,0.67,0.67,5200,0
CLBR-WS.US,D,20211108,000000,0.65,0.68,0.65,0.68,104217,0
CLBR-WS.US,D,20211110,000000,0.68,0.72,0.68,0.6999,500,0
CLBR-WS.US,D,20211112,000000,0.6901,0.6901,0.6455,0.66,8022,0
CLBR-WS.US,D,20211115,000000,0.6612,0.72,0.66,0.6992,13376,0
CLBR-WS.US,D,20211116,000000,0.6701,0.6701,0.6701,0.6701,378,0
CLBR-WS.US,D,20211117,000000,0.72,0.72,0.6802,0.7198,4243,0
CLBR-WS.US,D,20211118,000000,0.7298,0.7298,0.699901,0.7,5288,0
CLBR-WS.US,D,20211119,000000,0.7,0.7298,0.68,0.6899,9028,0
CLBR-WS.US,D,20211122,000000,0.6999,0.74,0.6999,0.73,13245,0
CLBR-WS.US,D,20211123,000000,0.75,0.75,0.7176,0.725,4729,0
CLBR-WS.US,D,20211124,000000,0.725,0.725,0.6951,0.7035,1400,0
CLBR-WS.US,D,20211129,000000,0.6701,0.6701,0.59,0.6259,52519,0
CLBR-WS.US,D,20211130,000000,0.6151,0.6301,0.6,0.6,2949,0
CLBR-WS.US,D,20211201,000000,0.6001,0.6001,0.5666,0.5666,2400,0
CLBR-WS.US,D,20211202,000000,0.6,0.6,0.569753,0.57,9530,0
CLBR-WS.US,D,20211203,000000,0.6,0.6,0.6,0.6,101,0
CLBR-WS.US,D,20211206,000000,0.6,0.6,0.6,0.6,100,0
CLBR-WS.US,D,20211207,000000,0.6,0.6,0.5601,0.573,5776,0
CLBR-WS.US,D,20211208,000000,0.591,0.6179,0.568,0.59,17002,0
CLBR-WS.US,D,20211209,000000,0.6,0.627799,0.6,0.6185,473,0
CLBR-WS.US,D,20211210,000000,0.581,0.6,0.5651,0.5998,4345,0
CLBR-WS.US,D,20211213,000000,0.65,0.65,0.59,0.6097,3718,0
CLBR-WS.US,D,20211214,000000,0.59,0.6099,0.59,0.6,69645,0
CLBR-WS.US,D,20211215,000000,0.63,0.63,0.5727,0.5998,682,0
CLBR-WS.US,D,20211216,000000,0.566,0.566,0.5003,0.54,11367,0
CLBR-WS.US,D,20211217,000000,0.54,0.54,0.5399,0.5399,476,0
CLBR-WS.US,D,20211221,000000,0.552349,0.604599,0.5001,0.5248,15800,0
CLBR-WS.US,D,20211222,000000,0.5378,0.5378,0.5079,0.5079,1606,0
CLBR-WS.US,D,20211223,000000,0.5468,0.5468,0.5448,0.5448,200,0
CLBR-WS.US,D,20211227,000000,0.5468,0.5468,0.5169,0.5169,243,0
CLBR-WS.US,D,20211228,000000,0.5468,0.5469,0.5148,0.5469,1268,0
CLBR-WS.US,D,20211229,000000,0.5468,0.5468,0.5169,0.5467,2366,0
CLBR-WS.US,D,20211230,000000,0.5468,0.5468,0.53,0.53,396,0
CLBR-WS.US,D,20211231,000000,0.5268,0.5297,0.5268,0.5297,6720,0
CLBR-WS.US,D,20220103,000000,0.510931,0.5299,0.510931,0.5298,2000,0
CLBR-WS.US,D,20220105,000000,0.5,0.5,0.479899,0.48,1700,0
CLBR-WS.US,D,20220110,000000,0.5,0.528,0.4998,0.5198,112272,0
CLBR-WS.US,D,20220112,000000,0.52,0.5201,0.511,0.52,3735,0
CLBR-WS.US,D,20220118,000000,0.5001,0.515001,0.5,0.500601,38438,0
CLBR-WS.US,D,20220120,000000,0.45,0.5,0.45,0.4998,10102,0
CLBR-WS.US,D,20220121,000000,0.5399,0.5399,0.5399,0.5399,166,0
