<TICKER>,<PER>,<DATE>,<TIME>,<OPEN>,<HIGH>,<LOW>,<CLOSE>,<VOL>,<OPENINT>
CLIM.US,D,20210322,000000,9.9,10.09,9.9,10,22388,0
CLIM.US,D,20210323,000000,9.94,10,9.69,9.75,24537,0
CLIM.US,D,20210324,000000,9.81,9.89,9.8,9.84,19639,0
CLIM.US,D,20210325,000000,9.92,9.92,9.55,9.75,84622,0
CLIM.US,D,20210326,000000,9.76,9.99,9.76,9.9,129697,0
CLIM.US,D,20210329,000000,9.9,9.935,9.83,9.9,102512,0
CLIM.US,D,20210330,000000,9.81,9.85,9.71,9.81,109023,0
CLIM.US,D,20210331,000000,9.8,9.81,9.73,9.73,32547,0
CLIM.US,D,20210401,000000,9.8,9.94,9.75,9.8,150280,0
CLIM.US,D,20210405,000000,9.86,9.91,9.82,9.87,36245,0
CLIM.US,D,20210406,000000,9.86,9.87,9.8,9.83,33833,0
CLIM.US,D,20210407,000000,9.8,9.85,9.8,9.83,218178,0
CLIM.US,D,20210408,000000,9.88,9.96,9.865,9.89,39493,0
CLIM.US,D,20210409,000000,9.9,10.07,9.9,10.0568,22277,0
CLIM.US,D,20210412,000000,10,10.16,9.98,10.1,40963,0
CLIM.US,D,20210413,000000,10.1,10.1,10.01,10.07,6395,0
CLIM.US,D,20210414,000000,10.06,10.07,10.0072,10.07,3156,0
CLIM.US,D,20210415,000000,10.09,10.09,9.9,10.05,29221,0
CLIM.US,D,20210416,000000,10.08,10.08,9.91,9.96,9300,0
CLIM.US,D,20210419,000000,9.9,10.07,9.9,9.98,12595,0
CLIM.US,D,20210420,000000,10.04,10.04,9.87,9.92,16396,0
CLIM.US,D,20210421,000000,9.905,9.98,9.9,9.94,39198,0
CLIM.US,D,20210422,000000,9.93,9.93,9.76,9.86,99296,0
CLIM.US,D,20210423,000000,9.94,9.94,9.86,9.9,37222,0
CLIM.US,D,20210426,000000,9.97,9.97,9.8,9.97,14489,0
CLIM.US,D,20210427,000000,10.05,10.05,9.82,9.96,66118,0
CLIM.US,D,20210428,000000,9.96,9.96,9.86,9.96,2422,0
CLIM.US,D,20210429,000000,9.95,9.99,9.86,9.93,59512,0
CLIM.US,D,20210430,000000,9.93,9.965,9.84,9.89,82851,0
CLIM.US,D,20210503,000000,9.86,9.91,9.81,9.9,264648,0
CLIM.US,D,20210504,000000,9.85,9.94,9.84,9.9,60739,0
CLIM.US,D,20210505,000000,9.85,9.88,9.83,9.85,37530,0
CLIM.US,D,20210506,000000,9.91,9.91,9.81,9.86,41064,0
CLIM.US,D,20210507,000000,9.84,9.84,9.79,9.8,103420,0
CLIM.US,D,20210510,000000,9.8217,10.02,9.78,10.02,45258,0
CLIM.US,D,20210511,000000,9.79,9.9,9.78,9.86,157313,0
CLIM.US,D,20210512,000000,9.8058,9.98,9.8,9.9,13871,0
CLIM.US,D,20210513,000000,9.83,9.88,9.82,9.84,7872,0
CLIM.US,D,20210514,000000,9.81,9.9,9.81,9.9,47622,0
CLIM.US,D,20210517,000000,9.88,9.89,9.79,9.79,40052,0
CLIM.US,D,20210518,000000,9.85,9.85,9.74,9.75,51748,0
CLIM.US,D,20210519,000000,9.75,9.76,9.7,9.75,59124,0
CLIM.US,D,20210520,000000,9.8,9.86,9.77,9.86,710870,0
CLIM.US,D,20210521,000000,9.99,9.99,9.85,9.86,9401,0
CLIM.US,D,20210524,000000,9.79,9.83,9.76,9.76,2139,0
CLIM.US,D,20210526,000000,9.8995,9.91,9.76,9.82,13967,0
CLIM.US,D,20210527,000000,9.8,9.8,9.78,9.78,2759,0
CLIM.US,D,20210528,000000,9.9,9.9,9.8,9.87,5230,0
CLIM.US,D,20210601,000000,9.92,9.92,9.75,9.77,8673,0
CLIM.US,D,20210602,000000,9.8,9.84,9.75,9.8,27584,0
CLIM.US,D,20210603,000000,9.79,9.88,9.78,9.84,14190,0
CLIM.US,D,20210604,000000,9.8418,9.88,9.8,9.84,1535,0
CLIM.US,D,20210607,000000,9.89,9.89,9.83,9.84,20776,0
CLIM.US,D,20210608,000000,9.8773,9.8773,9.78,9.78,8962,0
CLIM.US,D,20210609,000000,9.89,9.93,9.84,9.93,95210,0
CLIM.US,D,20210610,000000,10.02,10.0495,9.91,9.96,19244,0
CLIM.US,D,20210611,000000,10.02,10.02,9.79,9.97,12770,0
CLIM.US,D,20210614,000000,9.92,9.95,9.9,9.94,12273,0
CLIM.US,D,20210615,000000,9.94,9.97,9.79,9.86,13242,0
CLIM.US,D,20210616,000000,9.82,9.91,9.82,9.91,414,0
CLIM.US,D,20210617,000000,9.8,9.91,9.8,9.85,9844,0
CLIM.US,D,20210618,000000,9.89,9.89,9.8,9.83,17258,0
CLIM.US,D,20210621,000000,9.89,9.89,9.8,9.8,2427,0
CLIM.US,D,20210622,000000,9.8,9.8,9.77,9.79,24956,0
CLIM.US,D,20210623,000000,9.8334,9.846,9.78,9.82,19623,0
CLIM.US,D,20210624,000000,9.79,9.815,9.78,9.78,6622,0
CLIM.US,D,20210625,000000,9.79,9.84,9.79,9.83,52530,0
CLIM.US,D,20210628,000000,9.86,9.87,9.83,9.87,35938,0
CLIM.US,D,20210629,000000,9.87,9.88,9.78,9.88,11396,0
CLIM.US,D,20210630,000000,9.85,9.87,9.815,9.87,62639,0
CLIM.US,D,20210701,000000,9.85,9.89,9.78,9.87,27094,0
CLIM.US,D,20210702,000000,9.86,9.86,9.795,9.85,2384,0
CLIM.US,D,20210706,000000,9.86,9.87,9.81,9.87,20240,0
CLIM.US,D,20210707,000000,9.79,9.87,9.78,9.78,99620,0
CLIM.US,D,20210708,000000,9.78,9.86,9.78,9.86,5341,0
CLIM.US,D,20210709,000000,9.83,9.83,9.83,9.83,2121,0
CLIM.US,D,20210712,000000,9.87,9.88,9.8,9.84,70548,0
CLIM.US,D,20210713,000000,9.85,9.85,9.79,9.79,1563,0
CLIM.US,D,20210714,000000,9.84,9.84,9.81,9.83,1713,0
CLIM.US,D,20210715,000000,9.85,9.85,9.79,9.8,7537,0
CLIM.US,D,20210716,000000,9.81,9.8125,9.77,9.77,1391,0
CLIM.US,D,20210719,000000,9.75,9.8,9.74,9.76,16206,0
CLIM.US,D,20210720,000000,9.78,9.81,9.77,9.79,1327,0
CLIM.US,D,20210721,000000,9.8,9.8,9.8,9.8,1959,0
CLIM.US,D,20210722,000000,9.8,9.8,9.75,9.75,2591,0
CLIM.US,D,20210723,000000,9.8,9.8,9.765,9.8,7140,0
CLIM.US,D,20210726,000000,9.76,9.79,9.735,9.75,93996,0
CLIM.US,D,20210727,000000,9.74,9.77,9.73,9.76,140790,0
CLIM.US,D,20210728,000000,9.78,9.78,9.7,9.75,40324,0
CLIM.US,D,20210729,000000,9.7301,9.7301,9.73,9.73,330,0
CLIM.US,D,20210730,000000,9.6801,9.74,9.6801,9.73,15953,0
CLIM.US,D,20210802,000000,9.74,9.75,9.74,9.75,5211,0
CLIM.US,D,20210803,000000,9.74,9.74,9.7201,9.73,8820,0
CLIM.US,D,20210804,000000,9.68,9.74,9.68,9.73,104840,0
CLIM.US,D,20210805,000000,9.73,9.73,9.7,9.7,83463,0
CLIM.US,D,20210806,000000,9.7,9.72,9.7,9.71,3258,0
CLIM.US,D,20210809,000000,9.7,9.74,9.7,9.71,7477,0
CLIM.US,D,20210810,000000,9.7,9.73,9.68,9.69,87959,0
CLIM.US,D,20210811,000000,9.69,9.7,9.67,9.67,9882,0
CLIM.US,D,20210812,000000,9.67,9.7,9.67,9.7,3623,0
CLIM.US,D,20210813,000000,9.7,9.73,9.67,9.698,12201,0
CLIM.US,D,20210816,000000,9.7,9.72,9.7,9.7,23385,0
CLIM.US,D,20210817,000000,9.75,9.75,9.69,9.7,980,0
CLIM.US,D,20210818,000000,9.68,9.73,9.68,9.7,81281,0
CLIM.US,D,20210819,000000,9.66,9.6922,9.66,9.66,3314,0
CLIM.US,D,20210820,000000,9.64,9.72,9.64,9.69,55057,0
CLIM.US,D,20210823,000000,9.71,9.71,9.684,9.7,1605,0
CLIM.US,D,20210824,000000,9.69,9.69,9.6601,9.69,502,0
CLIM.US,D,20210825,000000,9.66,9.66,9.66,9.66,891,0
CLIM.US,D,20210826,000000,9.65,9.68,9.64,9.65,16687,0
CLIM.US,D,20210827,000000,9.64,9.68,9.64,9.64,9049,0
CLIM.US,D,20210830,000000,9.63,9.7,9.63,9.66,38173,0
CLIM.US,D,20210831,000000,9.7,9.7,9.63,9.67,189379,0
CLIM.US,D,20210901,000000,9.67,9.7,9.65,9.69,58747,0
CLIM.US,D,20210902,000000,9.67,9.7,9.6427,9.7,38648,0
CLIM.US,D,20210903,000000,9.65,9.71,9.65,9.67,72177,0
CLIM.US,D,20210907,000000,9.67,9.7,9.67,9.67,3863,0
CLIM.US,D,20210908,000000,9.71,9.71,9.71,9.71,429,0
CLIM.US,D,20210909,000000,9.71,9.72,9.7,9.7,4756,0
CLIM.US,D,20210910,000000,9.7,9.81,9.69,9.81,342373,0
CLIM.US,D,20210913,000000,9.82,9.82,9.82,9.82,214,0
CLIM.US,D,20210914,000000,9.79,9.8,9.75,9.78,8376,0
CLIM.US,D,20210915,000000,9.76,9.79,9.7219,9.78,13303,0
CLIM.US,D,20210916,000000,9.73,9.76,9.71,9.73,822,0
CLIM.US,D,20210917,000000,9.71,9.79,9.68,9.79,2482,0
CLIM.US,D,20210920,000000,9.7401,9.75,9.74,9.74,2984,0
CLIM.US,D,20210921,000000,9.74,9.77,9.74,9.75,251100,0
CLIM.US,D,20210922,000000,9.75,9.77,9.71,9.76,151305,0
CLIM.US,D,20210923,000000,9.75,9.78,9.75,9.78,8894,0
CLIM.US,D,20210924,000000,9.7735,9.7735,9.7735,9.7735,308,0
CLIM.US,D,20210927,000000,9.74,9.78,9.73,9.78,102923,0
CLIM.US,D,20210928,000000,9.78,9.78,9.73,9.76,307049,0
CLIM.US,D,20210929,000000,9.74,9.78,9.74,9.77,4763,0
CLIM.US,D,20210930,000000,9.74,9.78,9.73,9.78,24170,0
CLIM.US,D,20211004,000000,9.71,9.79,9.71,9.77,9260,0
CLIM.US,D,20211005,000000,9.7535,9.77,9.75,9.76,13274,0
CLIM.US,D,20211006,000000,9.76,9.77,9.72,9.77,17996,0
CLIM.US,D,20211007,000000,9.78,9.78,9.77,9.77,9154,0
CLIM.US,D,20211008,000000,9.76,9.77,9.76,9.765,451687,0
CLIM.US,D,20211011,000000,9.74,9.78,9.74,9.78,5283,0
CLIM.US,D,20211012,000000,9.73,9.78,9.73,9.78,60012,0
CLIM.US,D,20211013,000000,9.77,9.78,9.77,9.78,546,0
CLIM.US,D,20211014,000000,9.78,9.78,9.76,9.78,2928,0
CLIM.US,D,20211015,000000,9.74,9.74,9.74,9.74,209,0
CLIM.US,D,20211018,000000,9.72,9.77,9.72,9.76,447,0
CLIM.US,D,20211019,000000,9.76,9.775,9.76,9.77,33412,0
CLIM.US,D,20211021,000000,9.78,9.78,9.78,9.78,159,0
CLIM.US,D,20211022,000000,9.78,9.78,9.7632,9.7632,477,0
CLIM.US,D,20211025,000000,9.78,9.78,9.75,9.77,2425,0
CLIM.US,D,20211026,000000,9.75,9.77,9.75,9.77,1355,0
CLIM.US,D,20211027,000000,9.78,9.78,9.75,9.78,3203,0
CLIM.US,D,20211028,000000,9.78,9.78,9.76,9.78,9372,0
CLIM.US,D,20211029,000000,9.78,9.79,9.7796,9.79,5008,0
CLIM.US,D,20211101,000000,9.78,9.79,9.77,9.79,332376,0
CLIM.US,D,20211102,000000,9.79,9.8,9.78,9.8,78451,0
CLIM.US,D,20211103,000000,9.8,9.89,9.78,9.87,145276,0
CLIM.US,D,20211104,000000,9.85,9.9,9.79,9.89,469790,0
CLIM.US,D,20211105,000000,9.85,9.92,9.85,9.92,341510,0
CLIM.US,D,20211108,000000,9.93,9.93,9.89,9.92,31556,0
CLIM.US,D,20211109,000000,9.93,9.95,9.87,9.87,41834,0
CLIM.US,D,20211110,000000,9.8529,9.8529,9.8529,9.8529,123,0
CLIM.US,D,20211111,000000,9.86,9.86,9.81,9.81,3032,0
CLIM.US,D,20211112,000000,9.85,9.89,9.81,9.86,3560,0
CLIM.US,D,20211115,000000,9.89,9.89,9.77,9.81,235367,0
CLIM.US,D,20211116,000000,9.8109,9.8399,9.81,9.8399,14628,0
CLIM.US,D,20211117,000000,9.85,9.85,9.8,9.83,2483,0
CLIM.US,D,20211118,000000,9.832,9.84,9.8,9.84,1399,0
CLIM.US,D,20211119,000000,9.83,9.9,9.83,9.9,9678,0
CLIM.US,D,20211122,000000,9.92,9.92,9.87,9.89,32431,0
CLIM.US,D,20211123,000000,9.84,9.89,9.84,9.89,20309,0
CLIM.US,D,20211124,000000,9.84,9.87,9.83,9.84,17237,0
CLIM.US,D,20211126,000000,9.84,9.87,9.83,9.859,3094,0
CLIM.US,D,20211129,000000,9.86,9.9,9.84,9.9,21280,0
CLIM.US,D,20211130,000000,9.91,9.91,9.9,9.9,364,0
CLIM.US,D,20211201,000000,9.85,9.89,9.85,9.87,18695,0
CLIM.US,D,20211202,000000,9.83,9.86,9.83,9.86,4792,0
CLIM.US,D,20211203,000000,9.83,9.86,9.83,9.86,4745,0
CLIM.US,D,20211206,000000,9.85,9.85,9.8,9.84,14647,0
CLIM.US,D,20211207,000000,9.82,9.84,9.82,9.84,12441,0
CLIM.US,D,20211208,000000,9.82,9.83,9.819,9.83,9045,0
CLIM.US,D,20211209,000000,9.83,9.83,9.83,9.83,161,0
CLIM.US,D,20211210,000000,9.8,9.82,9.77,9.78,30833,0
CLIM.US,D,20211213,000000,9.76,9.81,9.76,9.79,177578,0
CLIM.US,D,20211214,000000,9.75,9.81,9.75,9.81,118782,0
CLIM.US,D,20211215,000000,9.77,9.795,9.76,9.785,2238,0
CLIM.US,D,20211216,000000,9.78,9.79,9.77,9.78,30887,0
CLIM.US,D,20211217,000000,9.8,9.8,9.7609,9.78,223943,0
CLIM.US,D,20211220,000000,9.78,9.78,9.76,9.78,14005,0
CLIM.US,D,20211221,000000,9.78,9.78,9.78,9.78,719,0
CLIM.US,D,20211222,000000,9.76,9.78,9.76,9.78,6896,0
CLIM.US,D,20211227,000000,9.76,9.7775,9.76,9.76,47692,0
CLIM.US,D,20211228,000000,9.76,9.76,9.76,9.76,1141,0
CLIM.US,D,20211229,000000,9.79,9.79,9.76,9.76,102772,0
CLIM.US,D,20211230,000000,9.75,9.76,9.75,9.76,101232,0
CLIM.US,D,20211231,000000,9.76,9.78,9.75,9.76,11531,0
CLIM.US,D,20220103,000000,9.78,9.78,9.75,9.76,9594,0
CLIM.US,D,20220104,000000,9.75,9.766,9.74,9.74,22762,0
CLIM.US,D,20220105,000000,9.73,9.77,9.73,9.755,31382,0
CLIM.US,D,20220106,000000,9.7501,9.7501,9.75,9.75,9343,0
CLIM.US,D,20220107,000000,9.7618,9.77,9.75,9.7699,7138,0
CLIM.US,D,20220111,000000,9.7401,9.76,9.7401,9.76,11003,0
CLIM.US,D,20220113,000000,9.7524,9.7524,9.7524,9.7524,194,0
CLIM.US,D,20220114,000000,9.75,9.75,9.75,9.75,1635,0
CLIM.US,D,20220118,000000,9.75,9.76,9.75,9.76,95667,0
CLIM.US,D,20220119,000000,9.755,9.77,9.755,9.755,22971,0
CLIM.US,D,20220120,000000,9.77,9.77,9.74,9.75,18081,0
CLIM.US,D,20220121,000000,9.75,9.76,9.74,9.74,43045,0
