<TICKER>,<PER>,<DATE>,<TIME>,<OPEN>,<HIGH>,<LOW>,<CLOSE>,<VOL>,<OPENINT>
CTVA.US,D,20190604,000000,23.39,26.838,23.39,26.658,20961112,0
CTVA.US,D,20190605,000000,26.455,27.108,25.416,26.906,11180789,0
CTVA.US,D,20190606,000000,26.6,26.6,25.197,25.839,14559816,0
CTVA.US,D,20190607,000000,25.138,25.869,24.701,25.273,10461498,0
CTVA.US,D,20190610,000000,24.312,25.686,24.131,24.312,10667543,0
CTVA.US,D,20190611,000000,24.024,24.359,23.563,23.967,12118912,0
CTVA.US,D,20190612,000000,24.121,24.448,23.516,24.082,13941402,0
CTVA.US,D,20190613,000000,24.072,24.197,23.725,23.985,10109111,0
CTVA.US,D,20190614,000000,23.784,24.247,23.583,24.197,7325436,0
CTVA.US,D,20190617,000000,24.524,25.839,24.448,24.928,14272743,0
CTVA.US,D,20190618,000000,25.004,26.482,24.735,26.224,15079623,0
CTVA.US,D,20190619,000000,26.398,26.398,25.812,26.078,10648358,0
CTVA.US,D,20190620,000000,26.291,26.511,25.38,26.088,8044976,0
CTVA.US,D,20190621,000000,25.812,26.618,25.812,26.137,13063681,0
CTVA.US,D,20190624,000000,26.07,27.329,25.988,26.906,6761494,0
CTVA.US,D,20190625,000000,26.916,26.984,26.398,26.58,6973355,0
CTVA.US,D,20190626,000000,26.828,28.216,26.752,28.107,7011418,0
CTVA.US,D,20190627,000000,28.221,29.134,28.107,28.406,6120802,0
CTVA.US,D,20190628,000000,28.434,28.577,28.107,28.406,16154362,0
CTVA.US,D,20190701,000000,28.416,29.537,27.808,28.51,5507382,0
CTVA.US,D,20190702,000000,28.338,28.434,27.033,27.847,5661676,0
CTVA.US,D,20190703,000000,27.647,27.761,27.09,27.666,2326585,0
CTVA.US,D,20190705,000000,27.329,28.164,27.144,27.511,3006716,0
CTVA.US,D,20190708,000000,27.273,27.273,26.55,26.678,3621401,0
CTVA.US,D,20190709,000000,26.388,26.678,25.772,25.927,5502854,0
CTVA.US,D,20190710,000000,25.752,25.936,25.397,25.455,5344285,0
CTVA.US,D,20190711,000000,25.503,25.742,24.938,25.389,6315035,0
CTVA.US,D,20190712,000000,25.38,26.638,25.225,26.511,5366008,0
CTVA.US,D,20190715,000000,26.33,27.154,26.321,26.974,3584338,0
CTVA.US,D,20190716,000000,26.828,27.377,26.623,26.762,3889132,0
CTVA.US,D,20190717,000000,26.511,26.618,25.792,25.821,4163364,0
CTVA.US,D,20190718,000000,25.533,25.917,25.373,25.601,3159750,0
CTVA.US,D,20190719,000000,25.732,26.398,25.591,26.311,4887503,0
CTVA.US,D,20190722,000000,26.263,26.752,26.137,26.668,2650572,0
CTVA.US,D,20190723,000000,26.56,27.358,26.369,27.013,3041236,0
CTVA.US,D,20190724,000000,26.678,27.396,26.54,27.203,2406679,0
CTVA.US,D,20190725,000000,26.993,27.283,26.658,26.916,3677049,0
CTVA.US,D,20190726,000000,26.628,27.401,26.56,27.358,3177930,0
CTVA.US,D,20190729,000000,27.243,27.808,27.203,27.647,6501432,0
CTVA.US,D,20190730,000000,27.02,28.264,26.824,28.109,7401676,0
CTVA.US,D,20190731,000000,28.082,29.095,27.705,28.465,7940328,0
CTVA.US,D,20190801,000000,28.465,31.631,28.418,30.154,11984159,0
CTVA.US,D,20190802,000000,29.855,30.436,29.769,30.358,7571126,0
CTVA.US,D,20190805,000000,29.555,29.884,28.601,28.852,5754203,0
CTVA.US,D,20190806,000000,28.998,29.159,28.438,28.998,5550400,0
CTVA.US,D,20190807,000000,28.541,29.749,28.4,29.565,5104100,0
CTVA.US,D,20190808,000000,29.604,30.676,29.594,30.501,4106467,0
CTVA.US,D,20190809,000000,30.822,30.878,30.126,30.52,4934552,0
CTVA.US,D,20190812,000000,30.386,30.714,28.475,28.641,6683648,0
CTVA.US,D,20190813,000000,28.304,29.095,28.165,28.561,7107269,0
CTVA.US,D,20190814,000000,28.101,28.332,27.291,27.347,4746396,0
CTVA.US,D,20190815,000000,27.916,28.204,26.951,27.424,3690930,0
CTVA.US,D,20190816,000000,27.686,29.248,27.559,29.179,4440698,0
CTVA.US,D,20190819,000000,29.674,29.759,29.189,29.498,4360057,0
CTVA.US,D,20190820,000000,29.546,29.604,29.037,29.199,3185373,0
CTVA.US,D,20190821,000000,29.218,29.894,29.218,29.507,2917639,0
CTVA.US,D,20190822,000000,29.703,29.865,29.149,29.228,3473075,0
CTVA.US,D,20190823,000000,28.755,29.104,27.799,28.033,4375588,0
CTVA.US,D,20190826,000000,28.322,28.443,27.666,28.003,3606257,0
CTVA.US,D,20190827,000000,28.127,28.4,27.534,27.724,3656844,0
CTVA.US,D,20190828,000000,27.5,28.495,27.319,28.146,5276699,0
CTVA.US,D,20190829,000000,28.485,29.167,28.485,28.671,3249484,0
CTVA.US,D,20190830,000000,28.948,28.978,28.234,28.294,5461580,0
CTVA.US,D,20190903,000000,27.974,28.082,27.02,27.241,3427729,0
CTVA.US,D,20190904,000000,27.617,27.828,27.181,27.433,3073094,0
CTVA.US,D,20190905,000000,27.733,27.974,26.971,27.462,5153336,0
CTVA.US,D,20190906,000000,27.452,27.799,26.913,27.395,5326724,0
CTVA.US,D,20190909,000000,27.357,27.809,27.04,27.743,4830429,0
CTVA.US,D,20190910,000000,27.696,28.109,27.152,27.559,3816704,0
CTVA.US,D,20190911,000000,27.5,28.274,27.122,28.244,3143794,0
CTVA.US,D,20190912,000000,28.465,29.037,27.887,28.852,8257009,0
CTVA.US,D,20190913,000000,28.988,29.287,28.852,29.066,5098237,0
CTVA.US,D,20190916,000000,28.998,29.007,27.828,28.37,3420533,0
CTVA.US,D,20190917,000000,28.294,28.438,27.945,27.964,5527907,0
CTVA.US,D,20190918,000000,27.743,28.428,27.743,28.127,3746078,0
CTVA.US,D,20190919,000000,28.234,28.671,28.043,28.117,3349948,0
CTVA.US,D,20190920,000000,28.322,28.531,27.838,27.906,7133226,0
CTVA.US,D,20190923,000000,27.598,27.984,27.447,27.868,3437065,0
CTVA.US,D,20190924,000000,27.705,27.974,26.982,27.251,2996427,0
CTVA.US,D,20190925,000000,27.231,27.5,26.795,27.211,3269790,0
CTVA.US,D,20190926,000000,27.122,27.211,26.526,26.673,3662867,0
CTVA.US,D,20190927,000000,26.628,27.241,26.353,26.824,4719174,0
CTVA.US,D,20190930,000000,26.923,27.357,26.786,27.02,6498204,0
CTVA.US,D,20191001,000000,27.049,27.386,26.276,26.585,6077924,0
CTVA.US,D,20191002,000000,26.199,26.701,25.687,25.997,5522442,0
CTVA.US,D,20191003,000000,25.967,26.209,25.581,25.938,3773678,0
CTVA.US,D,20191004,000000,26.03,26.089,24.897,24.983,5068134,0
CTVA.US,D,20191007,000000,25.088,25.542,24.83,25.088,5673867,0
CTVA.US,D,20191008,000000,24.74,25.503,24.692,25.302,6451711,0
CTVA.US,D,20191009,000000,25.851,25.89,24.839,25.254,4060901,0
CTVA.US,D,20191010,000000,25.254,25.783,24.81,24.83,3132938,0
CTVA.US,D,20191011,000000,25.185,26.169,25.078,25.726,4754851,0
CTVA.US,D,20191014,000000,25.331,25.832,25.282,25.406,3237185,0
CTVA.US,D,20191015,000000,25.302,26.14,25.151,25.763,3967623,0
CTVA.US,D,20191016,000000,25.379,26.276,25.369,25.929,3134388,0
CTVA.US,D,20191017,000000,26.101,26.256,25.726,25.832,2276396,0
CTVA.US,D,20191018,000000,25.668,25.706,24.74,25.127,4500723,0
CTVA.US,D,20191021,000000,25.359,25.65,24.539,24.607,3443777,0
CTVA.US,D,20191022,000000,24.617,25.136,24.344,25.068,4319829,0
CTVA.US,D,20191023,000000,24.983,25.108,24.331,24.711,4290615,0
CTVA.US,D,20191024,000000,24.731,25.621,24.607,25.446,5605577,0
CTVA.US,D,20191025,000000,25.446,26.016,25.321,25.793,2774142,0
CTVA.US,D,20191028,000000,25.851,26.189,25.668,25.832,3051151,0
CTVA.US,D,20191029,000000,25.581,26.285,25.494,25.841,2940611,0
CTVA.US,D,20191030,000000,26.101,26.623,25.967,26.516,6211147,0
CTVA.US,D,20191031,000000,25.571,26.516,24.364,25.455,7570456,0
CTVA.US,D,20191101,000000,25.098,25.668,24.617,25.263,10454010,0
CTVA.US,D,20191104,000000,25.254,25.494,24.75,24.839,8628840,0
CTVA.US,D,20191105,000000,24.587,25.117,23.893,24.76,8543971,0
CTVA.US,D,20191106,000000,24.915,25.396,24.82,25.214,6837120,0
CTVA.US,D,20191107,000000,25.542,25.552,25.205,25.234,4720873,0
CTVA.US,D,20191108,000000,25.185,25.438,25.002,25.282,3108546,0
CTVA.US,D,20191111,000000,25.127,25.803,24.79,25.803,3378497,0
CTVA.US,D,20191112,000000,25.987,26.285,25.601,25.783,4834919,0
CTVA.US,D,20191113,000000,25.571,25.611,24.567,24.82,3920281,0
CTVA.US,D,20191114,000000,24.81,25.919,24.81,25.455,7541479,0
CTVA.US,D,20191115,000000,25.641,25.687,24.543,24.587,5192359,0
CTVA.US,D,20191118,000000,24.587,24.861,24.472,24.587,4825752,0
CTVA.US,D,20191119,000000,24.655,25.017,24.423,24.8,4309221,0
CTVA.US,D,20191120,000000,24.721,24.8,24.041,24.105,4700763,0
CTVA.US,D,20191121,000000,24.105,24.519,24.055,24.231,4348827,0
CTVA.US,D,20191122,000000,24.153,24.679,24.153,24.646,11625850,0
CTVA.US,D,20191125,000000,24.839,25.195,24.75,25.022,6367665,0
CTVA.US,D,20191126,000000,24.876,25.287,24.8,24.974,7862197,0
CTVA.US,D,20191127,000000,24.993,25.428,24.905,25.264,6955460,0
CTVA.US,D,20191129,000000,25.186,25.294,24.779,25.235,8489278,0
CTVA.US,D,20191202,000000,25.245,25.351,24.285,24.42,7462012,0
CTVA.US,D,20191203,000000,24.05,24.12,23.567,23.907,8958180,0
CTVA.US,D,20191204,000000,24.149,24.451,23.877,24.09,13675912,0
CTVA.US,D,20191205,000000,24.217,24.333,23.372,24.07,8095275,0
CTVA.US,D,20191206,000000,24.247,24.789,24.188,24.499,6017378,0
CTVA.US,D,20191209,000000,24.701,25.342,24.629,24.993,6838412,0
CTVA.US,D,20191210,000000,24.915,25.099,24.654,25.089,5294380,0
CTVA.US,D,20191211,000000,25.109,25.477,25.05,25.408,5377850,0
CTVA.US,D,20191212,000000,25.333,26.258,25.215,26.165,5083610,0
CTVA.US,D,20191213,000000,26.165,26.331,25.663,25.691,6463855,0
CTVA.US,D,20191216,000000,26.127,26.728,26.04,26.72,9823846,0
CTVA.US,D,20191217,000000,26.437,26.72,25.777,25.962,9515058,0
CTVA.US,D,20191218,000000,25.904,27.096,25.691,26.981,14300527,0
CTVA.US,D,20191219,000000,26.903,27.417,26.632,26.874,12347662,0
CTVA.US,D,20191220,000000,26.844,27.398,26.612,27.33,31525152,0
CTVA.US,D,20191223,000000,27.339,27.878,27.253,27.794,6156543,0
CTVA.US,D,20191224,000000,27.737,28.163,27.522,27.94,1751243,0
CTVA.US,D,20191226,000000,27.814,28.319,27.766,28.31,2680190,0
CTVA.US,D,20191227,000000,28.319,28.398,28.105,28.261,2823446,0
CTVA.US,D,20191230,000000,28.251,28.348,27.92,27.99,2882581,0
CTVA.US,D,20191231,000000,27.98,28.699,27.94,28.67,3520707,0
CTVA.US,D,20200102,000000,28.911,28.911,27.853,27.873,7074645,0
CTVA.US,D,20200103,000000,27.562,28.029,27.503,27.542,5785962,0
CTVA.US,D,20200106,000000,27.233,27.642,27.128,27.503,7195126,0
CTVA.US,D,20200107,000000,27.455,27.853,27.321,27.611,6201968,0
CTVA.US,D,20200108,000000,27.587,27.911,27.253,27.833,3799155,0
CTVA.US,D,20200109,000000,27.874,27.98,27.522,27.863,3818399,0
CTVA.US,D,20200110,000000,27.94,28.059,27.465,27.494,4638811,0
CTVA.US,D,20200113,000000,27.484,27.737,27.306,27.719,4882402,0
CTVA.US,D,20200114,000000,27.7,27.92,27.445,27.774,5537743,0
CTVA.US,D,20200115,000000,27.784,28.019,27.616,27.814,6534012,0
CTVA.US,D,20200116,000000,27.901,28.378,27.665,28.339,6030022,0
CTVA.US,D,20200117,000000,27.602,27.766,26.794,27.445,8938345,0
CTVA.US,D,20200121,000000,27.213,27.494,26.874,26.981,5685584,0
CTVA.US,D,20200122,000000,26.981,27.398,26.672,27.311,8942764,0
CTVA.US,D,20200123,000000,27.163,27.65,26.682,27.592,4268374,0
CTVA.US,D,20200124,000000,27.455,27.498,26.874,27.106,5151677,0
CTVA.US,D,20200127,000000,26.409,26.7,26.155,26.341,4325562,0
CTVA.US,D,20200128,000000,26.476,26.748,26.185,26.728,5793641,0
CTVA.US,D,20200129,000000,26.72,27.143,26.682,26.961,3608523,0
CTVA.US,D,20200130,000000,27.096,28.557,26.767,28.358,10065949,0
CTVA.US,D,20200131,000000,27.911,28.271,27.602,28.049,6999498,0
CTVA.US,D,20200203,000000,28.181,29.347,27.95,29.211,9742579,0
CTVA.US,D,20200204,000000,29.435,30.17,29.137,30.017,6035703,0
CTVA.US,D,20200205,000000,29.405,30.753,28.794,30.753,5924086,0
CTVA.US,D,20200206,000000,31.034,31.103,30.356,30.637,6582261,0
CTVA.US,D,20200207,000000,30.463,30.483,29.865,30.105,3831755,0
CTVA.US,D,20200210,000000,29.764,30.081,29.545,29.678,3522873,0
CTVA.US,D,20200211,000000,29.735,30.404,29.492,29.588,3820697,0
CTVA.US,D,20200212,000000,29.813,30.151,29.726,30.007,3117464,0
CTVA.US,D,20200213,000000,29.754,30.105,29.535,29.678,4684326,0
CTVA.US,D,20200214,000000,29.698,29.997,29.658,29.784,4016799,0
CTVA.US,D,20200218,000000,29.754,30.529,29.688,30.453,3634390,0
CTVA.US,D,20200219,000000,30.453,30.841,30.278,30.568,3137329,0
CTVA.US,D,20200220,000000,30.424,31.113,30.375,30.617,2536819,0
CTVA.US,D,20200221,000000,30.404,30.714,30.239,30.278,4078228,0
CTVA.US,D,20200224,000000,29.55,29.957,29.357,29.735,3548445,0
CTVA.US,D,20200225,000000,29.698,29.89,27.379,27.522,5202597,0
CTVA.US,D,20200226,000000,27.552,28.448,27.465,27.641,4287260,0
CTVA.US,D,20200227,000000,27.273,27.804,26.418,26.467,4848929,0
CTVA.US,D,20200228,000000,25.729,26.38,25.079,26.38,10035908,0
CTVA.US,D,20200302,000000,26.574,27.538,26.176,27.519,7634906,0
CTVA.US,D,20200303,000000,27.754,28.513,26.787,27.207,8726545,0
CTVA.US,D,20200304,000000,27.47,28.18,27.1,28.162,6507501,0
CTVA.US,D,20200305,000000,27.287,27.701,26.467,26.613,4078340,0
CTVA.US,D,20200306,000000,25.843,25.903,24.285,24.655,5996702,0
CTVA.US,D,20200309,000000,22.685,23.699,22.286,22.482,7961752,0
CTVA.US,D,20200310,000000,23.777,25.328,23.271,25.249,6871574,0
CTVA.US,D,20200311,000000,24.37,25.005,23.826,24.361,6549452,0
CTVA.US,D,20200312,000000,22.286,24.313,21.692,21.77,6616908,0
CTVA.US,D,20200313,000000,23.232,24.361,20.999,24.187,7403443,0
CTVA.US,D,20200316,000000,20.96,22.745,20.04,20.21,6473615,0
CTVA.US,D,20200317,000000,20.687,23.525,20.19,22.091,7753179,0
CTVA.US,D,20200318,000000,20.542,22.803,19.859,21.018,7723276,0
CTVA.US,D,20200319,000000,20.639,24.167,20.015,22.665,5430004,0
CTVA.US,D,20200320,000000,22.607,22.646,20.571,21.955,10884858,0
CTVA.US,D,20200323,000000,21.652,22.929,20.873,21.36,8921155,0
CTVA.US,D,20200324,000000,22.422,23.357,20.951,21.76,8523101,0
CTVA.US,D,20200325,000000,22.17,24.5,21.574,22.803,5976042,0
CTVA.US,D,20200326,000000,22.522,24.216,22.301,23.525,7271244,0
CTVA.US,D,20200327,000000,22.522,24.177,22.086,22.616,4657619,0
CTVA.US,D,20200330,000000,22.685,23.699,22.325,23.475,4586515,0
CTVA.US,D,20200331,000000,23.612,23.944,22.754,22.901,4197844,0
CTVA.US,D,20200401,000000,22.656,22.997,21.78,21.935,6882174,0
CTVA.US,D,20200402,000000,22.266,22.833,21.26,21.672,6467025,0
CTVA.US,D,20200403,000000,21.642,22.462,21.555,22.043,6117200,0
CTVA.US,D,20200406,000000,22.901,23.945,22.626,23.64,6293077,0
CTVA.US,D,20200407,000000,24.361,25.269,23.728,23.905,5928384,0
CTVA.US,D,20200408,000000,23.925,25.502,23.787,25.385,4342869,0
CTVA.US,D,20200409,000000,25.532,27.354,25.532,27.217,6236078,0
CTVA.US,D,20200413,000000,26.623,26.787,25.239,25.883,3544403,0
CTVA.US,D,20200414,000000,26.886,27.132,25.376,25.764,2927970,0
CTVA.US,D,20200415,000000,25.403,25.483,23.986,24.858,3003779,0
CTVA.US,D,20200416,000000,24.732,25.087,23.953,24.519,2733291,0
CTVA.US,D,20200417,000000,25.279,25.645,24.285,24.858,5846448,0
CTVA.US,D,20200420,000000,25.2,25.2,23.944,24.001,4353571,0
CTVA.US,D,20200421,000000,23.397,24.313,23.251,23.65,5925125,0
CTVA.US,D,20200422,000000,24.119,24.571,23.67,24.304,4039814,0
CTVA.US,D,20200423,000000,24.635,25.18,24.37,24.751,2826616,0
CTVA.US,D,20200424,000000,24.928,26,24.732,25.6,3954810,0
CTVA.US,D,20200427,000000,25.66,25.883,24.858,24.908,5037345,0
CTVA.US,D,20200428,000000,25.483,25.838,25.151,25.522,3912601,0
CTVA.US,D,20200429,000000,26.135,26.564,25.784,26.36,2061395,0
CTVA.US,D,20200430,000000,26.019,26.019,25.2,25.522,2748471,0
CTVA.US,D,20200501,000000,25.17,25.17,24.45,24.84,2521905,0
CTVA.US,D,20200504,000000,24.509,24.811,24.185,24.771,4229522,0
CTVA.US,D,20200505,000000,24.751,25.833,24.566,25.512,2475504,0
CTVA.US,D,20200506,000000,25.522,26.048,24.37,24.37,3391068,0
CTVA.US,D,20200507,000000,25.309,26.554,25.309,25.774,4592499,0
CTVA.US,D,20200508,000000,26.038,26.282,24.811,25.319,4890014,0
CTVA.US,D,20200511,000000,24.46,24.509,23.67,23.757,7051811,0
CTVA.US,D,20200512,000000,23.67,23.826,22.626,22.656,5008879,0
CTVA.US,D,20200513,000000,22.561,22.803,21.809,22.675,4701524,0
CTVA.US,D,20200514,000000,22.314,22.894,21.931,22.854,3426096,0
CTVA.US,D,20200515,000000,22.735,22.804,22.167,22.314,3674895,0
CTVA.US,D,20200518,000000,23.216,23.793,22.578,23.53,5953975,0
CTVA.US,D,20200519,000000,23.626,23.892,23.118,23.51,6322663,0
CTVA.US,D,20200520,000000,24.186,25.092,24.156,24.587,4816112,0
CTVA.US,D,20200521,000000,24.44,24.97,24.018,24.057,4103234,0
CTVA.US,D,20200522,000000,24.008,24.176,23.763,24.047,3908933,0
CTVA.US,D,20200526,000000,24.921,25.537,24.695,25.126,3875514,0
CTVA.US,D,20200527,000000,25.371,25.652,24.95,25.284,5950274,0
CTVA.US,D,20200528,000000,25.732,26.92,25.399,26.449,4152469,0
CTVA.US,D,20200529,000000,26.194,26.88,26.174,26.762,6422445,0
CTVA.US,D,20200601,000000,26.556,26.705,25.969,26.283,3231908,0
CTVA.US,D,20200602,000000,26.39,27.467,26.214,27.447,4390507,0
CTVA.US,D,20200603,000000,27.606,28.371,27.586,27.928,3354985,0
CTVA.US,D,20200604,000000,28.222,29.574,28.058,29.564,6897374,0
CTVA.US,D,20200605,000000,30.379,31.055,29.878,30.037,4275257,0
CTVA.US,D,20200608,000000,29.096,30.201,28.723,29.409,4949641,0
CTVA.US,D,20200609,000000,29.047,29.365,28.496,28.998,5474919,0
CTVA.US,D,20200610,000000,28.889,29.525,28.555,28.555,4269966,0
CTVA.US,D,20200611,000000,27.86,27.87,26.478,26.556,6049728,0
CTVA.US,D,20200612,000000,27.87,27.918,26.656,26.989,3922563,0
CTVA.US,D,20200615,000000,26.204,26.566,25.989,26.233,5213521,0
CTVA.US,D,20200616,000000,27.81,28.143,26.9,27.263,8977010,0
CTVA.US,D,20200617,000000,27.213,27.332,26.526,26.8,5403618,0
CTVA.US,D,20200618,000000,26.8,27.019,26.666,26.929,4492064,0
CTVA.US,D,20200619,000000,27.429,27.429,26.194,26.586,6823118,0
CTVA.US,D,20200622,000000,26.429,27.095,25.979,27.029,4017201,0
CTVA.US,D,20200623,000000,27.283,27.351,26.82,26.87,3084499,0
CTVA.US,D,20200624,000000,26.332,26.381,25.508,25.547,4066556,0
CTVA.US,D,20200625,000000,25.459,25.841,25.204,25.675,5714998,0
CTVA.US,D,20200626,000000,25.587,25.637,25.023,25.399,4407514,0
CTVA.US,D,20200629,000000,25.821,26.096,25.518,25.617,4011427,0
CTVA.US,D,20200630,000000,25.597,26.536,25.284,26.253,4684402,0
CTVA.US,D,20200701,000000,26.41,26.85,25.931,26.498,4936980,0
CTVA.US,D,20200702,000000,26.83,27.546,26.83,27.019,3843433,0
CTVA.US,D,20200706,000000,27.655,27.655,26.536,26.979,3743401,0
CTVA.US,D,20200707,000000,26.725,26.725,26.361,26.596,6053107,0
CTVA.US,D,20200708,000000,26.536,26.586,24.931,25.342,5674130,0
CTVA.US,D,20200709,000000,25.508,25.533,24.931,25.234,4482024,0
CTVA.US,D,20200710,000000,25.314,26.086,25.184,26.086,2514515,0
CTVA.US,D,20200713,000000,26.566,26.636,26.067,26.303,2839489,0
CTVA.US,D,20200714,000000,26.135,26.696,25.979,26.536,8618745,0
CTVA.US,D,20200715,000000,27.303,27.487,26.87,27.381,3055485,0
CTVA.US,D,20200716,000000,27.193,27.69,27.158,27.361,2017764,0
CTVA.US,D,20200717,000000,27.497,27.86,27.193,27.78,2759774,0
CTVA.US,D,20200720,000000,27.566,27.695,27.163,27.163,1711595,0
CTVA.US,D,20200721,000000,27.303,27.88,27.303,27.78,3126922,0
CTVA.US,D,20200722,000000,27.477,28.105,27.477,28.087,1994317,0
CTVA.US,D,20200723,000000,27.899,28.341,27.758,28.096,2477818,0
CTVA.US,D,20200724,000000,28.163,28.232,27.743,27.948,1915798,0
CTVA.US,D,20200727,000000,27.988,28.419,27.909,28.232,2737972,0
CTVA.US,D,20200728,000000,28.087,28.182,27.566,27.625,3572231,0
CTVA.US,D,20200729,000000,27.566,28.252,27.566,28.232,2898267,0
CTVA.US,D,20200730,000000,27.655,27.958,27.233,27.909,3379830,0
CTVA.US,D,20200731,000000,27.83,28.123,27.457,27.988,7454500,0
CTVA.US,D,20200803,000000,28.202,28.321,27.899,27.948,3674264,0
CTVA.US,D,20200804,000000,27.928,28.418,27.86,28.133,4758830,0
CTVA.US,D,20200805,000000,28.419,28.555,27.978,27.978,5616181,0
CTVA.US,D,20200806,000000,26.342,26.705,24.714,24.911,11906805,0
CTVA.US,D,20200807,000000,24.833,24.989,24.332,24.813,7612556,0
CTVA.US,D,20200810,000000,24.539,25.116,24.48,24.911,8526710,0
CTVA.US,D,20200811,000000,25.371,26.488,25.229,26.243,8286167,0
CTVA.US,D,20200812,000000,26.656,26.752,25.607,25.831,5246486,0
CTVA.US,D,20200813,000000,25.931,26.59,25.684,26.51,9179958,0
CTVA.US,D,20200814,000000,26.345,27.684,26.156,27.445,5450069,0
CTVA.US,D,20200817,000000,27.465,27.714,26.918,27.349,9418008,0
CTVA.US,D,20200818,000000,27.427,27.989,27.388,27.969,3172893,0
CTVA.US,D,20200819,000000,27.724,28.174,27.575,28.125,5201024,0
CTVA.US,D,20200820,000000,27.82,28.364,27.743,28.364,4654143,0
CTVA.US,D,20200821,000000,28.204,28.264,27.59,28.009,6970135,0
CTVA.US,D,20200824,000000,28.432,28.539,27.771,28.106,4477529,0
CTVA.US,D,20200825,000000,28.264,28.728,28.174,28.214,2380104,0
CTVA.US,D,20200826,000000,28.214,28.834,27.999,28.786,2496187,0
CTVA.US,D,20200827,000000,28.795,29.003,28.614,28.844,1818958,0
CTVA.US,D,20200828,000000,28.954,29.368,28.689,29.072,3255700,0
CTVA.US,D,20200831,000000,28.984,28.984,28.097,28.115,4036100,0
CTVA.US,D,20200901,000000,28.145,29.003,27.989,28.994,3864898,0
CTVA.US,D,20200902,000000,28.884,29.732,28.679,29.673,3665825,0
CTVA.US,D,20200903,000000,29.466,29.752,28.669,28.964,3859734,0
CTVA.US,D,20200904,000000,29.348,29.663,28.614,28.874,5215980,0
CTVA.US,D,20200908,000000,28.629,28.629,27.8,27.87,4278494,0
CTVA.US,D,20200909,000000,28.106,28.964,28.078,28.304,2861421,0
CTVA.US,D,20200910,000000,28.284,28.814,28.254,28.699,4201773,0
CTVA.US,D,20200911,000000,28.894,29.003,28.489,28.579,3179679,0
CTVA.US,D,20200914,000000,28.669,28.984,28.409,28.529,3978273,0
CTVA.US,D,20200915,000000,28.619,29.239,28.589,29.003,3176448,0
CTVA.US,D,20200916,000000,29.139,29.504,28.694,28.786,5860299,0
CTVA.US,D,20200917,000000,28.459,29.308,28.304,29.131,5816797,0
CTVA.US,D,20200918,000000,29.179,29.269,28.418,28.549,7286293,0
CTVA.US,D,20200921,000000,27.762,28.088,27.49,27.79,6224739,0
CTVA.US,D,20200922,000000,27.664,27.81,27.388,27.664,5791492,0
CTVA.US,D,20200923,000000,27.485,27.88,26.975,27.044,4949371,0
CTVA.US,D,20200924,000000,27.044,27.53,26.767,27.21,3078420,0
CTVA.US,D,20200925,000000,26.955,28.102,26.895,27.949,2595740,0
CTVA.US,D,20200928,000000,28.384,28.874,28.314,28.529,2756278,0
CTVA.US,D,20200929,000000,28.334,28.579,28.054,28.155,2002463,0
CTVA.US,D,20200930,000000,28.334,29.092,28.092,28.374,8132875,0
CTVA.US,D,20201001,000000,28.442,28.864,28.174,28.244,4994240,0
CTVA.US,D,20201002,000000,27.969,29.328,27.86,28.924,4926321,0
CTVA.US,D,20201005,000000,29.318,29.82,29.318,29.653,5245982,0
CTVA.US,D,20201006,000000,29.878,30.288,29.573,29.633,5049077,0
CTVA.US,D,20201007,000000,29.948,30.608,29.908,30.067,5661562,0
CTVA.US,D,20201008,000000,31.302,32.145,30.822,31.84,7142039,0
CTVA.US,D,20201009,000000,31.957,33.179,31.8,32.922,5405418,0
CTVA.US,D,20201012,000000,33.1,33.345,32.805,33.08,4029336,0
CTVA.US,D,20201013,000000,32.805,33.257,32.512,33.189,5488711,0
CTVA.US,D,20201014,000000,33.277,33.839,32.961,33.305,3415607,0
CTVA.US,D,20201015,000000,32.675,33.578,32.675,33.474,3081908,0
CTVA.US,D,20201016,000000,33.809,33.889,33.554,33.564,2845385,0
CTVA.US,D,20201019,000000,33.739,34.014,32.685,33.01,5804660,0
CTVA.US,D,20201020,000000,33.228,33.238,32.42,32.568,3754396,0
CTVA.US,D,20201021,000000,32.597,32.785,32.234,32.4,3504626,0
CTVA.US,D,20201022,000000,32.44,32.865,32.252,32.626,2687057,0
CTVA.US,D,20201023,000000,32.645,32.985,32.54,32.665,3607162,0
CTVA.US,D,20201026,000000,32.33,32.5,31.716,32.213,2720466,0
CTVA.US,D,20201027,000000,32.282,32.34,31.84,31.85,2303394,0
CTVA.US,D,20201028,000000,30.982,31.632,30.687,31.376,4035311,0
CTVA.US,D,20201029,000000,31.121,32.19,31.061,32.006,3996692,0
CTVA.US,D,20201030,000000,31.898,32.48,31.622,32.48,4394413,0
CTVA.US,D,20201102,000000,32.775,33.325,32.597,32.97,3779747,0
CTVA.US,D,20201103,000000,32.893,33.04,32.036,32.43,3676460,0
CTVA.US,D,20201104,000000,32.46,32.88,31.622,32.282,3891474,0
CTVA.US,D,20201105,000000,32.645,33.928,32.588,33.425,3936005,0
CTVA.US,D,20201106,000000,33.67,33.868,33.105,33.189,2616538,0
CTVA.US,D,20201109,000000,34.459,35.728,34.074,34.114,4705345,0
CTVA.US,D,20201110,000000,34.224,35.838,34.224,35.679,6816834,0
CTVA.US,D,20201111,000000,35.818,36.34,35.602,36.073,4563837,0
CTVA.US,D,20201112,000000,35.916,35.916,34.458,34.65,3794799,0
CTVA.US,D,20201113,000000,34.719,35.797,34.719,35.59,3401904,0
CTVA.US,D,20201116,000000,36.469,37.131,35.916,36.993,3539475,0
CTVA.US,D,20201117,000000,36.578,36.86,36.133,36.588,3749989,0
CTVA.US,D,20201118,000000,36.805,37.101,36.262,36.262,2356959,0
CTVA.US,D,20201119,000000,36.212,36.874,35.965,36.529,3312823,0
CTVA.US,D,20201120,000000,36.504,36.835,36.419,36.726,2566446,0
CTVA.US,D,20201123,000000,37.091,37.852,37.081,37.349,2744172,0
CTVA.US,D,20201124,000000,37.715,38.554,37.467,38.446,4501988,0
CTVA.US,D,20201125,000000,38.328,38.436,37.877,38.129,2771265,0
CTVA.US,D,20201127,000000,38.09,38.514,37.872,37.962,1384688,0
CTVA.US,D,20201130,000000,37.962,38.139,37.3,37.872,4922084,0
CTVA.US,D,20201201,000000,38.248,38.98,37.793,37.862,3407318,0
CTVA.US,D,20201202,000000,37.685,38.223,37.467,37.823,3545206,0
CTVA.US,D,20201203,000000,37.715,38.168,37.417,37.763,2908186,0
CTVA.US,D,20201204,000000,37.942,38.367,37.803,38.198,3676482,0
CTVA.US,D,20201207,000000,38.041,38.323,37.393,37.497,3048470,0
CTVA.US,D,20201208,000000,37.319,38.006,37.171,37.972,4227460,0
CTVA.US,D,20201209,000000,38.021,38.91,38.011,38.554,3332752,0
CTVA.US,D,20201210,000000,38.218,38.772,38.041,38.288,3160924,0
CTVA.US,D,20201211,000000,37.862,38.248,37.616,37.942,3168008,0
CTVA.US,D,20201214,000000,39.532,39.761,38.263,38.308,3636464,0
CTVA.US,D,20201215,000000,38.782,38.859,37.793,38.762,3833832,0
CTVA.US,D,20201216,000000,38.84,38.84,38.168,38.624,3202079,0
CTVA.US,D,20201217,000000,38.87,39.236,38.754,39.216,4373103,0
CTVA.US,D,20201218,000000,38.96,39.216,38.372,38.95,9506236,0
CTVA.US,D,20201221,000000,38.208,39.156,37.873,39.089,2928538,0
CTVA.US,D,20201222,000000,39.146,39.251,38.494,38.524,2745875,0
CTVA.US,D,20201223,000000,38.654,39.079,38.654,38.723,2358324,0
CTVA.US,D,20201224,000000,38.574,39.089,38.574,39.039,857636,0
CTVA.US,D,20201228,000000,38.91,39.108,37.872,37.902,2576030,0
CTVA.US,D,20201229,000000,38.218,38.465,37.235,37.497,3221557,0
CTVA.US,D,20201230,000000,37.744,38.238,37.566,37.992,3436941,0
CTVA.US,D,20201231,000000,38.208,38.514,37.842,38.268,2344143,0
CTVA.US,D,20210104,000000,38.416,38.743,37.646,37.902,3737364,0
CTVA.US,D,20210105,000000,37.833,38.594,37.773,38.367,2678949,0
CTVA.US,D,20210106,000000,38.86,41.026,38.534,40.59,5050425,0
CTVA.US,D,20210107,000000,41.163,41.994,40.896,41.312,4033311,0
CTVA.US,D,20210108,000000,42.024,42.824,41.678,42.745,4722670,0
CTVA.US,D,20210111,000000,42.142,43.249,41.959,43.11,3666897,0
CTVA.US,D,20210112,000000,42.992,44.326,42.577,44.059,4619319,0
CTVA.US,D,20210113,000000,43.961,44.435,42.952,43.615,2665855,0
CTVA.US,D,20210114,000000,43.792,44.218,43.546,43.693,2138039,0
CTVA.US,D,20210115,000000,43.367,43.476,42.547,43.239,3837003,0
CTVA.US,D,20210119,000000,43.19,43.298,42.399,43.022,2537561,0
CTVA.US,D,20210120,000000,43.367,43.387,42.784,43.15,2692318,0
CTVA.US,D,20210121,000000,43.278,43.842,40.847,41.163,6263730,0
CTVA.US,D,20210122,000000,40.798,41.786,40.57,41.568,5300862,0
CTVA.US,D,20210125,000000,41.173,41.362,39.622,40.818,4785455,0
CTVA.US,D,20210126,000000,41.104,41.342,39.01,39.02,3290585,0
CTVA.US,D,20210127,000000,38.377,38.416,36.113,38.238,5477551,0
CTVA.US,D,20210128,000000,38.792,40.155,38.683,39.819,4066570,0
CTVA.US,D,20210129,000000,39.463,39.918,38.92,39.395,3730387,0
CTVA.US,D,20210201,000000,39.672,40.61,39.395,40.234,2794552,0
CTVA.US,D,20210202,000000,40.798,41.372,40.6,41.006,2480334,0
CTVA.US,D,20210203,000000,41.046,41.648,40.741,41.372,2700186,0
CTVA.US,D,20210204,000000,41.362,42.824,40.72,42.162,3443550,0
CTVA.US,D,20210205,000000,44.158,44.405,43.239,43.387,3575027,0
CTVA.US,D,20210208,000000,43.427,43.624,42.794,43.101,2751636,0
CTVA.US,D,20210209,000000,43.16,43.466,42.706,42.923,4568955,0
CTVA.US,D,20210210,000000,42.952,43.041,41.746,42.538,3272954,0
CTVA.US,D,20210211,000000,42.458,43.288,42.38,43.031,3065975,0
CTVA.US,D,20210212,000000,43.041,43.936,43.017,43.852,1996965,0
CTVA.US,D,20210216,000000,43.802,44.825,43.792,44.751,2562325,0
CTVA.US,D,20210217,000000,44.474,44.648,43.703,44.455,1899739,0
CTVA.US,D,20210218,000000,44.385,44.554,42.933,43.683,3143126,0
CTVA.US,D,20210219,000000,43.842,45.324,43.783,44.94,3600494,0
CTVA.US,D,20210222,000000,45.047,46.214,44.584,46.135,4359623,0
CTVA.US,D,20210223,000000,45.967,46.347,45.344,45.888,6380557,0
CTVA.US,D,20210224,000000,45.948,46.6,45.779,45.868,3255048,0
CTVA.US,D,20210225,000000,46.115,46.115,44.504,44.83,2955023,0
CTVA.US,D,20210226,000000,44.82,45.375,43.978,44.751,4932933,0
CTVA.US,D,20210301,000000,45.415,46.327,45.355,45.861,2576172,0
CTVA.US,D,20210302,000000,45.921,46.396,45.315,45.375,2962010,0
CTVA.US,D,20210303,000000,45.157,45.554,44.701,44.94,2867776,0
CTVA.US,D,20210304,000000,44.691,44.94,42.69,43.462,3561772,0
CTVA.US,D,20210305,000000,43.958,44.617,42.521,44.444,2879050,0
CTVA.US,D,20210308,000000,44.94,45.901,44.464,44.503,3516405,0
CTVA.US,D,20210309,000000,44.632,45.058,44.166,44.315,4009349,0
CTVA.US,D,20210310,000000,44.622,46.723,44.503,46.585,3418678,0
CTVA.US,D,20210311,000000,46.833,47.249,46.336,46.446,2509913,0
CTVA.US,D,20210312,000000,46.585,46.674,45.822,46.486,2196107,0
CTVA.US,D,20210315,000000,46.446,46.486,45.148,46.416,3020069,0
CTVA.US,D,20210316,000000,46.416,46.466,45.457,45.762,2320906,0
CTVA.US,D,20210317,000000,45.792,46.882,45.777,46.843,2735324,0
CTVA.US,D,20210318,000000,46.833,47.556,46.203,46.545,3236778,0
CTVA.US,D,20210319,000000,46.317,47.249,45.662,46.654,9369584,0
CTVA.US,D,20210322,000000,47.18,47.537,46.436,46.882,3388872,0
CTVA.US,D,20210323,000000,46.278,46.585,45.167,45.445,4325409,0
CTVA.US,D,20210324,000000,45.762,46.396,45.584,45.782,3455712,0
CTVA.US,D,20210325,000000,45.524,46.693,45.197,46.366,3773161,0
CTVA.US,D,20210326,000000,46.931,47.625,46.496,47.487,3388601,0
CTVA.US,D,20210329,000000,47.358,48.052,47.1,47.348,4099634,0
CTVA.US,D,20210330,000000,47.16,47.467,46.327,46.525,2595984,0
CTVA.US,D,20210331,000000,46.446,46.872,45.846,46.208,3848156,0
CTVA.US,D,20210401,000000,46.525,46.565,45.633,46.327,3003477,0
CTVA.US,D,20210405,000000,46.466,46.823,46.228,46.624,3066222,0
CTVA.US,D,20210406,000000,46.683,47.546,46.486,47.318,2564040,0
CTVA.US,D,20210407,000000,47.377,47.377,46.129,46.336,2228576,0
CTVA.US,D,20210408,000000,46.099,46.703,45.772,46.516,2201329,0
CTVA.US,D,20210409,000000,46.853,47.224,46.406,46.713,2575660,0
CTVA.US,D,20210412,000000,46.941,47.229,46.416,46.683,2471705,0
CTVA.US,D,20210413,000000,46.693,46.783,46.099,46.456,2565397,0
CTVA.US,D,20210414,000000,46.416,47.219,46.356,46.803,2984443,0
CTVA.US,D,20210415,000000,47.17,47.293,46.459,47.1,2209874,0
CTVA.US,D,20210416,000000,47.546,47.714,46.872,47.08,2860187,0
CTVA.US,D,20210419,000000,47.288,47.457,46.486,47.1,3185316,0
CTVA.US,D,20210420,000000,46.941,47.402,46.248,46.545,2443525,0
CTVA.US,D,20210421,000000,46.466,47.874,46.317,47.854,2757000,0
CTVA.US,D,20210422,000000,47.912,48.438,47.268,47.655,3476289,0
CTVA.US,D,20210423,000000,47.665,48.483,47.527,48.201,2523591,0
CTVA.US,D,20210426,000000,48.289,48.903,48.216,48.438,1906870,0
CTVA.US,D,20210427,000000,48.359,48.835,48.171,48.726,2102026,0
CTVA.US,D,20210428,000000,48.983,49.37,48.626,48.755,2665177,0
CTVA.US,D,20210429,000000,49.122,49.29,48.586,49.122,1825119,0
CTVA.US,D,20210430,000000,48.963,49.315,48.269,48.329,2447699,0
CTVA.US,D,20210503,000000,48.795,49.538,48.636,49.29,2502828,0
CTVA.US,D,20210504,000000,48.566,49.4,48.329,49.35,3477866,0
CTVA.US,D,20210505,000000,47.13,47.566,46.396,47.258,4221626,0
CTVA.US,D,20210506,000000,47.387,48.022,46.159,47.982,3257643,0
CTVA.US,D,20210507,000000,47.854,48.858,47.754,48.428,3392783,0
CTVA.US,D,20210510,000000,48.755,49.538,46.426,46.575,5596775,0
CTVA.US,D,20210511,000000,45.881,46.833,45.297,46.674,4122842,0
CTVA.US,D,20210512,000000,47.11,47.18,44.642,44.781,4953351,0
CTVA.US,D,20210513,000000,44.93,45.954,44.612,45.645,6083770,0
CTVA.US,D,20210514,000000,46.053,46.511,45.825,46.043,2225151,0
CTVA.US,D,20210517,000000,46.262,46.391,45.616,45.944,4173964,0
CTVA.US,D,20210518,000000,45.685,46.013,45.427,45.506,3373561,0
CTVA.US,D,20210519,000000,45.059,45.158,44.174,44.552,3157279,0
CTVA.US,D,20210520,000000,44.522,44.661,43.826,43.866,4251489,0
CTVA.US,D,20210521,000000,44.393,45.019,44.333,44.433,4372208,0
CTVA.US,D,20210524,000000,44.771,45.178,44.645,44.88,4056385,0
CTVA.US,D,20210525,000000,44.83,45.442,44.314,44.333,3570804,0
CTVA.US,D,20210526,000000,44.512,44.751,44.095,44.512,4636817,0
CTVA.US,D,20210527,000000,45.029,45.526,44.781,44.91,3730918,0
CTVA.US,D,20210528,000000,45.149,45.407,44.88,45.228,3046344,0
CTVA.US,D,20210601,000000,45.725,45.896,45.432,45.695,2558386,0
CTVA.US,D,20210602,000000,45.835,45.839,45.139,45.387,2745800,0
CTVA.US,D,20210603,000000,45.049,45.894,44.87,45.705,3338069,0
CTVA.US,D,20210604,000000,45.924,46.086,45.536,45.685,1446243,0
CTVA.US,D,20210607,000000,45.725,46.003,44.94,45.655,2000933,0
CTVA.US,D,20210608,000000,45.496,46.073,45.198,45.626,2479621,0
CTVA.US,D,20210609,000000,45.576,45.685,45.139,45.218,3095914,0
CTVA.US,D,20210610,000000,45.665,45.735,44.284,44.294,2939378,0
CTVA.US,D,20210611,000000,44.622,45.029,44.035,44.274,2960638,0
CTVA.US,D,20210614,000000,44.204,44.294,43.449,43.697,2277408,0
CTVA.US,D,20210615,000000,43.826,44.403,43.449,44.045,2764237,0
CTVA.US,D,20210616,000000,43.986,44.025,43.265,43.439,3442633,0
CTVA.US,D,20210617,000000,43.399,43.518,42.256,43.25,5413091,0
CTVA.US,D,20210618,000000,42.484,42.932,42.336,42.454,7947996,0
CTVA.US,D,20210621,000000,42.892,43.538,42.892,43.15,3842265,0
CTVA.US,D,20210622,000000,43.21,43.439,42.842,43.23,2239513,0
CTVA.US,D,20210623,000000,43.22,43.762,43.22,43.31,2642954,0
CTVA.US,D,20210624,000000,43.578,44.607,43.2,44.085,3550156,0
CTVA.US,D,20210625,000000,44.383,44.463,43.737,43.896,3697886,0
CTVA.US,D,20210628,000000,43.886,44.199,43.305,44.075,3536139,0
CTVA.US,D,20210629,000000,44.473,44.791,43.926,44.015,2134552,0
CTVA.US,D,20210630,000000,44.164,44.199,43.772,44.085,3249646,0
CTVA.US,D,20210701,000000,44.274,44.632,43.811,44.353,2116483,0
CTVA.US,D,20210702,000000,44.468,44.552,43.936,44.234,1844942,0
CTVA.US,D,20210706,000000,44.184,44.234,43.558,43.826,2196765,0
CTVA.US,D,20210707,000000,43.498,44.085,42.624,43.12,3368184,0
CTVA.US,D,20210708,000000,42.684,43.031,42.307,42.644,2321572,0
CTVA.US,D,20210709,000000,43.29,43.359,42.699,43.19,3285236,0
CTVA.US,D,20210712,000000,42.634,43.747,42.434,43.538,2500475,0
CTVA.US,D,20210713,000000,43.658,43.836,42.694,42.792,2402589,0
CTVA.US,D,20210714,000000,42.842,43.419,42.326,42.415,3132968,0
CTVA.US,D,20210715,000000,42.146,42.782,41.868,42.166,2921862,0
CTVA.US,D,20210716,000000,42.236,42.395,41.347,41.56,3440248,0
CTVA.US,D,20210719,000000,40.894,41.073,40.358,40.686,4657077,0
CTVA.US,D,20210720,000000,40.666,41.768,40.496,41.48,2996234,0
CTVA.US,D,20210721,000000,41.998,42.425,41.813,41.958,3503675,0
CTVA.US,D,20210722,000000,42.087,42.131,41.475,42.018,1467301,0
CTVA.US,D,20210723,000000,42.206,42.206,41.65,41.878,1599865,0
CTVA.US,D,20210726,000000,42.008,42.196,41.6,42.096,2857313,0
CTVA.US,D,20210727,000000,41.748,42.326,41.162,42.276,2877352,0
CTVA.US,D,20210728,000000,42.415,42.892,42.196,42.564,2836751,0
CTVA.US,D,20210729,000000,43.012,43.518,42.852,42.962,2408887,0
CTVA.US,D,20210730,000000,42.554,43.235,42.464,42.524,2128922,0
CTVA.US,D,20210802,000000,42.743,43.19,42.196,42.226,1814098,0
CTVA.US,D,20210803,000000,42.346,42.847,42.018,42.812,3166091,0
CTVA.US,D,20210804,000000,42.534,42.634,41.988,42.018,2172003,0
CTVA.US,D,20210805,000000,42.077,42.415,41.162,41.192,5082187,0
CTVA.US,D,20210806,000000,43.737,45.437,43.488,44.492,6067452,0
CTVA.US,D,20210809,000000,44.592,45.288,44.294,44.91,4752708,0
CTVA.US,D,20210810,000000,44.89,45.556,44.761,45.357,3061986,0
CTVA.US,D,20210811,000000,45.377,45.606,45.069,45.467,2470263,0
CTVA.US,D,20210812,000000,45.477,46.045,44.978,45.925,2996192,0
CTVA.US,D,20210813,000000,46.005,46.194,45.766,45.855,2881154,0
CTVA.US,D,20210816,000000,45.367,45.526,44.978,45.038,4747119,0
CTVA.US,D,20210817,000000,44.868,45.118,44.21,44.938,6401528,0
CTVA.US,D,20210818,000000,44.689,45.192,43.772,43.811,3535062,0
CTVA.US,D,20210819,000000,43.133,43.557,42.346,42.426,2465288,0
CTVA.US,D,20210820,000000,42.366,42.685,41.713,41.817,3014993,0
CTVA.US,D,20210823,000000,42.047,42.246,41.733,41.827,3620423,0
CTVA.US,D,20210824,000000,41.887,42.695,41.887,42.426,3534983,0
CTVA.US,D,20210825,000000,42.346,43.836,42.146,43.652,3795546,0
CTVA.US,D,20210826,000000,43.722,44.405,43.532,43.861,3505734,0
CTVA.US,D,20210827,000000,44.101,44.704,43.971,44.051,2587954,0
CTVA.US,D,20210830,000000,44.14,44.14,43.582,43.632,1860319,0
CTVA.US,D,20210831,000000,43.762,43.901,43.353,43.841,4199319,0
CTVA.US,D,20210901,000000,44.23,44.365,43.512,44.25,2525355,0
CTVA.US,D,20210902,000000,44.31,45.297,44.28,44.789,2825841,0
CTVA.US,D,20210903,000000,44.679,45.342,44.679,44.789,3482198,0
CTVA.US,D,20210907,000000,44.489,44.629,44.16,44.2,2462345,0
CTVA.US,D,20210908,000000,44.21,44.47,43.472,44.011,3022246,0
CTVA.US,D,20210909,000000,43.791,44.011,43.393,43.452,2711265,0
CTVA.US,D,20210910,000000,43.991,43.991,43.233,43.293,2067300,0
CTVA.US,D,20210913,000000,43.472,43.722,42.495,43.014,1912987,0
CTVA.US,D,20210914,000000,43.233,43.333,42.037,42.136,1792710,0
CTVA.US,D,20210915,000000,42.176,42.964,42.111,42.844,2184277,0
CTVA.US,D,20210916,000000,42.774,42.854,42.176,42.455,2719178,0
CTVA.US,D,20210917,000000,42.326,42.804,41.189,41.747,7052694,0
CTVA.US,D,20210920,000000,40.88,41.448,40.601,41.369,2513971,0
CTVA.US,D,20210921,000000,41.548,41.678,41.015,41.279,3360765,0
CTVA.US,D,20210922,000000,41.757,42.271,41.658,41.817,2132902,0
CTVA.US,D,20210923,000000,42.077,42.665,41.997,42.286,2651895,0
CTVA.US,D,20210924,000000,42.126,42.426,41.907,42.186,2318599,0
CTVA.US,D,20210927,000000,42.246,43.443,42.246,43.333,2975904,0
CTVA.US,D,20210928,000000,43.452,43.881,42.56,42.914,2997215,0
CTVA.US,D,20210929,000000,43.054,43.104,42.485,42.735,2030603,0
CTVA.US,D,20210930,000000,42.774,42.954,41.937,41.957,2440354,0
CTVA.US,D,20211001,000000,42.226,43.737,42.067,43.373,3550942,0
CTVA.US,D,20211004,000000,43.472,43.742,42.286,42.426,2862256,0
CTVA.US,D,20211005,000000,42.565,43.757,42.356,43.333,3183151,0
CTVA.US,D,20211006,000000,42.725,42.909,41.446,41.877,3059197,0
CTVA.US,D,20211007,000000,42.346,42.924,42.166,42.366,2011268,0
CTVA.US,D,20211008,000000,42.635,43.074,42.376,42.655,1406858,0
CTVA.US,D,20211011,000000,42.804,43.263,42.296,42.336,1261603,0
CTVA.US,D,20211012,000000,42.087,42.435,41.658,41.827,1613740,0
CTVA.US,D,20211013,000000,42.196,42.226,41.249,42.116,2381009,0
CTVA.US,D,20211014,000000,42.465,43.482,42.406,43.243,1535094,0
CTVA.US,D,20211015,000000,43.552,43.796,43.203,43.383,2232679,0
CTVA.US,D,20211018,000000,42.301,43.393,41.987,43.153,2110745,0
CTVA.US,D,20211019,000000,43.383,43.547,42.804,43.502,1422791,0
CTVA.US,D,20211020,000000,43.423,44.4,43.423,44.001,2091064,0
CTVA.US,D,20211021,000000,43.702,43.871,42.465,42.585,2661311,0
CTVA.US,D,20211022,000000,42.625,43.123,42.455,42.625,1881226,0
CTVA.US,D,20211025,000000,42.864,42.974,42.366,42.396,3371102,0
CTVA.US,D,20211026,000000,42.525,42.73,42.185,42.585,1660579,0
CTVA.US,D,20211027,000000,42.336,42.426,41.947,41.987,2153576,0
CTVA.US,D,20211028,000000,42.067,43.014,42.067,42.914,2601051,0
CTVA.US,D,20211029,000000,42.784,43.363,42.565,43.024,3694751,0
CTVA.US,D,20211101,000000,43.044,43.303,42.725,42.884,2659487,0
CTVA.US,D,20211102,000000,42.924,43.213,42.017,42.715,4319347,0
CTVA.US,D,20211103,000000,42.495,45.008,42.495,44.679,4405755,0
CTVA.US,D,20211104,000000,45.367,47.511,45.048,47.261,4478981,0
CTVA.US,D,20211105,000000,47.54,48.428,47.162,47.461,2735278,0
CTVA.US,D,20211108,000000,47.77,48.039,46.274,46.404,4551500,0
CTVA.US,D,20211109,000000,46.484,47.979,46.474,47.71,2549148,0
CTVA.US,D,20211110,000000,47.38,48.18,47.3,47.68,2025294,0
CTVA.US,D,20211111,000000,47.61,48.3,47.56,47.69,1397380,0
CTVA.US,D,20211112,000000,47.9,48.77,47.835,48.7,3811826,0
CTVA.US,D,20211115,000000,49.065,49.4,48.09,48.37,1790748,0
CTVA.US,D,20211116,000000,48.87,49.1,48.4,48.43,1645698,0
CTVA.US,D,20211117,000000,48.23,48.73,48.05,48.35,1533076,0
CTVA.US,D,20211118,000000,48.58,49,48.28,48.67,2404850,0
CTVA.US,D,20211119,000000,48.33,48.49,47.645,47.81,3253658,0
CTVA.US,D,20211122,000000,47.95,48.765,47.54,47.55,2710682,0
CTVA.US,D,20211123,000000,47.7,47.99,47.02,47.9,2005211,0
CTVA.US,D,20211124,000000,47.54,47.85,47.27,47.57,1291876,0
CTVA.US,D,20211126,000000,46.2,47.01,46.12,46.83,1306476,0
CTVA.US,D,20211129,000000,47.295,47.4,46.43,46.59,2080703,0
CTVA.US,D,20211130,000000,46.3,46.42,44.77,45,4761851,0
CTVA.US,D,20211201,000000,45.78,46.97,44.64,44.66,2598906,0
CTVA.US,D,20211202,000000,44.98,46.5,44.885,46.19,2705230,0
CTVA.US,D,20211203,000000,46.25,47.5,45.575,46.04,3760310,0
CTVA.US,D,20211206,000000,46.64,47.55,46.34,47.1,3202452,0
CTVA.US,D,20211207,000000,47.68,48.42,47.49,47.75,2661738,0
CTVA.US,D,20211208,000000,48.09,48.35,47.4965,48.11,2712159,0
CTVA.US,D,20211209,000000,47.8,48.42,47.73,48.03,1983871,0
CTVA.US,D,20211210,000000,48.4,48.66,47.69,47.96,2242509,0
CTVA.US,D,20211213,000000,47.6,47.65,46.55,46.63,2268762,0
CTVA.US,D,20211214,000000,46.54,47.03,46.125,46.31,2425291,0
CTVA.US,D,20211215,000000,46.15,46.26,45.12,46.09,2913145,0
CTVA.US,D,20211216,000000,46.44,47.455,46.3,46.98,3363804,0
CTVA.US,D,20211217,000000,47.14,47.14,45.94,46.08,6903462,0
CTVA.US,D,20211220,000000,45.68,45.68,43.89,44.76,3372705,0
CTVA.US,D,20211221,000000,45.27,46.12,45.07,45.82,2223361,0
CTVA.US,D,20211222,000000,45.85,46.22,45.65,45.93,2940458,0
CTVA.US,D,20211223,000000,46.02,46.79,45.94,46.44,1923810,0
CTVA.US,D,20211227,000000,46.39,47.03,46.25,47.01,1310568,0
CTVA.US,D,20211228,000000,46.94,47.54,46.81,47.38,1616685,0
CTVA.US,D,20211229,000000,47.21,47.53,47.03,47.35,1160851,0
CTVA.US,D,20211230,000000,47.5,47.76,47.06,47.12,1192163,0
CTVA.US,D,20211231,000000,46.94,47.42,46.88,47.28,1457039,0
CTVA.US,D,20220103,000000,47.4,47.78,46.79,46.9,2071223,0
CTVA.US,D,20220104,000000,47.11,48.33,47.11,47.77,2529244,0
CTVA.US,D,20220105,000000,48.02,48.26,47.21,47.24,2498577,0
CTVA.US,D,20220106,000000,47.54,48.25,47.07,47.9,2685836,0
CTVA.US,D,20220107,000000,47.9,48.8,47.8,48.42,2463697,0
CTVA.US,D,20220110,000000,48.3,48.3,46.82,47.39,2145246,0
CTVA.US,D,20220111,000000,47.51,48.49,47.25,48.41,1867019,0
CTVA.US,D,20220112,000000,48.97,49.35,48.49,48.86,1988095,0
CTVA.US,D,20220113,000000,48.82,49.41,48.54,48.9,2107794,0
CTVA.US,D,20220114,000000,48.32,48.78,47.815,48.6,2039623,0
CTVA.US,D,20220118,000000,48.14,48.36,47.75,48.14,1877989,0
CTVA.US,D,20220119,000000,48.43,48.5,47.17,47.22,2530958,0
CTVA.US,D,20220120,000000,47.5,47.98,46.4,46.54,2191210,0
CTVA.US,D,20220121,000000,46.17,46.75,45.32,45.44,2360688,0
