<TICKER>,<PER>,<DATE>,<TIME>,<OPEN>,<HIGH>,<LOW>,<CLOSE>,<VOL>,<OPENINT>
CURO.US,D,20171207,000000,14.078,14.259,13.346,13.508,2683641,0
CURO.US,D,20171208,000000,13.576,13.68,13.414,13.508,216410,0
CURO.US,D,20171211,000000,13.527,13.576,13.128,13.167,473213,0
CURO.US,D,20171212,000000,13.051,13.233,12.842,13.08,153760,0
CURO.US,D,20171213,000000,13.061,13.318,12.939,13.147,109522,0
CURO.US,D,20171214,000000,13.261,13.414,13.157,13.366,104606,0
CURO.US,D,20171215,000000,13.375,13.68,13.157,13.318,97708,0
CURO.US,D,20171218,000000,13.346,13.443,13.176,13.385,50898,0
CURO.US,D,20171219,000000,13.447,13.447,13.176,13.326,29645,0
CURO.US,D,20171220,000000,13.233,13.434,13.214,13.346,40116,0
CURO.US,D,20171221,000000,13.308,13.531,13.308,13.346,74538,0
CURO.US,D,20171222,000000,13.336,13.366,13.281,13.356,39092,0
CURO.US,D,20171226,000000,13.318,13.7,13.318,13.536,57438,0
CURO.US,D,20171227,000000,13.508,13.586,13.247,13.385,73747,0
CURO.US,D,20171228,000000,13.385,13.508,13.318,13.395,95539,0
CURO.US,D,20171229,000000,13.366,13.47,13.318,13.395,66797,0
CURO.US,D,20180102,000000,13.47,13.603,13.271,13.366,323093,0
CURO.US,D,20180103,000000,13.508,13.508,12.852,13.336,507734,0
CURO.US,D,20180104,000000,13.479,13.7,13.119,13.443,537742,0
CURO.US,D,20180105,000000,13.489,14.127,13.366,13.783,409837,0
CURO.US,D,20180108,000000,13.783,13.878,13.434,13.576,84011,0
CURO.US,D,20180109,000000,13.729,14.032,13.596,13.729,189741,0
CURO.US,D,20180110,000000,13.67,13.792,13.536,13.586,109730,0
CURO.US,D,20180111,000000,13.69,14.166,13.536,14.042,160461,0
CURO.US,D,20180112,000000,13.926,14.993,13.926,14.716,222980,0
CURO.US,D,20180116,000000,14.764,15.582,14.764,15.191,133398,0
CURO.US,D,20180117,000000,15.127,15.438,14.973,15.171,332819,0
CURO.US,D,20180118,000000,15.171,15.631,14.907,15.259,60534,0
CURO.US,D,20180119,000000,15.269,15.506,15.108,15.448,173283,0
CURO.US,D,20180122,000000,15.411,15.546,15.221,15.516,198650,0
CURO.US,D,20180123,000000,15.506,15.697,15.231,15.601,88564,0
CURO.US,D,20180124,000000,15.668,15.99,15.602,15.678,69923,0
CURO.US,D,20180125,000000,15.733,15.782,15.278,15.486,127992,0
CURO.US,D,20180126,000000,16.22,16.22,15.43,15.516,112987,0
CURO.US,D,20180129,000000,15.496,16.324,15.496,16.259,169698,0
CURO.US,D,20180130,000000,16.077,16.314,15.787,16.01,74067,0
CURO.US,D,20180131,000000,16.143,16.172,15.393,15.945,128449,0
CURO.US,D,20180201,000000,15.811,16.172,15.393,15.821,113937,0
CURO.US,D,20180202,000000,16.24,17.019,16.087,16.373,864855,0
CURO.US,D,20180205,000000,16.277,16.709,16.22,16.304,102142,0
CURO.US,D,20180206,000000,16.067,16.302,15.821,16.097,159018,0
CURO.US,D,20180207,000000,16.038,16.604,15.868,16.457,90691,0
CURO.US,D,20180208,000000,16.506,16.982,16.038,16.038,96002,0
CURO.US,D,20180209,000000,16.153,16.657,14.831,15.801,275642,0
CURO.US,D,20180212,000000,16.553,16.652,15.662,16.402,45245,0
CURO.US,D,20180213,000000,16.457,16.787,15.963,16.268,194585,0
CURO.US,D,20180214,000000,16.647,16.928,16.647,16.647,188164,0
CURO.US,D,20180215,000000,17.029,17.029,16.272,16.714,96601,0
CURO.US,D,20180216,000000,16.629,16.923,16.467,16.581,79898,0
CURO.US,D,20180220,000000,16.457,16.79,16.191,16.363,86780,0
CURO.US,D,20180221,000000,17.095,17.095,16.285,16.543,71663,0
CURO.US,D,20180222,000000,16.666,16.696,15.743,16.392,286815,0
CURO.US,D,20180223,000000,16.447,16.638,16.058,16.534,99286,0
CURO.US,D,20180226,000000,16.59,16.629,16.153,16.411,91410,0
CURO.US,D,20180227,000000,16.61,16.61,16.059,16.353,112794,0
CURO.US,D,20180228,000000,16.181,16.343,15.915,15.945,87803,0
CURO.US,D,20180301,000000,16.038,16.304,15.801,16.172,139403,0
CURO.US,D,20180302,000000,16.03,16.875,15.906,16.534,132219,0
CURO.US,D,20180305,000000,16.402,16.799,16.2,16.506,57786,0
CURO.US,D,20180306,000000,16.524,16.686,16.411,16.447,54266,0
CURO.US,D,20180307,000000,16.363,16.772,16.363,16.437,310269,0
CURO.US,D,20180308,000000,16.467,16.638,16.038,16.411,93757,0
CURO.US,D,20180309,000000,16.581,16.843,16.422,16.561,188537,0
CURO.US,D,20180312,000000,16.714,16.903,16.334,16.467,103357,0
CURO.US,D,20180313,000000,16.524,16.686,16.038,16.21,195265,0
CURO.US,D,20180314,000000,16.277,16.561,15.945,16.363,117056,0
CURO.US,D,20180315,000000,16.382,16.524,15.577,15.915,252877,0
CURO.US,D,20180316,000000,16.181,16.334,15.896,16.03,969994,0
CURO.US,D,20180319,000000,16.437,16.486,15.773,16.353,152084,0
CURO.US,D,20180320,000000,16.343,16.6,16.03,16.457,121542,0
CURO.US,D,20180321,000000,16.392,16.895,16.304,16.457,145529,0
CURO.US,D,20180322,000000,16.334,16.411,16.087,16.172,72888,0
CURO.US,D,20180323,000000,16.181,16.437,15.991,16.087,147933,0
CURO.US,D,20180326,000000,16.25,16.477,16.107,16.25,301819,0
CURO.US,D,20180327,000000,16.25,16.457,16.135,16.343,87628,0
CURO.US,D,20180328,000000,16.373,16.553,16.215,16.343,123914,0
CURO.US,D,20180329,000000,16.363,16.486,16.01,16.363,124745,0
CURO.US,D,20180402,000000,16.334,16.885,16.116,16.172,310229,0
CURO.US,D,20180403,000000,16.304,16.605,16.125,16.496,131719,0
CURO.US,D,20180404,000000,16.324,16.743,16.309,16.411,160892,0
CURO.US,D,20180405,000000,16.571,16.809,16.411,16.447,173542,0
CURO.US,D,20180406,000000,16.324,16.534,16.077,16.294,83431,0
CURO.US,D,20180409,000000,16.419,16.62,16.314,16.402,165459,0
CURO.US,D,20180410,000000,16.571,16.839,16.324,16.772,174995,0
CURO.US,D,20180411,000000,16.686,18.179,16.686,17.741,703275,0
CURO.US,D,20180412,000000,17.941,18.183,17.427,17.657,137740,0
CURO.US,D,20180413,000000,17.865,17.922,16.819,17.123,151650,0
CURO.US,D,20180416,000000,17.534,17.534,16.59,16.885,176571,0
CURO.US,D,20180417,000000,17.142,17.893,17.142,17.855,357695,0
CURO.US,D,20180418,000000,17.961,18.426,17.751,18.075,106673,0
CURO.US,D,20180419,000000,17.999,18.728,17.999,18.579,168461,0
CURO.US,D,20180420,000000,18.512,19.082,18.428,18.894,128898,0
CURO.US,D,20180423,000000,18.932,19.027,18.645,18.779,87064,0
CURO.US,D,20180424,000000,18.824,18.894,18.512,18.655,98270,0
CURO.US,D,20180425,000000,18.684,19.027,18.465,18.894,102246,0
CURO.US,D,20180426,000000,18.922,19.236,18.84,18.997,74367,0
CURO.US,D,20180427,000000,20.168,20.7,19.217,20.119,371268,0
CURO.US,D,20180430,000000,20.291,21.11,20.225,20.805,104947,0
CURO.US,D,20180501,000000,20.805,22.185,20.629,22.175,200178,0
CURO.US,D,20180502,000000,22.127,22.897,22.06,22.089,158972,0
CURO.US,D,20180503,000000,22.07,22.783,21.527,22.64,238825,0
CURO.US,D,20180504,000000,22.564,23.049,22.165,22.288,178738,0
CURO.US,D,20180507,000000,22.527,23.21,22.259,23.127,164875,0
CURO.US,D,20180508,000000,23.318,23.46,22.66,22.974,140970,0
CURO.US,D,20180509,000000,23.031,23.146,22.856,23.107,156236,0
CURO.US,D,20180510,000000,23.21,23.335,23.064,23.184,55558,0
CURO.US,D,20180511,000000,23.117,23.373,22.984,23.117,101588,0
CURO.US,D,20180514,000000,23.117,23.45,23.013,23.166,186044,0
CURO.US,D,20180515,000000,22.147,22.147,20.892,21.167,462055,0
CURO.US,D,20180516,000000,21.1,22.737,20.549,22.46,888084,0
CURO.US,D,20180517,000000,23.613,23.657,22.137,22.422,4430020,0
CURO.US,D,20180518,000000,22.546,22.832,21.975,22.403,792959,0
CURO.US,D,20180521,000000,22.594,22.974,22.241,22.375,520469,0
CURO.US,D,20180522,000000,22.546,22.546,21.537,21.605,771868,0
CURO.US,D,20180523,000000,21.507,22.007,21.405,21.919,261126,0
CURO.US,D,20180524,000000,21.947,22.204,21.48,21.671,344552,0
CURO.US,D,20180525,000000,21.595,21.813,21.205,21.241,237807,0
CURO.US,D,20180529,000000,21.233,21.462,20.852,21.434,352977,0
CURO.US,D,20180530,000000,21.498,22.195,21.498,22.032,307321,0
CURO.US,D,20180531,000000,21.928,22.037,21.537,21.89,321370,0
CURO.US,D,20180601,000000,21.947,22.45,21.784,21.842,230747,0
CURO.US,D,20180604,000000,21.813,22.108,21.626,21.965,162239,0
CURO.US,D,20180605,000000,22.003,22.47,21.813,21.975,222512,0
CURO.US,D,20180606,000000,21.919,22.175,21.794,21.937,219143,0
CURO.US,D,20180607,000000,21.87,22.241,21.87,22.051,341010,0
CURO.US,D,20180608,000000,22.003,22.269,21.766,22.099,179965,0
CURO.US,D,20180611,000000,22.233,22.306,21.542,21.822,181433,0
CURO.US,D,20180612,000000,21.794,22.051,21.714,21.928,134205,0
CURO.US,D,20180613,000000,21.928,22.175,21.89,21.985,213846,0
CURO.US,D,20180614,000000,22.051,22.204,21.799,21.9,142550,0
CURO.US,D,20180615,000000,21.842,22.195,21.498,22.127,188067,0
CURO.US,D,20180618,000000,22.022,22.251,21.642,21.928,214331,0
CURO.US,D,20180619,000000,21.746,21.852,21.023,21.642,233528,0
CURO.US,D,20180620,000000,21.661,21.928,21.339,21.405,129851,0
CURO.US,D,20180621,000000,21.623,22.822,21.623,22.07,614907,0
CURO.US,D,20180622,000000,22.165,23.639,21.852,23.63,701105,0
CURO.US,D,20180625,000000,23.63,24.914,23.402,24.658,833076,0
CURO.US,D,20180626,000000,24.829,25.781,24.765,24.839,655464,0
CURO.US,D,20180627,000000,24.848,24.848,23.23,23.478,348686,0
CURO.US,D,20180628,000000,23.487,23.82,23.042,23.657,206479,0
CURO.US,D,20180629,000000,23.774,23.905,23.574,23.736,156238,0
CURO.US,D,20180702,000000,23.657,24.543,23.639,24.43,207268,0
CURO.US,D,20180703,000000,24.534,25.423,24.43,25.17,255791,0
CURO.US,D,20180705,000000,25.2,25.647,25.115,25.466,151285,0
CURO.US,D,20180706,000000,25.408,25.79,25.038,25.714,208677,0
CURO.US,D,20180709,000000,25.874,26.747,25.829,26.17,259960,0
CURO.US,D,20180710,000000,26.161,26.455,25.962,26.161,111679,0
CURO.US,D,20180711,000000,26.179,26.445,25.925,26.038,127626,0
CURO.US,D,20180712,000000,26.113,26.267,25.295,25.505,138226,0
CURO.US,D,20180713,000000,25.505,26.161,24.592,26.009,232980,0
CURO.US,D,20180716,000000,26.17,26.628,25.637,26.435,231824,0
CURO.US,D,20180717,000000,26.237,26.628,25.971,26.523,164569,0
CURO.US,D,20180718,000000,26.485,26.751,26.028,26.731,148901,0
CURO.US,D,20180719,000000,26.598,26.883,26.094,26.826,139813,0
CURO.US,D,20180720,000000,26.922,27.445,26.922,27.007,139019,0
CURO.US,D,20180723,000000,26.96,27.389,26.96,27.14,110729,0
CURO.US,D,20180724,000000,27.15,27.586,26.978,27.016,233980,0
CURO.US,D,20180725,000000,27.187,27.349,26.78,26.941,144874,0
CURO.US,D,20180726,000000,26.903,27.246,26.341,26.426,163651,0
CURO.US,D,20180727,000000,26.351,26.409,25.17,25.486,292829,0
CURO.US,D,20180730,000000,25.496,25.528,24.715,24.886,133323,0
CURO.US,D,20180731,000000,24.496,25.303,23.191,24.762,763610,0
CURO.US,D,20180801,000000,24.734,25.248,24.724,25.19,136012,0
CURO.US,D,20180802,000000,25.096,25.377,24.781,24.839,219129,0
CURO.US,D,20180803,000000,24.781,25.18,24.41,24.448,154567,0
CURO.US,D,20180806,000000,24.515,24.734,24.258,24.486,94358,0
CURO.US,D,20180807,000000,24.63,25.456,24.41,25.39,116675,0
CURO.US,D,20180808,000000,25.399,25.761,25.239,25.617,132064,0
CURO.US,D,20180809,000000,25.571,25.864,25.353,25.704,88270,0
CURO.US,D,20180810,000000,25.561,25.795,25.229,25.466,42449,0
CURO.US,D,20180813,000000,25.542,26.028,25.542,25.922,191898,0
CURO.US,D,20180814,000000,25.971,26.424,25.2,25.362,230008,0
CURO.US,D,20180815,000000,25.333,25.952,24.979,25.752,191359,0
CURO.US,D,20180816,000000,25.913,26.979,25.741,26.836,106736,0
CURO.US,D,20180817,000000,26.883,27.104,26.731,26.96,65291,0
CURO.US,D,20180820,000000,27.131,27.73,27.114,27.551,119751,0
CURO.US,D,20180821,000000,27.551,28.415,27.551,28.255,207232,0
CURO.US,D,20180822,000000,28.215,28.739,27.968,28.71,107750,0
CURO.US,D,20180823,000000,28.768,28.871,28.301,28.691,103375,0
CURO.US,D,20180824,000000,28.758,29.014,28.663,28.976,94687,0
CURO.US,D,20180827,000000,29.108,29.443,28.989,29.073,181523,0
CURO.US,D,20180828,000000,29.157,29.261,28.567,29.138,148519,0
CURO.US,D,20180829,000000,29.243,29.795,29.243,29.7,163709,0
CURO.US,D,20180830,000000,29.718,30.537,28.976,29.261,230266,0
CURO.US,D,20180831,000000,29.367,29.732,29.271,29.358,157708,0
CURO.US,D,20180904,000000,29.376,29.766,29.054,29.481,188764,0
CURO.US,D,20180905,000000,29.481,29.625,28.72,29.329,206379,0
CURO.US,D,20180906,000000,29.367,29.481,29.082,29.128,99252,0
CURO.US,D,20180907,000000,29.128,29.423,28.94,28.949,68356,0
CURO.US,D,20180910,000000,29.108,29.576,28.996,29.3,103254,0
CURO.US,D,20180911,000000,29.224,29.88,29.064,29.718,109602,0
CURO.US,D,20180912,000000,29.67,29.737,27.864,28.833,319433,0
CURO.US,D,20180913,000000,28.871,29.433,28.529,29.004,105886,0
CURO.US,D,20180914,000000,28.949,29.566,28.196,28.93,89725,0
CURO.US,D,20180917,000000,28.921,29.386,28.007,28.425,161340,0
CURO.US,D,20180918,000000,28.425,28.976,28.425,28.825,270083,0
CURO.US,D,20180919,000000,28.891,29.3,27.844,28.311,208967,0
CURO.US,D,20180920,000000,28.492,29.386,28.415,29.206,146561,0
CURO.US,D,20180921,000000,29.243,30.082,28.701,29.481,874012,0
CURO.US,D,20180924,000000,29.472,29.68,28.861,29.108,145830,0
CURO.US,D,20180925,000000,29.718,30.632,29.49,29.805,318504,0
CURO.US,D,20180926,000000,29.871,30.147,28.842,29.073,221433,0
CURO.US,D,20180927,000000,29.148,29.88,28.606,29.556,444175,0
CURO.US,D,20180928,000000,29.472,30.043,28.576,28.758,181264,0
CURO.US,D,20181001,000000,29.024,29.157,27.685,27.758,233424,0
CURO.US,D,20181002,000000,27.768,27.997,27.114,27.207,163483,0
CURO.US,D,20181003,000000,27.31,27.462,26.161,26.227,327613,0
CURO.US,D,20181004,000000,26.076,26.159,24.896,25.39,583574,0
CURO.US,D,20181005,000000,25.362,25.54,24.238,24.819,494132,0
CURO.US,D,20181008,000000,24.639,25.115,23.716,24.592,398532,0
CURO.US,D,20181009,000000,24.258,25.229,24.144,24.391,252181,0
CURO.US,D,20181010,000000,24.448,24.457,23.23,23.25,209409,0
CURO.US,D,20181011,000000,23.22,23.88,22.916,23.003,270348,0
CURO.US,D,20181012,000000,23.421,23.627,22.356,22.64,283800,0
CURO.US,D,20181015,000000,22.564,22.812,22.317,22.773,150166,0
CURO.US,D,20181016,000000,22.888,23.535,22.67,23.392,355425,0
CURO.US,D,20181017,000000,23.382,23.421,22.67,23.087,166294,0
CURO.US,D,20181018,000000,23.003,23.003,22.444,22.709,151605,0
CURO.US,D,20181019,000000,22.709,23.184,22.622,22.87,174038,0
CURO.US,D,20181022,000000,22.878,23.022,22.622,22.803,164499,0
CURO.US,D,20181023,000000,22.432,23.309,22.356,22.906,141215,0
CURO.US,D,20181024,000000,22.842,23.036,21.671,21.756,389880,0
CURO.US,D,20181025,000000,17.598,17.598,13.955,14.441,3141535,0
CURO.US,D,20181026,000000,14.117,14.212,13.336,13.631,1008559,0
CURO.US,D,20181029,000000,13.764,13.994,12.215,12.785,781767,0
CURO.US,D,20181030,000000,12.72,12.81,12.334,12.606,444467,0
CURO.US,D,20181031,000000,12.737,13.631,12.448,13.385,702832,0
CURO.US,D,20181101,000000,13.414,14.851,13.414,14.641,520620,0
CURO.US,D,20181102,000000,14.735,14.87,14.221,14.526,519297,0
CURO.US,D,20181105,000000,14.516,14.593,13.792,14.078,341875,0
CURO.US,D,20181106,000000,14.032,14.82,13.926,14.755,234031,0
CURO.US,D,20181107,000000,14.86,15.231,14.459,15.191,277616,0
CURO.US,D,20181108,000000,15.181,15.658,14.764,15.374,418784,0
CURO.US,D,20181109,000000,15.277,15.277,13.729,13.822,346423,0
CURO.US,D,20181112,000000,13.755,13.965,13.326,13.739,168892,0
CURO.US,D,20181113,000000,13.739,13.899,13.318,13.47,276522,0
CURO.US,D,20181114,000000,13.69,14.06,13.443,13.69,98856,0
CURO.US,D,20181115,000000,13.68,13.965,13.452,13.946,116350,0
CURO.US,D,20181116,000000,13.88,13.955,13.176,13.461,186155,0
CURO.US,D,20181119,000000,13.489,13.489,12.967,13.243,336421,0
CURO.US,D,20181120,000000,13.204,13.271,12.567,12.746,321796,0
CURO.US,D,20181121,000000,12.842,13.119,12.623,12.919,139580,0
CURO.US,D,20181123,000000,12.842,13.147,12.805,13.09,158928,0
CURO.US,D,20181126,000000,13.233,13.356,12.939,13.167,121950,0
CURO.US,D,20181127,000000,13.08,13.172,12.71,12.746,256910,0
CURO.US,D,20181128,000000,12.755,13.08,12.487,12.89,162148,0
CURO.US,D,20181129,000000,12.852,13.1,12.395,12.746,293914,0
CURO.US,D,20181130,000000,12.729,12.976,12.443,12.682,190772,0
CURO.US,D,20181203,000000,12.834,12.842,12.547,12.824,207729,0
CURO.US,D,20181204,000000,12.72,12.909,11.758,12.14,324010,0
CURO.US,D,20181206,000000,11.769,12.043,11.683,11.769,260998,0
CURO.US,D,20181207,000000,11.796,12.006,11.406,11.577,290536,0
CURO.US,D,20181210,000000,11.54,11.692,11.198,11.216,110656,0
CURO.US,D,20181211,000000,11.357,11.396,10.751,10.806,191822,0
CURO.US,D,20181212,000000,10.93,11.406,10.922,10.988,216176,0
CURO.US,D,20181213,000000,10.978,11.178,10.568,10.664,247312,0
CURO.US,D,20181214,000000,10.597,10.902,10.199,10.245,172152,0
CURO.US,D,20181217,000000,10.274,10.436,10.121,10.19,277849,0
CURO.US,D,20181218,000000,10.255,10.479,9.864,9.894,190260,0
CURO.US,D,20181219,000000,9.894,10.131,9.599,9.609,349271,0
CURO.US,D,20181220,000000,9.551,9.702,9.2564,9.4658,254020,0
CURO.US,D,20181221,000000,9.4369,9.503,9.0182,9.1129,405739,0
CURO.US,D,20181224,000000,8.9803,8.9946,8.7043,8.7043,119634,0
CURO.US,D,20181226,000000,8.8471,9.1893,8.3096,9.1518,582005,0
CURO.US,D,20181227,000000,8.9613,8.9852,8.3905,8.9613,418964,0
CURO.US,D,20181228,000000,8.8946,9.3609,8.8946,9.1416,184022,0
CURO.US,D,20181231,000000,9.1699,9.2253,8.6757,9.028,156800,0
CURO.US,D,20190102,000000,8.9423,9.4926,8.5998,9.2944,144648,0
CURO.US,D,20190103,000000,9.1989,9.3512,8.8852,9.0659,141832,0
CURO.US,D,20190104,000000,9.1797,9.771,9.1416,9.4956,218139,0
CURO.US,D,20190107,000000,9.4956,9.808,9.3885,9.599,424241,0
CURO.US,D,20190108,000000,9.647,9.884,9.503,9.781,308851,0
CURO.US,D,20190109,000000,9.854,10.636,9.854,10.398,340075,0
CURO.US,D,20190110,000000,10.33,10.902,10.236,10.854,169731,0
CURO.US,D,20190111,000000,10.769,11.173,10.559,10.988,133898,0
CURO.US,D,20190114,000000,10.873,11.347,10.664,11.225,237603,0
CURO.US,D,20190115,000000,11.235,11.406,10.912,11.387,269554,0
CURO.US,D,20190116,000000,11.445,11.968,11.445,11.749,191180,0
CURO.US,D,20190117,000000,11.624,12.033,11.501,11.881,189954,0
CURO.US,D,20190118,000000,11.948,12.238,11.683,12.177,199794,0
CURO.US,D,20190122,000000,12.052,12.052,11.312,11.406,321933,0
CURO.US,D,20190123,000000,11.435,11.628,11.007,11.198,154391,0
CURO.US,D,20190124,000000,11.198,11.54,11.037,11.34,96736,0
CURO.US,D,20190125,000000,11.415,11.702,11.071,11.663,114249,0
CURO.US,D,20190128,000000,11.501,11.739,11.235,11.643,169327,0
CURO.US,D,20190129,000000,11.673,11.776,11.367,11.587,185383,0
CURO.US,D,20190130,000000,11.729,12.033,11.464,11.958,150065,0
CURO.US,D,20190131,000000,11.863,12.31,11.776,11.891,309569,0
CURO.US,D,20190201,000000,12.453,13.147,11.168,11.357,889660,0
CURO.US,D,20190204,000000,11.321,11.749,11.207,11.312,301313,0
CURO.US,D,20190205,000000,11.312,11.54,11.178,11.225,270981,0
CURO.US,D,20190206,000000,11.198,11.198,10.484,10.645,619281,0
CURO.US,D,20190207,000000,10.607,10.607,9.997,10.303,295266,0
CURO.US,D,20190208,000000,10.208,10.255,9.808,10.245,230360,0
CURO.US,D,20190211,000000,10.408,10.636,10.102,10.321,432992,0
CURO.US,D,20190212,000000,10.464,10.816,10.398,10.464,243156,0
CURO.US,D,20190213,000000,10.531,10.626,10.383,10.494,131206,0
CURO.US,D,20190214,000000,10.464,10.568,10.321,10.417,123906,0
CURO.US,D,20190215,000000,10.531,10.587,10.36,10.464,280312,0
CURO.US,D,20190219,000000,10.464,10.712,10.398,10.626,323575,0
CURO.US,D,20190220,000000,10.664,11.11,10.607,10.607,350715,0
CURO.US,D,20190221,000000,10.568,10.645,10.057,10.102,179811,0
CURO.US,D,20190222,000000,10.14,10.303,9.914,10.218,773798,0
CURO.US,D,20190225,000000,10.379,10.607,9.924,9.951,460522,0
CURO.US,D,20190226,000000,9.924,10.012,9.1084,9.237,607957,0
CURO.US,D,20190227,000000,9.2466,9.4678,8.7235,9.3796,296348,0
CURO.US,D,20190228,000000,9.503,10.636,9.4956,10.484,461006,0
CURO.US,D,20190301,000000,10.54,11.026,10.33,10.922,288194,0
CURO.US,D,20190304,000000,10.93,10.94,10.454,10.559,476494,0
CURO.US,D,20190305,000000,10.578,10.597,9.934,10.303,196010,0
CURO.US,D,20190306,000000,10.227,10.256,9.647,9.741,203707,0
CURO.US,D,20190307,000000,9.722,9.722,9.0468,9.1036,222604,0
CURO.US,D,20190308,000000,9.0088,9.1699,8.8091,9.0759,177237,0
CURO.US,D,20190311,000000,9.1322,9.3237,8.9709,9.3041,129562,0
CURO.US,D,20190312,000000,9.2944,9.551,9.237,9.512,134042,0
CURO.US,D,20190313,000000,9.58,9.894,9.521,9.628,110056,0
CURO.US,D,20190314,000000,9.647,9.799,9.427,9.531,105847,0
CURO.US,D,20190315,000000,9.561,10.892,9.4181,10.693,1096210,0
CURO.US,D,20190318,000000,10.673,10.731,10.199,10.236,167393,0
CURO.US,D,20190319,000000,10.321,10.379,9.79,9.942,145421,0
CURO.US,D,20190320,000000,9.942,10.312,9.818,10.017,162565,0
CURO.US,D,20190321,000000,9.969,10.14,9.864,10.131,136993,0
CURO.US,D,20190322,000000,9.987,10.037,9.1074,9.2085,150393,0
CURO.US,D,20190325,000000,9.2283,9.4082,9.0563,9.1699,138121,0
CURO.US,D,20190326,000000,9.1518,9.2992,9.0374,9.1699,122955,0
CURO.US,D,20190327,000000,9.1699,9.2944,8.9994,9.2085,86830,0
CURO.US,D,20190328,000000,9.2186,9.531,9.2186,9.4369,88597,0
CURO.US,D,20190329,000000,9.512,9.795,9.3609,9.541,152762,0
CURO.US,D,20190401,000000,9.609,9.795,9.4181,9.609,94357,0
CURO.US,D,20190402,000000,9.561,9.694,9.237,9.551,89631,0
CURO.US,D,20190403,000000,9.609,10.18,9.57,10.047,123411,0
CURO.US,D,20190404,000000,10.027,10.227,9.942,10.218,89618,0
CURO.US,D,20190405,000000,10.264,10.997,10.255,10.417,243336,0
CURO.US,D,20190408,000000,10.33,10.761,10.199,10.712,122725,0
CURO.US,D,20190409,000000,10.616,10.616,10.102,10.199,90639,0
CURO.US,D,20190410,000000,10.16,10.54,10.16,10.503,77678,0
CURO.US,D,20190411,000000,10.503,10.731,10.398,10.54,51008,0
CURO.US,D,20190412,000000,10.645,10.82,10.412,10.522,66446,0
CURO.US,D,20190415,000000,10.513,10.513,10.092,10.464,97011,0
CURO.US,D,20190416,000000,10.503,10.703,10.35,10.55,109382,0
CURO.US,D,20190417,000000,10.35,10.709,10.264,10.274,128426,0
CURO.US,D,20190418,000000,10.245,10.513,9.864,10.474,147286,0
CURO.US,D,20190422,000000,10.531,10.93,10.16,10.806,197630,0
CURO.US,D,20190423,000000,10.95,11.244,10.664,11.149,116063,0
CURO.US,D,20190424,000000,11.129,11.633,10.968,11.55,106695,0
CURO.US,D,20190425,000000,11.53,11.91,10.997,11.825,126411,0
CURO.US,D,20190426,000000,11.835,12.261,11.835,12.062,179772,0
CURO.US,D,20190429,000000,12.167,12.842,12.13,12.596,216423,0
CURO.US,D,20190430,000000,13.936,13.936,12.425,12.672,672109,0
CURO.US,D,20190501,000000,12.755,12.871,11.739,11.786,216707,0
CURO.US,D,20190502,000000,11.776,12.339,11.54,11.653,200724,0
CURO.US,D,20190503,000000,11.702,12.348,11.596,12.167,123313,0
CURO.US,D,20190506,000000,11.702,11.928,11.643,11.653,230283,0
CURO.US,D,20190507,000000,11.464,11.511,11.216,11.387,183455,0
CURO.US,D,20190508,000000,11.415,11.53,11.11,11.129,182410,0
CURO.US,D,20190509,000000,10.978,11.064,10.626,10.731,283371,0
CURO.US,D,20190510,000000,10.673,11.11,10.484,11.026,144629,0
CURO.US,D,20190513,000000,10.761,10.968,10.303,10.369,192409,0
CURO.US,D,20190514,000000,10.503,10.597,10.227,10.408,504271,0
CURO.US,D,20190515,000000,10.236,10.34,10.057,10.067,230666,0
CURO.US,D,20190516,000000,9.978,10.075,9.57,9.599,239131,0
CURO.US,D,20190517,000000,9.4956,9.521,9.1604,9.2466,243750,0
CURO.US,D,20190520,000000,9.2283,9.599,9.1129,9.3434,299905,0
CURO.US,D,20190521,000000,9.427,9.512,9.2845,9.3512,212758,0
CURO.US,D,20190522,000000,9.3041,9.3041,9.0558,9.1416,82047,0
CURO.US,D,20190523,000000,9.0182,9.1604,8.7264,9.0853,244912,0
CURO.US,D,20190524,000000,9.1604,9.3708,9.028,9.3237,162933,0
CURO.US,D,20190528,000000,9.3335,9.561,9.1893,9.503,199489,0
CURO.US,D,20190529,000000,9.3885,9.609,9.2186,9.551,226442,0
CURO.US,D,20190530,000000,9.561,9.81,9.4181,9.512,145190,0
CURO.US,D,20190531,000000,9.3041,9.3041,8.8329,8.9138,159286,0
CURO.US,D,20190603,000000,8.8852,9.0997,8.8376,8.9898,118571,0
CURO.US,D,20190604,000000,9.1129,9.4956,9.1129,9.4857,84198,0
CURO.US,D,20190605,000000,9.512,9.512,8.996,9.0374,89016,0
CURO.US,D,20190606,000000,9.0659,9.1518,8.662,8.7615,230517,0
CURO.US,D,20190607,000000,8.7996,9.1416,8.6757,9.1129,92867,0
CURO.US,D,20190610,000000,9.1518,9.512,9.1518,9.427,164886,0
CURO.US,D,20190611,000000,9.531,9.684,9.4181,9.599,145382,0
CURO.US,D,20190612,000000,9.665,9.818,9.4807,9.589,87716,0
CURO.US,D,20190613,000000,9.655,9.655,9.1797,9.3041,119292,0
CURO.US,D,20190614,000000,9.3041,9.3885,9.1322,9.2085,60225,0
CURO.US,D,20190617,000000,9.237,9.3335,9.0563,9.0759,96243,0
CURO.US,D,20190618,000000,9.1416,9.4459,8.9613,9.1129,123604,0
CURO.US,D,20190619,000000,9.1322,9.2233,8.8756,9.0948,121291,0
CURO.US,D,20190620,000000,9.1129,9.618,9.0853,9.57,189443,0
CURO.US,D,20190621,000000,9.541,9.712,9.2748,9.609,283672,0
CURO.US,D,20190624,000000,9.674,9.959,9.1699,9.3139,249113,0
CURO.US,D,20190625,000000,9.3139,9.4658,9.1797,9.1989,192876,0
CURO.US,D,20190626,000000,9.237,9.864,9.1797,9.731,387403,0
CURO.US,D,20190627,000000,9.551,10.35,9.551,9.934,290040,0
CURO.US,D,20190628,000000,10.047,10.788,9.942,10.513,795563,0
CURO.US,D,20190701,000000,10.797,10.844,10.34,10.446,178904,0
CURO.US,D,20190702,000000,10.446,10.494,10.083,10.294,175953,0
CURO.US,D,20190703,000000,10.321,10.664,10.321,10.531,96601,0
CURO.US,D,20190705,000000,10.474,10.779,10.464,10.607,141848,0
CURO.US,D,20190708,000000,10.54,10.751,10.16,10.218,206064,0
CURO.US,D,20190709,000000,10.17,10.426,10.092,10.264,144556,0
CURO.US,D,20190710,000000,10.303,10.513,9.934,10.067,138060,0
CURO.US,D,20190711,000000,10.131,10.16,9.2564,9.674,242378,0
CURO.US,D,20190712,000000,9.722,10.16,9.722,10.067,182268,0
CURO.US,D,20190715,000000,10.075,10.075,9.561,9.684,117296,0
CURO.US,D,20190716,000000,9.674,9.97,9.628,9.694,118177,0
CURO.US,D,20190717,000000,9.684,9.751,9.1518,9.684,231555,0
CURO.US,D,20190718,000000,9.997,10.15,9.702,9.997,217939,0
CURO.US,D,20190719,000000,9.978,10.075,9.844,9.864,267687,0
CURO.US,D,20190722,000000,9.924,10.007,9.761,9.771,138351,0
CURO.US,D,20190723,000000,9.835,10.017,9.4558,9.512,255166,0
CURO.US,D,20190724,000000,9.4757,10.131,9.4757,10.047,256362,0
CURO.US,D,20190725,000000,10.102,10.14,9.521,9.551,333375,0
CURO.US,D,20190726,000000,9.512,10.17,9.4369,9.924,297724,0
CURO.US,D,20190729,000000,9.942,10.14,9.904,9.951,367672,0
CURO.US,D,20190730,000000,10.751,11.511,10.559,11.367,1141686,0
CURO.US,D,20190731,000000,11.606,12.429,11.464,11.815,674131,0
CURO.US,D,20190801,000000,11.796,12.498,11.687,12.13,491342,0
CURO.US,D,20190802,000000,12.052,12.172,11.663,12.081,330570,0
CURO.US,D,20190805,000000,11.863,12.737,11.653,12.348,330592,0
CURO.US,D,20190806,000000,12.385,12.633,11.968,12.024,341805,0
CURO.US,D,20190807,000000,11.919,12.498,11.643,12.395,362120,0
CURO.US,D,20190808,000000,12.547,12.967,12.518,12.785,251705,0
CURO.US,D,20190809,000000,12.755,12.985,12.691,12.7,180371,0
CURO.US,D,20190812,000000,12.596,13.003,12.425,12.737,120332,0
CURO.US,D,20190813,000000,13.003,13.47,12.801,12.993,260482,0
CURO.US,D,20190814,000000,12.755,12.834,12.482,12.577,181225,0
CURO.US,D,20190815,000000,12.567,12.653,12.13,12.177,218517,0
CURO.US,D,20190816,000000,12.195,12.682,12.062,12.557,257397,0
CURO.US,D,20190819,000000,12.765,13.003,12.623,12.682,269620,0
CURO.US,D,20190820,000000,12.672,12.881,12.577,12.691,285097,0
CURO.US,D,20190821,000000,12.852,13.842,12.755,13.832,235292,0
CURO.US,D,20190822,000000,13.842,14.392,13.326,13.461,251380,0
CURO.US,D,20190823,000000,13.326,13.967,12.993,13.147,240645,0
CURO.US,D,20190826,000000,13.375,13.641,13.256,13.47,213438,0
CURO.US,D,20190827,000000,13.546,13.68,12.919,13.281,263774,0
CURO.US,D,20190828,000000,13.167,13.527,13.167,13.281,143457,0
CURO.US,D,20190829,000000,13.356,13.729,13.147,13.29,130807,0
CURO.US,D,20190830,000000,13.385,13.591,12.899,12.958,169638,0
CURO.US,D,20190903,000000,12.842,13.032,12.577,12.862,283250,0
CURO.US,D,20190904,000000,13.29,13.88,13.29,13.556,225429,0
CURO.US,D,20190905,000000,13.872,14.392,13.872,13.975,173019,0
CURO.US,D,20190906,000000,14.023,14.364,13.65,13.67,222276,0
CURO.US,D,20190909,000000,13.764,14.376,13.764,14.212,145015,0
CURO.US,D,20190910,000000,14.175,14.526,14.175,14.441,143661,0
CURO.US,D,20190911,000000,14.564,14.641,14.299,14.641,151136,0
CURO.US,D,20190912,000000,14.555,14.789,14.289,14.65,230730,0
CURO.US,D,20190913,000000,14.735,15.191,14.564,14.574,249646,0
CURO.US,D,20190916,000000,14.392,14.632,14.259,14.508,205147,0
CURO.US,D,20190917,000000,14.422,14.422,13.613,14.003,256922,0
CURO.US,D,20190918,000000,13.946,13.985,13.224,13.576,199353,0
CURO.US,D,20190919,000000,13.489,14.136,13.366,13.395,287930,0
CURO.US,D,20190920,000000,13.356,13.764,13.29,13.461,319485,0
CURO.US,D,20190923,000000,13.356,13.66,13.271,13.443,143771,0
CURO.US,D,20190924,000000,13.414,13.596,12.7,12.72,187642,0
CURO.US,D,20190925,000000,12.606,13.194,12.596,13.08,171669,0
CURO.US,D,20190926,000000,13.041,13.137,12.682,12.729,167271,0
CURO.US,D,20190927,000000,12.765,13.1,12.606,12.805,136228,0
CURO.US,D,20190930,000000,12.89,12.89,12.482,12.633,269070,0
CURO.US,D,20191001,000000,12.71,13.07,12.31,12.415,273014,0
CURO.US,D,20191002,000000,12.376,12.672,12.062,12.567,239378,0
CURO.US,D,20191003,000000,12.443,12.71,12.101,12.243,197117,0
CURO.US,D,20191004,000000,12.253,12.577,12.157,12.528,163848,0
CURO.US,D,20191007,000000,12.482,12.653,12.31,12.405,208682,0
CURO.US,D,20191008,000000,12.261,12.557,12.11,12.243,272517,0
CURO.US,D,20191009,000000,12.385,12.508,12.195,12.281,165643,0
CURO.US,D,20191010,000000,12.348,12.508,12.31,12.348,261907,0
CURO.US,D,20191011,000000,12.577,12.691,12.148,12.225,307367,0
CURO.US,D,20191014,000000,12.024,12.281,11.747,11.958,343670,0
CURO.US,D,20191015,000000,12.062,12.395,12.033,12.13,276201,0
CURO.US,D,20191016,000000,12.015,12.14,11.643,11.872,210473,0
CURO.US,D,20191017,000000,11.948,12.101,11.759,11.825,204159,0
CURO.US,D,20191018,000000,11.739,12.033,11.663,11.891,160666,0
CURO.US,D,20191021,000000,12.052,12.145,11.835,11.891,303342,0
CURO.US,D,20191022,000000,11.845,12.482,11.815,12.225,263223,0
CURO.US,D,20191023,000000,12.177,12.348,11.815,11.91,201174,0
CURO.US,D,20191024,000000,11.987,12.052,11.511,11.786,234481,0
CURO.US,D,20191025,000000,13.08,13.143,12.243,12.755,1459925,0
CURO.US,D,20191028,000000,12.834,13.66,12.567,13.641,1267377,0
CURO.US,D,20191029,000000,13.773,14.259,13.66,14.136,672963,0
CURO.US,D,20191030,000000,14.127,14.269,13.929,14.06,302337,0
CURO.US,D,20191031,000000,14.042,14.042,13.11,13.308,347687,0
CURO.US,D,20191101,000000,13.375,13.461,13.07,13.243,252570,0
CURO.US,D,20191104,000000,13.243,13.67,13.243,13.498,288842,0
CURO.US,D,20191105,000000,13.498,13.764,13.385,13.479,301527,0
CURO.US,D,20191106,000000,13.233,13.67,13.233,13.405,224840,0
CURO.US,D,20191107,000000,13.586,14.117,13.308,13.69,383710,0
CURO.US,D,20191108,000000,13.566,14.175,13.461,14.078,310418,0
CURO.US,D,20191111,000000,13.955,14.983,13.812,14.65,456175,0
CURO.US,D,20191112,000000,14.613,14.851,14.489,14.812,302982,0
CURO.US,D,20191113,000000,14.696,15.384,14.555,15.079,402924,0
CURO.US,D,20191114,000000,15.049,15.468,14.935,15.448,457014,0
CURO.US,D,20191115,000000,15.611,16.162,14.831,14.851,870203,0
CURO.US,D,20191118,000000,14.745,14.841,13.916,14.052,592209,0
CURO.US,D,20191119,000000,13.975,14.259,13.67,14.098,326607,0
CURO.US,D,20191120,000000,14.052,14.156,13.405,13.603,447844,0
CURO.US,D,20191121,000000,13.603,13.66,12.852,12.967,448990,0
CURO.US,D,20191122,000000,12.985,13.08,12.281,12.453,473970,0
CURO.US,D,20191125,000000,12.518,12.852,12.518,12.682,325109,0
CURO.US,D,20191126,000000,12.682,12.881,12.547,12.577,667540,0
CURO.US,D,20191127,000000,12.623,12.919,12.544,12.814,272830,0
CURO.US,D,20191129,000000,12.765,13.251,12.765,12.949,157775,0
CURO.US,D,20191202,000000,13.128,13.405,12.862,12.976,272989,0
CURO.US,D,20191203,000000,12.89,12.976,12.665,12.824,619063,0
CURO.US,D,20191204,000000,12.909,13.271,12.862,13.214,251221,0
CURO.US,D,20191205,000000,13.119,13.452,12.518,12.547,472954,0
CURO.US,D,20191206,000000,12.785,12.785,12.255,12.537,464044,0
CURO.US,D,20191209,000000,12.508,12.672,12.186,12.225,469170,0
CURO.US,D,20191210,000000,12.225,12.395,11.71,12.052,783132,0
CURO.US,D,20191211,000000,11.977,12.033,10.844,11.168,726198,0
CURO.US,D,20191212,000000,11.178,11.273,10.716,11.007,386577,0
CURO.US,D,20191213,000000,11.007,11.283,10.788,11.129,419128,0
CURO.US,D,20191216,000000,11.273,11.786,11.198,11.749,412647,0
CURO.US,D,20191217,000000,11.791,12.405,11.683,12.291,434008,0
CURO.US,D,20191218,000000,12.357,12.814,12.357,12.434,388046,0
CURO.US,D,20191219,000000,12.425,12.614,12.243,12.32,359154,0
CURO.US,D,20191220,000000,12.376,12.443,11.891,12.177,656159,0
CURO.US,D,20191223,000000,12.081,12.081,11.606,11.729,261021,0
CURO.US,D,20191224,000000,11.72,12.157,11.72,12.12,140082,0
CURO.US,D,20191226,000000,12.052,12.177,11.749,11.948,229468,0
CURO.US,D,20191227,000000,11.891,11.987,11.615,11.739,187047,0
CURO.US,D,20191230,000000,11.749,11.938,11.673,11.729,236480,0
CURO.US,D,20191231,000000,11.739,11.881,11.355,11.587,385484,0
CURO.US,D,20200102,000000,11.606,11.683,11.073,11.119,211125,0
CURO.US,D,20200103,000000,10.988,11.045,10.751,10.797,342390,0
CURO.US,D,20200106,000000,10.16,10.454,9.702,9.894,644877,0
CURO.US,D,20200107,000000,9.854,10.102,9.2748,9.914,821410,0
CURO.US,D,20200108,000000,9.904,9.997,9.551,9.722,517884,0
CURO.US,D,20200109,000000,9.731,10.027,9.655,9.864,417516,0
CURO.US,D,20200110,000000,9.884,9.884,9.3609,9.4181,357789,0
CURO.US,D,20200113,000000,9.4857,9.503,9.0091,9.503,417280,0
CURO.US,D,20200114,000000,9.4857,9.761,9.4459,9.618,288180,0
CURO.US,D,20200115,000000,9.628,9.969,9.599,9.751,408877,0
CURO.US,D,20200116,000000,9.808,10.208,9.808,10.007,405827,0
CURO.US,D,20200117,000000,10.083,10.408,10.022,10.35,383155,0
CURO.US,D,20200121,000000,10.417,10.531,10.111,10.19,524635,0
CURO.US,D,20200122,000000,10.18,10.398,9.781,9.79,866013,0
CURO.US,D,20200123,000000,9.771,9.987,9.521,9.959,254960,0
CURO.US,D,20200124,000000,9.987,10.057,9.722,9.818,189450,0
CURO.US,D,20200127,000000,9.731,9.869,9.545,9.712,291096,0
CURO.US,D,20200128,000000,9.741,10.145,9.741,9.924,266438,0
CURO.US,D,20200129,000000,9.987,10.199,9.951,10.057,175725,0
CURO.US,D,20200130,000000,9.978,10.513,9.942,10.408,461240,0
CURO.US,D,20200131,000000,10.388,10.388,9.826,9.904,396776,0
CURO.US,D,20200203,000000,9.904,10.075,9.1604,9.3335,448570,0
CURO.US,D,20200204,000000,9.4459,9.512,9.0374,9.1129,369351,0
CURO.US,D,20200205,000000,9.2748,9.818,9.2085,9.808,659804,0
CURO.US,D,20200206,000000,10.426,12.587,10.227,12.425,1163885,0
CURO.US,D,20200207,000000,12.537,13.184,12.072,12.425,813274,0
CURO.US,D,20200210,000000,12.385,12.633,12.186,12.491,412628,0
CURO.US,D,20200211,000000,12.482,13.346,12.361,13.194,417105,0
CURO.US,D,20200212,000000,13.318,13.318,12.691,13.147,353118,0
CURO.US,D,20200213,000000,13.07,13.356,13.041,13.346,297431,0
CURO.US,D,20200214,000000,13.419,13.873,13.341,13.542,344501,0
CURO.US,D,20200218,000000,13.475,13.736,12.893,13.065,432916,0
CURO.US,D,20200219,000000,13.074,13.41,13.017,13.351,294549,0
CURO.US,D,20200220,000000,13.322,13.385,12.855,13.055,537016,0
CURO.US,D,20200221,000000,12.979,13.276,12.778,12.989,683008,0
CURO.US,D,20200224,000000,12.416,12.574,11.518,11.518,572015,0
CURO.US,D,20200225,000000,11.452,11.785,10.018,10.018,770847,0
CURO.US,D,20200226,000000,9.935,10.142,8.7003,9.2448,994975,0
CURO.US,D,20200227,000000,9.2448,9.79,8.2325,9.2066,508009,0
CURO.US,D,20200228,000000,9.0633,9.3502,8.6814,8.815,247934,0
CURO.US,D,20200302,000000,8.8437,9.0633,8.2809,9.0346,455525,0
CURO.US,D,20200303,000000,9.3698,9.647,8.9201,8.9582,404485,0
CURO.US,D,20200304,000000,9.0921,9.1778,8.6432,9.073,364623,0
CURO.US,D,20200305,000000,8.7865,8.9011,8.2133,8.4044,524324,0
CURO.US,D,20200306,000000,8.0032,8.2707,7.755,7.8886,371909,0
CURO.US,D,20200309,000000,7.2392,7.4111,6.9144,6.9431,385128,0
CURO.US,D,20200310,000000,7.2965,7.4399,7.0578,7.2583,461557,0
CURO.US,D,20200311,000000,7.2679,7.6882,6.9717,7.2296,424217,0
CURO.US,D,20200312,000000,6.6662,6.7045,6.1506,6.2747,332401,0
CURO.US,D,20200313,000000,6.7045,7.3394,6.3988,6.9717,411490,0
CURO.US,D,20200316,000000,5.7685,6.9717,5.3006,5.4247,320630,0
CURO.US,D,20200317,000000,5.3959,5.5823,4.7408,5.081,498491,0
CURO.US,D,20200318,000000,4.7371,4.7371,3.2758,3.973,724330,0
CURO.US,D,20200319,000000,3.9538,4.7083,3.5911,4.4219,458046,0
CURO.US,D,20200320,000000,4.4792,4.8135,3.9443,3.973,652366,0
CURO.US,D,20200323,000000,4.0208,4.0637,3.6149,3.8202,923720,0
CURO.US,D,20200324,000000,4.0398,4.5077,3.9348,4.1068,734295,0
CURO.US,D,20200325,000000,4.2978,5.3291,4.2357,5.1286,582223,0
CURO.US,D,20200326,000000,5.4341,6.0167,5.0618,5.2336,344781,0
CURO.US,D,20200327,000000,5.1667,5.1954,4.6989,5.0236,221016,0
CURO.US,D,20200330,000000,5.0713,5.2908,4.6129,5.186,404990,0
CURO.US,D,20200331,000000,5.2049,5.4152,4.8803,5.0618,424705,0
CURO.US,D,20200401,000000,4.7848,4.8624,4.3264,4.3836,364762,0
CURO.US,D,20200402,000000,4.2978,4.4505,4.0685,4.2118,245223,0
CURO.US,D,20200403,000000,4.2784,4.2784,3.7962,4.0112,341016,0
CURO.US,D,20200406,000000,4.2404,4.4696,4.0015,4.4029,382160,0
CURO.US,D,20200407,000000,4.6702,5.3578,4.6702,5.0236,489077,0
CURO.US,D,20200408,000000,5.2432,5.8735,5.1096,5.3006,588598,0
CURO.US,D,20200409,000000,5.7302,6.1409,5.3578,5.9787,706524,0
CURO.US,D,20200413,000000,6.4561,6.6375,5.8354,6.1506,597450,0
CURO.US,D,20200414,000000,6.3225,6.6948,5.7971,6.3129,735562,0
CURO.US,D,20200415,000000,6.1983,6.1983,5.8068,5.9976,449944,0
CURO.US,D,20200416,000000,5.9691,5.9691,5.2813,5.3197,386828,0
CURO.US,D,20200417,000000,5.6157,5.864,5.5298,5.6157,296479,0
CURO.US,D,20200420,000000,5.6252,5.6539,5.0138,5.186,555299,0
CURO.US,D,20200421,000000,5.1286,5.3101,4.921,5.0904,447084,0
CURO.US,D,20200422,000000,5.3006,5.3387,4.5842,4.7943,491134,0
CURO.US,D,20200423,000000,4.8039,5.1763,4.6798,5.0618,347661,0
CURO.US,D,20200424,000000,5.1763,6.5612,5.0905,6.2747,1872369,0
CURO.US,D,20200427,000000,6.8859,8.6623,6.7045,7.4111,3717479,0
CURO.US,D,20200428,000000,8.156,8.6337,7.8983,8.5286,1511031,0
CURO.US,D,20200429,000000,9.0824,10.401,8.8055,9.674,2157138,0
CURO.US,D,20200430,000000,9.935,10.028,8.3471,8.9011,1597270,0
CURO.US,D,20200501,000000,8.013,8.013,7.1341,7.4972,1027671,0
CURO.US,D,20200504,000000,7.1151,7.1437,6.4944,6.9241,1091290,0
CURO.US,D,20200505,000000,7.1629,7.6499,6.7521,6.9623,939913,0
CURO.US,D,20200506,000000,7.0483,7.2488,6.0645,6.1506,822744,0
CURO.US,D,20200507,000000,6.2173,6.6089,5.9738,6.0454,554233,0
CURO.US,D,20200508,000000,6.1123,6.819,5.8354,6.7234,714794,0
CURO.US,D,20200511,000000,6.4561,6.4733,5.9881,6.3319,603400,0
CURO.US,D,20200512,000000,6.3945,6.5872,6.0284,6.0384,455447,0
CURO.US,D,20200513,000000,6.0284,6.0479,5.34,5.6435,719594,0
CURO.US,D,20200514,000000,5.6337,5.7686,5.1666,5.6723,373670,0
CURO.US,D,20200515,000000,5.6626,6.019,5.4519,5.8553,368613,0
CURO.US,D,20200518,000000,6.2212,6.4523,5.9033,6.2212,617981,0
CURO.US,D,20200519,000000,6.1634,6.202,5.7255,5.8843,416154,0
CURO.US,D,20200520,000000,5.9805,6.722,5.9805,6.5485,674873,0
CURO.US,D,20200521,000000,6.6352,6.7219,6.3369,6.5967,351811,0
CURO.US,D,20200522,000000,6.6641,6.7316,6.1154,6.3753,416239,0
CURO.US,D,20200526,000000,6.5872,6.8906,6.5872,6.7893,433749,0
CURO.US,D,20200527,000000,7.0783,7.1939,6.6112,7.1553,522199,0
CURO.US,D,20200528,000000,7.2131,7.242,6.6835,6.7605,377777,0
CURO.US,D,20200529,000000,6.5391,6.8087,6.3464,6.4427,529599,0
CURO.US,D,20200601,000000,6.6064,7.3288,6.4523,7.1265,705699,0
CURO.US,D,20200602,000000,7.242,7.9354,7.2036,7.5888,774915,0
CURO.US,D,20200603,000000,7.897,8.1087,7.7524,7.9547,570543,0
CURO.US,D,20200604,000000,7.8583,8.1857,7.7014,8.1857,422210,0
CURO.US,D,20200605,000000,8.8695,9.0042,8.2244,8.5806,577237,0
CURO.US,D,20200608,000000,9.0237,9.4767,8.7155,9.3708,598242,0
CURO.US,D,20200609,000000,8.9081,9.1489,8.5806,8.9465,585719,0
CURO.US,D,20200610,000000,9.0526,9.235,8.2244,8.3398,510015,0
CURO.US,D,20200611,000000,7.868,8.3014,7.425,7.6851,456680,0
CURO.US,D,20200612,000000,8.1857,8.4843,7.762,8.3977,345661,0
CURO.US,D,20200615,000000,7.9354,8.7635,7.9354,8.5806,345541,0
CURO.US,D,20200616,000000,8.9754,9.1247,8.1955,8.4747,457798,0
CURO.US,D,20200617,000000,8.5132,8.6383,7.9931,8.0991,320393,0
CURO.US,D,20200618,000000,8.051,8.3398,7.8972,7.9837,267726,0
CURO.US,D,20200619,000000,8.0991,8.3689,7.7718,7.9354,455546,0
CURO.US,D,20200622,000000,7.9643,8.1184,7.7139,8.0414,266974,0
CURO.US,D,20200623,000000,8.1474,8.3109,7.7909,8.0027,333235,0
CURO.US,D,20200624,000000,7.7043,7.945,7.5597,7.8583,335908,0
CURO.US,D,20200625,000000,7.7043,8.1184,7.5357,7.8198,311301,0
CURO.US,D,20200626,000000,7.6177,7.7043,7.2613,7.3288,673302,0
CURO.US,D,20200629,000000,7.4154,7.8777,7.2999,7.8583,276345,0
CURO.US,D,20200630,000000,7.7909,7.9837,7.5502,7.868,370885,0
CURO.US,D,20200701,000000,7.897,8.1763,7.6754,7.6946,222500,0
CURO.US,D,20200702,000000,7.9739,8.3977,7.839,7.897,355686,0
CURO.US,D,20200706,000000,8.1087,8.3206,7.8777,8.234,315409,0
CURO.US,D,20200707,000000,8.0703,8.075,7.8006,7.8583,352710,0
CURO.US,D,20200708,000000,7.8102,8.0316,7.6851,7.9547,347050,0
CURO.US,D,20200709,000000,7.9739,7.9981,7.4347,7.4442,362072,0
CURO.US,D,20200710,000000,7.348,7.5695,7.1265,7.5502,366991,0
CURO.US,D,20200713,000000,7.6946,7.7669,7.242,7.396,321896,0
CURO.US,D,20200714,000000,7.3865,7.4829,7.1072,7.2036,403503,0
CURO.US,D,20200715,000000,7.4059,7.6754,7.242,7.6467,554451,0
CURO.US,D,20200716,000000,7.6177,7.8053,7.425,7.5597,245544,0
CURO.US,D,20200717,000000,7.5597,7.5888,7.2324,7.3288,321604,0
CURO.US,D,20200720,000000,7.2708,7.3093,6.8954,7.0495,327480,0
CURO.US,D,20200721,000000,7.0975,7.3093,7.0013,7.1265,343886,0
CURO.US,D,20200722,000000,7.0205,7.372,7.011,7.3383,374795,0
CURO.US,D,20200723,000000,7.3288,7.4441,7.1072,7.2613,325434,0
CURO.US,D,20200724,000000,7.2228,7.2517,7.0013,7.088,279007,0
CURO.US,D,20200727,000000,7.0783,7.1265,6.6835,6.8376,226088,0
CURO.US,D,20200728,000000,6.8182,7.0783,6.8182,6.9434,282134,0
CURO.US,D,20200729,000000,6.9434,7.1939,6.9339,7.0687,410699,0
CURO.US,D,20200730,000000,6.9339,7.1168,6.7317,7.0783,277768,0
CURO.US,D,20200731,000000,7.0205,7.0783,6.6691,6.7317,326057,0
CURO.US,D,20200803,000000,6.7317,7.3576,6.6835,7.1265,702443,0
CURO.US,D,20200804,000000,8.1955,8.5711,7.4442,7.4635,899292,0
CURO.US,D,20200805,000000,7.5502,7.7813,7.2324,7.3288,326160,0
CURO.US,D,20200806,000000,7.4635,7.5309,7.2324,7.3093,254202,0
CURO.US,D,20200807,000000,7.2804,7.4442,7.088,7.4347,217354,0
CURO.US,D,20200810,000000,7.4154,7.6562,7.3298,7.4829,324131,0
CURO.US,D,20200811,000000,7.6656,7.9837,7.6273,7.7524,392422,0
CURO.US,D,20200812,000000,7.9318,7.9367,7.5444,7.7572,251439,0
CURO.US,D,20200813,000000,7.7766,7.9998,7.6605,7.7281,157158,0
CURO.US,D,20200814,000000,7.6022,7.9513,7.5149,7.8832,143948,0
CURO.US,D,20200817,000000,7.8832,7.9513,7.6605,7.7865,207117,0
CURO.US,D,20200818,000000,7.7865,7.8057,7.3984,7.5246,299920,0
CURO.US,D,20200819,000000,7.5342,7.5342,7.0591,7.3888,387233,0
CURO.US,D,20200820,000000,7.2337,7.4567,7.2143,7.2143,187767,0
CURO.US,D,20200821,000000,7.2628,7.3984,7.0397,7.3598,306899,0
CURO.US,D,20200824,000000,7.3693,7.961,7.2433,7.9318,288261,0
CURO.US,D,20200825,000000,7.961,7.961,7.5536,7.7766,192054,0
CURO.US,D,20200826,000000,7.767,7.7865,7.476,7.5924,167173,0
CURO.US,D,20200827,000000,7.5924,7.9027,7.4956,7.7476,140604,0
CURO.US,D,20200828,000000,7.7766,7.9222,7.6505,7.8931,122732,0
CURO.US,D,20200831,000000,7.8737,7.8737,7.4469,7.4665,184325,0
CURO.US,D,20200901,000000,7.3792,7.7185,7.3209,7.6894,164078,0
CURO.US,D,20200902,000000,7.767,7.9706,7.6215,7.9513,221440,0
CURO.US,D,20200903,000000,7.9027,8.1062,7.6393,7.8446,175193,0
CURO.US,D,20200904,000000,7.9998,8.087,7.4179,7.7476,243410,0
CURO.US,D,20200908,000000,7.6409,7.7865,7.4857,7.5052,171921,0
CURO.US,D,20200909,000000,7.5828,7.5828,7.0882,7.1948,309927,0
CURO.US,D,20200910,000000,7.1948,7.481,7.03,7.0495,319644,0
CURO.US,D,20200911,000000,7.0591,7.0591,6.7682,6.9235,208204,0
CURO.US,D,20200914,000000,7.03,7.4956,7.03,7.35,270393,0
CURO.US,D,20200915,000000,7.476,7.6215,7.1173,7.1658,204802,0
CURO.US,D,20200916,000000,7.1173,7.5149,7.0203,7.3693,231394,0
CURO.US,D,20200917,000000,7.2337,7.5342,7.2337,7.3209,145315,0
CURO.US,D,20200918,000000,7.4179,7.4179,7.1464,7.1561,269651,0
CURO.US,D,20200921,000000,6.9331,7.0455,6.5938,6.6422,324919,0
CURO.US,D,20200922,000000,6.6714,6.8264,6.4579,6.6228,136857,0
CURO.US,D,20200923,000000,6.6907,6.8264,6.39,6.3998,202818,0
CURO.US,D,20200924,000000,6.4579,6.71,6.3274,6.4774,212969,0
CURO.US,D,20200925,000000,6.3707,6.7875,6.3707,6.6714,191087,0
CURO.US,D,20200928,000000,6.7682,7.0397,6.7489,6.9235,167827,0
CURO.US,D,20200929,000000,6.9136,6.9718,6.6809,6.7974,138118,0
CURO.US,D,20200930,000000,6.7295,7.0555,6.7295,6.8362,221476,0
CURO.US,D,20201001,000000,6.8457,7.0785,6.778,7.0785,156712,0
CURO.US,D,20201002,000000,6.904,7.2869,6.8846,7.1852,116452,0
CURO.US,D,20201005,000000,7.2433,7.5924,7.224,7.5342,113435,0
CURO.US,D,20201006,000000,7.6118,7.8349,7.2433,7.2821,157263,0
CURO.US,D,20201007,000000,7.4275,7.5683,7.3308,7.5052,124594,0
CURO.US,D,20201008,000000,7.6022,8.1452,7.5149,8.0967,188394,0
CURO.US,D,20201009,000000,8.2034,8.3003,7.9998,8.1547,157949,0
CURO.US,D,20201012,000000,8.2712,8.4167,8.0579,8.1646,145511,0
CURO.US,D,20201013,000000,8.019,8.1354,7.8931,7.9125,69452,0
CURO.US,D,20201014,000000,7.9415,8.1452,7.8057,7.8155,82480,0
CURO.US,D,20201015,000000,7.6797,8.0386,7.5343,7.9706,107142,0
CURO.US,D,20201016,000000,7.9222,8.1062,7.8251,7.8541,65449,0
CURO.US,D,20201019,000000,7.8541,8.2227,7.8541,8.1547,170950,0
CURO.US,D,20201020,000000,8.2615,8.407,8.019,8.0579,123910,0
CURO.US,D,20201021,000000,8.019,8.019,7.5828,7.6313,206863,0
CURO.US,D,20201022,000000,7.6022,7.7865,7.5598,7.7572,115952,0
CURO.US,D,20201023,000000,7.7476,8.1547,7.7281,8.1452,139837,0
CURO.US,D,20201026,000000,7.9803,7.9803,7.4857,7.699,233807,0
CURO.US,D,20201027,000000,7.7089,7.9222,7.5731,7.7476,145469,0
CURO.US,D,20201028,000000,7.476,7.6797,7.459,7.6409,116475,0
CURO.US,D,20201029,000000,7.5731,7.7281,7.4857,7.6605,88279,0
CURO.US,D,20201030,000000,7.6215,7.7185,7.1029,7.2628,250154,0
CURO.US,D,20201102,000000,7.3015,7.7572,7.2724,7.6215,200056,0
CURO.US,D,20201103,000000,7.7572,7.8737,7.6797,7.8349,135470,0
CURO.US,D,20201104,000000,7.6313,7.9998,7.5876,7.8251,109949,0
CURO.US,D,20201105,000000,7.9125,8.2518,7.7766,8.0967,276943,0
CURO.US,D,20201106,000000,8.1308,8.1308,7.7209,7.8379,140984,0
CURO.US,D,20201109,000000,7.9356,8.453,7.9356,8.1894,358306,0
CURO.US,D,20201110,000000,8.3455,8.5408,8.2772,8.4627,157412,0
CURO.US,D,20201111,000000,8.4627,8.4627,7.9551,8.1504,129513,0
CURO.US,D,20201112,000000,8.0332,8.1113,7.7164,7.8868,113503,0
CURO.US,D,20201113,000000,8.0039,8.3455,7.9976,8.3066,116223,0
CURO.US,D,20201116,000000,8.5311,8.9508,8.3455,8.8044,261726,0
CURO.US,D,20201117,000000,8.7848,8.8824,8.4627,8.7751,123344,0
CURO.US,D,20201118,000000,8.863,9.0483,8.6971,8.8433,131531,0
CURO.US,D,20201119,000000,8.863,8.941,8.5897,8.8824,85999,0
CURO.US,D,20201120,000000,8.814,8.8433,8.4921,8.6091,128041,0
CURO.US,D,20201123,000000,8.7458,9.1458,8.6679,8.98,177151,0
CURO.US,D,20201124,000000,9.2045,9.4388,9.0483,9.3609,190165,0
CURO.US,D,20201125,000000,9.2437,9.4102,9.0289,9.1655,116734,0
CURO.US,D,20201127,000000,9.2437,9.2631,8.7848,8.98,65315,0
CURO.US,D,20201130,000000,8.9508,8.9581,8.3553,8.4334,168054,0
CURO.US,D,20201201,000000,8.5701,8.6328,8.0039,8.2578,293391,0
CURO.US,D,20201202,000000,8.2089,8.4822,7.9941,8.3651,135241,0
CURO.US,D,20201203,000000,8.453,8.453,8.1798,8.326,75184,0
CURO.US,D,20201204,000000,8.3164,8.4724,8.0625,8.4237,119639,0
CURO.US,D,20201207,000000,8.4237,8.4237,8.1504,8.2382,142045,0
CURO.US,D,20201208,000000,8.1798,8.3164,8.1601,8.2675,113592,0
CURO.US,D,20201209,000000,8.2479,8.331,8.1113,8.1698,135806,0
CURO.US,D,20201210,000000,8.1406,8.2675,7.8087,8.1698,179942,0
CURO.US,D,20201211,000000,8.0528,8.1041,7.799,7.9454,174706,0
CURO.US,D,20201214,000000,7.9064,8.0138,7.6135,7.6331,129954,0
CURO.US,D,20201215,000000,7.6623,8.1406,7.4866,7.9845,173000,0
CURO.US,D,20201216,000000,8.0235,8.1698,7.8575,8.0917,120980,0
CURO.US,D,20201217,000000,8.2578,8.5993,8.0332,8.5798,231959,0
CURO.US,D,20201218,000000,10.883,20.313,10.513,16.193,44659554,0
CURO.US,D,20201221,000000,16.036,16.076,13.725,14.456,2601371,0
CURO.US,D,20201222,000000,14.661,14.934,13.177,13.851,746390,0
CURO.US,D,20201223,000000,13.705,14.506,13.353,13.48,364263,0
CURO.US,D,20201224,000000,13.392,14.28,13.372,14.163,205309,0
CURO.US,D,20201228,000000,14.163,14.506,13.528,14.114,358158,0
CURO.US,D,20201229,000000,14.133,14.133,13.675,13.801,179556,0
CURO.US,D,20201230,000000,13.782,14.104,13.588,13.772,168258,0
CURO.US,D,20201231,000000,13.685,14.543,13.47,13.988,345307,0
CURO.US,D,20210104,000000,13.772,13.978,12.426,12.855,572340,0
CURO.US,D,20210105,000000,12.884,13.303,12.807,12.944,348838,0
CURO.US,D,20210106,000000,13.217,13.665,12.494,12.777,623963,0
CURO.US,D,20210107,000000,13.372,13.372,12.602,12.816,498185,0
CURO.US,D,20210108,000000,13.01,13.207,12.777,13.01,455257,0
CURO.US,D,20210111,000000,12.777,13.128,12.631,12.982,512405,0
CURO.US,D,20210112,000000,13.128,14.124,13.08,13.353,450393,0
CURO.US,D,20210113,000000,13.187,14.689,12.887,14.563,1796577,0
CURO.US,D,20210114,000000,14.486,15.699,14.396,14.944,946049,0
CURO.US,D,20210115,000000,14.837,15.666,14.496,15.451,1413786,0
CURO.US,D,20210119,000000,15.598,15.744,14.486,14.583,633343,0
CURO.US,D,20210120,000000,14.641,14.827,14.349,14.622,417971,0
CURO.US,D,20210121,000000,15.031,15.363,14.193,14.31,443905,0
CURO.US,D,20210122,000000,14.251,14.583,14.037,14.553,301268,0
CURO.US,D,20210125,000000,14.396,14.563,13.675,14.173,319232,0
CURO.US,D,20210126,000000,14.359,14.603,13.958,14.456,292358,0
CURO.US,D,20210127,000000,13.928,14.406,13.665,14.124,389018,0
CURO.US,D,20210128,000000,14.056,14.622,13.742,14.476,479577,0
CURO.US,D,20210129,000000,14.534,15.13,14.047,14.183,603564,0
CURO.US,D,20210201,000000,14.778,17.209,14.709,17.091,1028424,0
CURO.US,D,20210202,000000,16.935,17.091,15.794,16.731,684341,0
CURO.US,D,20210203,000000,16.74,16.974,15.988,16.262,374956,0
CURO.US,D,20210204,000000,16.29,17.179,16.008,16.164,580361,0
CURO.US,D,20210205,000000,15.998,17.12,15.13,16.31,1197597,0
CURO.US,D,20210208,000000,16.427,16.944,15.715,16.349,1002735,0
CURO.US,D,20210209,000000,16.174,16.488,15.436,16.174,1822259,0
CURO.US,D,20210210,000000,15.998,16.155,15.081,15.325,903710,0
CURO.US,D,20210211,000000,15.441,15.6,14.739,15.021,538480,0
CURO.US,D,20210212,000000,15.026,15.38,14.713,15.291,434774,0
CURO.US,D,20210216,000000,15.526,15.732,15.036,15.575,350105,0
CURO.US,D,20210217,000000,15.526,15.673,15.173,15.233,289728,0
CURO.US,D,20210218,000000,15.086,15.173,14.302,14.655,272240,0
CURO.US,D,20210219,000000,14.763,15.34,14.763,15.096,239632,0
CURO.US,D,20210222,000000,15.096,15.233,14.782,14.86,262433,0
CURO.US,D,20210223,000000,14.389,14.65,13.901,14.399,290307,0
CURO.US,D,20210224,000000,14.499,15.159,14.499,14.88,310415,0
CURO.US,D,20210225,000000,14.978,15.012,14.399,14.596,269653,0
CURO.US,D,20210226,000000,14.489,14.846,14.076,14.175,272155,0
CURO.US,D,20210301,000000,14.645,14.959,14.449,14.851,159257,0
CURO.US,D,20210302,000000,14.978,14.978,14.399,14.517,156134,0
CURO.US,D,20210303,000000,14.596,14.954,14.342,14.371,242652,0
CURO.US,D,20210304,000000,14.302,14.546,13.254,14.067,483407,0
CURO.US,D,20210305,000000,14.469,14.694,13.685,14.694,420174,0
CURO.US,D,20210308,000000,14.703,15.213,14.551,15.154,313840,0
CURO.US,D,20210309,000000,15.263,15.517,14.782,15.291,281823,0
CURO.US,D,20210310,000000,15.468,15.703,14.939,15.164,357645,0
CURO.US,D,20210311,000000,15.497,15.663,14.998,15.644,276315,0
CURO.US,D,20210312,000000,15.625,16.124,15.301,15.301,282785,0
CURO.US,D,20210315,000000,15.135,15.345,14.733,15.008,236896,0
CURO.US,D,20210316,000000,14.89,14.89,14.333,14.537,179905,0
CURO.US,D,20210317,000000,14.439,14.669,14.342,14.556,98293,0
CURO.US,D,20210318,000000,14.556,14.792,13.929,14.175,136625,0
CURO.US,D,20210319,000000,14.145,14.361,13.881,13.881,364245,0
CURO.US,D,20210322,000000,13.91,14.253,13.91,14.057,164512,0
CURO.US,D,20210323,000000,14.086,14.576,13.802,13.949,263916,0
CURO.US,D,20210324,000000,14.126,14.195,13.588,13.597,297314,0
CURO.US,D,20210325,000000,13.411,14.209,13.088,14.126,392650,0
CURO.US,D,20210326,000000,14.282,14.499,14.076,14.419,215959,0
CURO.US,D,20210329,000000,14.233,14.636,14.205,14.517,265612,0
CURO.US,D,20210330,000000,14.429,14.743,14.207,14.576,303878,0
CURO.US,D,20210331,000000,14.576,14.694,14.282,14.292,170830,0
CURO.US,D,20210401,000000,14.342,14.449,14.224,14.352,126723,0
CURO.US,D,20210405,000000,14.302,14.537,14.086,14.517,280100,0
CURO.US,D,20210406,000000,14.546,14.645,14.429,14.489,162493,0
CURO.US,D,20210407,000000,14.527,14.576,14.175,14.214,205752,0
CURO.US,D,20210408,000000,14.243,14.243,13.715,13.862,223335,0
CURO.US,D,20210409,000000,13.949,13.949,13.625,13.812,152904,0
CURO.US,D,20210412,000000,13.772,13.842,13.498,13.538,113444,0
CURO.US,D,20210413,000000,13.665,13.665,13.225,13.312,146226,0
CURO.US,D,20210414,000000,13.312,13.606,13.312,13.538,156337,0
CURO.US,D,20210415,000000,13.675,13.675,13.225,13.264,113389,0
CURO.US,D,20210416,000000,13.381,13.401,13.048,13.274,136319,0
CURO.US,D,20210419,000000,13.302,13.302,12.98,13.008,118512,0
CURO.US,D,20210420,000000,12.931,13.047,12.324,12.538,217431,0
CURO.US,D,20210421,000000,12.538,12.891,12.382,12.862,135233,0
CURO.US,D,20210422,000000,12.97,13.068,12.725,12.754,147228,0
CURO.US,D,20210423,000000,12.813,13.126,12.704,13.117,64347,0
CURO.US,D,20210426,000000,13.195,13.568,13.112,13.421,174406,0
CURO.US,D,20210427,000000,13.421,13.812,13.352,13.802,174426,0
CURO.US,D,20210428,000000,13.959,14.224,13.832,14.165,198357,0
CURO.US,D,20210429,000000,14.175,14.175,13.852,13.901,132606,0
CURO.US,D,20210430,000000,13.802,14.175,13.802,14.028,301776,0
CURO.US,D,20210503,000000,14.155,14.645,14.145,14.586,318247,0
CURO.US,D,20210504,000000,14.89,15.066,14.499,14.684,425433,0
CURO.US,D,20210505,000000,14.802,14.831,14.606,14.606,212534,0
CURO.US,D,20210506,000000,14.479,14.792,14.407,14.792,221869,0
CURO.US,D,20210507,000000,14.576,15.487,14.509,15.468,250110,0
CURO.US,D,20210510,000000,15.772,15.772,15.34,15.37,249356,0
CURO.US,D,20210511,000000,14.929,15.036,14.292,14.566,198595,0
CURO.US,D,20210512,000000,14.537,14.792,13.872,13.939,181902,0
CURO.US,D,20210513,000000,13.891,14.275,13.771,14.029,154724,0
CURO.US,D,20210514,000000,14.235,14.957,14.117,14.917,162190,0
CURO.US,D,20210517,000000,14.699,14.857,14.522,14.828,88188,0
CURO.US,D,20210518,000000,14.996,15.351,14.917,14.937,123828,0
CURO.US,D,20210519,000000,14.651,15.085,14.611,14.986,216447,0
CURO.US,D,20210520,000000,15.045,15.381,14.907,15.272,126838,0
CURO.US,D,20210521,000000,15.421,15.746,15.421,15.47,115991,0
CURO.US,D,20210524,000000,15.559,15.771,15.519,15.618,89587,0
CURO.US,D,20210525,000000,15.608,15.796,15.539,15.569,122599,0
CURO.US,D,20210526,000000,15.569,16.121,15.549,16.102,122078,0
CURO.US,D,20210527,000000,16.141,16.289,16.062,16.151,121745,0
CURO.US,D,20210528,000000,16.338,16.358,16.043,16.299,109375,0
CURO.US,D,20210601,000000,16.477,17.266,16.398,16.743,462248,0
CURO.US,D,20210602,000000,16.615,17.434,16.486,17.434,287519,0
CURO.US,D,20210603,000000,17.494,17.79,17.153,17.72,311875,0
CURO.US,D,20210604,000000,17.74,17.74,17.05,17.484,185146,0
CURO.US,D,20210607,000000,17.484,17.815,17.208,17.78,210762,0
CURO.US,D,20210608,000000,17.71,18.046,17.562,17.948,145348,0
CURO.US,D,20210609,000000,17.948,17.948,17.657,17.8,143572,0
CURO.US,D,20210610,000000,18.046,18.086,17.266,17.286,190017,0
CURO.US,D,20210611,000000,17.404,17.484,17.03,17.434,382875,0
CURO.US,D,20210614,000000,17.562,17.592,17.188,17.227,112033,0
CURO.US,D,20210615,000000,17.128,17.622,17.128,17.474,185102,0
CURO.US,D,20210616,000000,17.395,17.474,16.901,17.316,182868,0
CURO.US,D,20210617,000000,17.336,17.336,16.595,16.98,103666,0
CURO.US,D,20210618,000000,16.625,16.674,15.993,16.042,242591,0
CURO.US,D,20210621,000000,16.319,16.882,16.309,16.852,151038,0
CURO.US,D,20210622,000000,16.576,16.699,16.289,16.467,175080,0
CURO.US,D,20210623,000000,16.378,16.773,16.378,16.576,110355,0
CURO.US,D,20210624,000000,16.753,16.842,16.63,16.763,81956,0
CURO.US,D,20210625,000000,16.852,17.266,16.664,16.664,446540,0
CURO.US,D,20210628,000000,16.664,16.664,16.042,16.042,108975,0
CURO.US,D,20210629,000000,16.21,16.21,15.944,15.973,113729,0
CURO.US,D,20210630,000000,15.924,16.862,15.865,16.783,196099,0
CURO.US,D,20210701,000000,16.941,17.286,16.743,16.852,132977,0
CURO.US,D,20210702,000000,16.892,16.892,16.615,16.743,96855,0
CURO.US,D,20210706,000000,16.753,16.782,16.309,16.486,105513,0
CURO.US,D,20210707,000000,16.329,16.684,16.309,16.625,92851,0
CURO.US,D,20210708,000000,16.2,16.654,15.988,16.082,158749,0
CURO.US,D,20210709,000000,16.418,16.724,16.309,16.496,146644,0
CURO.US,D,20210712,000000,16.24,16.802,16.24,16.724,77943,0
CURO.US,D,20210713,000000,16.486,16.496,15.618,15.944,356042,0
CURO.US,D,20210714,000000,16.289,16.792,15.392,15.519,633770,0
CURO.US,D,20210715,000000,15.421,16.329,15.421,16.279,203844,0
CURO.US,D,20210716,000000,16.427,16.511,15.687,15.726,108495,0
CURO.US,D,20210719,000000,15.331,15.45,14.591,15.025,170640,0
CURO.US,D,20210720,000000,14.907,15.845,14.862,15.687,255758,0
CURO.US,D,20210721,000000,15.914,16.289,15.914,16.111,91155,0
CURO.US,D,20210722,000000,15.983,16.121,15.662,16.111,163822,0
CURO.US,D,20210723,000000,16.23,16.375,16.023,16.072,88258,0
CURO.US,D,20210726,000000,16.082,16.427,15.929,16.003,100820,0
CURO.US,D,20210727,000000,15.766,16.348,15.736,16.289,288005,0
CURO.US,D,20210728,000000,16.427,17.01,16.24,16.882,253372,0
CURO.US,D,20210729,000000,16.418,17.316,16.348,16.477,212184,0
CURO.US,D,20210730,000000,16.348,16.526,15.499,15.569,193293,0
CURO.US,D,20210802,000000,15.894,16.477,15.894,16.309,187770,0
CURO.US,D,20210803,000000,16.437,16.724,16.2,16.664,149505,0
CURO.US,D,20210804,000000,16.378,16.783,16.24,16.408,92834,0
CURO.US,D,20210805,000000,16.437,16.783,16.437,16.714,72849,0
CURO.US,D,20210806,000000,16.763,17.131,16.763,17.002,88354,0
CURO.US,D,20210809,000000,17.091,17.161,16.714,16.724,64454,0
CURO.US,D,20210810,000000,16.624,16.624,15.621,15.998,594494,0
CURO.US,D,20210811,000000,16.018,16.644,15.874,16.555,214087,0
CURO.US,D,20210812,000000,16.495,16.644,16.276,16.356,93002,0
CURO.US,D,20210813,000000,16.416,16.545,16.227,16.376,83291,0
CURO.US,D,20210816,000000,16.147,16.366,15.879,16.286,78526,0
CURO.US,D,20210817,000000,16.028,16.197,15.561,16.078,106096,0
CURO.US,D,20210818,000000,15.929,16.276,15.809,15.919,83208,0
CURO.US,D,20210819,000000,15.65,15.919,15.372,15.482,115833,0
CURO.US,D,20210820,000000,15.412,15.869,15.378,15.76,133153,0
CURO.US,D,20210823,000000,15.889,16.112,15.78,16.008,89558,0
CURO.US,D,20210824,000000,15.988,16.336,15.988,16.187,78382,0
CURO.US,D,20210825,000000,16.187,16.475,16.137,16.227,146003,0
CURO.US,D,20210826,000000,16.177,16.346,15.64,15.66,94265,0
CURO.US,D,20210827,000000,15.621,16.237,15.621,16.187,133830,0
CURO.US,D,20210830,000000,16.038,16.411,15.829,16.286,222082,0
CURO.US,D,20210831,000000,16.267,16.396,16.038,16.267,110344,0
CURO.US,D,20210901,000000,16.366,16.381,15.939,16.336,129790,0
CURO.US,D,20210902,000000,16.396,16.584,16.276,16.515,184196,0
CURO.US,D,20210903,000000,16.465,16.649,16.257,16.614,200000,0
CURO.US,D,20210907,000000,16.614,16.902,16.416,16.435,127034,0
CURO.US,D,20210908,000000,16.336,16.455,16.256,16.296,101008,0
CURO.US,D,20210909,000000,16.296,16.902,16.296,16.674,126630,0
CURO.US,D,20210910,000000,16.793,16.893,16.416,16.465,117721,0
CURO.US,D,20210913,000000,16.644,16.942,16.599,16.912,243750,0
CURO.US,D,20210914,000000,16.942,16.942,16.326,16.356,169179,0
CURO.US,D,20210915,000000,16.286,16.629,16.286,16.455,137166,0
CURO.US,D,20210916,000000,16.495,16.893,16.445,16.893,185936,0
CURO.US,D,20210917,000000,16.992,17.091,16.753,16.843,499478,0
CURO.US,D,20210920,000000,16.197,16.505,15.283,15.382,199512,0
CURO.US,D,20210921,000000,15.601,15.79,15.183,15.253,123542,0
CURO.US,D,20210922,000000,15.472,15.929,15.402,15.611,88607,0
CURO.US,D,20210923,000000,15.829,16.296,15.829,16.147,253238,0
CURO.US,D,20210924,000000,15.889,16.485,15.889,16.396,86498,0
CURO.US,D,20210927,000000,16.376,17.35,16.376,17.052,149779,0
CURO.US,D,20210928,000000,16.912,17.489,16.912,17.439,173455,0
CURO.US,D,20210929,000000,17.568,17.687,17.26,17.449,100835,0
CURO.US,D,20210930,000000,17.628,17.707,17.191,17.22,113897,0
CURO.US,D,20211001,000000,17.32,17.797,17.176,17.727,119452,0
CURO.US,D,20211004,000000,17.817,18.09,17.687,17.986,125391,0
CURO.US,D,20211005,000000,18.204,18.512,17.946,18.294,175729,0
CURO.US,D,20211006,000000,18.234,18.353,17.926,18.095,129116,0
CURO.US,D,20211007,000000,18.304,18.323,17.996,18.154,134236,0
CURO.US,D,20211008,000000,18.204,18.502,18.125,18.383,103509,0
CURO.US,D,20211011,000000,18.463,18.9,18.463,18.81,151710,0
CURO.US,D,20211012,000000,18.87,18.9,18.542,18.681,155799,0
CURO.US,D,20211013,000000,18.651,18.651,17.678,17.906,166123,0
CURO.US,D,20211014,000000,18.164,18.572,18.125,18.393,150757,0
CURO.US,D,20211015,000000,18.89,18.89,18.413,18.413,116534,0
CURO.US,D,20211018,000000,18.204,18.651,18.146,18.502,66181,0
CURO.US,D,20211019,000000,18.681,18.681,18.373,18.423,51352,0
CURO.US,D,20211020,000000,18.353,18.81,18.095,18.681,74135,0
CURO.US,D,20211021,000000,18.681,18.979,18.154,18.204,79900,0
CURO.US,D,20211022,000000,18.164,18.612,18.164,18.463,165316,0
CURO.US,D,20211025,000000,18.562,18.929,18.393,18.86,120266,0
CURO.US,D,20211026,000000,18.93,18.969,17.846,17.906,141977,0
CURO.US,D,20211027,000000,17.737,17.737,17.066,17.161,162902,0
CURO.US,D,20211028,000000,17.191,17.687,16.932,17.012,127938,0
CURO.US,D,20211029,000000,17.101,17.409,16.972,17.071,114488,0
CURO.US,D,20211101,000000,17.181,18.333,17.111,18.174,173323,0
CURO.US,D,20211102,000000,17.32,18.005,16.838,17.042,365999,0
CURO.US,D,20211103,000000,16.893,17.489,16.505,16.565,262939,0
CURO.US,D,20211104,000000,16.704,16.947,16.316,16.495,144108,0
CURO.US,D,20211105,000000,16.664,17.29,16.664,17.24,140488,0
CURO.US,D,20211108,000000,17.24,17.538,16.982,17.121,96734,0
CURO.US,D,20211109,000000,17.002,17.369,16.674,17.29,91636,0
CURO.US,D,20211110,000000,17.07,17.51,17.065,17.11,78410,0
CURO.US,D,20211111,000000,17.28,17.7,17.26,17.4,92206,0
CURO.US,D,20211112,000000,17.45,18.15,17.45,17.84,130715,0
CURO.US,D,20211115,000000,17.8,18.19,17.54,17.59,129247,0
CURO.US,D,20211116,000000,17.66,17.66,17.04,17.36,104664,0
CURO.US,D,20211117,000000,17.5,19.5,17.34,19.06,418175,0
CURO.US,D,20211118,000000,19.55,20.0999,19.36,19.55,523983,0
CURO.US,D,20211119,000000,19.29,19.58,18.6,19.52,246967,0
CURO.US,D,20211122,000000,19.38,19.7669,18.65,18.86,187499,0
CURO.US,D,20211123,000000,19.07,19.07,18.14,18.6,232407,0
CURO.US,D,20211124,000000,18.41,18.68,18.22,18.49,112442,0
CURO.US,D,20211126,000000,17.7,18.0553,17.18,17.6,194505,0
CURO.US,D,20211129,000000,17.9,17.9,17.051,17.72,307220,0
CURO.US,D,20211130,000000,17.4,17.555,16.31,16.59,770611,0
CURO.US,D,20211201,000000,17.21,17.21,16.15,16.31,266384,0
CURO.US,D,20211202,000000,16.24,16.5,15.51,16.4,249726,0
CURO.US,D,20211203,000000,16.52,16.52,15.77,15.91,139952,0
CURO.US,D,20211206,000000,15.91,16.48,15.62,16.14,144369,0
CURO.US,D,20211207,000000,16.32,16.75,15.94,16.27,121525,0
CURO.US,D,20211208,000000,16.41,16.965,16.2,16.71,108047,0
CURO.US,D,20211209,000000,16.5,16.82,16.35,16.44,141300,0
CURO.US,D,20211210,000000,16.41,16.49,15.995,16.27,130475,0
CURO.US,D,20211213,000000,16.1,16.1,15.5,15.51,134880,0
CURO.US,D,20211214,000000,15.34,15.83,15.21,15.43,243602,0
CURO.US,D,20211215,000000,15.61,15.975,15.19,15.9,171266,0
CURO.US,D,20211216,000000,16.17,16.255,15.68,15.82,166394,0
CURO.US,D,20211217,000000,15.6,16.06,15.27,16.03,251064,0
CURO.US,D,20211220,000000,15.74,15.98,15.2301,15.77,173213,0
CURO.US,D,20211221,000000,16.1,16.42,16.03,16.33,159585,0
CURO.US,D,20211222,000000,16.26,16.645,16.165,16.48,96963,0
CURO.US,D,20211223,000000,16.5,16.77,16.12,16.57,101034,0
CURO.US,D,20211227,000000,16.7,17.13,16.58,16.85,142993,0
CURO.US,D,20211228,000000,16.8,17.23,16.8,16.88,101139,0
CURO.US,D,20211229,000000,16.5,16.5,15.19,15.95,251993,0
CURO.US,D,20211230,000000,15.82,16.115,15.61,15.76,245002,0
CURO.US,D,20211231,000000,15.71,16.19,15.6493,16.01,103035,0
CURO.US,D,20220103,000000,16.23,16.8999,16.2006,16.31,163274,0
CURO.US,D,20220104,000000,16.5,16.92,16.38,16.4,146355,0
CURO.US,D,20220105,000000,16.42,16.91,16.22,16.25,135536,0
CURO.US,D,20220106,000000,16.41,16.58,16.17,16.45,114222,0
CURO.US,D,20220107,000000,16.54,16.92,16.33,16.41,88361,0
CURO.US,D,20220110,000000,16.45,16.62,16.17,16.58,148453,0
CURO.US,D,20220111,000000,16.6,16.81,16.56,16.61,96002,0
CURO.US,D,20220112,000000,16.8,17.1088,16.44,16.44,125972,0
CURO.US,D,20220113,000000,16.64,17.12,16.54,16.86,166250,0
CURO.US,D,20220114,000000,16.76,16.85,16.49,16.57,153592,0
CURO.US,D,20220118,000000,16.53,16.81,15.645,15.97,266361,0
CURO.US,D,20220119,000000,15.97,16.06,15.22,15.27,188324,0
CURO.US,D,20220120,000000,15.43,15.53,14.72,14.8,247505,0
CURO.US,D,20220121,000000,14.7,14.7,13.71,13.71,193734,0
