<TICKER>,<PER>,<DATE>,<TIME>,<OPEN>,<HIGH>,<LOW>,<CLOSE>,<VOL>,<OPENINT>
CURV.US,D,20210701,000000,23.25,26.35,22.21,24.15,5959016,0
CURV.US,D,20210702,000000,24.51,27.6599,24.5,26.58,1145076,0
CURV.US,D,20210706,000000,27,28.12,24.75,27,688526,0
CURV.US,D,20210707,000000,27.5,28.98,26.15,27,457771,0
CURV.US,D,20210708,000000,26.17,26.75,24.76,24.8,425612,0
CURV.US,D,20210709,000000,25.15,25.3299,23.95,24.4,433982,0
CURV.US,D,20210712,000000,24.4,25.1514,23.14,23.5,481570,0
CURV.US,D,20210713,000000,23.5,23.81,22.87,23.5,269746,0
CURV.US,D,20210714,000000,23.5,23.96,23,23.23,495269,0
CURV.US,D,20210715,000000,22.99,22.99,21.63,22.54,808031,0
CURV.US,D,20210716,000000,22.53,23.45,22.01,22.9,449964,0
CURV.US,D,20210719,000000,22.6,23.26,22,22.71,339892,0
CURV.US,D,20210720,000000,22.62,23.85,22.3,23.85,223786,0
CURV.US,D,20210721,000000,23.69,24.18,23.21,23.5,268565,0
CURV.US,D,20210722,000000,23.03,23.53,22.46,22.73,531904,0
CURV.US,D,20210723,000000,22.54,23.25,22.09,22.48,519400,0
CURV.US,D,20210726,000000,23,23.8,23,23.47,239387,0
CURV.US,D,20210727,000000,23.28,23.585,22.7221,23.38,144068,0
CURV.US,D,20210728,000000,23.28,23.53,22.59,22.97,121419,0
CURV.US,D,20210729,000000,23.22,23.59,22.87,23.11,199277,0
CURV.US,D,20210730,000000,23.03,23.47,22.75,23.35,107443,0
CURV.US,D,20210802,000000,23.14,25,23.05,24.59,478741,0
CURV.US,D,20210803,000000,24.78,25.21,24.14,24.78,139821,0
CURV.US,D,20210804,000000,24.65,24.95,24.2868,24.58,132933,0
CURV.US,D,20210805,000000,24.64,26.81,24.45,26.65,186431,0
CURV.US,D,20210806,000000,26.5,28.5,26.5,27.73,293075,0
CURV.US,D,20210809,000000,27.53,28.25,26.625,27.81,399127,0
CURV.US,D,20210810,000000,28.3,30.01,28.15,29.72,514803,0
CURV.US,D,20210811,000000,29.67,30.17,28.91,30.06,185090,0
CURV.US,D,20210812,000000,29.88,30.43,29.5108,30.03,126805,0
CURV.US,D,20210813,000000,30.16,30.5,29.06,29.65,251323,0
CURV.US,D,20210816,000000,29.4,30.69,29.22,30.64,142969,0
CURV.US,D,20210817,000000,30.49,30.5662,27.57,27.92,301093,0
CURV.US,D,20210818,000000,28,29.86,28,29.18,232326,0
CURV.US,D,20210819,000000,29.04,30.03,29.04,29.92,178178,0
CURV.US,D,20210820,000000,29.8,29.91,28.71,29.65,134734,0
CURV.US,D,20210823,000000,29.62,30.76,28.57,28.69,270148,0
CURV.US,D,20210824,000000,28.72,33.19,28.72,31.16,717150,0
CURV.US,D,20210825,000000,31.43,31.43,27.13,28,361918,0
CURV.US,D,20210826,000000,28.01,28.01,26.07,26.41,248370,0
CURV.US,D,20210827,000000,26.29,26.96,24.14,24.45,473130,0
CURV.US,D,20210830,000000,24.99,24.99,23.11,23.84,285366,0
CURV.US,D,20210831,000000,23.8,23.95,22.69,23.11,335596,0
CURV.US,D,20210901,000000,23.21,23.55,22.86,22.96,281880,0
CURV.US,D,20210902,000000,22.96,23.07,21.73,22.07,719288,0
CURV.US,D,20210903,000000,22.1,23.03,20.6996,21,1188561,0
CURV.US,D,20210907,000000,21.12,21.15,19.96,20.2,601053,0
CURV.US,D,20210908,000000,20.21,20.21,18.26,18.46,1094176,0
CURV.US,D,20210909,000000,21.93,25.02,21,24.44,6531619,0
CURV.US,D,20210910,000000,24.48,24.82,23.02,23.17,1095439,0
CURV.US,D,20210913,000000,23.17,23.17,19.93,19.96,1355957,0
CURV.US,D,20210914,000000,19.93,20.67,19.03,20.34,1234905,0
CURV.US,D,20210915,000000,20.17,20.34,18.82,19.45,473120,0
CURV.US,D,20210916,000000,19.15,19.43,18.3,18.68,629459,0
CURV.US,D,20210917,000000,18.94,19.29,17.24,17.34,2651598,0
CURV.US,D,20210920,000000,16.9,18.55,16.63,18.55,964281,0
CURV.US,D,20210921,000000,18.5,18.989,17.3,18.01,1056484,0
CURV.US,D,20210922,000000,18.05,18.56,18,18.4,763487,0
CURV.US,D,20210923,000000,18.3,19,18.03,18.17,426362,0
CURV.US,D,20210924,000000,18,18.04,16.9,17,461292,0
CURV.US,D,20210927,000000,17,17.6,16.555,17.04,465049,0
CURV.US,D,20210928,000000,17.03,17.53,16.75,17.29,326631,0
CURV.US,D,20210929,000000,17.53,17.7941,17,17.5,421998,0
CURV.US,D,20210930,000000,16.84,17.4,15.231,15.43,936308,0
CURV.US,D,20211001,000000,15.59,15.665,13.82,15.26,918670,0
CURV.US,D,20211004,000000,15.04,15.6,14.77,15.21,239219,0
CURV.US,D,20211005,000000,15.18,15.77,15.08,15.21,235862,0
CURV.US,D,20211006,000000,15.12,15.2,14.2607,14.43,335103,0
CURV.US,D,20211007,000000,14.48,15.1138,14.48,14.62,350297,0
CURV.US,D,20211008,000000,14.52,14.77,14.19,14.75,430015,0
CURV.US,D,20211011,000000,14.75,14.97,13.965,13.99,242812,0
CURV.US,D,20211012,000000,14.01,14.1,13.3509,13.59,412126,0
CURV.US,D,20211013,000000,13.74,14.32,13.61,14.03,296498,0
CURV.US,D,20211014,000000,14.23,14.49,13.66,13.97,264524,0
CURV.US,D,20211015,000000,14.14,14.19,13.36,13.7,384438,0
CURV.US,D,20211018,000000,13.6,14.1395,13.26,13.91,346787,0
CURV.US,D,20211019,000000,13.78,14.7601,13.42,14.44,1205303,0
CURV.US,D,20211020,000000,14.31,15.4,14.17,15.06,434344,0
CURV.US,D,20211021,000000,15.04,15.95,15.04,15.64,837239,0
CURV.US,D,20211022,000000,15.52,15.769,14.6,15.12,327838,0
CURV.US,D,20211025,000000,15.33,15.53,14.95,15.28,352024,0
CURV.US,D,20211026,000000,15.44,15.68,14.99,15.21,153086,0
CURV.US,D,20211027,000000,15.32,15.32,13.78,13.81,547452,0
CURV.US,D,20211028,000000,13.85,14.86,13.83,14.54,282392,0
CURV.US,D,20211029,000000,14.14,15.12,14.14,15.04,405161,0
CURV.US,D,20211101,000000,15.28,16.23,15.12,16.09,485812,0
CURV.US,D,20211102,000000,16.08,16.17,15.33,16.12,424592,0
CURV.US,D,20211103,000000,16.24,18.049,16.17,17.33,1001847,0
CURV.US,D,20211104,000000,17.49,18.535,16.92,18.4,645617,0
CURV.US,D,20211105,000000,18.48,19.92,18.44,19.25,1243412,0
CURV.US,D,20211108,000000,19.61,20.12,18.855,19.6,922546,0
CURV.US,D,20211109,000000,19.39,20.95,18.74,19.84,502222,0
CURV.US,D,20211110,000000,19.53,19.88,18.82,19.22,399995,0
CURV.US,D,20211111,000000,19.23,20.44,19.19,19.63,433003,0
CURV.US,D,20211112,000000,19.45,19.48,18.0425,18.67,320691,0
CURV.US,D,20211115,000000,18.84,19.42,18.43,18.82,359406,0
CURV.US,D,20211116,000000,18.68,18.83,17.86,18.05,294180,0
CURV.US,D,20211117,000000,17.9,18.39,17.467,17.76,226477,0
CURV.US,D,20211118,000000,17.78,19.77,17.53,19.61,607338,0
CURV.US,D,20211119,000000,19.61,20.35,18.45,18.9,450959,0
CURV.US,D,20211122,000000,18.86,19.6,18.0201,19.57,355825,0
CURV.US,D,20211123,000000,19.35,19.96,18.01,18.09,377154,0
CURV.US,D,20211124,000000,17.81,18.065,16.71,17.39,786349,0
CURV.US,D,20211126,000000,16.53,17.35,16.24,17,334508,0
CURV.US,D,20211129,000000,17.13,17.38,16.38,17.24,224114,0
CURV.US,D,20211130,000000,17.25,17.25,15.88,16.27,583285,0
CURV.US,D,20211201,000000,16.58,16.87,14.79,14.94,496616,0
CURV.US,D,20211202,000000,14.85,15.48,14.66,15.27,370361,0
CURV.US,D,20211203,000000,15.37,16.145,15.27,15.93,436989,0
CURV.US,D,20211206,000000,16.03,16.12,14.99,15.52,322714,0
CURV.US,D,20211207,000000,15.72,16.62,15.5678,16.59,415718,0
CURV.US,D,20211208,000000,16.68,16.69,15.37,15.65,1473235,0
CURV.US,D,20211209,000000,12.51,13.75,11.1,11.28,6387240,0
CURV.US,D,20211210,000000,11.12,11.6,10.77,11.31,1955466,0
CURV.US,D,20211213,000000,11.18,12.09,10.93,11.42,1458096,0
CURV.US,D,20211214,000000,11.26,12.0987,11.14,11.2,1371839,0
CURV.US,D,20211215,000000,11.08,11.44,10.6475,11.29,969204,0
CURV.US,D,20211216,000000,11.47,11.83,10.41,10.44,877964,0
CURV.US,D,20211217,000000,10.33,10.62,9.52,10.01,1240060,0
CURV.US,D,20211220,000000,9.91,10.15,9.475,9.81,767919,0
CURV.US,D,20211221,000000,10.07,10.55,10,10.13,442700,0
CURV.US,D,20211222,000000,10.11,10.45,10.01,10.02,389756,0
CURV.US,D,20211223,000000,10.03,10.465,9.8,10.14,653798,0
CURV.US,D,20211227,000000,10.09,10.612,9.96,10.07,833068,0
CURV.US,D,20211228,000000,10.1,10.265,9.68,9.79,797799,0
CURV.US,D,20211229,000000,9.8,10.21,9.7,9.89,460880,0
CURV.US,D,20211230,000000,9.84,10.1,9.77,9.9,395607,0
CURV.US,D,20211231,000000,9.84,10.05,9.62,9.88,468753,0
CURV.US,D,20220103,000000,9.93,10.42,9.88,10.22,462645,0
CURV.US,D,20220104,000000,10.35,10.413,9.68,10.27,966073,0
CURV.US,D,20220105,000000,10.32,11.29,10.32,10.49,756533,0
CURV.US,D,20220106,000000,10.23,10.83,10.07,10.29,377633,0
CURV.US,D,20220107,000000,10.21,10.84,10.18,10.7,427305,0
CURV.US,D,20220110,000000,8.54,9.51,8.055,8.2,3033377,0
CURV.US,D,20220111,000000,8.26,9.339,8.145,9.23,1926798,0
CURV.US,D,20220112,000000,9.23,10.22,9.151,9.96,1085354,0
CURV.US,D,20220113,000000,9.95,10.275,9.64,9.76,904957,0
CURV.US,D,20220114,000000,9.67,9.69,8.96,9.51,363488,0
CURV.US,D,20220118,000000,9.3,9.43,8.55,8.7,666115,0
CURV.US,D,20220119,000000,8.69,9.12,8.52,8.98,588223,0
CURV.US,D,20220120,000000,9.07,9.475,8.48,8.52,792320,0
CURV.US,D,20220121,000000,8.4,8.87,8.14,8.14,536066,0
