<TICKER>,<PER>,<DATE>,<TIME>,<OPEN>,<HIGH>,<LOW>,<CLOSE>,<VOL>,<OPENINT>
DELL.US,D,20181231,000000,23.049,24.757,23.049,24.757,11486210,0
DELL.US,D,20190102,000000,24.432,24.873,23.333,23.87,12058749,0
DELL.US,D,20190103,000000,23.586,23.809,22.685,22.862,13625812,0
DELL.US,D,20190104,000000,23.131,23.789,22.725,23.313,17582068,0
DELL.US,D,20190107,000000,23.267,24.002,23.065,23.465,9723705,0
DELL.US,D,20190108,000000,23.88,24.225,23.5,23.743,14383245,0
DELL.US,D,20190109,000000,23.845,24.007,23.698,23.779,6513234,0
DELL.US,D,20190110,000000,23.779,24.007,22.746,22.892,7034711,0
DELL.US,D,20190111,000000,22.771,23.161,22.492,22.528,5329716,0
DELL.US,D,20190114,000000,22.325,22.416,21.661,21.682,7236323,0
DELL.US,D,20190115,000000,21.808,22.138,21.52,21.788,5584727,0
DELL.US,D,20190116,000000,21.682,21.891,21.287,21.591,4851702,0
DELL.US,D,20190117,000000,21.636,22.148,21.565,22.143,6992744,0
DELL.US,D,20190118,000000,22.178,22.183,21.839,21.96,6428284,0
DELL.US,D,20190122,000000,22.229,22.619,21.94,22.32,6259451,0
DELL.US,D,20190123,000000,22.887,23.247,22.502,22.604,6221435,0
DELL.US,D,20190124,000000,22.751,22.867,22.396,22.776,7011811,0
DELL.US,D,20190125,000000,22.913,23.303,22.908,23.257,5168362,0
DELL.US,D,20190128,000000,23.252,24.004,23.11,23.759,11747691,0
DELL.US,D,20190129,000000,23.86,23.977,23.556,23.733,7024859,0
DELL.US,D,20190130,000000,23.987,24.316,23.89,24.316,7859886,0
DELL.US,D,20190131,000000,24.23,25.076,24.169,24.615,7384949,0
DELL.US,D,20190201,000000,24.812,25.202,24.569,25.152,3585228,0
DELL.US,D,20190204,000000,25.334,26.246,25.334,25.75,6297814,0
DELL.US,D,20190205,000000,25.972,26.14,25.653,25.871,5437791,0
DELL.US,D,20190206,000000,25.912,26.297,25.755,25.805,5598748,0
DELL.US,D,20190207,000000,25.633,25.739,25.218,25.552,3518619,0
DELL.US,D,20190208,000000,25.354,26.135,25.152,26.084,3541056,0
DELL.US,D,20190211,000000,26.276,26.378,25.861,26.352,5369417,0
DELL.US,D,20190212,000000,26.555,27.249,26.449,27.153,6670381,0
DELL.US,D,20190213,000000,27.305,27.67,27.041,27.33,3506005,0
DELL.US,D,20190214,000000,27.193,27.654,27.112,27.548,5130713,0
DELL.US,D,20190215,000000,27.756,28.313,27.355,27.862,4531961,0
DELL.US,D,20190219,000000,27.908,28.105,27.634,27.882,2482370,0
DELL.US,D,20190220,000000,27.999,28.267,27.675,28.136,2728257,0
DELL.US,D,20190221,000000,28.146,28.409,28.004,28.136,3836107,0
DELL.US,D,20190222,000000,28.282,28.46,28.141,28.46,3646555,0
DELL.US,D,20190225,000000,28.602,28.83,28.526,28.693,4614465,0
DELL.US,D,20190226,000000,28.521,28.931,28.176,28.738,4621726,0
DELL.US,D,20190227,000000,28.642,28.774,28.465,28.495,3337622,0
DELL.US,D,20190228,000000,28.47,28.621,27.948,28.277,8156910,0
DELL.US,D,20190301,000000,29.22,29.883,28.465,28.698,6938312,0
DELL.US,D,20190304,000000,28.911,28.946,27.609,28.034,5879443,0
DELL.US,D,20190305,000000,27.989,28.288,27.588,27.923,5505658,0
DELL.US,D,20190306,000000,27.771,27.771,26.773,27.219,4965206,0
DELL.US,D,20190307,000000,27.163,27.563,26.758,26.915,3654131,0
DELL.US,D,20190308,000000,26.636,26.742,26.13,26.52,3778739,0
DELL.US,D,20190311,000000,26.545,27.472,26.474,27.431,3519043,0
DELL.US,D,20190312,000000,27.477,28.09,27.447,27.71,4898459,0
DELL.US,D,20190313,000000,27.938,28.146,27.74,27.837,4086045,0
DELL.US,D,20190314,000000,28.369,29.382,28.212,28.966,7637364,0
DELL.US,D,20190315,000000,29.346,30.532,29.331,30.511,11244565,0
DELL.US,D,20190318,000000,30.572,30.983,30.263,30.643,5259352,0
DELL.US,D,20190319,000000,30.902,30.993,30.557,30.618,3983740,0
DELL.US,D,20190320,000000,30.587,30.78,30.015,30.207,5133696,0
DELL.US,D,20190321,000000,30.137,30.869,30.091,30.755,3258813,0
DELL.US,D,20190322,000000,30.344,30.988,30.147,30.167,2971860,0
DELL.US,D,20190325,000000,30.142,30.142,28.936,29.022,3711784,0
DELL.US,D,20190326,000000,29.341,29.878,29.066,29.833,3530080,0
DELL.US,D,20190327,000000,29.893,30.339,29.093,29.149,3630571,0
DELL.US,D,20190328,000000,29.108,29.326,28.704,28.835,3404995,0
DELL.US,D,20190329,000000,28.987,29.782,28.951,29.731,3749314,0
DELL.US,D,20190401,000000,30.283,30.618,30.152,30.613,3525755,0
DELL.US,D,20190402,000000,30.501,31.059,30.263,31.038,4650007,0
DELL.US,D,20190403,000000,31.033,31.231,30.724,31.2,4145921,0
DELL.US,D,20190404,000000,31.165,31.2,30,30.567,4263918,0
DELL.US,D,20190405,000000,30.618,31.606,30.618,31.509,4351909,0
DELL.US,D,20190408,000000,31.489,31.742,31.135,31.656,2638813,0
DELL.US,D,20190409,000000,31.555,31.611,31.059,31.271,2532056,0
DELL.US,D,20190410,000000,31.297,32.234,31.276,32.062,3312702,0
DELL.US,D,20190411,000000,32.153,32.355,31.793,32.35,3845095,0
DELL.US,D,20190412,000000,32.442,32.715,32.002,32.173,2379743,0
DELL.US,D,20190415,000000,32.219,32.404,31.95,32.36,2292198,0
DELL.US,D,20190416,000000,32.604,32.649,31.753,31.808,2222158,0
DELL.US,D,20190417,000000,31.97,32.167,31.666,31.788,2040675,0
DELL.US,D,20190418,000000,31.783,31.91,31.368,31.839,2067926,0
DELL.US,D,20190422,000000,31.803,32.041,31.673,32.041,2133432,0
DELL.US,D,20190423,000000,32.026,33.049,31.96,32.928,3040979,0
DELL.US,D,20190424,000000,32.918,33.662,32.806,33.561,3059479,0
DELL.US,D,20190425,000000,33.536,34.047,33.242,33.941,3192385,0
DELL.US,D,20190426,000000,33.465,33.764,32.816,33.11,3019701,0
DELL.US,D,20190429,000000,33.13,33.323,32.938,33.206,2450385,0
DELL.US,D,20190430,000000,33.257,34.194,33.257,34.149,2387003,0
DELL.US,D,20190501,000000,34.397,35.055,34.149,34.741,4126629,0
DELL.US,D,20190502,000000,34.67,34.929,33.657,34.518,3878032,0
DELL.US,D,20190503,000000,34.817,35.105,34.574,34.802,1861093,0
DELL.US,D,20190506,000000,34.063,34.706,33.987,34.544,1331962,0
DELL.US,D,20190507,000000,34.22,34.589,33.546,34.189,2801764,0
DELL.US,D,20190508,000000,33.961,34.093,33.693,33.992,2023536,0
DELL.US,D,20190509,000000,33.46,34.088,33.257,33.987,2737798,0
DELL.US,D,20190510,000000,33.824,34.139,33.206,34.022,1412760,0
DELL.US,D,20190513,000000,33.065,33.384,32.269,32.442,5183913,0
DELL.US,D,20190514,000000,32.553,33.804,32.472,33.51,1959406,0
DELL.US,D,20190515,000000,33.262,34.584,33.181,34.397,2053150,0
DELL.US,D,20190516,000000,34.473,35.577,34.399,35.359,2042862,0
DELL.US,D,20190517,000000,34.949,35.741,34.706,35.172,2939844,0
DELL.US,D,20190520,000000,34.746,34.934,33.982,34.448,2651914,0
DELL.US,D,20190521,000000,34.914,35.537,34.66,35.283,2323227,0
DELL.US,D,20190522,000000,35.592,35.658,34.784,34.954,3093894,0
DELL.US,D,20190523,000000,34.266,34.266,32.7,33.282,6205771,0
DELL.US,D,20190524,000000,33.445,34.037,33.08,33.495,3737656,0
DELL.US,D,20190528,000000,33.526,34.382,33.434,33.642,3532662,0
DELL.US,D,20190529,000000,33.323,33.547,32.776,33.536,4762068,0
DELL.US,D,20190530,000000,33.698,34.098,33.191,33.642,4115162,0
DELL.US,D,20190531,000000,30.729,31.489,28.931,30.167,15628218,0
DELL.US,D,20190603,000000,30.091,30.157,28.091,28.298,6368916,0
DELL.US,D,20190604,000000,28.87,29.26,28.333,29.22,5080072,0
DELL.US,D,20190605,000000,29.275,29.407,27.231,27.609,7391994,0
DELL.US,D,20190606,000000,27.837,27.877,26.403,26.965,7648379,0
DELL.US,D,20190607,000000,27.051,27.938,26.854,27.507,4522897,0
DELL.US,D,20190610,000000,27.766,28.13,27.371,27.457,3661415,0
DELL.US,D,20190611,000000,27.594,27.806,27.148,27.528,3507523,0
DELL.US,D,20190612,000000,27.462,27.819,26.824,26.864,2528406,0
DELL.US,D,20190613,000000,26.844,27.366,26.606,27.269,4080011,0
DELL.US,D,20190614,000000,26.824,27.107,25.714,25.998,3636462,0
DELL.US,D,20190617,000000,26.084,26.175,25.618,25.648,3300417,0
DELL.US,D,20190618,000000,25.937,26.672,25.79,26.094,4493320,0
DELL.US,D,20190619,000000,26.347,27.127,26.114,27.062,4170322,0
DELL.US,D,20190620,000000,27.862,29.007,27.011,27.563,4942043,0
DELL.US,D,20190621,000000,27.391,27.664,27.102,27.35,4976580,0
DELL.US,D,20190624,000000,27.35,27.505,26.879,27.001,3586928,0
DELL.US,D,20190625,000000,27.001,27.29,26.444,26.499,4535672,0
DELL.US,D,20190626,000000,26.829,27.229,26.737,26.965,1906556,0
DELL.US,D,20190627,000000,26.57,26.778,25.618,26.449,9573656,0
DELL.US,D,20190628,000000,26.677,26.727,25.658,25.734,13900829,0
DELL.US,D,20190701,000000,26.449,26.464,25.957,26.119,6986989,0
DELL.US,D,20190702,000000,25.947,26.439,25.633,26.433,4976999,0
DELL.US,D,20190703,000000,26.276,26.829,25.952,26.808,5143002,0
DELL.US,D,20190705,000000,26.408,26.672,26.233,26.53,4133027,0
DELL.US,D,20190708,000000,26.241,26.383,25.826,25.983,5922390,0
DELL.US,D,20190709,000000,25.815,26.003,25.648,25.886,5301720,0
DELL.US,D,20190710,000000,26.104,26.849,25.907,26.489,9096861,0
DELL.US,D,20190711,000000,26.474,27.092,26.426,27.092,5899025,0
DELL.US,D,20190712,000000,27.279,27.523,26.965,27.244,7220683,0
DELL.US,D,20190715,000000,27.355,28.004,27.33,27.973,7955924,0
DELL.US,D,20190716,000000,28.125,28.87,27.928,28.374,7122316,0
DELL.US,D,20190717,000000,28.369,28.632,28.047,28.622,3556188,0
DELL.US,D,20190718,000000,28.49,29.273,28.247,29.073,4365254,0
DELL.US,D,20190719,000000,29.356,29.973,28.673,28.774,5911722,0
DELL.US,D,20190722,000000,28.906,29.068,28.566,28.581,3271470,0
DELL.US,D,20190723,000000,28.723,28.723,27.677,28.095,4541701,0
DELL.US,D,20190724,000000,27.948,28.536,27.948,28.48,2862336,0
DELL.US,D,20190725,000000,28.531,28.703,27.745,27.897,3695797,0
DELL.US,D,20190726,000000,27.928,28.11,27.756,28.004,3270400,0
DELL.US,D,20190729,000000,28.277,28.49,27.583,28.353,3834929,0
DELL.US,D,20190730,000000,28.232,29.073,28.105,28.992,4034330,0
DELL.US,D,20190731,000000,29.017,29.377,28.657,29.25,5392148,0
DELL.US,D,20190801,000000,29.351,29.964,29.026,29.225,4973088,0
DELL.US,D,20190802,000000,27.786,28.115,26.064,26.55,20780827,0
DELL.US,D,20190805,000000,25.841,25.881,24.458,25.542,11198369,0
DELL.US,D,20190806,000000,25.79,26.099,25.05,25.719,7248122,0
DELL.US,D,20190807,000000,25.263,25.623,24.959,25.522,3655432,0
DELL.US,D,20190808,000000,25.643,26.363,25.643,26.003,4786033,0
DELL.US,D,20190809,000000,25.983,25.983,25.228,25.547,2523272,0
DELL.US,D,20190812,000000,25.354,25.451,24.914,25.056,2647184,0
DELL.US,D,20190813,000000,24.949,25.79,24.681,25.086,7075119,0
DELL.US,D,20190814,000000,24.665,24.817,23.789,24.62,8126799,0
DELL.US,D,20190815,000000,24.387,24.501,23.424,23.759,5730818,0
DELL.US,D,20190816,000000,24.007,24.919,23.936,24.534,4911675,0
DELL.US,D,20190819,000000,24.98,25.142,24.711,24.848,3961262,0
DELL.US,D,20190820,000000,24.681,24.974,24.412,24.554,3637478,0
DELL.US,D,20190821,000000,24.655,25.197,24.595,24.812,2744000,0
DELL.US,D,20190822,000000,25.04,25.106,24.527,24.843,3202569,0
DELL.US,D,20190823,000000,24.189,24.286,23.166,23.207,7247889,0
DELL.US,D,20190826,000000,23.303,23.847,23.277,23.51,4029606,0
DELL.US,D,20190827,000000,23.784,23.895,22.933,23.1,3858828,0
DELL.US,D,20190828,000000,23.06,23.11,22.467,22.948,4129728,0
DELL.US,D,20190829,000000,23.176,23.774,23.125,23.693,7375503,0
DELL.US,D,20190830,000000,25.75,26.95,25.152,26.104,31609110,0
DELL.US,D,20190903,000000,25.851,26.281,25.634,25.871,8243376,0
DELL.US,D,20190904,000000,26.089,26.28,25.466,25.937,5517677,0
DELL.US,D,20190905,000000,26.119,27.102,25.891,26.808,9082253,0
DELL.US,D,20190906,000000,26.849,27.249,26.474,27.031,6835146,0
DELL.US,D,20190909,000000,27.355,27.583,26.92,27.502,7171990,0
DELL.US,D,20190910,000000,27.295,28.293,26.975,28.105,6301669,0
DELL.US,D,20190911,000000,27.923,28.115,27.71,28.014,5919267,0
DELL.US,D,20190912,000000,28.141,28.333,27.381,27.431,5663184,0
DELL.US,D,20190913,000000,27.381,27.685,27.072,27.107,2786741,0
DELL.US,D,20190916,000000,26.849,27.634,26.788,27.406,3022585,0
DELL.US,D,20190917,000000,27.355,27.406,26.905,27.279,2844011,0
DELL.US,D,20190918,000000,27.32,27.32,26.347,26.748,3786268,0
DELL.US,D,20190919,000000,26.727,27.178,26.626,26.869,5707177,0
DELL.US,D,20190920,000000,26.945,27.021,26.193,26.266,6039747,0
DELL.US,D,20190923,000000,26.246,26.849,25.843,26.818,4905291,0
DELL.US,D,20190924,000000,26.879,27.178,26.167,26.444,6622979,0
DELL.US,D,20190925,000000,26.439,27.366,26.368,27.224,6068723,0
DELL.US,D,20190926,000000,26.849,26.849,25.998,26.418,6076290,0
DELL.US,D,20190927,000000,26.555,26.788,25.527,25.81,4384504,0
DELL.US,D,20190930,000000,25.81,26.357,25.77,26.271,2634981,0
DELL.US,D,20191001,000000,26.408,26.793,26.036,26.16,3825270,0
DELL.US,D,20191002,000000,26.089,26.094,25.41,25.724,3145169,0
DELL.US,D,20191003,000000,25.739,26.023,25.02,25.866,2664027,0
DELL.US,D,20191004,000000,25.952,26.089,25.43,25.466,3831852,0
DELL.US,D,20191007,000000,25.38,25.871,25.324,25.593,3136592,0
DELL.US,D,20191008,000000,25.425,25.517,24.716,24.726,3021797,0
DELL.US,D,20191009,000000,24.899,25.192,24.696,25.056,2608061,0
DELL.US,D,20191010,000000,25.03,25.121,24.767,24.823,4520281,0
DELL.US,D,20191011,000000,25.263,26.026,25.21,25.481,3016367,0
DELL.US,D,20191014,000000,25.456,25.709,25.385,25.674,1552696,0
DELL.US,D,20191015,000000,25.582,26.211,25.506,25.902,2062286,0
DELL.US,D,20191016,000000,25.795,25.8,25.415,25.603,1989159,0
DELL.US,D,20191017,000000,25.755,25.962,25.486,25.517,1986752,0
DELL.US,D,20191018,000000,25.511,25.552,25.078,25.263,3486251,0
DELL.US,D,20191021,000000,25.278,25.587,25.124,25.324,2390790,0
DELL.US,D,20191022,000000,25.4,25.648,25.218,25.319,2050647,0
DELL.US,D,20191023,000000,25.273,25.538,24.954,25.481,2474281,0
DELL.US,D,20191024,000000,25.663,25.962,25.294,25.841,3020565,0
DELL.US,D,20191025,000000,25.891,26.504,25.81,26.18,3195951,0
DELL.US,D,20191028,000000,26.307,26.57,26.074,26.135,3122719,0
DELL.US,D,20191029,000000,26.165,26.986,26.119,26.975,5229673,0
DELL.US,D,20191030,000000,26.955,27.431,26.712,27.229,3359942,0
DELL.US,D,20191031,000000,27.178,27.254,26.398,26.793,3041918,0
DELL.US,D,20191101,000000,26.94,27.046,26.742,26.97,2400214,0
DELL.US,D,20191104,000000,27.279,27.424,27.092,27.274,2047268,0
DELL.US,D,20191105,000000,27.31,27.786,27.122,27.573,4082160,0
DELL.US,D,20191106,000000,27.862,27.862,27.203,27.523,2797942,0
DELL.US,D,20191107,000000,27.745,27.837,27.421,27.512,2912670,0
DELL.US,D,20191108,000000,27.538,27.654,27.127,27.512,1963368,0
DELL.US,D,20191111,000000,27.264,27.796,27.178,27.619,1831812,0
DELL.US,D,20191112,000000,27.756,28.257,27.685,28.08,5466258,0
DELL.US,D,20191113,000000,27.862,28.065,27.629,27.751,2294930,0
DELL.US,D,20191114,000000,27.558,28.465,27.442,27.887,3371975,0
DELL.US,D,20191115,000000,28.191,28.293,27.943,28.186,2813977,0
DELL.US,D,20191118,000000,28.191,28.313,27.897,28.151,1932820,0
DELL.US,D,20191119,000000,28.196,28.713,28.004,28.475,2822005,0
DELL.US,D,20191120,000000,28.277,28.51,27.831,27.999,2834179,0
DELL.US,D,20191121,000000,27.984,28.166,27.198,27.209,3180115,0
DELL.US,D,20191122,000000,27.203,27.353,26.849,27.158,2853287,0
DELL.US,D,20191125,000000,27.355,28.172,27.355,27.892,3773162,0
DELL.US,D,20191126,000000,28.201,28.336,26.925,26.945,9249616,0
DELL.US,D,20191127,000000,25.861,26.423,25.202,25.491,25906173,0
DELL.US,D,20191129,000000,25.481,25.56,24.539,24.564,6386163,0
DELL.US,D,20191202,000000,24.493,24.655,23.977,24.174,7411434,0
DELL.US,D,20191203,000000,23.708,24.058,23.521,24.012,7750646,0
DELL.US,D,20191204,000000,24.265,24.367,24.083,24.154,4135147,0
DELL.US,D,20191205,000000,24.118,24.177,23.617,23.982,4076791,0
DELL.US,D,20191206,000000,24.063,24.671,23.825,23.87,5941711,0
DELL.US,D,20191209,000000,23.718,24.301,23.531,24.139,7499651,0
DELL.US,D,20191210,000000,24.017,24.306,23.875,23.992,6118605,0
DELL.US,D,20191211,000000,23.971,24.189,23.759,24.169,4375278,0
DELL.US,D,20191212,000000,23.971,25.157,23.85,25.076,5224187,0
DELL.US,D,20191213,000000,25.04,25.37,24.838,25,5215383,0
DELL.US,D,20191216,000000,25.324,25.405,24.959,25.071,6642240,0
DELL.US,D,20191217,000000,25.187,25.435,25.106,25.294,4671893,0
DELL.US,D,20191218,000000,25.329,25.628,25.137,25.329,4545831,0
DELL.US,D,20191219,000000,25.359,25.496,25.218,25.273,2996622,0
DELL.US,D,20191220,000000,25.481,25.608,25.081,25.137,5338759,0
DELL.US,D,20191223,000000,25.157,25.927,25.137,25.562,3214885,0
DELL.US,D,20191224,000000,25.557,26.003,25.456,25.75,1892916,0
DELL.US,D,20191226,000000,25.967,26.484,25.891,26.347,3036318,0
DELL.US,D,20191227,000000,26.444,26.444,25.681,25.826,3110549,0
DELL.US,D,20191230,000000,25.775,26.117,25.582,25.79,2623773,0
DELL.US,D,20191231,000000,25.734,26.292,25.608,26.033,3264883,0
DELL.US,D,20200102,000000,26.373,26.656,26.114,26.489,4280507,0
DELL.US,D,20200103,000000,26.038,26.332,25.543,25.618,4450288,0
DELL.US,D,20200106,000000,25.375,25.983,25.375,25.876,4987092,0
DELL.US,D,20200107,000000,25.856,25.993,25.111,25.228,6196732,0
DELL.US,D,20200108,000000,25.076,25.349,24.899,25.329,6943518,0
DELL.US,D,20200109,000000,25.43,25.461,24.833,25.137,7162556,0
DELL.US,D,20200110,000000,25.137,25.299,25.03,25.081,4868081,0
DELL.US,D,20200113,000000,25.172,25.324,24.66,25.243,6739823,0
DELL.US,D,20200114,000000,25.243,26.104,25.233,25.765,6558991,0
DELL.US,D,20200115,000000,25.689,25.907,25.532,25.633,3908177,0
DELL.US,D,20200116,000000,25.841,26.205,25.679,26.008,4448678,0
DELL.US,D,20200117,000000,26.089,26.089,25.354,25.501,6505659,0
DELL.US,D,20200121,000000,25.405,25.415,24.772,24.969,5399957,0
DELL.US,D,20200122,000000,25.076,25.39,25.076,25.299,2706575,0
DELL.US,D,20200123,000000,25.339,25.565,25.01,25.517,2189278,0
DELL.US,D,20200124,000000,25.608,25.856,25.091,25.319,3950129,0
DELL.US,D,20200127,000000,24.65,24.767,24.301,24.392,6146304,0
DELL.US,D,20200128,000000,24.574,24.924,24.493,24.66,4227787,0
DELL.US,D,20200129,000000,24.797,24.924,24.589,24.797,2790225,0
DELL.US,D,20200130,000000,24.519,25.061,24.397,25.015,4745165,0
DELL.US,D,20200131,000000,24.888,24.951,24.392,24.706,4630293,0
DELL.US,D,20200203,000000,24.716,25.025,24.625,24.914,3266798,0
DELL.US,D,20200204,000000,25.329,26.079,25.045,25.851,5849466,0
DELL.US,D,20200205,000000,26.079,26.54,25.633,25.729,7341803,0
DELL.US,D,20200206,000000,25.917,26.813,25.866,26.773,6585003,0
DELL.US,D,20200207,000000,26.596,26.596,25.836,26.15,9322882,0
DELL.US,D,20200210,000000,25.836,26.428,25.613,26.398,5329820,0
DELL.US,D,20200211,000000,26.393,26.9,26.342,26.474,8690394,0
DELL.US,D,20200212,000000,26.712,27.112,26.636,27.001,6878160,0
DELL.US,D,20200213,000000,26.317,26.763,26.054,26.621,6764032,0
DELL.US,D,20200214,000000,26.798,27.127,26.661,26.788,4160406,0
DELL.US,D,20200218,000000,26.494,26.824,26.281,26.732,5142557,0
DELL.US,D,20200219,000000,26.798,27.148,26.722,27.021,5515599,0
DELL.US,D,20200220,000000,27.021,27.051,26.489,26.824,5313517,0
DELL.US,D,20200221,000000,26.697,26.753,25.942,26.2,4405670,0
DELL.US,D,20200224,000000,25.213,25.263,24.022,24.473,7269481,0
DELL.US,D,20200225,000000,24.848,24.921,23.387,23.414,6803436,0
DELL.US,D,20200226,000000,23.668,23.982,22.948,23.267,6858126,0
DELL.US,D,20200227,000000,22.543,23.07,21.732,22.067,11055685,0
DELL.US,D,20200228,000000,20.871,21.839,19.858,20.496,17014363,0
DELL.US,D,20200302,000000,20.628,21.525,19.959,21.474,7912865,0
DELL.US,D,20200303,000000,21.616,22.143,20.978,21.165,9221238,0
DELL.US,D,20200304,000000,21.525,21.976,20.866,21.976,6011688,0
DELL.US,D,20200305,000000,21.292,21.56,20.512,20.694,7142996,0
DELL.US,D,20200306,000000,19.757,20.709,19.564,20.071,8405186,0
DELL.US,D,20200309,000000,18.48,18.642,17.963,18.364,10966408,0
DELL.US,D,20200310,000000,19.098,19.949,17.984,19.828,9949736,0
DELL.US,D,20200311,000000,19.068,19.529,18.526,18.713,9421572,0
DELL.US,D,20200312,000000,17.214,17.69,16.368,16.585,13336415,0
DELL.US,D,20200313,000000,17.822,18.212,16.788,18.212,9647895,0
DELL.US,D,20200316,000000,14.782,17.381,14.782,16.317,10105509,0
DELL.US,D,20200317,000000,16.621,16.95,15.319,15.866,9981395,0
DELL.US,D,20200318,000000,14.691,15.273,12.923,14.625,9072569,0
DELL.US,D,20200319,000000,14.691,16.57,14.275,16.19,8400723,0
DELL.US,D,20200320,000000,16.636,18.688,16.221,16.459,13525714,0
DELL.US,D,20200323,000000,16.717,18.1,15.973,17.193,7344837,0
DELL.US,D,20200324,000000,18.47,19.686,17.492,19.681,7088706,0
DELL.US,D,20200325,000000,19.944,21.479,19.336,19.929,7393105,0
DELL.US,D,20200326,000000,20.233,21.732,20.01,21.55,6330132,0
DELL.US,D,20200327,000000,20.38,20.765,19.387,19.63,6313446,0
DELL.US,D,20200330,000000,20.116,20.856,19.645,20.162,6932621,0
DELL.US,D,20200331,000000,19.99,20.77,19.701,20.035,3498184,0
DELL.US,D,20200401,000000,19.123,19.688,18.495,18.693,4868627,0
DELL.US,D,20200402,000000,18.531,19.275,18.323,18.814,3896291,0
DELL.US,D,20200403,000000,18.728,19.088,17.999,18.46,4087628,0
DELL.US,D,20200406,000000,19.488,19.828,19.205,19.711,6461503,0
DELL.US,D,20200407,000000,20.223,20.658,19.326,19.438,7209115,0
DELL.US,D,20200408,000000,19.655,20.613,19.554,20.456,6723591,0
DELL.US,D,20200409,000000,21.109,21.656,20.842,21.054,8352695,0
DELL.US,D,20200413,000000,20.598,20.932,20.223,20.496,3435845,0
DELL.US,D,20200414,000000,20.866,21.454,20.669,20.942,5007272,0
DELL.US,D,20200415,000000,20.278,20.7,20.061,20.491,4121542,0
DELL.US,D,20200416,000000,20.638,20.866,20.197,20.821,3043647,0
DELL.US,D,20200417,000000,21.352,21.413,20.77,21.028,6400962,0
DELL.US,D,20200420,000000,20.436,21.155,20.339,20.75,4071996,0
DELL.US,D,20200421,000000,20.228,20.339,18.845,18.946,7016126,0
DELL.US,D,20200422,000000,19.402,19.858,19.194,19.63,7621929,0
DELL.US,D,20200423,000000,19.863,20.152,19.605,19.711,2847744,0
DELL.US,D,20200424,000000,19.924,20.251,19.503,20.106,3495754,0
DELL.US,D,20200427,000000,20.344,20.574,20.268,20.36,3016315,0
DELL.US,D,20200428,000000,20.765,20.952,20.365,20.689,5059538,0
DELL.US,D,20200429,000000,21.043,22.122,20.972,21.981,6583548,0
DELL.US,D,20200430,000000,21.783,21.999,21.447,21.626,3434727,0
DELL.US,D,20200501,000000,21.069,21.271,20.152,20.263,3704828,0
DELL.US,D,20200504,000000,20.096,20.552,19.65,20.542,2516213,0
DELL.US,D,20200505,000000,20.77,21.104,20.339,20.36,2150828,0
DELL.US,D,20200506,000000,20.567,20.836,20.37,20.512,2266419,0
DELL.US,D,20200507,000000,20.8,21.19,20.699,21.15,2211794,0
DELL.US,D,20200508,000000,21.479,22.188,21.408,22.112,4146389,0
DELL.US,D,20200511,000000,21.915,22.173,21.545,21.97,3143906,0
DELL.US,D,20200512,000000,22.057,22.183,21.403,21.403,4284067,0
DELL.US,D,20200513,000000,21.454,21.631,20.441,20.785,4293745,0
DELL.US,D,20200514,000000,20.344,21.226,19.909,21.206,3264534,0
DELL.US,D,20200515,000000,20.851,21.408,20.552,21.322,3071149,0
DELL.US,D,20200518,000000,21.717,22.48,21.555,22.178,3667329,0
DELL.US,D,20200519,000000,22.082,22.766,22.082,22.31,4255706,0
DELL.US,D,20200520,000000,22.502,22.776,22.168,22.624,4146608,0
DELL.US,D,20200521,000000,22.639,22.816,22.057,22.487,3478734,0
DELL.US,D,20200522,000000,21.986,22.188,21.221,21.818,5421570,0
DELL.US,D,20200526,000000,22.685,22.847,22.487,22.523,3833875,0
DELL.US,D,20200527,000000,22.796,23.085,22.128,23.085,5662600,0
DELL.US,D,20200528,000000,22.933,23.399,22.918,23.09,8592194,0
DELL.US,D,20200529,000000,24.823,25.329,24.316,25.147,23461613,0
DELL.US,D,20200601,000000,24.944,25.228,24.458,25.01,7532255,0
DELL.US,D,20200602,000000,25.025,25.147,24.63,24.899,5831441,0
DELL.US,D,20200603,000000,25.076,25.106,24.676,24.726,5201334,0
DELL.US,D,20200604,000000,24.539,24.944,24.392,24.924,5248884,0
DELL.US,D,20200605,000000,25.045,26.013,25.045,25.593,8206865,0
DELL.US,D,20200608,000000,25.836,26.36,25.734,26.17,7119809,0
DELL.US,D,20200609,000000,25.988,25.988,25.273,25.344,4733998,0
DELL.US,D,20200610,000000,25.365,25.446,24.802,25.02,2884976,0
DELL.US,D,20200611,000000,24.311,24.443,23.531,23.602,6148868,0
DELL.US,D,20200612,000000,24.503,24.66,23.348,23.759,3787268,0
DELL.US,D,20200615,000000,23.201,24.017,23.11,23.84,4338603,0
DELL.US,D,20200616,000000,24.579,24.671,23.875,24.154,3162209,0
DELL.US,D,20200617,000000,24.199,24.63,24.047,24.073,4106370,0
DELL.US,D,20200618,000000,23.931,24.083,23.673,24.022,4489753,0
DELL.US,D,20200619,000000,24.488,25.083,24.346,24.782,6063236,0
DELL.US,D,20200622,000000,24.625,24.952,24.235,24.463,3596752,0
DELL.US,D,20200623,000000,24.736,25.086,24.488,24.828,10222264,0
DELL.US,D,20200624,000000,27.786,27.811,26.195,26.9,31492556,0
DELL.US,D,20200625,000000,26.56,26.616,25.724,26.14,7404497,0
DELL.US,D,20200626,000000,25.942,26.808,25.734,26.469,10055752,0
DELL.US,D,20200629,000000,26.682,27.315,26.251,27.234,7786747,0
DELL.US,D,20200630,000000,27.264,27.979,27.062,27.832,6048875,0
DELL.US,D,20200701,000000,27.892,28.151,27.391,27.497,5499510,0
DELL.US,D,20200702,000000,27.943,28.237,27.214,27.229,3673488,0
DELL.US,D,20200706,000000,27.609,27.695,27.234,27.386,3370230,0
DELL.US,D,20200707,000000,27.158,27.33,26.788,26.824,3581983,0
DELL.US,D,20200708,000000,26.945,27.431,26.798,27.431,4087398,0
DELL.US,D,20200709,000000,27.558,27.558,26.849,27.198,2748584,0
DELL.US,D,20200710,000000,27.102,27.196,26.808,27.067,2286331,0
DELL.US,D,20200713,000000,27.102,27.198,26.216,26.226,4152345,0
DELL.US,D,20200714,000000,26.013,26.626,25.876,26.596,2631789,0
DELL.US,D,20200715,000000,26.692,27.046,26.423,26.687,3848206,0
DELL.US,D,20200716,000000,29.696,31.221,29.66,29.939,50041602,0
DELL.US,D,20200717,000000,29.767,30.719,29.351,30.582,11216389,0
DELL.US,D,20200720,000000,30.547,31.332,30.486,31.129,6127506,0
DELL.US,D,20200721,000000,31.256,31.661,30.927,30.932,5457878,0
DELL.US,D,20200722,000000,31.074,31.666,30.998,31.287,5698339,0
DELL.US,D,20200723,000000,31.287,31.859,30.861,31.165,4230636,0
DELL.US,D,20200724,000000,30.724,31.008,30.511,30.8,2539656,0
DELL.US,D,20200727,000000,30.826,31.074,30.623,30.881,2801471,0
DELL.US,D,20200728,000000,30.719,30.866,30.005,30.076,3282809,0
DELL.US,D,20200729,000000,30.106,30.501,29.985,30.238,3534818,0
DELL.US,D,20200730,000000,29.934,30.142,29.437,29.969,3673074,0
DELL.US,D,20200731,000000,30.213,30.354,29.635,30.309,3423140,0
DELL.US,D,20200803,000000,30.349,30.82,30.076,30.638,3328890,0
DELL.US,D,20200804,000000,30.623,30.729,30.299,30.557,3337462,0
DELL.US,D,20200805,000000,30.775,30.988,30.582,30.704,2277671,0
DELL.US,D,20200806,000000,30.527,31.023,30.349,30.876,3728143,0
DELL.US,D,20200807,000000,30.785,30.856,30.422,30.8,2073980,0
DELL.US,D,20200810,000000,30.988,31.438,30.881,31.322,3093726,0
DELL.US,D,20200811,000000,31.53,32.011,31.091,31.175,4109696,0
DELL.US,D,20200812,000000,31.459,31.555,31.053,31.322,1955972,0
DELL.US,D,20200813,000000,31.008,31.216,30.142,30.172,5353986,0
DELL.US,D,20200814,000000,30.283,30.572,30.182,30.349,2140872,0
DELL.US,D,20200817,000000,30.496,30.744,30.21,30.238,1872477,0
DELL.US,D,20200818,000000,30.202,30.577,30.202,30.405,1632158,0
DELL.US,D,20200819,000000,30.557,30.739,30.253,30.319,3574957,0
DELL.US,D,20200820,000000,30.273,30.375,30.048,30.223,1907561,0
DELL.US,D,20200821,000000,30.066,30.739,30.045,30.628,4373446,0
DELL.US,D,20200824,000000,31.357,31.509,30.983,31.185,2525433,0
DELL.US,D,20200825,000000,31.185,31.357,30.623,30.719,2682488,0
DELL.US,D,20200826,000000,31.317,31.545,30.82,31.474,4101606,0
DELL.US,D,20200827,000000,31.712,32.006,31.14,31.626,7386767,0
DELL.US,D,20200828,000000,33.196,34.255,32.827,33.541,17989319,0
DELL.US,D,20200831,000000,33.217,34.128,33.146,33.475,5920564,0
DELL.US,D,20200901,000000,33.647,33.86,33.288,33.622,4552153,0
DELL.US,D,20200902,000000,33.906,34.754,33.607,34.686,4580153,0
DELL.US,D,20200903,000000,34.002,34.278,32.624,33.201,4007408,0
DELL.US,D,20200904,000000,33.1,33.536,31.981,32.751,4568392,0
DELL.US,D,20200908,000000,31.94,33.222,31.768,32.497,5835640,0
DELL.US,D,20200909,000000,32.984,34.133,32.827,33.86,6429960,0
DELL.US,D,20200910,000000,33.982,34.104,32.948,33.151,3965871,0
DELL.US,D,20200911,000000,33.293,33.814,33.07,33.632,3389398,0
DELL.US,D,20200914,000000,33.941,34.338,33.679,33.865,4199877,0
DELL.US,D,20200915,000000,34.194,34.513,33.804,33.992,2876867,0
DELL.US,D,20200916,000000,34.28,34.731,34.108,34.128,4371736,0
DELL.US,D,20200917,000000,33.602,34.27,33.176,33.718,4473495,0
DELL.US,D,20200918,000000,33.754,34.022,33.341,33.622,21889532,0
DELL.US,D,20200921,000000,32.811,33.191,32.28,33.181,4277538,0
DELL.US,D,20200922,000000,33.495,33.604,32.913,33.591,2149893,0
DELL.US,D,20200923,000000,34.052,34.113,33.105,33.237,4195522,0
DELL.US,D,20200924,000000,32.994,33.419,32.599,33.115,3208049,0
DELL.US,D,20200925,000000,32.928,33.363,32.745,33.293,2414973,0
DELL.US,D,20200928,000000,33.845,34.265,33.673,34.098,3785849,0
DELL.US,D,20200929,000000,34.189,34.696,33.885,34.65,2714846,0
DELL.US,D,20200930,000000,34.645,34.892,34.027,34.291,3287916,0
DELL.US,D,20201001,000000,34.539,34.706,34.002,34.215,2184754,0
DELL.US,D,20201002,000000,33.379,34.26,33.293,34.022,1976780,0
DELL.US,D,20201005,000000,34.392,34.605,34.093,34.554,4983549,0
DELL.US,D,20201006,000000,34.493,34.893,34.042,34.184,3795151,0
DELL.US,D,20201007,000000,34.605,34.63,33.976,34.149,4222280,0
DELL.US,D,20201008,000000,34.194,35.068,34.164,34.782,4897724,0
DELL.US,D,20201009,000000,35,35.177,34.62,34.645,2298739,0
DELL.US,D,20201012,000000,34.777,35.213,34.701,35.081,1562949,0
DELL.US,D,20201013,000000,35.461,35.988,35.233,35.719,3169064,0
DELL.US,D,20201014,000000,35.841,36.195,35.603,35.79,2078830,0
DELL.US,D,20201015,000000,35.223,35.663,34.878,35.481,2559570,0
DELL.US,D,20201016,000000,35.876,36.074,35.522,35.537,2994341,0
DELL.US,D,20201019,000000,35.663,35.922,35.071,35.207,2088981,0
DELL.US,D,20201020,000000,35.527,35.658,35.142,35.162,1481046,0
DELL.US,D,20201021,000000,35.319,35.744,35.134,35.375,3769629,0
DELL.US,D,20201022,000000,35.674,35.674,34.334,34.843,2002221,0
DELL.US,D,20201023,000000,34.822,34.881,34.367,34.539,2604313,0
DELL.US,D,20201026,000000,34.118,34.187,32.391,32.796,3913021,0
DELL.US,D,20201027,000000,32.827,32.923,32.163,32.203,1868681,0
DELL.US,D,20201028,000000,31.428,31.631,30.734,30.75,3459217,0
DELL.US,D,20201029,000000,30.643,30.917,30.304,30.658,3552122,0
DELL.US,D,20201030,000000,30.618,30.836,29.828,30.527,3563028,0
DELL.US,D,20201102,000000,30.998,31.135,30.425,30.542,2207933,0
DELL.US,D,20201103,000000,30.937,31.849,30.907,31.281,1675435,0
DELL.US,D,20201104,000000,31.646,31.94,31.074,31.525,3367828,0
DELL.US,D,20201105,000000,32.016,32.725,31.915,32.68,3004866,0
DELL.US,D,20201106,000000,32.786,32.867,32.117,32.72,1502580,0
DELL.US,D,20201109,000000,33.399,33.46,32.517,32.543,2975031,0
DELL.US,D,20201110,000000,32.492,33.024,32.051,32.73,3446084,0
DELL.US,D,20201111,000000,33.065,33.065,32.457,32.867,1971853,0
DELL.US,D,20201112,000000,32.852,33.146,32.391,32.634,2412111,0
DELL.US,D,20201113,000000,32.908,33.531,32.811,33.49,2977074,0
DELL.US,D,20201116,000000,33.703,34.199,33.237,34.118,2834236,0
DELL.US,D,20201117,000000,33.86,34.549,33.718,34.377,1967569,0
DELL.US,D,20201118,000000,34.676,34.838,34.166,34.245,2528761,0
DELL.US,D,20201119,000000,34.174,34.812,33.794,34.701,4566489,0
DELL.US,D,20201120,000000,34.797,35.05,34.6,34.62,2845190,0
DELL.US,D,20201123,000000,34.752,35.38,34.721,35.147,2932810,0
DELL.US,D,20201124,000000,35.461,35.714,35.157,35.628,5789959,0
DELL.US,D,20201125,000000,35.375,35.451,34.068,35.131,8772868,0
DELL.US,D,20201127,000000,35.137,35.572,34.969,35.37,2780723,0
DELL.US,D,20201130,000000,35.582,35.674,34.453,34.969,4742298,0
DELL.US,D,20201201,000000,35.385,35.851,34.985,35.724,6817112,0
DELL.US,D,20201202,000000,35.765,36.018,35.294,35.724,4696410,0
DELL.US,D,20201203,000000,35.876,36.226,35.506,35.922,4428898,0
DELL.US,D,20201204,000000,35.988,36.616,35.79,36.525,5064146,0
DELL.US,D,20201207,000000,36.59,36.798,35.44,35.653,6224653,0
DELL.US,D,20201208,000000,35.623,36.433,35.532,36.408,3627486,0
DELL.US,D,20201209,000000,36.545,36.965,35.972,36.236,4664052,0
DELL.US,D,20201210,000000,35.942,36.595,35.618,36.555,4905279,0
DELL.US,D,20201211,000000,36.327,36.749,36.043,36.292,2888551,0
DELL.US,D,20201214,000000,36.474,36.965,36.433,36.692,4261515,0
DELL.US,D,20201215,000000,37.143,37.426,36.666,37.355,3965482,0
DELL.US,D,20201216,000000,37.462,37.634,37.308,37.421,3203862,0
DELL.US,D,20201217,000000,37.573,37.902,37.554,37.847,3634744,0
DELL.US,D,20201218,000000,37.994,38.191,36.666,36.94,9967034,0
DELL.US,D,20201221,000000,36.636,37.153,35.983,37.011,3447896,0
DELL.US,D,20201222,000000,37.335,37.421,36.753,36.844,2566893,0
DELL.US,D,20201223,000000,36.93,37.411,36.671,37.183,3254225,0
DELL.US,D,20201224,000000,37.365,37.431,36.851,36.975,3296023,0
DELL.US,D,20201228,000000,37.259,37.36,36.694,36.904,6296171,0
DELL.US,D,20201229,000000,36.95,37.345,36.145,36.221,8205451,0
DELL.US,D,20201230,000000,36.312,37.006,36.231,36.727,8688406,0
DELL.US,D,20201231,000000,36.834,37.168,36.461,37.127,2457413,0
DELL.US,D,20210104,000000,37.431,37.431,36.317,36.722,6931239,0
DELL.US,D,20210105,000000,36.423,37.477,36.221,37.214,4053711,0
DELL.US,D,20210106,000000,37.143,38.11,36.932,37.523,5158462,0
DELL.US,D,20210107,000000,37.994,38.678,37.756,38.672,4544883,0
DELL.US,D,20210108,000000,38.804,39.215,38.374,39.118,5306878,0
DELL.US,D,20210111,000000,38.637,38.926,38.313,38.313,2939054,0
DELL.US,D,20210112,000000,38.429,38.885,38.29,38.88,2741290,0
DELL.US,D,20210113,000000,37.867,37.984,35.552,36.084,15106780,0
DELL.US,D,20210114,000000,36.119,37.411,36.099,37.107,8659571,0
DELL.US,D,20210115,000000,37.056,37.943,36.915,37.619,6532887,0
DELL.US,D,20210119,000000,37.776,38.009,37.639,37.923,4900810,0
DELL.US,D,20210120,000000,38.47,39.098,37.953,39.032,6962261,0
DELL.US,D,20210121,000000,39.29,39.372,38.45,38.956,4774473,0
DELL.US,D,20210122,000000,38.404,38.591,38.009,38.47,2250570,0
DELL.US,D,20210125,000000,38.672,38.69,37.239,38.338,2687845,0
DELL.US,D,20210126,000000,38.5,38.748,37.968,38.52,2521714,0
DELL.US,D,20210127,000000,37.796,38.369,37.087,37.416,5641077,0
DELL.US,D,20210128,000000,37.406,38.09,36.92,37.447,5230772,0
DELL.US,D,20210129,000000,37.203,37.781,36.661,36.925,3722683,0
DELL.US,D,20210201,000000,37.31,37.852,36.829,37.462,3233044,0
DELL.US,D,20210202,000000,38.997,39.377,38.713,39.093,8062537,0
DELL.US,D,20210203,000000,38.88,39.681,38.88,39.387,2723249,0
DELL.US,D,20210204,000000,39.6,40.192,39.538,40.177,2945282,0
DELL.US,D,20210205,000000,40.273,40.567,40.116,40.329,3537858,0
DELL.US,D,20210208,000000,40.527,40.886,40.273,40.496,9881194,0
DELL.US,D,20210209,000000,40.172,40.491,39.919,40.319,8456949,0
DELL.US,D,20210210,000000,40.44,40.527,39.726,40.314,9608839,0
DELL.US,D,20210211,000000,40.446,40.587,39.438,40.273,3078641,0
DELL.US,D,20210212,000000,40.294,40.557,39.944,40.552,3499187,0
DELL.US,D,20210216,000000,40.917,40.988,39.751,40.243,6174151,0
DELL.US,D,20210217,000000,39.939,40.511,39.82,40.152,3595655,0
DELL.US,D,20210218,000000,39.878,40.795,39.6,40.37,3028718,0
DELL.US,D,20210219,000000,40.861,41.195,40.547,40.917,3271743,0
DELL.US,D,20210222,000000,40.866,41.53,40.294,40.917,5748986,0
DELL.US,D,20210223,000000,40.527,40.97,39.023,40.81,5047232,0
DELL.US,D,20210224,000000,40.927,41.499,40.734,41.383,3971758,0
DELL.US,D,20210225,000000,41.033,41.337,40.005,40.364,5596916,0
DELL.US,D,20210226,000000,40.871,42.143,40.527,41.069,6947462,0
DELL.US,D,20210301,000000,41.074,42.269,41.074,42.092,4624667,0
DELL.US,D,20210302,000000,42.046,42.335,41.611,41.899,2938715,0
DELL.US,D,20210303,000000,42.087,42.639,41.813,42.35,5852024,0
DELL.US,D,20210304,000000,42.259,42.756,41.256,41.945,5425495,0
DELL.US,D,20210305,000000,42.487,43.409,42.234,43.237,6934214,0
DELL.US,D,20210308,000000,43.526,43.916,43.029,43.115,6888600,0
DELL.US,D,20210309,000000,43.612,44.508,43.566,43.814,4321237,0
DELL.US,D,20210310,000000,44.037,44.635,43.946,44.417,4411150,0
DELL.US,D,20210311,000000,44.579,45.324,44.579,44.893,7451086,0
DELL.US,D,20210312,000000,44.843,45.005,44.407,44.995,2859579,0
DELL.US,D,20210315,000000,44.954,45.248,44.691,45.238,5649461,0
DELL.US,D,20210316,000000,45.339,45.486,44.711,45.126,5883405,0
DELL.US,D,20210317,000000,44.974,46.357,44.645,46.241,6165649,0
DELL.US,D,20210318,000000,45.825,45.825,44.605,44.635,6204990,0
DELL.US,D,20210319,000000,44.437,44.964,44.351,44.392,7795830,0
DELL.US,D,20210322,000000,44.29,44.721,44.037,44.25,6216048,0
DELL.US,D,20210323,000000,44.113,44.551,42.961,43.439,5253495,0
DELL.US,D,20210324,000000,43.733,44.275,43.485,43.743,5449039,0
DELL.US,D,20210325,000000,43.141,44.022,43.009,43.561,3418797,0
DELL.US,D,20210326,000000,43.905,45.086,43.672,45.081,5171793,0
DELL.US,D,20210329,000000,44.919,45.405,44.463,44.686,4096711,0
DELL.US,D,20210330,000000,44.417,45.111,44.382,44.878,4603442,0
DELL.US,D,20210331,000000,44.908,45.086,44.549,44.655,3241140,0
DELL.US,D,20210401,000000,44.721,45.253,44.625,45.126,3807930,0
DELL.US,D,20210405,000000,45.207,45.501,45.06,45.268,5022360,0
DELL.US,D,20210406,000000,45.304,45.577,45.086,45.329,4946103,0
DELL.US,D,20210407,000000,45.4,46.813,45.4,46.357,5617100,0
DELL.US,D,20210408,000000,46.758,47.051,45.889,46.899,6966827,0
DELL.US,D,20210409,000000,46.758,47.624,46.676,47.558,4036513,0
DELL.US,D,20210412,000000,46.985,47.639,46.883,47.34,4029342,0
DELL.US,D,20210413,000000,47.457,47.457,46.798,46.874,3295409,0
DELL.US,D,20210414,000000,46.945,47.37,46.884,46.96,5623484,0
DELL.US,D,20210415,000000,49.675,51.281,48.292,50.111,26561348,0
DELL.US,D,20210416,000000,50.521,51.757,50.263,51.378,11339353,0
DELL.US,D,20210419,000000,51.367,52.583,51.094,52.391,7471677,0
DELL.US,D,20210420,000000,52.406,52.441,51.241,51.408,5475420,0
DELL.US,D,20210421,000000,51.302,51.833,51.18,51.372,4753146,0
DELL.US,D,20210422,000000,51.362,51.676,50.714,50.906,3148588,0
DELL.US,D,20210423,000000,51.155,51.565,50.906,51.372,5712880,0
DELL.US,D,20210426,000000,51.393,51.535,50.739,50.851,5007894,0
DELL.US,D,20210427,000000,50.8,51.332,50.765,51.018,3816602,0
DELL.US,D,20210428,000000,51.139,51.139,50.339,50.364,1793591,0
DELL.US,D,20210429,000000,50.734,51.033,50.385,50.658,2897675,0
DELL.US,D,20210430,000000,50.466,50.516,49.721,49.812,2450089,0
DELL.US,D,20210503,000000,50.253,50.41,49.468,49.534,5170304,0
DELL.US,D,20210504,000000,49.138,49.245,48.561,48.895,4064001,0
DELL.US,D,20210505,000000,49.275,50.01,49.275,49.848,3036896,0
DELL.US,D,20210506,000000,49.934,50.572,49.518,50.542,3601802,0
DELL.US,D,20210507,000000,50.658,51.519,50.542,51.195,4149861,0
DELL.US,D,20210510,000000,51.19,51.291,50.451,50.496,3179953,0
DELL.US,D,20210511,000000,49.007,49.706,48.617,49.554,7075526,0
DELL.US,D,20210512,000000,49.144,49.387,47.604,47.664,4928282,0
DELL.US,D,20210513,000000,48.11,49.113,47.933,48.835,2964503,0
DELL.US,D,20210514,000000,49.453,49.914,49.251,49.863,1882074,0
DELL.US,D,20210517,000000,49.645,50.076,49.473,49.843,2313191,0
DELL.US,D,20210518,000000,50.028,50.167,49.549,49.721,1870161,0
DELL.US,D,20210519,000000,48.845,49.427,48.328,49.037,3023386,0
DELL.US,D,20210520,000000,49.189,50.197,49.164,49.954,2803923,0
DELL.US,D,20210521,000000,50.369,50.506,49.802,49.883,2298603,0
DELL.US,D,20210524,000000,50.309,50.993,50.22,50.729,3658533,0
DELL.US,D,20210525,000000,51.013,51.134,50.375,50.41,4080984,0
DELL.US,D,20210526,000000,50.481,50.886,50.334,50.486,3320313,0
DELL.US,D,20210527,000000,50.765,50.889,50.147,50.506,6535518,0
DELL.US,D,20210528,000000,49.987,50.521,48.247,49.969,6512415,0
DELL.US,D,20210601,000000,50.451,52.168,50.369,52.102,8257747,0
DELL.US,D,20210602,000000,52.153,52.345,51.058,51.058,4750040,0
DELL.US,D,20210603,000000,50.8,51.651,50.293,51.499,5106682,0
DELL.US,D,20210604,000000,51.702,52.467,51.56,52.446,4339645,0
DELL.US,D,20210607,000000,52.776,52.887,51.879,52.097,2439658,0
DELL.US,D,20210608,000000,52.142,52.771,52.092,52.639,2727296,0
DELL.US,D,20210609,000000,52.791,52.869,52.315,52.664,2268847,0
DELL.US,D,20210610,000000,52.634,52.999,52.421,52.578,3441743,0
DELL.US,D,20210611,000000,52.431,52.74,51.575,52.674,3790934,0
DELL.US,D,20210614,000000,52.685,52.796,51.795,52.046,3683536,0
DELL.US,D,20210615,000000,52.117,52.335,51.861,52.107,2076448,0
DELL.US,D,20210616,000000,52.031,52.386,51.671,52.051,3292614,0
DELL.US,D,20210617,000000,52.051,52.051,50.385,50.481,5058456,0
DELL.US,D,20210618,000000,49.767,50.076,49.311,49.934,5550160,0
DELL.US,D,20210621,000000,50.273,50.739,50.187,50.658,3654285,0
DELL.US,D,20210622,000000,50.658,50.658,50.152,50.537,2208077,0
DELL.US,D,20210623,000000,50.506,50.577,50.152,50.263,2388439,0
DELL.US,D,20210624,000000,50.658,50.658,49.949,50.192,7351341,0
DELL.US,D,20210625,000000,50.405,50.557,50.283,50.405,9254099,0
DELL.US,D,20210628,000000,50.405,50.76,50.319,50.532,7951191,0
DELL.US,D,20210629,000000,50.557,51.823,50.339,51.773,8196551,0
DELL.US,D,20210630,000000,51.317,51.504,50.456,50.491,5762682,0
DELL.US,D,20210701,000000,50.202,50.364,49.594,49.995,5606735,0
DELL.US,D,20210702,000000,50.228,50.506,49.594,50.339,4024888,0
DELL.US,D,20210706,000000,50.309,50.76,49.701,49.832,3590905,0
DELL.US,D,20210707,000000,50.131,50.694,49.817,50.4,3042520,0
DELL.US,D,20210708,000000,49.655,50.501,49.46,50.152,3544964,0
DELL.US,D,20210709,000000,50.304,51.094,50.263,50.785,5139833,0
DELL.US,D,20210712,000000,50.714,50.714,49.194,49.204,4089243,0
DELL.US,D,20210713,000000,49.012,49.027,47.482,47.497,6981053,0
DELL.US,D,20210714,000000,47.923,48.543,47.183,47.315,5166285,0
DELL.US,D,20210715,000000,47.082,47.474,46.722,47.436,5194752,0
DELL.US,D,20210716,000000,47.725,47.771,46.717,46.752,3886666,0
DELL.US,D,20210719,000000,46.013,47.249,45.886,47.051,4360469,0
DELL.US,D,20210720,000000,47.32,48.601,47.289,48.313,4932066,0
DELL.US,D,20210721,000000,48.48,48.986,48.186,48.738,3307895,0
DELL.US,D,20210722,000000,48.875,48.946,48.229,48.601,2738947,0
DELL.US,D,20210723,000000,48.632,48.986,48.424,48.91,2064023,0
DELL.US,D,20210726,000000,48.997,49.184,48.769,48.865,2464914,0
DELL.US,D,20210727,000000,48.439,48.824,48.1,48.683,1735972,0
DELL.US,D,20210728,000000,48.759,48.936,48.536,48.576,1141176,0
DELL.US,D,20210729,000000,48.804,49.093,48.409,49.032,1577727,0
DELL.US,D,20210730,000000,48.819,49.275,48.652,48.946,1587701,0
DELL.US,D,20210802,000000,49.179,49.204,48.624,48.779,2407077,0
DELL.US,D,20210803,000000,49.017,50.055,48.693,49.863,3142105,0
DELL.US,D,20210804,000000,49.64,49.696,49.214,49.336,1654362,0
DELL.US,D,20210805,000000,49.645,49.949,49.432,49.817,1730115,0
DELL.US,D,20210806,000000,49.838,50.058,49.68,49.919,1465228,0
DELL.US,D,20210809,000000,49.574,50.03,49.447,49.898,2126834,0
DELL.US,D,20210810,000000,50.126,50.235,49.716,49.858,1718188,0
DELL.US,D,20210811,000000,49.858,50.901,49.858,50.846,2434330,0
DELL.US,D,20210812,000000,50.876,51.063,50.456,50.917,2043594,0
DELL.US,D,20210813,000000,50.917,51.079,50.481,50.673,2553296,0
DELL.US,D,20210816,000000,50.415,50.587,49.919,50.481,1774731,0
DELL.US,D,20210817,000000,50.233,50.283,49.189,49.554,2406252,0
DELL.US,D,20210818,000000,49.341,49.696,49.108,49.118,1566876,0
DELL.US,D,20210819,000000,48.632,49.113,48.384,48.743,2249719,0
DELL.US,D,20210820,000000,49.326,50.121,49.149,49.898,3039348,0
DELL.US,D,20210823,000000,50.131,50.891,49.858,50.719,3254512,0
DELL.US,D,20210824,000000,51.165,51.312,50.602,51.033,4846696,0
DELL.US,D,20210825,000000,50.876,51.889,50.734,51.702,3478284,0
DELL.US,D,20210826,000000,51.925,52.018,51.221,51.443,4158387,0
DELL.US,D,20210827,000000,49.979,51.398,48.13,49.113,10639444,0
DELL.US,D,20210830,000000,49.422,50.182,48.835,49.721,5725586,0
DELL.US,D,20210831,000000,49.706,49.873,49.24,49.371,4850461,0
DELL.US,D,20210901,000000,49.407,49.63,48.997,49.012,3570040,0
DELL.US,D,20210902,000000,49.154,49.559,48.885,49.174,4297782,0
DELL.US,D,20210903,000000,49.174,49.638,49.088,49.209,5032550,0
DELL.US,D,20210907,000000,49.037,49.24,48.556,48.637,5114388,0
DELL.US,D,20210908,000000,48.556,48.748,47.702,48.07,3883111,0
DELL.US,D,20210909,000000,47.887,49.037,47.887,48.824,3656747,0
DELL.US,D,20210910,000000,49.103,49.23,48.135,48.247,4064961,0
DELL.US,D,20210913,000000,49.843,50.354,49.423,50.096,11737754,0
DELL.US,D,20210914,000000,50.065,50.101,49.225,49.361,5557766,0
DELL.US,D,20210915,000000,49.447,51.033,49.27,50.881,5810114,0
DELL.US,D,20210916,000000,50.765,51.464,50.597,51.367,5480895,0
DELL.US,D,20210917,000000,51.372,51.742,49.929,50.927,9070184,0
DELL.US,D,20210920,000000,50.076,51.717,50.05,51.099,8221386,0
DELL.US,D,20210921,000000,51.671,51.773,50.065,50.324,5478527,0
DELL.US,D,20210922,000000,50.521,50.608,49.61,50.288,5759964,0
DELL.US,D,20210923,000000,51.053,53.308,50.152,52.021,11655193,0
DELL.US,D,20210924,000000,51.991,52.735,51.975,52.624,6319433,0
DELL.US,D,20210927,000000,52.396,53.237,52.37,53.125,4295054,0
DELL.US,D,20210928,000000,52.786,53.536,52.7,53.338,4105689,0
DELL.US,D,20210929,000000,53.495,53.827,52.639,53.384,4780610,0
DELL.US,D,20210930,000000,53.52,53.622,52.031,52.705,4862056,0
DELL.US,D,20211001,000000,52.983,53.824,52.75,53.586,3770872,0
DELL.US,D,20211004,000000,53.723,53.986,52.897,53.313,4094157,0
DELL.US,D,20211005,000000,53.652,53.926,53.054,53.662,3354876,0
DELL.US,D,20211006,000000,52.978,53.546,52.654,53.444,3065784,0
DELL.US,D,20211007,000000,53.774,54.447,53.485,54.23,4107394,0
DELL.US,D,20211008,000000,54.447,54.66,52.816,53.222,5289912,0
DELL.US,D,20211011,000000,53.252,53.834,53.024,53.292,2773784,0
DELL.US,D,20211012,000000,53.257,53.46,52.37,52.558,3832619,0
DELL.US,D,20211013,000000,52.69,53.014,52.153,52.522,5379794,0
DELL.US,D,20211014,000000,52.806,53.92,52.771,53.698,3620474,0
DELL.US,D,20211015,000000,54.073,54.696,53.829,54.564,3346811,0
DELL.US,D,20211018,000000,54.939,55.567,54.812,55.04,5007649,0
DELL.US,D,20211019,000000,55.319,56.205,55.04,56.134,7440710,0
DELL.US,D,20211020,000000,56.322,56.722,56.089,56.55,7438555,0
DELL.US,D,20211021,000000,56.484,57.497,56.266,57.234,7333553,0
DELL.US,D,20211022,000000,57.163,58.14,57.066,58.024,5254012,0
DELL.US,D,20211025,000000,58.156,58.257,56.839,56.884,13392791,0
DELL.US,D,20211026,000000,57.051,57.168,55.795,55.83,5861760,0
DELL.US,D,20211027,000000,55.618,55.825,54.67,54.908,7108744,0
DELL.US,D,20211028,000000,55.602,55.942,55.111,55.765,6548569,0
DELL.US,D,20211029,000000,55.329,56.661,55.329,55.719,8918106,0
DELL.US,D,20211101,000000,55.395,56.519,55.395,56.489,6638546,0
DELL.US,D,20211102,000000,56.66,57.34,53.01,54.61,18238303,0
DELL.US,D,20211103,000000,55.01,55.34,54.27,55.2,9923048,0
DELL.US,D,20211104,000000,55.02,55.45,53.76,54.57,5980590,0
DELL.US,D,20211105,000000,54.81,56.43,54.59,56.36,7625102,0
DELL.US,D,20211108,000000,56.37,56.72,55.27,55.53,4450598,0
DELL.US,D,20211109,000000,55.45,56.28,55.01,56.08,3980051,0
DELL.US,D,20211110,000000,55.95,57.18,55.915,56.62,5205307,0
DELL.US,D,20211111,000000,56.73,57.175,55.98,56.19,3695308,0
DELL.US,D,20211112,000000,56.36,56.58,55.835,56,3945625,0
DELL.US,D,20211115,000000,56.47,57.54,56.28,56.7,7123936,0
DELL.US,D,20211116,000000,56.75,57.12,56.51,56.7,6305691,0
DELL.US,D,20211117,000000,56.9,57.2,55.9501,56,3566577,0
DELL.US,D,20211118,000000,55.91,56.68,55.54,55.9,5020282,0
DELL.US,D,20211119,000000,55.86,56,54.965,55.02,3830493,0
DELL.US,D,20211122,000000,55.33,55.68,54.315,55.13,6229593,0
DELL.US,D,20211123,000000,54.97,55.22,54.201,54.67,4646692,0
DELL.US,D,20211124,000000,55.35,58,54.8,57.3,13025075,0
DELL.US,D,20211126,000000,56.5,57.73,55.99,56.18,3858621,0
DELL.US,D,20211129,000000,57.05,57.87,56.4572,57.57,5353615,0
DELL.US,D,20211130,000000,57.53,57.85,55.72,56.47,9760586,0
DELL.US,D,20211201,000000,56.99,57.25,55.575,55.7,6302142,0
DELL.US,D,20211202,000000,55.5,57.27,55.5,57.15,6671083,0
DELL.US,D,20211203,000000,57.5,58.64,57.43,58.48,8107211,0
DELL.US,D,20211206,000000,58.75,59.3,58.14,58.75,5165047,0
DELL.US,D,20211207,000000,59.25,59.49,58.2,58.91,4197531,0
DELL.US,D,20211208,000000,59,59,57.92,58.4,3505897,0
DELL.US,D,20211209,000000,58.35,58.58,57.59,57.65,4444983,0
DELL.US,D,20211210,000000,57.66,58.07,57.11,57.6,3037394,0
DELL.US,D,20211213,000000,57.15,57.49,55.66,55.72,3542392,0
DELL.US,D,20211214,000000,54.69,55.16,54.26,54.63,4771540,0
DELL.US,D,20211215,000000,55.04,56.07,54.45,56.04,3518136,0
DELL.US,D,20211216,000000,56.25,56.437,54.95,54.99,2863343,0
DELL.US,D,20211217,000000,54.92,55.03,54.06,54.65,5388979,0
DELL.US,D,20211220,000000,54.01,54.17,53.08,53.6,3697458,0
DELL.US,D,20211221,000000,54.32,55.48,53.94,55.45,3567227,0
DELL.US,D,20211222,000000,55.32,55.75,54.84,55.37,3787359,0
DELL.US,D,20211223,000000,55.6,56.245,55.43,55.88,2885881,0
DELL.US,D,20211227,000000,56.05,56.775,56.05,56.6,2009408,0
DELL.US,D,20211228,000000,56.55,57.34,56.55,56.95,2353781,0
DELL.US,D,20211229,000000,57.01,57.8,56.99,57.05,2207832,0
DELL.US,D,20211230,000000,57.01,57.12,56.46,56.51,1581322,0
DELL.US,D,20211231,000000,56.43,56.68,56.155,56.17,1252943,0
DELL.US,D,20220103,000000,56.16,57.095,56.15,56.98,2906777,0
DELL.US,D,20220104,000000,57.25,59,57.25,58.49,5745654,0
DELL.US,D,20220105,000000,58.37,59.5,57.865,57.98,6049085,0
DELL.US,D,20220106,000000,57.98,58.7,57.58,58.04,3751287,0
DELL.US,D,20220107,000000,58.1,58.47,57.32,57.99,3516191,0
DELL.US,D,20220110,000000,59.165,60.01,58.61,59.88,10511618,0
DELL.US,D,20220111,000000,60,60.6773,59.73,60.25,7313480,0
DELL.US,D,20220112,000000,60.45,60.5101,59.12,59.95,3098059,0
DELL.US,D,20220113,000000,60.5,60.73,59.87,60.17,4133003,0
DELL.US,D,20220114,000000,59.98,60.77,59.64,60.53,5790625,0
DELL.US,D,20220118,000000,60.28,60.81,59.4,59.48,5054233,0
DELL.US,D,20220119,000000,60,60.46,57.93,57.96,3957540,0
DELL.US,D,20220120,000000,58.23,59.045,57.345,57.4,2893882,0
DELL.US,D,20220121,000000,57.23,57.25,55.26,55.57,4211965,0
