<TICKER>,<PER>,<DATE>,<TIME>,<OPEN>,<HIGH>,<LOW>,<CLOSE>,<VOL>,<OPENINT>
DSCF.US,D,20210922,000000,25.36,25.36,25.165,25.179,32187,0
DSCF.US,D,20210923,000000,26,26,25.18,25.18,33223,0
DSCF.US,D,20210924,000000,25.18,25.18,25.05,25.074,32594,0
DSCF.US,D,20210927,000000,25.31,25.31,25.035,25.0482,45184,0
DSCF.US,D,20210928,000000,25.28,25.28,24.7233,24.7233,17991,0
DSCF.US,D,20210929,000000,24.7708,24.79,24.7,24.7016,19707,0
DSCF.US,D,20210930,000000,24.67,24.7168,24.6462,24.6462,20420,0
DSCF.US,D,20211001,000000,24.7,24.8,24.67,24.7778,23640,0
DSCF.US,D,20211004,000000,26,26,24.62,24.6282,16209,0
DSCF.US,D,20211005,000000,24.665,24.71,24.665,24.6729,9743,0
DSCF.US,D,20211006,000000,24.6,24.662,24.59,24.662,24874,0
DSCF.US,D,20211007,000000,24.7507,24.79,24.7092,24.7092,23290,0
DSCF.US,D,20211008,000000,24.68,24.68,24.6659,24.6659,2104,0
DSCF.US,D,20211011,000000,24.65,24.65,24.5869,24.5869,2561,0
DSCF.US,D,20211012,000000,24.65,24.65,24.62,24.63,866,0
DSCF.US,D,20211013,000000,24.7165,24.78,24.7165,24.7772,29329,0
DSCF.US,D,20211014,000000,25,25,24.91,24.9502,4576,0
DSCF.US,D,20211015,000000,24.98,24.9934,24.98,24.9934,26480,0
DSCF.US,D,20211018,000000,24.93,25.015,24.93,24.97,17972,0
DSCF.US,D,20211019,000000,25.02,25.03,25.0084,25.0084,7335,0
DSCF.US,D,20211020,000000,25.03,25.059,25.0122,25.0122,33670,0
DSCF.US,D,20211021,000000,24.97,24.98,24.95,24.9763,42887,0
DSCF.US,D,20211022,000000,25.05,25.05,25.03,25.0344,43067,0
DSCF.US,D,20211025,000000,25.051,25.051,25.05,25.05,911,0
DSCF.US,D,20211026,000000,25.13,25.13,25.1,25.118,14550,0
DSCF.US,D,20211027,000000,24.97,25.24,24.97,25.1528,5918,0
DSCF.US,D,20211028,000000,25.22,25.24,25.19,25.24,31327,0
DSCF.US,D,20211029,000000,25.13,25.23,25.13,25.2137,21583,0
DSCF.US,D,20211101,000000,25.21,25.22,25.2,25.21,19498,0
DSCF.US,D,20211102,000000,25.27,25.27,25.2646,25.2646,30760,0
DSCF.US,D,20211103,000000,25.27,25.3,25.25,25.2978,22903,0
DSCF.US,D,20211104,000000,25.32,25.38,25.31,25.35,2626,0
DSCF.US,D,20211105,000000,25.47,25.53,25.47,25.4972,2238,0
DSCF.US,D,20211108,000000,25.74,25.74,25.45,25.45,21119,0
DSCF.US,D,20211109,000000,25.5,25.5255,25.5,25.5093,11803,0
DSCF.US,D,20211110,000000,25.44,25.45,25.2714,25.2714,11278,0
DSCF.US,D,20211111,000000,25.31,25.312,25.2713,25.2713,10868,0
DSCF.US,D,20211112,000000,25.32,25.37,25.32,25.32,17371,0
DSCF.US,D,20211115,000000,25.4,25.4,25.23,25.23,13250,0
DSCF.US,D,20211116,000000,25.33,25.33,25.22,25.22,28180,0
DSCF.US,D,20211117,000000,25.49,25.49,25.21,25.2766,42970,0
DSCF.US,D,20211118,000000,26,26,25.24,25.27,26050,0
DSCF.US,D,20211119,000000,25.32,25.33,25.29,25.2909,19500,0
DSCF.US,D,20211122,000000,25.22,25.25,25.1457,25.1457,5423,0
DSCF.US,D,20211123,000000,25.05,25.08,25.05,25.063,5305,0
DSCF.US,D,20211124,000000,25.04,25.12,24.99,25.09,9374,0
DSCF.US,D,20211126,000000,25.05,25.05,24.95,24.981,20646,0
DSCF.US,D,20211129,000000,25.03,25.0748,25.03,25.0748,4345,0
DSCF.US,D,20211130,000000,24.98,25.05,24.97,24.9911,11767,0
DSCF.US,D,20211201,000000,25.33,25.33,24.9387,24.9387,7337,0
DSCF.US,D,20211202,000000,25.05,25.09,25.05,25.0549,19003,0
DSCF.US,D,20211203,000000,24.98,25.0677,24.98,25.0677,5349,0
DSCF.US,D,20211206,000000,25.1499,25.1499,25.1053,25.1053,13850,0
DSCF.US,D,20211207,000000,25.29,25.31,25.25,25.278,15723,0
DSCF.US,D,20211208,000000,25.22,25.26,25.22,25.2363,10462,0
DSCF.US,D,20211209,000000,25.21,25.22,25.17,25.1728,16810,0
DSCF.US,D,20211210,000000,25.24,25.24,25.2198,25.2198,16568,0
DSCF.US,D,20211213,000000,25.22,25.22,25.1862,25.1862,10005,0
DSCF.US,D,20211214,000000,25.28,25.28,25.05,25.081,15201,0
DSCF.US,D,20211215,000000,25.0596,25.21,25.0596,25.1976,4725,0
DSCF.US,D,20211216,000000,25.23,25.24,25.18,25.1806,9832,0
DSCF.US,D,20211217,000000,25.1302,25.16,25.0967,25.0967,11154,0
DSCF.US,D,20211220,000000,24.96,24.9781,24.96,24.9781,6170,0
DSCF.US,D,20211221,000000,25,25.1,25,25.0937,6295,0
DSCF.US,D,20211222,000000,25.1,25.2442,25.1,25.2442,8238,0
DSCF.US,D,20211223,000000,25.28,25.28,25.27,25.2788,2687,0
DSCF.US,D,20211227,000000,25.27,25.385,25.26,25.385,32732,0
DSCF.US,D,20211228,000000,25.4,25.41,25.365,25.365,4498,0
DSCF.US,D,20211229,000000,25.32,25.33,25.3013,25.3013,3435,0
DSCF.US,D,20211230,000000,25.08,25.09,25.061,25.061,5298,0
DSCF.US,D,20211231,000000,25.07,25.09,25.0492,25.0492,30824,0
DSCF.US,D,20220103,000000,24.98,24.98,24.9456,24.9456,4828,0
DSCF.US,D,20220104,000000,24.71,24.98,24.71,24.9421,20482,0
DSCF.US,D,20220105,000000,25,25,24.7368,24.7368,3957,0
DSCF.US,D,20220106,000000,24.72,24.75,24.6828,24.7051,13988,0
DSCF.US,D,20220107,000000,24.6799,24.69,24.62,24.6688,14925,0
DSCF.US,D,20220110,000000,24.89,24.89,24.46,24.5887,12289,0
DSCF.US,D,20220111,000000,24.85,24.85,24.5745,24.7483,50597,0
DSCF.US,D,20220112,000000,24.87,24.87,24.8331,24.8331,598,0
DSCF.US,D,20220113,000000,24.85,24.85,24.7539,24.7539,34979,0
DSCF.US,D,20220114,000000,24.7,24.7,24.585,24.6458,3574,0
DSCF.US,D,20220118,000000,24.8,24.8,24.355,24.3583,15274,0
DSCF.US,D,20220119,000000,24.23,24.45,24.23,24.3601,5356,0
DSCF.US,D,20220120,000000,24.1,24.53,24.1,24.2997,2732,0
DSCF.US,D,20220121,000000,23.97,24.32,23.97,24.2248,12893,0
