<TICKER>,<PER>,<DATE>,<TIME>,<OPEN>,<HIGH>,<LOW>,<CLOSE>,<VOL>,<OPENINT>
ECCC.US,D,20210621,000000,25.4,25.54,25.36,25.38,32224,0
ECCC.US,D,20210622,000000,25.5,25.5,25.39,25.42,10963,0
ECCC.US,D,20210623,000000,25.47,25.52,25.43,25.48,7720,0
ECCC.US,D,20210624,000000,25.52,25.52,25.49,25.5,9020,0
ECCC.US,D,20210625,000000,25.55,25.7,25.54,25.7,22373,0
ECCC.US,D,20210628,000000,25.69,25.7,25.61,25.65,95539,0
ECCC.US,D,20210629,000000,25.61,25.75,25.61,25.75,12057,0
ECCC.US,D,20210630,000000,25.75,25.75,25.74,25.75,6300,0
ECCC.US,D,20210701,000000,25.8,26.5,25.7,26.01,20066,0
ECCC.US,D,20210702,000000,26.08,26.2048,25.83,25.99,2226,0
ECCC.US,D,20210706,000000,25.99,26.4,25.91,26.37,40884,0
ECCC.US,D,20210707,000000,26,27,26,26.5,10023,0
ECCC.US,D,20210708,000000,26.67,26.9999,26.62,26.75,3090,0
ECCC.US,D,20210709,000000,26.26,26.2819,25.81,25.81,1770,0
ECCC.US,D,20210712,000000,26.54,26.755,26.155,26.155,592,0
ECCC.US,D,20210713,000000,26.45,26.45,26.45,26.45,362,0
ECCC.US,D,20210714,000000,25.93,26,25.9,26,1117,0
ECCC.US,D,20210715,000000,25.9,26.05,25.84,26.05,2250,0
ECCC.US,D,20210716,000000,25.9783,25.9783,25.97,25.97,1207,0
ECCC.US,D,20210719,000000,25.9,25.9,25.7501,25.8581,4432,0
ECCC.US,D,20210720,000000,25.67,25.8,25.55,25.55,77867,0
ECCC.US,D,20210721,000000,25.47,25.61,25.455,25.54,77070,0
ECCC.US,D,20210722,000000,25.48,25.5,25.28,25.32,120064,0
ECCC.US,D,20210723,000000,25.33,25.34,25.28,25.31,66309,0
ECCC.US,D,20210726,000000,25.27,25.27,25.21,25.25,134702,0
ECCC.US,D,20210727,000000,25.27,25.4,25.15,25.38,235443,0
ECCC.US,D,20210728,000000,25.45,25.58,25.42,25.57,64786,0
ECCC.US,D,20210729,000000,25.63,25.63,25.57,25.585,4663,0
ECCC.US,D,20210730,000000,25.52,25.57,25.42,25.44,30260,0
ECCC.US,D,20210802,000000,25.44,25.52,25.35,25.44,13669,0
ECCC.US,D,20210803,000000,25.44,25.5,25.38,25.42,20493,0
ECCC.US,D,20210804,000000,25.42,25.55,25.41,25.49,13970,0
ECCC.US,D,20210805,000000,25.475,25.54,25.4401,25.54,7649,0
ECCC.US,D,20210806,000000,25.54,25.55,25.41,25.515,9816,0
ECCC.US,D,20210809,000000,25.55,25.64,25.51,25.59,18665,0
ECCC.US,D,20210810,000000,25.49,25.49,25.33,25.43,27010,0
ECCC.US,D,20210811,000000,25.51,25.5113,25.44,25.46,9550,0
ECCC.US,D,20210812,000000,25.5,25.55,25.4001,25.46,13195,0
ECCC.US,D,20210813,000000,25.48,25.515,25.41,25.5,9388,0
ECCC.US,D,20210816,000000,25.4625,25.54,25.4625,25.54,6140,0
ECCC.US,D,20210817,000000,25.54,25.56,25.46,25.49,5115,0
ECCC.US,D,20210818,000000,25.52,25.56,25.4883,25.54,6314,0
ECCC.US,D,20210819,000000,25.5,25.57,25.48,25.48,6309,0
ECCC.US,D,20210820,000000,25.5,25.55,25.5,25.54,3557,0
ECCC.US,D,20210823,000000,25.59,25.7,25.5707,25.62,10339,0
ECCC.US,D,20210824,000000,25.62,25.69,25.62,25.63,3744,0
ECCC.US,D,20210825,000000,25.6,25.69,25.5944,25.6894,7803,0
ECCC.US,D,20210826,000000,25.6999,25.6999,25.6,25.65,2655,0
ECCC.US,D,20210827,000000,25.64,25.7,25.63,25.7,3332,0
ECCC.US,D,20210830,000000,25.6172,25.69,25.6172,25.659,1998,0
ECCC.US,D,20210831,000000,25.66,25.74,25.66,25.695,6186,0
ECCC.US,D,20210901,000000,25.7,25.79,25.65,25.79,15845,0
ECCC.US,D,20210902,000000,25.77,25.88,25.77,25.86,9554,0
ECCC.US,D,20210903,000000,25.82,25.86,25.7759,25.85,11644,0
ECCC.US,D,20210907,000000,25.85,26.04,25.85,25.95,53997,0
ECCC.US,D,20210908,000000,25.95,26.69,25.8851,25.98,43835,0
ECCC.US,D,20210909,000000,25.94,25.94,25.7601,25.7765,3504,0
ECCC.US,D,20210910,000000,25.77,25.8099,25.6516,25.68,1731,0
ECCC.US,D,20210913,000000,25.7,25.7,25.6801,25.6801,1241,0
ECCC.US,D,20210914,000000,25.7988,25.7988,25.6377,25.72,11944,0
ECCC.US,D,20210915,000000,25.65,25.78,25.62,25.68,8572,0
ECCC.US,D,20210916,000000,25.8,25.8,25.75,25.75,1514,0
ECCC.US,D,20210917,000000,25.78,25.78,25.648,25.7457,7062,0
ECCC.US,D,20210920,000000,25.68,25.69,25.559,25.64,8021,0
ECCC.US,D,20210921,000000,25.65,25.65,25.46,25.51,13108,0
ECCC.US,D,20210922,000000,25.5137,25.65,25.47,25.55,17370,0
ECCC.US,D,20210923,000000,25.51,25.6799,25.48,25.55,11511,0
ECCC.US,D,20210924,000000,25.43,25.55,25.43,25.48,4436,0
ECCC.US,D,20210927,000000,25.41,25.42,25.29,25.41,12417,0
ECCC.US,D,20210928,000000,25.37,25.4,25.25,25.26,7189,0
ECCC.US,D,20210929,000000,25.28,25.48,25.27,25.45,13838,0
ECCC.US,D,20210930,000000,25.38,25.42,25.35,25.4199,1666,0
ECCC.US,D,20211001,000000,25.4501,25.5279,25.43,25.43,2161,0
ECCC.US,D,20211004,000000,25.3301,25.4599,25.23,25.33,21052,0
ECCC.US,D,20211005,000000,25.33,25.36,25.18,25.26,16243,0
ECCC.US,D,20211006,000000,25.26,25.48,25.22,25.48,19729,0
ECCC.US,D,20211007,000000,25.49,25.59,25.418,25.57,14238,0
ECCC.US,D,20211008,000000,25.47,25.53,25.3301,25.53,8691,0
ECCC.US,D,20211011,000000,25.54,25.93,25.48,25.89,15521,0
ECCC.US,D,20211012,000000,25.92,25.92,25.6264,25.69,12535,0
ECCC.US,D,20211013,000000,25.54,25.54,25.44,25.47,26218,0
ECCC.US,D,20211014,000000,25.43,25.44,25.3964,25.42,45347,0
ECCC.US,D,20211015,000000,25.455,25.4621,25.4,25.42,7338,0
ECCC.US,D,20211018,000000,25.4381,25.46,25.35,25.36,27216,0
ECCC.US,D,20211019,000000,25.36,25.52,25.36,25.39,10285,0
ECCC.US,D,20211020,000000,25.4227,25.4227,25.36,25.36,11998,0
ECCC.US,D,20211021,000000,25.39,25.4,25.36,25.36,25145,0
ECCC.US,D,20211022,000000,25.4,25.4,25.32,25.32,19247,0
ECCC.US,D,20211025,000000,25.33,25.41,25.33,25.36,5437,0
ECCC.US,D,20211026,000000,25.4,25.46,25.34,25.38,12251,0
ECCC.US,D,20211027,000000,25.35,25.43,25.29,25.31,31913,0
ECCC.US,D,20211028,000000,25.3,25.31,25.26,25.3,27611,0
ECCC.US,D,20211029,000000,25.28,25.3,25.27,25.28,11369,0
ECCC.US,D,20211101,000000,25.28,25.32,25.28,25.3,12334,0
ECCC.US,D,20211102,000000,25.3,25.41,25.26,25.39,11843,0
ECCC.US,D,20211103,000000,25.365,25.44,25.365,25.41,8339,0
ECCC.US,D,20211104,000000,25.4055,25.49,25.38,25.45,12417,0
ECCC.US,D,20211105,000000,25.49,25.52,25.4033,25.48,16787,0
ECCC.US,D,20211108,000000,25.48,25.48,25.35,25.43,10204,0
ECCC.US,D,20211109,000000,25.3,25.325,25.23,25.32,5445,0
ECCC.US,D,20211110,000000,25.315,25.333,25.22,25.24,12348,0
ECCC.US,D,20211111,000000,25.24,25.31,25.18,25.18,15035,0
ECCC.US,D,20211112,000000,25.325,25.3265,25.18,25.215,11923,0
ECCC.US,D,20211115,000000,25.3699,25.3699,25.19,25.2,12025,0
ECCC.US,D,20211116,000000,25.35,25.35,25.15,25.18,9808,0
ECCC.US,D,20211117,000000,25.2,25.26,25.175,25.2394,10914,0
ECCC.US,D,20211118,000000,25.2492,25.2682,25.15,25.23,24379,0
ECCC.US,D,20211119,000000,25.2499,25.2499,25.2,25.21,1344,0
ECCC.US,D,20211122,000000,25.21,25.2137,25.1,25.1693,17519,0
ECCC.US,D,20211123,000000,25.19,25.19,25.02,25.15,11642,0
ECCC.US,D,20211124,000000,25.15,25.2148,25.14,25.17,3880,0
ECCC.US,D,20211126,000000,25.12,25.12,25.03,25.1,3198,0
ECCC.US,D,20211129,000000,25.12,25.19,25.1,25.15,2204,0
ECCC.US,D,20211130,000000,25.29,25.29,24.91,25,27887,0
ECCC.US,D,20211201,000000,25.03,25.2,24.9952,24.9996,21416,0
ECCC.US,D,20211202,000000,25,25.1,24.95,25.09,18236,0
ECCC.US,D,20211203,000000,25.05,25.1,24.9,25.03,16170,0
ECCC.US,D,20211206,000000,25.09,25.26,25,25.11,10576,0
ECCC.US,D,20211207,000000,25.14,25.28,25.095,25.18,21148,0
ECCC.US,D,20211208,000000,25.26,25.3,25.08,25.09,23475,0
ECCC.US,D,20211209,000000,25.24,25.24,25.02,25.11,15250,0
ECCC.US,D,20211210,000000,25.04,25.3,24.96,25.1558,49075,0
ECCC.US,D,20211213,000000,25.16,25.3,25.16,25.27,12729,0
ECCC.US,D,20211214,000000,25.26,25.2724,25.2,25.2693,7560,0
ECCC.US,D,20211215,000000,25.2499,25.25,25.1984,25.215,4805,0
ECCC.US,D,20211216,000000,25.25,25.5,25.25,25.3629,18943,0
ECCC.US,D,20211217,000000,25.3599,25.3599,25.3,25.35,2672,0
ECCC.US,D,20211220,000000,25.35,25.44,25.2901,25.4,10346,0
ECCC.US,D,20211221,000000,25.45,25.45,25.28,25.44,2723,0
ECCC.US,D,20211222,000000,25.31,25.38,25.27,25.33,3372,0
ECCC.US,D,20211223,000000,25.3125,25.39,25.26,25.27,7686,0
ECCC.US,D,20211227,000000,25.38,25.4,25.26,25.39,13361,0
ECCC.US,D,20211228,000000,25.32,25.41,25.28,25.28,905,0
ECCC.US,D,20211229,000000,25.4,25.4,25.22,25.25,7163,0
ECCC.US,D,20211230,000000,25.21,25.41,25.21,25.25,13587,0
ECCC.US,D,20211231,000000,25.3,25.305,25.25,25.3,5118,0
ECCC.US,D,20220103,000000,25.3319,25.4,25.26,25.32,9792,0
ECCC.US,D,20220104,000000,25.32,25.39,25.32,25.365,10083,0
ECCC.US,D,20220105,000000,25.3345,25.4,25.32,25.36,9878,0
ECCC.US,D,20220106,000000,25.35,25.4,25.3,25.3788,42417,0
ECCC.US,D,20220107,000000,25.4,25.51,25.38,25.4199,18364,0
ECCC.US,D,20220110,000000,25.35,25.3999,25.29,25.3402,5883,0
ECCC.US,D,20220111,000000,25.39,25.39,25.35,25.38,4597,0
ECCC.US,D,20220112,000000,25.3899,25.99,25.3709,25.74,21439,0
ECCC.US,D,20220113,000000,25.65,25.84,25.65,25.73,12573,0
ECCC.US,D,20220114,000000,25.68,25.72,25.55,25.71,2327,0
ECCC.US,D,20220118,000000,25.68,25.68,25.36,25.45,26730,0
ECCC.US,D,20220119,000000,25.5,25.5,25.32,25.33,17520,0
ECCC.US,D,20220120,000000,25.45,25.45,25.24,25.33,25884,0
ECCC.US,D,20220121,000000,25.25,25.2799,25.25,25.25,10821,0
