<TICKER>,<PER>,<DATE>,<TIME>,<OPEN>,<HIGH>,<LOW>,<CLOSE>,<VOL>,<OPENINT>
EPRE.US,D,20210601,000000,20.3,20.41,20.3,20.3736,802,0
EPRE.US,D,20210602,000000,20.38,20.4012,20.36,20.4012,9459,0
EPRE.US,D,20210603,000000,20.3142,20.3142,20.3142,20.3142,1,0
EPRE.US,D,20210604,000000,20.56,20.64,20.56,20.5692,3086,0
EPRE.US,D,20210607,000000,20.65,20.65,20.5947,20.5947,651,0
EPRE.US,D,20210608,000000,20.6574,20.6574,20.6574,20.6574,19,0
EPRE.US,D,20210609,000000,20.224,20.224,20.224,20.224,5000,0
EPRE.US,D,20210614,000000,20.5027,20.5027,20.5027,20.5027,12,0
EPRE.US,D,20210615,000000,20.4696,20.4696,20.4207,20.4207,810,0
EPRE.US,D,20210616,000000,20.53,20.53,20.3548,20.3548,2841,0
EPRE.US,D,20210617,000000,20.41,20.607,20.41,20.607,1010,0
EPRE.US,D,20210618,000000,20.41,20.41,20.38,20.38,600,0
EPRE.US,D,20210621,000000,20.6536,20.6536,20.6451,20.6451,100,0
EPRE.US,D,20210622,000000,20.7,20.8552,20.7,20.8483,209,0
EPRE.US,D,20210623,000000,20.76,20.76,20.7011,20.7011,601,0
EPRE.US,D,20210625,000000,21.1828,21.2416,21.18,21.2416,1047,0
EPRE.US,D,20210628,000000,21.12,21.1361,21.095,21.1361,3221,0
EPRE.US,D,20210630,000000,21.3198,21.3198,21.2222,21.2222,103,0
EPRE.US,D,20210701,000000,21.3,21.3,21.2491,21.2491,937,0
EPRE.US,D,20210702,000000,21.15,21.15,21.122,21.135,1174,0
EPRE.US,D,20210706,000000,21.1684,21.1684,21.1684,21.1684,3,0
EPRE.US,D,20210707,000000,21.2193,21.2193,21.2193,21.2193,5008,0
EPRE.US,D,20210708,000000,20.9972,20.9972,20.9972,20.9972,107,0
EPRE.US,D,20210709,000000,21.1668,21.1837,21.1668,21.1837,242,0
EPRE.US,D,20210712,000000,21.07,21.07,21.0587,21.0587,193,0
EPRE.US,D,20210713,000000,20.9321,20.9321,20.9321,20.9321,20,0
EPRE.US,D,20210714,000000,20.872,20.872,20.7902,20.7902,104,0
EPRE.US,D,20210715,000000,20.8109,20.8109,20.8109,20.8109,1,0
EPRE.US,D,20210716,000000,20.8137,20.8137,20.8137,20.8137,2,0
EPRE.US,D,20210719,000000,20.582,20.582,20.5582,20.5582,245,0
EPRE.US,D,20210720,000000,21.1268,21.1268,21.0575,21.0575,100,0
EPRE.US,D,20210721,000000,21.2531,21.2531,21.2531,21.2531,3,0
EPRE.US,D,20210722,000000,21.2863,21.2863,21.2863,21.2863,1,0
EPRE.US,D,20210723,000000,21.4252,21.4567,21.42,21.4567,242,0
EPRE.US,D,20210726,000000,21.3167,21.3167,21.3167,21.3167,3,0
EPRE.US,D,20210727,000000,21.2225,21.2225,21.2225,21.2225,1,0
EPRE.US,D,20210728,000000,21.3203,21.3203,21.3203,21.3203,1,0
EPRE.US,D,20210729,000000,21.3095,21.3095,21.3095,21.3095,3,0
EPRE.US,D,20210730,000000,21.3079,21.3079,21.3079,21.3079,3,0
EPRE.US,D,20210802,000000,21.3096,21.3096,21.3096,21.3096,3,0
EPRE.US,D,20210803,000000,21.25,21.4097,21.25,21.4097,102,0
EPRE.US,D,20210804,000000,21.39,21.39,21.3632,21.3632,2335,0
EPRE.US,D,20210805,000000,21.4669,21.4669,21.4669,21.4669,2,0
EPRE.US,D,20210806,000000,21.3873,21.3873,21.3873,21.3873,3,0
EPRE.US,D,20210809,000000,21.2583,21.2583,21.2583,21.2583,3,0
EPRE.US,D,20210810,000000,21.1013,21.1013,21.1013,21.1013,3,0
EPRE.US,D,20210811,000000,21.1438,21.1438,21.1438,21.1438,3,0
EPRE.US,D,20210812,000000,21.1752,21.1752,21.1752,21.1752,25,0
EPRE.US,D,20210813,000000,21,21,20.9722,20.9722,479,0
EPRE.US,D,20210816,000000,20.9459,20.9459,20.9459,20.9459,3,0
EPRE.US,D,20210817,000000,20.8447,20.8447,20.8447,20.8447,3,0
EPRE.US,D,20210818,000000,20.6841,20.6841,20.6841,20.6841,3,0
EPRE.US,D,20210819,000000,20.7156,20.7156,20.7156,20.7156,92,0
EPRE.US,D,20210820,000000,20.94,20.9459,20.94,20.9459,247,0
EPRE.US,D,20210823,000000,21.1662,21.1662,21.1662,21.1662,95,0
EPRE.US,D,20210824,000000,21.37,21.37,21.311,21.311,100,0
EPRE.US,D,20210825,000000,21.3988,21.3988,21.3988,21.3988,68,0
EPRE.US,D,20210826,000000,21.4,21.4,21.2836,21.2836,323,0
EPRE.US,D,20210827,000000,21.4394,21.4394,21.4394,21.4394,3,0
EPRE.US,D,20210830,000000,21.54,21.54,21.4939,21.4939,181,0
EPRE.US,D,20210831,000000,21.482,21.5076,21.482,21.5076,140,0
EPRE.US,D,20210901,000000,21.73,21.73,21.7166,21.7166,451,0
EPRE.US,D,20210902,000000,21.7962,21.7962,21.7962,21.7962,3,0
EPRE.US,D,20210903,000000,21.75,21.7551,21.75,21.7551,100,0
EPRE.US,D,20210907,000000,21.7,21.7,21.6313,21.6313,228,0
EPRE.US,D,20210908,000000,21.5347,21.5347,21.5347,21.5347,8,0
EPRE.US,D,20210909,000000,21.4073,21.4073,21.4073,21.4073,55,0
EPRE.US,D,20210910,000000,21.1765,21.1765,21.1765,21.1765,5008,0
EPRE.US,D,20210913,000000,21.1369,21.1369,21.1369,21.1369,43,0
EPRE.US,D,20210914,000000,21.0787,21.0787,21.0787,21.0787,3,0
EPRE.US,D,20210915,000000,21.1612,21.1612,21.1612,21.1612,1,0
EPRE.US,D,20210916,000000,21.1558,21.1743,21.1558,21.1743,300,0
EPRE.US,D,20210917,000000,20.9717,20.9717,20.9717,20.9717,1,0
EPRE.US,D,20210920,000000,20.72,20.72,20.66,20.688,677,0
EPRE.US,D,20210921,000000,20.7462,20.7462,20.7462,20.7462,3,0
EPRE.US,D,20210922,000000,20.981,20.981,20.981,20.981,3,0
EPRE.US,D,20210923,000000,21.1946,21.1946,21.1946,21.1946,3,0
EPRE.US,D,20210924,000000,21.21,21.2253,21.21,21.2253,235,0
EPRE.US,D,20210927,000000,21.0429,21.0429,21.0429,21.0429,3,0
EPRE.US,D,20210928,000000,20.4867,20.4867,20.4328,20.4328,800,0
EPRE.US,D,20210929,000000,20.3846,20.3846,20.3846,20.3846,3,0
EPRE.US,D,20210930,000000,20.2022,20.2022,20.2022,20.2022,3,0
EPRE.US,D,20211001,000000,20.3775,20.3775,20.3775,20.3775,3,0
EPRE.US,D,20211004,000000,19.94,19.95,19.9,19.9238,806,0
EPRE.US,D,20211005,000000,20.1844,20.1844,20.1844,20.1844,1,0
EPRE.US,D,20211006,000000,20.2661,20.2661,20.2661,20.2661,3,0
EPRE.US,D,20211007,000000,20.62,20.62,20.4858,20.4858,307,0
EPRE.US,D,20211008,000000,20.3101,20.3101,20.3101,20.3101,1,0
EPRE.US,D,20211011,000000,20.37,20.37,20.1033,20.1033,5023,0
EPRE.US,D,20211012,000000,20.0095,20.0095,20.0095,20.0095,3,0
EPRE.US,D,20211013,000000,20.1778,20.1778,20.1778,20.1778,1,0
EPRE.US,D,20211014,000000,20.6745,20.6745,20.6745,20.6745,1,0
EPRE.US,D,20211015,000000,20.8373,20.8373,20.8262,20.8262,960,0
EPRE.US,D,20211018,000000,20.9629,20.9629,20.9629,20.9629,1,0
EPRE.US,D,20211019,000000,21.0803,21.0803,21.0803,21.0803,1,0
EPRE.US,D,20211020,000000,21.04,21.0609,21.04,21.0609,631,0
EPRE.US,D,20211021,000000,21.2004,21.2004,21.2004,21.2004,1,0
EPRE.US,D,20211022,000000,21.2746,21.2746,21.2746,21.2746,1,0
EPRE.US,D,20211025,000000,21.3897,21.3897,21.3897,21.3897,1,0
EPRE.US,D,20211026,000000,21.52,21.52,21.433,21.433,102,0
EPRE.US,D,20211027,000000,21.2238,21.2238,21.2238,21.2238,1,0
EPRE.US,D,20211028,000000,21.549,21.549,21.549,21.549,1,0
EPRE.US,D,20211029,000000,21.6677,21.6867,21.6677,21.6867,1160,0
EPRE.US,D,20211101,000000,21.6625,21.6625,21.6625,21.6625,1,0
EPRE.US,D,20211102,000000,21.641,21.641,21.641,21.641,1,0
EPRE.US,D,20211103,000000,21.763,21.763,21.763,21.763,2,0
EPRE.US,D,20211104,000000,21.9168,21.9274,21.9168,21.9274,1165,0
EPRE.US,D,20211105,000000,21.9237,21.9237,21.9237,21.9237,1,0
EPRE.US,D,20211108,000000,22.08,22.08,22.07,22.07,252,0
EPRE.US,D,20211109,000000,22.19,22.19,22.19,22.19,1,0
EPRE.US,D,20211110,000000,21.8025,21.8025,21.8025,21.8025,128,0
EPRE.US,D,20211111,000000,21.6821,21.6821,21.6821,21.6821,15,0
EPRE.US,D,20211112,000000,21.9915,21.9915,21.9915,21.9915,1,0
EPRE.US,D,20211115,000000,22.1448,22.1448,22.1448,22.1448,1,0
EPRE.US,D,20211116,000000,22.3237,22.3237,22.3237,22.3237,1,0
EPRE.US,D,20211117,000000,22.2161,22.2161,22.2161,22.2161,1,0
EPRE.US,D,20211118,000000,22.1685,22.1685,22.1685,22.1685,1,0
EPRE.US,D,20211119,000000,22.0435,22.0435,22.0435,22.0435,1,0
EPRE.US,D,20211122,000000,21.7277,21.7277,21.7277,21.7277,5,0
EPRE.US,D,20211123,000000,21.5932,21.5932,21.5932,21.5932,4,0
EPRE.US,D,20211124,000000,21.7055,21.7055,21.7055,21.7055,50,0
EPRE.US,D,20211126,000000,21.1757,21.1757,21.1757,21.1757,6,0
EPRE.US,D,20211129,000000,21.5762,21.5762,21.5762,21.5762,4,0
EPRE.US,D,20211130,000000,21.2918,21.2918,21.2918,21.2918,1,0
EPRE.US,D,20211201,000000,20.7864,20.7864,20.7864,20.7864,11,0
EPRE.US,D,20211202,000000,21.4527,21.4527,21.4527,21.4527,1,0
EPRE.US,D,20211203,000000,21.1387,21.1387,21.1387,21.1387,4,0
EPRE.US,D,20211206,000000,21.4817,21.4817,21.4817,21.4817,2,0
EPRE.US,D,20211207,000000,22.1278,22.1278,22.1278,22.1278,1,0
EPRE.US,D,20211208,000000,22.3052,22.3052,22.3052,22.3052,1,0
EPRE.US,D,20211209,000000,21.9205,21.9205,21.9205,21.9205,41,0
EPRE.US,D,20211210,000000,22.042,22.042,22.042,22.042,1,0
EPRE.US,D,20211213,000000,21.9572,21.9572,21.9572,21.9572,1,0
EPRE.US,D,20211214,000000,21.486,21.486,21.486,21.486,1,0
EPRE.US,D,20211215,000000,21.733,21.733,21.733,21.733,1,0
EPRE.US,D,20211216,000000,21.57,21.57,21.37,21.388,3660,0
EPRE.US,D,20211217,000000,21.18,21.37,21.18,21.2304,2816,0
EPRE.US,D,20211220,000000,20.9894,20.9894,20.9894,20.9894,1,0
EPRE.US,D,20211221,000000,21.26,21.4882,21.26,21.4882,100,0
EPRE.US,D,20211222,000000,21.82,21.8832,21.82,21.8832,400,0
EPRE.US,D,20211223,000000,21.86,21.8691,21.86,21.8691,216,0
EPRE.US,D,20211227,000000,22.067,22.067,22.067,22.067,50,0
EPRE.US,D,20211228,000000,21.8775,21.8775,21.8775,21.8775,100,0
EPRE.US,D,20211229,000000,21.98,21.98,21.9403,21.9403,455,0
EPRE.US,D,20211230,000000,22.0051,22.0051,22.0051,22.0051,3,0
EPRE.US,D,20211231,000000,22,22,21.936,21.936,307,0
EPRE.US,D,20220103,000000,21.78,21.7833,21.78,21.7833,304,0
EPRE.US,D,20220104,000000,21.6403,21.6403,21.6403,21.6403,3,0
EPRE.US,D,20220105,000000,21.0757,21.0757,21.0757,21.0757,3,0
EPRE.US,D,20220106,000000,21.0922,21.0922,21.0922,21.0922,5002,0
EPRE.US,D,20220107,000000,20.8774,20.8774,20.8774,20.8774,312,0
EPRE.US,D,20220110,000000,20.61,20.7608,20.61,20.7608,252,0
EPRE.US,D,20220111,000000,21.0399,21.078,21.0108,21.078,337,0
EPRE.US,D,20220112,000000,21.21,21.21,21.14,21.1584,896,0
EPRE.US,D,20220113,000000,20.93,20.93,20.6605,20.6605,702,0
EPRE.US,D,20220114,000000,20.43,20.6355,20.4297,20.6355,727,0
EPRE.US,D,20220118,000000,20.046,20.046,20.046,20.046,2,0
EPRE.US,D,20220119,000000,19.9509,19.9509,19.9509,19.9509,6,0
EPRE.US,D,20220120,000000,20.25,20.25,19.714,19.714,1000,0
EPRE.US,D,20220121,000000,19.3532,19.3532,19.3532,19.3532,7,0
