<TICKER>,<PER>,<DATE>,<TIME>,<OPEN>,<HIGH>,<LOW>,<CLOSE>,<VOL>,<OPENINT>
ETRN.US,D,20181114,000000,15.928,17.049,15.925,16.594,13647902,0
ETRN.US,D,20181115,000000,16.594,17.23,15.787,16.436,7668741,0
ETRN.US,D,20181116,000000,16.071,16.28,15.412,15.608,8201670,0
ETRN.US,D,20181119,000000,15.608,15.951,14.904,15.359,9258225,0
ETRN.US,D,20181120,000000,15.151,15.6,14.619,15.391,8455024,0
ETRN.US,D,20181121,000000,15.263,16.272,14.976,15.928,5231676,0
ETRN.US,D,20181123,000000,15.406,16.047,15.368,15.868,3055688,0
ETRN.US,D,20181126,000000,16.063,16.385,15.922,16.168,5857266,0
ETRN.US,D,20181127,000000,16.053,16.811,16.026,16.468,4406870,0
ETRN.US,D,20181128,000000,16.405,16.819,16.257,16.789,5670382,0
ETRN.US,D,20181129,000000,16.706,17.415,16.622,17.191,5815698,0
ETRN.US,D,20181130,000000,17.191,17.541,16.452,16.684,6435852,0
ETRN.US,D,20181203,000000,16.684,17.274,16.041,17.198,10972729,0
ETRN.US,D,20181204,000000,16.893,17.153,16.405,16.542,4179070,0
ETRN.US,D,20181206,000000,16.272,16.615,15.6,16.511,4910895,0
ETRN.US,D,20181207,000000,16.615,16.856,16.331,16.361,4047382,0
ETRN.US,D,20181210,000000,16.182,16.361,15.764,16.071,3524297,0
ETRN.US,D,20181211,000000,16.263,16.55,16.115,16.227,4949888,0
ETRN.US,D,20181212,000000,16.481,16.563,15.928,16.079,4815250,0
ETRN.US,D,20181213,000000,16.107,16.348,15.743,15.861,5156956,0
ETRN.US,D,20181214,000000,15.787,16.34,15.442,15.936,4274779,0
ETRN.US,D,20181217,000000,15.628,16.087,15.339,15.375,3773217,0
ETRN.US,D,20181218,000000,15.428,15.54,14.777,15.032,4630547,0
ETRN.US,D,20181219,000000,14.948,15.772,14.784,15.21,4326400,0
ETRN.US,D,20181220,000000,15.129,15.353,14.623,14.889,3519926,0
ETRN.US,D,20181221,000000,14.979,15.324,14.619,14.703,10137401,0
ETRN.US,D,20181224,000000,14.515,15.07,13.641,13.82,1222498,0
ETRN.US,D,20181226,000000,13.992,14.658,13.738,14.619,2534993,0
ETRN.US,D,20181227,000000,14.396,14.68,14.053,14.68,2440425,0
ETRN.US,D,20181228,000000,14.651,14.979,14.45,14.567,2705038,0
ETRN.US,D,20181231,000000,14.576,14.979,14.438,14.965,1877641,0
ETRN.US,D,20190102,000000,14.8,15.242,14.485,14.956,2491631,0
ETRN.US,D,20190103,000000,14.889,15.091,14.493,14.956,3656135,0
ETRN.US,D,20190104,000000,14.928,15.563,14.756,15.501,3564308,0
ETRN.US,D,20190107,000000,15.459,15.51,15.242,15.397,3809392,0
ETRN.US,D,20190108,000000,15.533,15.622,15.254,15.495,4224630,0
ETRN.US,D,20190109,000000,15.695,16.092,15.45,15.922,3680013,0
ETRN.US,D,20190110,000000,15.876,15.958,15.571,15.772,2327127,0
ETRN.US,D,20190111,000000,15.764,16.041,15.554,15.704,2930832,0
ETRN.US,D,20190114,000000,15.637,15.759,15.254,15.65,3188058,0
ETRN.US,D,20190115,000000,15.743,16.092,15.622,15.704,2481613,0
ETRN.US,D,20190116,000000,15.823,16.047,15.66,15.847,2175983,0
ETRN.US,D,20190117,000000,15.796,15.988,15.69,15.734,3259698,0
ETRN.US,D,20190118,000000,15.755,15.899,15.608,15.674,2338281,0
ETRN.US,D,20190122,000000,15.533,15.628,15.406,15.459,3024213,0
ETRN.US,D,20190123,000000,15.554,15.622,15.383,15.608,1660311,0
ETRN.US,D,20190124,000000,15.533,15.743,15.359,15.591,1349657,0
ETRN.US,D,20190125,000000,15.622,15.868,15.465,15.65,2198042,0
ETRN.US,D,20190128,000000,15.397,15.645,15.249,15.406,2232319,0
ETRN.US,D,20190129,000000,15.419,15.65,15.331,15.472,2404686,0
ETRN.US,D,20190130,000000,15.45,15.743,15.299,15.524,2196435,0
ETRN.US,D,20190131,000000,15.495,15.591,15.397,15.563,1835035,0
ETRN.US,D,20190201,000000,15.533,15.695,15.406,15.54,2948550,0
ETRN.US,D,20190204,000000,15.51,15.764,15.397,15.51,1639784,0
ETRN.US,D,20190205,000000,15.479,15.645,15.182,15.217,1595528,0
ETRN.US,D,20190206,000000,15.115,15.255,14.462,14.531,2345143,0
ETRN.US,D,20190207,000000,14.418,14.628,14.255,14.404,3072763,0
ETRN.US,D,20190208,000000,14.418,14.493,14,14.173,2331673,0
ETRN.US,D,20190211,000000,14.259,14.382,13.992,14.067,1841456,0
ETRN.US,D,20190212,000000,14.208,14.41,14.014,14.396,2146593,0
ETRN.US,D,20190213,000000,14.457,14.764,14.312,14.694,3789213,0
ETRN.US,D,20190214,000000,14.83,15.397,14.345,14.901,5238031,0
ETRN.US,D,20190215,000000,15.008,15.245,14.733,14.901,3385358,0
ETRN.US,D,20190219,000000,14.901,15.322,14.818,15.237,2285646,0
ETRN.US,D,20190220,000000,15.245,15.33,15.091,15.121,2158617,0
ETRN.US,D,20190221,000000,15.023,15.2,14.898,15.001,2332851,0
ETRN.US,D,20190222,000000,15.091,15.2,14.925,15.138,1719079,0
ETRN.US,D,20190225,000000,15.184,15.269,15.039,15.269,1500313,0
ETRN.US,D,20190226,000000,15.138,15.138,14.069,14.115,3976773,0
ETRN.US,D,20190227,000000,14.115,14.279,13.924,14.039,3505273,0
ETRN.US,D,20190228,000000,14.1,14.119,13.459,13.465,2607176,0
ETRN.US,D,20190301,000000,13.474,13.808,13.474,13.787,2394330,0
ETRN.US,D,20190304,000000,13.808,14.078,13.755,14.078,1937949,0
ETRN.US,D,20190305,000000,14.069,14.299,13.931,14.245,4367560,0
ETRN.US,D,20190306,000000,14.198,14.198,13.971,14.03,2643425,0
ETRN.US,D,20190307,000000,14.015,14.626,13.908,14.489,3960240,0
ETRN.US,D,20190308,000000,14.512,14.512,14.155,14.266,2092331,0
ETRN.US,D,20190311,000000,14.275,14.527,14.254,14.505,2499694,0
ETRN.US,D,20190312,000000,14.505,14.856,14.481,14.772,1617895,0
ETRN.US,D,20190313,000000,14.909,15.062,14.72,15.023,2809556,0
ETRN.US,D,20190314,000000,14.886,15.23,14.597,15.176,2612178,0
ETRN.US,D,20190315,000000,15.176,15.412,15.039,15.412,4914473,0
ETRN.US,D,20190318,000000,15.367,15.558,15.2,15.383,1971993,0
ETRN.US,D,20190319,000000,15.473,15.648,15.363,15.459,1708656,0
ETRN.US,D,20190320,000000,15.419,15.755,15.326,15.549,1618480,0
ETRN.US,D,20190321,000000,15.451,15.894,15.451,15.671,1510137,0
ETRN.US,D,20190322,000000,15.719,15.767,15.33,15.481,3862275,0
ETRN.US,D,20190325,000000,15.481,15.604,15.406,15.504,2361818,0
ETRN.US,D,20190326,000000,15.725,15.917,15.459,15.497,3857717,0
ETRN.US,D,20190327,000000,15.512,15.68,15.437,15.536,2570392,0
ETRN.US,D,20190328,000000,15.612,15.94,15.52,15.894,3722471,0
ETRN.US,D,20190329,000000,15.978,16.822,15.978,16.626,4911471,0
ETRN.US,D,20190401,000000,16.696,16.856,16.563,16.71,2246816,0
ETRN.US,D,20190402,000000,16.703,16.732,16.404,16.458,1942916,0
ETRN.US,D,20190403,000000,16.544,16.544,16.374,16.443,2397479,0
ETRN.US,D,20190404,000000,16.474,16.474,16.184,16.254,2029781,0
ETRN.US,D,20190405,000000,16.313,16.451,16.159,16.451,3749593,0
ETRN.US,D,20190408,000000,16.412,16.474,16.222,16.267,2001123,0
ETRN.US,D,20190409,000000,16.184,16.428,16.04,16.115,3330561,0
ETRN.US,D,20190410,000000,16.207,16.383,16.061,16.321,1794861,0
ETRN.US,D,20190411,000000,16.358,16.404,16.199,16.207,1034944,0
ETRN.US,D,20190412,000000,16.404,16.71,16.159,16.26,1650480,0
ETRN.US,D,20190415,000000,16.199,16.379,16.04,16.192,1581087,0
ETRN.US,D,20190416,000000,16.26,16.428,16.115,16.404,1622144,0
ETRN.US,D,20190417,000000,16.422,16.626,16.276,16.616,2012469,0
ETRN.US,D,20190418,000000,16.597,16.687,16.443,16.518,1893912,0
ETRN.US,D,20190422,000000,16.651,16.787,16.518,16.718,1174936,0
ETRN.US,D,20190423,000000,16.764,16.787,16.436,16.474,2423941,0
ETRN.US,D,20190424,000000,16.544,16.787,16.374,16.512,1934852,0
ETRN.US,D,20190425,000000,16.474,16.588,16.267,16.398,2402880,0
ETRN.US,D,20190426,000000,16.352,16.443,16.184,16.436,1357442,0
ETRN.US,D,20190429,000000,16.481,16.56,16.313,16.474,1050343,0
ETRN.US,D,20190430,000000,16.605,16.696,15.832,15.9,2672050,0
ETRN.US,D,20190501,000000,15.864,16.254,15.787,16.132,1480092,0
ETRN.US,D,20190502,000000,16.032,16.061,15.488,15.749,2289877,0
ETRN.US,D,20190503,000000,15.824,16.233,15.755,16.184,2232447,0
ETRN.US,D,20190506,000000,16.04,16.159,15.9,15.984,2505199,0
ETRN.US,D,20190507,000000,15.871,15.925,15.652,15.68,1543493,0
ETRN.US,D,20190508,000000,15.648,15.832,15.619,15.733,1486004,0
ETRN.US,D,20190509,000000,15.688,15.779,15.309,15.375,1846875,0
ETRN.US,D,20190510,000000,15.39,16.069,15.269,16.061,2000591,0
ETRN.US,D,20190513,000000,16.069,16.148,15.906,16.078,1439571,0
ETRN.US,D,20190514,000000,16.092,16.622,16.092,16.593,2212879,0
ETRN.US,D,20190515,000000,16.555,16.764,16.452,16.694,1691118,0
ETRN.US,D,20190516,000000,16.942,17.388,16.718,17.191,2119323,0
ETRN.US,D,20190517,000000,17.068,17.153,16.888,16.903,1495108,0
ETRN.US,D,20190520,000000,16.748,16.935,16.638,16.757,1409349,0
ETRN.US,D,20190521,000000,16.888,17.264,16.757,16.779,1999446,0
ETRN.US,D,20190522,000000,16.732,16.798,16.521,16.593,1669314,0
ETRN.US,D,20190523,000000,16.382,16.397,15.976,16.14,1841877,0
ETRN.US,D,20190524,000000,16.225,16.328,16.046,16.28,780856,0
ETRN.US,D,20190528,000000,16.319,16.374,15.826,15.836,1308793,0
ETRN.US,D,20190529,000000,15.647,16.154,15.602,16.069,1605342,0
ETRN.US,D,20190530,000000,16.087,16.225,15.734,15.789,1486375,0
ETRN.US,D,20190531,000000,15.602,15.726,15.375,15.492,3089785,0
ETRN.US,D,20190603,000000,15.641,15.789,15.343,15.437,1658333,0
ETRN.US,D,20190604,000000,15.477,15.885,15.421,15.82,1606923,0
ETRN.US,D,20190605,000000,15.78,15.78,15.047,15.102,1806432,0
ETRN.US,D,20190606,000000,15.133,15.267,15.078,15.142,1319562,0
ETRN.US,D,20190607,000000,15.21,15.437,15.157,15.249,1277740,0
ETRN.US,D,20190610,000000,15.274,15.602,15.172,15.283,1738405,0
ETRN.US,D,20190611,000000,15.407,15.585,15.249,15.33,1066675,0
ETRN.US,D,20190612,000000,15.33,15.421,15.121,15.421,1644690,0
ETRN.US,D,20190613,000000,15.647,15.647,15.29,15.445,1123901,0
ETRN.US,D,20190614,000000,15.469,15.52,14.915,15.008,1890736,0
ETRN.US,D,20190617,000000,15.337,15.437,15.039,15.181,3139589,0
ETRN.US,D,20190618,000000,15.21,15.454,15.057,15.383,2558875,0
ETRN.US,D,20190619,000000,15.368,15.955,15.358,15.82,4050256,0
ETRN.US,D,20190620,000000,16.092,16.389,15.945,15.976,3018003,0
ETRN.US,D,20190621,000000,15.928,16.422,15.789,16.412,4389417,0
ETRN.US,D,20190624,000000,16.404,16.513,16.14,16.249,2339701,0
ETRN.US,D,20190625,000000,16.288,16.303,15.665,15.702,2430821,0
ETRN.US,D,20190626,000000,15.843,15.851,15.527,15.563,2372055,0
ETRN.US,D,20190627,000000,15.632,15.694,15.257,15.413,2916753,0
ETRN.US,D,20190628,000000,15.407,15.679,15.29,15.375,4912338,0
ETRN.US,D,20190701,000000,15.554,15.641,14.992,15.148,2366218,0
ETRN.US,D,20190702,000000,15.078,15.142,14.721,14.836,2664614,0
ETRN.US,D,20190703,000000,14.875,15.203,14.774,15.118,1853269,0
ETRN.US,D,20190705,000000,15.093,15.118,14.845,14.969,2311705,0
ETRN.US,D,20190708,000000,14.868,14.974,14.822,14.938,1681397,0
ETRN.US,D,20190709,000000,14.899,14.899,14.478,14.822,4875712,0
ETRN.US,D,20190710,000000,14.899,15.016,14.672,14.938,4463015,0
ETRN.US,D,20190711,000000,14.962,14.987,14.781,14.798,1885092,0
ETRN.US,D,20190712,000000,14.828,15.008,14.662,14.798,2842663,0
ETRN.US,D,20190715,000000,14.853,14.969,14.393,14.478,2532492,0
ETRN.US,D,20190716,000000,14.408,14.461,14.197,14.282,2042383,0
ETRN.US,D,20190717,000000,14.253,14.253,13.87,14.111,4403282,0
ETRN.US,D,20190718,000000,14.072,14.19,13.53,13.698,3122853,0
ETRN.US,D,20190719,000000,13.681,13.746,13.588,13.675,2718662,0
ETRN.US,D,20190722,000000,13.746,13.955,13.675,13.886,2888108,0
ETRN.US,D,20190723,000000,13.924,13.987,13.752,13.846,2920323,0
ETRN.US,D,20190724,000000,13.886,14.197,13.691,14.142,4616979,0
ETRN.US,D,20190725,000000,14.183,14.456,13.797,14.119,5014012,0
ETRN.US,D,20190726,000000,14.127,14.127,13.511,13.793,5914325,0
ETRN.US,D,20190729,000000,13.768,14.003,13.534,13.993,6149379,0
ETRN.US,D,20190730,000000,13.48,13.982,13.183,13.377,4726125,0
ETRN.US,D,20190731,000000,13.377,13.405,12.739,12.941,4350132,0
ETRN.US,D,20190801,000000,12.918,12.957,12.192,12.598,5727856,0
ETRN.US,D,20190802,000000,12.777,12.918,12.615,12.706,3185985,0
ETRN.US,D,20190805,000000,12.535,12.615,11.85,11.973,3640137,0
ETRN.US,D,20190806,000000,12.012,12.066,11.257,11.599,5670177,0
ETRN.US,D,20190807,000000,11.405,11.44,10.85,11.381,6107306,0
ETRN.US,D,20190808,000000,11.49,11.725,11.397,11.708,3288117,0
ETRN.US,D,20190809,000000,11.708,11.708,11.335,11.365,3794591,0
ETRN.US,D,20190812,000000,11.31,11.31,10.645,10.827,3545976,0
ETRN.US,D,20190813,000000,10.752,11.237,10.568,11.011,3518784,0
ETRN.US,D,20190814,000000,10.802,10.802,10.415,10.537,3257016,0
ETRN.US,D,20190815,000000,10.543,11.028,10.488,10.892,3336022,0
ETRN.US,D,20190816,000000,10.981,11.205,10.818,11.107,2524137,0
ETRN.US,D,20190819,000000,11.22,11.31,11.107,11.26,3158230,0
ETRN.US,D,20190820,000000,11.22,11.433,11.212,11.237,2612833,0
ETRN.US,D,20190821,000000,11.335,11.47,11.224,11.301,3312583,0
ETRN.US,D,20190822,000000,11.31,11.381,10.972,11.069,4795878,0
ETRN.US,D,20190823,000000,10.945,11.148,10.706,10.73,7304606,0
ETRN.US,D,20190826,000000,10.882,10.882,10.674,10.674,3359965,0
ETRN.US,D,20190827,000000,10.752,10.752,10.294,10.304,2905206,0
ETRN.US,D,20190828,000000,10.32,10.752,10.246,10.688,4357887,0
ETRN.US,D,20190829,000000,10.746,10.939,10.649,10.842,1835501,0
ETRN.US,D,20190830,000000,10.857,10.963,10.783,10.857,3538969,0
ETRN.US,D,20190903,000000,10.77,10.77,10.143,10.223,4777027,0
ETRN.US,D,20190904,000000,10.383,10.584,10.238,10.497,3434994,0
ETRN.US,D,20190905,000000,10.609,10.963,10.497,10.528,4530028,0
ETRN.US,D,20190906,000000,10.504,10.504,9.908,9.997,3743055,0
ETRN.US,D,20190909,000000,10.054,10.557,9.956,10.456,7263580,0
ETRN.US,D,20190910,000000,10.465,11.125,10.465,10.761,6312184,0
ETRN.US,D,20190911,000000,10.85,10.981,10.618,10.809,3272318,0
ETRN.US,D,20190912,000000,10.688,10.746,10.423,10.706,2818155,0
ETRN.US,D,20190913,000000,10.787,10.945,10.704,10.778,3294838,0
ETRN.US,D,20190916,000000,11.429,11.486,10.983,11.003,2793859,0
ETRN.US,D,20190917,000000,10.875,11.148,10.752,10.945,3152910,0
ETRN.US,D,20190918,000000,10.882,11.003,10.778,10.955,3428127,0
ETRN.US,D,20190919,000000,11.069,11.125,10.818,10.882,3052694,0
ETRN.US,D,20190920,000000,10.923,11.249,10.818,10.981,4629905,0
ETRN.US,D,20190923,000000,10.875,11.18,10.875,11.09,3598820,0
ETRN.US,D,20190924,000000,11.1,11.205,11.028,11.173,4945749,0
ETRN.US,D,20190925,000000,11.116,11.438,11.044,11.365,4826644,0
ETRN.US,D,20190926,000000,11.438,11.663,11.277,11.47,4322764,0
ETRN.US,D,20190927,000000,11.422,11.632,11.342,11.566,2475879,0
ETRN.US,D,20190930,000000,11.574,11.739,11.429,11.712,2858285,0
ETRN.US,D,20191001,000000,11.768,11.856,11.51,11.606,4076502,0
ETRN.US,D,20191002,000000,11.518,11.593,11.197,11.246,4592655,0
ETRN.US,D,20191003,000000,11.164,11.374,10.996,11.349,3619186,0
ETRN.US,D,20191004,000000,11.335,11.777,11.301,11.549,5282587,0
ETRN.US,D,20191007,000000,11.574,11.632,11.374,11.438,3545517,0
ETRN.US,D,20191008,000000,11.317,11.438,11.173,11.229,3796642,0
ETRN.US,D,20191009,000000,11.358,11.358,11.1,11.141,1838109,0
ETRN.US,D,20191010,000000,11.18,11.285,10.945,11.197,2396024,0
ETRN.US,D,20191011,000000,11.342,11.632,11.268,11.535,2374019,0
ETRN.US,D,20191014,000000,11.429,11.623,11.299,11.606,1937437,0
ETRN.US,D,20191015,000000,11.606,11.896,11.518,11.68,2478647,0
ETRN.US,D,20191016,000000,11.632,12.038,11.597,11.904,2363778,0
ETRN.US,D,20191017,000000,11.994,12.13,11.824,12.033,2321390,0
ETRN.US,D,20191018,000000,12.033,12.2,11.97,12.065,2988683,0
ETRN.US,D,20191021,000000,12.161,12.235,11.977,12.138,3298861,0
ETRN.US,D,20191022,000000,12.138,12.266,11.809,12.009,5004674,0
ETRN.US,D,20191023,000000,12.009,12.033,11.752,11.904,3415841,0
ETRN.US,D,20191024,000000,11.977,12.074,11.824,11.873,2269803,0
ETRN.US,D,20191025,000000,11.832,11.946,11.647,11.832,3596611,0
ETRN.US,D,20191028,000000,11.873,12.074,11.574,11.598,3223026,0
ETRN.US,D,20191029,000000,11.557,11.703,11.398,11.545,2874445,0
ETRN.US,D,20191030,000000,11.518,11.584,11.26,11.398,2974486,0
ETRN.US,D,20191031,000000,11.349,11.374,10.882,11.205,4826222,0
ETRN.US,D,20191101,000000,11.246,11.422,11.18,11.389,1773472,0
ETRN.US,D,20191104,000000,11.51,11.792,11.486,11.673,3093542,0
ETRN.US,D,20191105,000000,11.663,11.673,10.351,10.399,6428712,0
ETRN.US,D,20191106,000000,10.553,10.625,10.174,10.368,4123608,0
ETRN.US,D,20191107,000000,10.423,10.601,9.828,9.908,5304670,0
ETRN.US,D,20191108,000000,9.812,9.908,9.2802,9.901,6860912,0
ETRN.US,D,20191111,000000,9.901,9.965,9.4091,9.4574,5256016,0
ETRN.US,D,20191112,000000,9.4672,9.608,9.2822,9.3073,6176794,0
ETRN.US,D,20191113,000000,9.2483,9.3567,9.0815,9.1385,3136725,0
ETRN.US,D,20191114,000000,9.0977,9.4042,8.9301,8.9634,3018906,0
ETRN.US,D,20191115,000000,8.9979,9.1432,8.8595,9.0654,3684041,0
ETRN.US,D,20191118,000000,9.0312,9.0654,8.4622,8.5036,3675808,0
ETRN.US,D,20191119,000000,8.4534,8.4868,8.2024,8.2359,4463769,0
ETRN.US,D,20191120,000000,8.2359,8.3113,8.0225,8.102,5181477,0
ETRN.US,D,20191121,000000,8.1271,8.3279,7.9849,8.2193,2594898,0
ETRN.US,D,20191122,000000,8.2193,8.3946,8.1271,8.261,2518001,0
ETRN.US,D,20191125,000000,8.4534,8.6792,8.3028,8.6293,2901899,0
ETRN.US,D,20191126,000000,8.6123,8.6123,8.2443,8.261,3346463,0
ETRN.US,D,20191127,000000,8.261,8.391,8.1229,8.3698,2021714,0
ETRN.US,D,20191129,000000,8.3279,8.4622,8.261,8.3446,1344642,0
ETRN.US,D,20191202,000000,8.3779,8.4622,7.9179,7.9763,2929394,0
ETRN.US,D,20191203,000000,7.8675,8.0266,7.6751,7.9512,3333154,0
ETRN.US,D,20191204,000000,8.0182,8.1354,7.9345,7.9512,2742023,0
ETRN.US,D,20191205,000000,8.0266,8.0769,7.7002,7.7337,5975523,0
ETRN.US,D,20191206,000000,7.8398,7.9849,7.7589,7.943,3144112,0
ETRN.US,D,20191209,000000,7.9095,8.4244,7.8006,8.2945,5648012,0
ETRN.US,D,20191210,000000,8.3028,8.7964,8.2359,8.7465,8062890,0
ETRN.US,D,20191211,000000,8.7465,9.1014,8.6882,9.0483,5877489,0
ETRN.US,D,20191212,000000,9.0559,9.4574,8.9634,9.198,8326638,0
ETRN.US,D,20191213,000000,9.2231,9.3141,9.0559,9.0977,6301741,0
ETRN.US,D,20191216,000000,9.2318,9.617,9.1736,9.4988,4512217,0
ETRN.US,D,20191217,000000,9.4988,10.086,9.4751,9.877,5409194,0
ETRN.US,D,20191218,000000,10.053,10.304,9.952,10.262,5374095,0
ETRN.US,D,20191219,000000,10.228,10.369,10.086,10.127,3302757,0
ETRN.US,D,20191220,000000,10.211,10.404,10.145,10.262,12759020,0
ETRN.US,D,20191223,000000,10.27,10.754,10.237,10.754,5971786,0
ETRN.US,D,20191224,000000,10.798,10.932,10.687,10.798,1945149,0
ETRN.US,D,20191226,000000,10.856,10.982,10.763,10.896,2052362,0
ETRN.US,D,20191227,000000,10.896,11.098,10.847,10.932,3879689,0
ETRN.US,D,20191230,000000,10.915,11.124,10.873,10.906,6192469,0
ETRN.US,D,20191231,000000,10.84,11.223,10.822,11.182,4603712,0
ETRN.US,D,20200102,000000,11.3,11.324,11.082,11.232,3925037,0
ETRN.US,D,20200103,000000,11.232,11.282,11.093,11.223,3749971,0
ETRN.US,D,20200106,000000,11.182,11.5,11.182,11.492,3399882,0
ETRN.US,D,20200107,000000,11.432,11.562,11.132,11.5,3869689,0
ETRN.US,D,20200108,000000,11.5,11.5,10.831,10.915,4179907,0
ETRN.US,D,20200109,000000,10.923,10.964,10.313,10.447,7889137,0
ETRN.US,D,20200110,000000,10.463,10.463,10.111,10.168,4754803,0
ETRN.US,D,20200113,000000,10.187,10.676,10.068,10.613,4582350,0
ETRN.US,D,20200114,000000,10.637,11.015,10.555,10.864,3690993,0
ETRN.US,D,20200115,000000,10.804,11.056,10.714,10.998,2417692,0
ETRN.US,D,20200116,000000,11.082,11.359,10.772,11.2,2800309,0
ETRN.US,D,20200117,000000,11.249,11.29,10.989,11.174,4313976,0
ETRN.US,D,20200121,000000,11.124,11.132,10.321,10.354,4140899,0
ETRN.US,D,20200122,000000,10.412,10.412,9.814,9.909,3826410,0
ETRN.US,D,20200123,000000,9.801,9.801,9.3567,9.526,7061603,0
ETRN.US,D,20200124,000000,9.483,9.541,8.8715,9.0136,5173710,0
ETRN.US,D,20200127,000000,8.7875,8.8465,8.5622,8.6043,4536483,0
ETRN.US,D,20200128,000000,8.6455,8.771,8.3698,8.4289,6534381,0
ETRN.US,D,20200129,000000,8.4958,8.6123,8.2527,8.2777,3649095,0
ETRN.US,D,20200130,000000,8.169,8.4113,8.0852,8.2193,4406555,0
ETRN.US,D,20200131,000000,8.1271,8.2359,7.8593,8.0935,5367718,0
ETRN.US,D,20200203,000000,8.0935,8.4201,8.0602,8.3364,2934190,0
ETRN.US,D,20200204,000000,8.4958,8.8893,8.4157,8.4455,4866971,0
ETRN.US,D,20200205,000000,8.6043,8.8139,8.4455,8.5791,4245342,0
ETRN.US,D,20200206,000000,8.6293,8.7046,8.0098,8.0182,5556848,0
ETRN.US,D,20200207,000000,7.9932,8.1835,7.8675,7.9763,3194956,0
ETRN.US,D,20200210,000000,7.9763,8.0378,7.713,7.9149,2855335,0
ETRN.US,D,20200211,000000,8.0027,8.1171,7.7745,7.8535,5803957,0
ETRN.US,D,20200212,000000,7.9941,8.1258,7.7875,7.8448,5151812,0
ETRN.US,D,20200213,000000,7.7833,7.9941,7.5372,7.6427,4523054,0
ETRN.US,D,20200214,000000,7.691,7.8358,7.4978,7.7833,2762391,0
ETRN.US,D,20200218,000000,7.6865,8.0204,7.6514,7.9677,2071226,0
ETRN.US,D,20200219,000000,8.0027,8.4332,7.95,8.3893,3707229,0
ETRN.US,D,20200220,000000,8.363,8.7629,8.3367,8.6882,5896923,0
ETRN.US,D,20200221,000000,8.5738,8.6087,8.319,8.4771,4762042,0
ETRN.US,D,20200224,000000,8.2049,8.7674,7.8448,8.67,6966612,0
ETRN.US,D,20200225,000000,8.7056,8.7056,7.8184,7.9062,6365859,0
ETRN.US,D,20200226,000000,7.9062,7.9632,7.6163,7.625,4942788,0
ETRN.US,D,20200227,000000,7.3791,7.3791,6.1229,6.5095,15305008,0
ETRN.US,D,20200228,000000,6.2546,6.439,5.956,6.2019,22053258,0
ETRN.US,D,20200302,000000,6.1756,6.2019,5.6309,5.8418,10581215,0
ETRN.US,D,20200303,000000,5.8857,6.3381,5.5782,5.587,10281521,0
ETRN.US,D,20200304,000000,5.7452,5.9823,5.4991,5.6046,7730225,0
ETRN.US,D,20200305,000000,5.7013,5.8286,5.4157,5.4904,11355498,0
ETRN.US,D,20200306,000000,5.2266,5.4201,4.9633,5.3674,12793539,0
ETRN.US,D,20200309,000000,4.278,6.1492,3.9355,4.8053,11535937,0
ETRN.US,D,20200310,000000,5.1038,5.1918,4.2649,4.726,12745971,0
ETRN.US,D,20200311,000000,4.603,5.2444,4.2545,4.7876,13667706,0
ETRN.US,D,20200312,000000,4.2957,4.2957,3.7159,3.7336,10626711,0
ETRN.US,D,20200313,000000,4.0145,4.5855,3.7379,4.5855,12978677,0
ETRN.US,D,20200316,000000,4.2254,4.7525,3.9708,4.4802,13663126,0
ETRN.US,D,20200317,000000,4.5152,4.647,4.0058,4.3835,8769932,0
ETRN.US,D,20200318,000000,4.0674,4.1903,3.426,3.5842,10608404,0
ETRN.US,D,20200319,000000,3.5754,4.849,3.2943,4.1376,9762581,0
ETRN.US,D,20200320,000000,4.1991,5.0423,4.1463,4.77,9143750,0
ETRN.US,D,20200323,000000,4.7876,4.8579,4.3221,4.3747,6598104,0
ETRN.US,D,20200324,000000,4.6734,4.6734,3.9355,4.3309,7060979,0
ETRN.US,D,20200325,000000,4.4274,4.7305,4.0585,4.1903,7221053,0
ETRN.US,D,20200326,000000,4.2254,4.4625,3.9618,4.2254,7397354,0
ETRN.US,D,20200327,000000,3.997,4.1903,3.6456,3.6894,7317150,0
ETRN.US,D,20200330,000000,3.6808,4.0233,3.4612,3.9795,6267000,0
ETRN.US,D,20200331,000000,4.0408,4.4802,3.8389,4.4187,6353159,0
ETRN.US,D,20200401,000000,4.2078,4.603,3.9882,4.3309,4799052,0
ETRN.US,D,20200402,000000,4.4715,5.1918,4.3922,4.7963,6215290,0
ETRN.US,D,20200403,000000,4.8579,5.1038,4.5855,5.0158,6753404,0
ETRN.US,D,20200406,000000,5.218,5.3762,4.8842,5.0774,6354504,0
ETRN.US,D,20200407,000000,5.2708,5.4555,4.9194,4.9984,7510008,0
ETRN.US,D,20200408,000000,5.1918,5.2971,4.8404,5.1477,3688615,0
ETRN.US,D,20200409,000000,5.3762,5.4201,4.7525,4.893,6300130,0
ETRN.US,D,20200413,000000,5.0774,5.2355,4.77,5.1038,5996714,0
ETRN.US,D,20200414,000000,5.0863,5.7627,5.0511,5.71,9082840,0
ETRN.US,D,20200415,000000,5.4991,6.044,5.4113,5.956,7851430,0
ETRN.US,D,20200416,000000,5.9735,6.527,5.9647,6.1229,10780408,0
ETRN.US,D,20200417,000000,6.1492,6.4918,5.9955,6.4567,10882271,0
ETRN.US,D,20200420,000000,6.1229,7.3878,6.079,7.1595,9122591,0
ETRN.US,D,20200421,000000,6.8784,7.4142,6.8343,7.1154,9601928,0
ETRN.US,D,20200422,000000,7.3615,7.3615,6.5665,6.9222,8650600,0
ETRN.US,D,20200423,000000,6.8608,7.335,6.8256,7.0365,5796430,0
ETRN.US,D,20200424,000000,7.0365,7.2033,6.9398,7.098,7001258,0
ETRN.US,D,20200427,000000,7.634,7.6496,7.0058,7.4055,7504113,0
ETRN.US,D,20200428,000000,7.5196,7.8535,7.1154,7.5899,7619914,0
ETRN.US,D,20200429,000000,7.8007,7.8007,7.2384,7.5196,5246835,0
ETRN.US,D,20200430,000000,7.5109,7.5593,7.2473,7.3615,5198665,0
ETRN.US,D,20200501,000000,7.1419,7.5021,6.9837,7.2473,7046522,0
ETRN.US,D,20200504,000000,7.0365,7.6777,6.9222,7.6689,9691326,0
ETRN.US,D,20200505,000000,7.8448,7.8885,7.1769,7.4318,4855321,0
ETRN.US,D,20200506,000000,7.4318,7.6427,7.0627,7.0804,3202105,0
ETRN.US,D,20200507,000000,7.2561,7.2648,6.5095,6.6323,5482692,0
ETRN.US,D,20200508,000000,6.7025,7.089,6.7025,7.0276,6288580,0
ETRN.US,D,20200511,000000,7.0098,7.3096,6.8755,7.1172,5505960,0
ETRN.US,D,20200512,000000,6.9739,6.9739,6.5532,6.5979,5267163,0
ETRN.US,D,20200513,000000,6.5979,6.5979,5.9936,6.195,5426513,0
ETRN.US,D,20200514,000000,6.2755,6.6517,5.7609,6.4638,8054224,0
ETRN.US,D,20200515,000000,6.6428,7.0814,6.5263,6.9113,5165955,0
ETRN.US,D,20200518,000000,7.153,7.2962,6.9739,7.0007,5389450,0
ETRN.US,D,20200519,000000,6.9829,7.4665,6.9068,7.2604,3036975,0
ETRN.US,D,20200520,000000,7.6007,7.9543,7.0187,7.162,8558244,0
ETRN.US,D,20200521,000000,7.1441,7.2247,6.7055,7.0456,9431581,0
ETRN.US,D,20200522,000000,6.9651,7.0589,6.7412,7.0276,3570942,0
ETRN.US,D,20200526,000000,7.2425,7.256,7.0366,7.1889,3919638,0
ETRN.US,D,20200527,000000,7.2336,7.3678,6.9829,7.2157,2914966,0
ETRN.US,D,20200528,000000,7.2604,7.5917,7.0187,7.2067,7577520,0
ETRN.US,D,20200529,000000,7.1709,7.3678,6.8218,7.2425,7781630,0
ETRN.US,D,20200601,000000,7.3142,7.3903,7.0634,7.1978,3390126,0
ETRN.US,D,20200602,000000,7.2515,7.3768,7.1889,7.3321,6231930,0
ETRN.US,D,20200603,000000,7.4306,7.7082,7.3501,7.6723,3805928,0
ETRN.US,D,20200604,000000,7.6365,7.9588,7.5558,7.9319,3941175,0
ETRN.US,D,20200605,000000,8.1467,8.5764,8.0661,8.3705,5374579,0
ETRN.US,D,20200608,000000,8.6482,8.791,8.5048,8.6482,3995489,0
ETRN.US,D,20200609,000000,8.4869,8.5048,8.0392,8.084,4969002,0
ETRN.US,D,20200610,000000,8.0303,8.084,7.623,7.9588,5208820,0
ETRN.US,D,20200611,000000,7.5469,7.6723,7.2694,7.3051,6001846,0
ETRN.US,D,20200612,000000,7.6365,7.6365,6.8622,7.2157,9320433,0
ETRN.US,D,20200615,000000,6.8666,8.7247,6.8577,7.8781,37552084,0
ETRN.US,D,20200616,000000,8.1915,8.2631,7.359,7.8603,38587583,0
ETRN.US,D,20200617,000000,7.8155,8.4288,7.7349,8.102,41780767,0
ETRN.US,D,20200618,000000,7.9498,8.7555,7.914,8.6212,20312307,0
ETRN.US,D,20200619,000000,8.7465,8.8985,7.923,7.9856,52249696,0
ETRN.US,D,20200622,000000,7.8423,7.9947,7.5827,7.7796,12357007,0
ETRN.US,D,20200623,000000,7.8423,7.9319,7.5379,7.6096,7741109,0
ETRN.US,D,20200624,000000,7.4753,7.6185,7.256,7.5558,8691272,0
ETRN.US,D,20200625,000000,7.4484,7.7796,7.4216,7.6007,11101343,0
ETRN.US,D,20200626,000000,7.529,7.7529,7.0634,7.6813,14862732,0
ETRN.US,D,20200629,000000,7.5649,7.7574,7.2425,7.4127,6637656,0
ETRN.US,D,20200630,000000,7.3142,7.5022,7.153,7.4396,6479475,0
ETRN.US,D,20200701,000000,7.3947,7.6858,7.3678,7.4665,4528042,0
ETRN.US,D,20200702,000000,7.6365,7.8244,7.529,7.8065,3753255,0
ETRN.US,D,20200706,000000,8.0571,8.4601,7.8692,7.9766,10636184,0
ETRN.US,D,20200707,000000,8.1647,9.2521,8.1198,8.9161,21447002,0
ETRN.US,D,20200708,000000,8.8901,8.9932,8.7202,8.9077,10833732,0
ETRN.US,D,20200709,000000,8.8632,8.8901,8.4511,8.5138,7850926,0
ETRN.US,D,20200710,000000,8.4601,8.4825,8.0975,8.3169,7244034,0
ETRN.US,D,20200713,000000,8.3169,8.5808,8.2274,8.2901,7075767,0
ETRN.US,D,20200714,000000,8.1915,8.2631,7.905,8.1915,4851319,0
ETRN.US,D,20200715,000000,8.2363,8.711,8.1647,8.6212,7651790,0
ETRN.US,D,20200716,000000,8.6212,8.6745,8.3169,8.4959,3300151,0
ETRN.US,D,20200717,000000,8.5048,8.7646,8.4601,8.6302,4054299,0
ETRN.US,D,20200720,000000,8.5852,8.6664,8.3346,8.3974,3029859,0
ETRN.US,D,20200721,000000,8.5675,8.8715,8.5144,8.8093,4778413,0
ETRN.US,D,20200722,000000,8.6928,8.6928,8.3795,8.3795,4478672,0
ETRN.US,D,20200723,000000,8.3527,8.6033,8.3346,8.478,3601406,0
ETRN.US,D,20200724,000000,8.4869,8.6745,8.3974,8.4511,5185651,0
ETRN.US,D,20200727,000000,8.4422,8.5094,8.2274,8.3169,3485112,0
ETRN.US,D,20200728,000000,8.2274,8.4511,8.2274,8.2989,2711207,0
ETRN.US,D,20200729,000000,8.3527,8.6482,8.281,8.6212,5416790,0
ETRN.US,D,20200730,000000,8.5138,8.7202,8.4422,8.5852,3752923,0
ETRN.US,D,20200731,000000,8.5943,8.7555,8.4064,8.6392,6463164,0
ETRN.US,D,20200803,000000,8.6847,8.9755,8.3663,8.8669,4762670,0
ETRN.US,D,20200804,000000,8.6392,9.4396,8.4483,9.4396,8326789,0
ETRN.US,D,20200805,000000,9.549,9.685,9.2396,9.3667,4995529,0
ETRN.US,D,20200806,000000,9.4219,9.789,9.3567,9.412,3544485,0
ETRN.US,D,20200807,000000,9.4219,9.567,9.1671,9.549,3950632,0
ETRN.US,D,20200810,000000,9.584,9.866,9.576,9.793,3382162,0
ETRN.US,D,20200811,000000,9.912,10.166,9.767,9.767,4035942,0
ETRN.US,D,20200812,000000,9.93,10.035,9.821,9.93,4054191,0
ETRN.US,D,20200813,000000,9.84,9.994,9.793,9.895,2652039,0
ETRN.US,D,20200814,000000,9.803,10.385,9.803,10.349,2739041,0
ETRN.US,D,20200817,000000,10.24,10.594,10.075,10.585,3112868,0
ETRN.US,D,20200818,000000,10.558,10.603,10.095,10.104,3959307,0
ETRN.US,D,20200819,000000,9.803,10.112,9.786,9.857,4932601,0
ETRN.US,D,20200820,000000,9.731,9.958,9.694,9.803,2544777,0
ETRN.US,D,20200821,000000,9.84,9.866,9.567,9.64,4583967,0
ETRN.US,D,20200824,000000,9.712,9.857,9.612,9.793,3088042,0
ETRN.US,D,20200825,000000,9.821,9.967,9.594,9.694,3053390,0
ETRN.US,D,20200826,000000,9.694,9.717,9.3489,9.558,4855522,0
ETRN.US,D,20200827,000000,9.539,9.657,9.3527,9.603,3603116,0
ETRN.US,D,20200828,000000,9.612,9.612,9.4022,9.4761,3324339,0
ETRN.US,D,20200831,000000,9.4475,9.4761,9.2028,9.3489,5010931,0
ETRN.US,D,20200901,000000,9.2937,9.3756,9.0284,9.1385,3307675,0
ETRN.US,D,20200902,000000,9.1309,9.3304,9.0854,9.1671,3702038,0
ETRN.US,D,20200903,000000,9.1309,9.2531,8.7938,8.8483,3033976,0
ETRN.US,D,20200904,000000,8.8576,9.0711,8.4662,9.0569,4262597,0
ETRN.US,D,20200908,000000,8.9571,9.0663,8.7164,8.8939,4702628,0
ETRN.US,D,20200909,000000,8.9301,9.0854,8.7845,8.9301,4915765,0
ETRN.US,D,20200910,000000,8.9123,9.0891,8.5482,8.5847,3622806,0
ETRN.US,D,20200911,000000,8.6118,8.8371,8.5574,8.7574,4124049,0
ETRN.US,D,20200914,000000,8.8391,9.0569,8.5027,8.8845,5621467,0
ETRN.US,D,20200915,000000,8.9031,8.9031,8.3164,8.3572,7208669,0
ETRN.US,D,20200916,000000,8.3937,8.7938,8.321,8.6301,7412715,0
ETRN.US,D,20200917,000000,8.4845,8.5574,8.1935,8.4391,8809328,0
ETRN.US,D,20200918,000000,8.3299,8.43,8.1662,8.4026,9091623,0
ETRN.US,D,20200921,000000,8.239,8.3753,8.1299,8.3389,5536353,0
ETRN.US,D,20200922,000000,8.239,8.4845,7.8844,8.0298,9107711,0
ETRN.US,D,20200923,000000,8.0298,8.1299,7.5753,7.5753,5641770,0
ETRN.US,D,20200924,000000,7.5661,7.7525,7.3296,7.6115,4835969,0
ETRN.US,D,20200925,000000,7.4934,7.8161,7.4917,7.6933,5189569,0
ETRN.US,D,20200928,000000,7.7751,8.0117,7.7206,7.9116,6313590,0
ETRN.US,D,20200929,000000,7.9571,8.1526,7.8116,7.9481,4463592,0
ETRN.US,D,20200930,000000,7.9935,8.0117,7.6478,7.6933,5815955,0
ETRN.US,D,20201001,000000,7.6025,7.7389,7.3478,7.3842,2749151,0
ETRN.US,D,20201002,000000,7.275,7.5888,7.2114,7.5388,2895953,0
ETRN.US,D,20201005,000000,7.6025,7.7843,7.4934,7.748,2738582,0
ETRN.US,D,20201006,000000,7.8207,8.0026,7.4388,7.5115,3837686,0
ETRN.US,D,20201007,000000,7.5842,7.7026,7.3296,7.5479,3683488,0
ETRN.US,D,20201008,000000,7.5661,7.857,7.4797,7.8298,3093622,0
ETRN.US,D,20201009,000000,7.9481,8.0934,7.6388,7.6388,2646558,0
ETRN.US,D,20201012,000000,7.6388,7.8979,7.6025,7.7751,6274956,0
ETRN.US,D,20201013,000000,7.8298,7.8708,7.4934,7.5296,4478729,0
ETRN.US,D,20201014,000000,7.5115,7.8662,7.4934,7.6207,5329426,0
ETRN.US,D,20201015,000000,7.4751,7.6478,7.2386,7.6207,5244378,0
ETRN.US,D,20201016,000000,7.6207,7.8389,7.3115,7.3842,5341445,0
ETRN.US,D,20201019,000000,7.4297,7.5933,7.2114,7.4661,3844109,0
ETRN.US,D,20201020,000000,7.5661,7.7206,7.4934,7.5205,2911526,0
ETRN.US,D,20201021,000000,7.4842,7.5888,7.3751,7.3751,3801584,0
ETRN.US,D,20201022,000000,7.3388,7.9116,7.3388,7.7661,6996269,0
ETRN.US,D,20201023,000000,7.7661,7.7661,7.366,7.5933,5486108,0
ETRN.US,D,20201026,000000,7.4569,7.5388,7.0932,7.2296,3844154,0
ETRN.US,D,20201027,000000,7.2024,7.2795,7.0839,7.1205,2062063,0
ETRN.US,D,20201028,000000,6.9932,7.0022,6.7111,6.7203,5322474,0
ETRN.US,D,20201029,000000,6.6477,6.7111,6.4611,6.6204,5818066,0
ETRN.US,D,20201030,000000,6.5658,6.6567,6.2566,6.6021,6078228,0
ETRN.US,D,20201102,000000,6.7321,6.7321,6.4071,6.6579,3614495,0
ETRN.US,D,20201103,000000,6.76,6.76,6.3514,6.5743,5686787,0
ETRN.US,D,20201104,000000,6.5743,6.7878,6.5371,6.5743,6461880,0
ETRN.US,D,20201105,000000,6.5928,6.6764,6.4814,6.5557,3506313,0
ETRN.US,D,20201106,000000,6.6114,6.6114,6.2679,6.3235,3968342,0
ETRN.US,D,20201109,000000,6.6392,6.8158,6.2679,6.6299,8292236,0
ETRN.US,D,20201110,000000,6.7043,6.7043,6.305,6.3977,5209414,0
ETRN.US,D,20201111,000000,6.4814,6.5696,6.3329,6.4814,7157614,0
ETRN.US,D,20201112,000000,6.4165,6.565,6.1935,6.2586,4654005,0
ETRN.US,D,20201113,000000,6.3514,6.5743,6.3329,6.5371,5165980,0
ETRN.US,D,20201116,000000,6.6764,6.7321,6.4906,6.6299,3554845,0
ETRN.US,D,20201117,000000,6.5,6.7924,6.4583,6.7693,4935482,0
ETRN.US,D,20201118,000000,6.9086,7.331,6.7043,6.927,11777252,0
ETRN.US,D,20201119,000000,6.8806,7.3728,6.76,7.3543,8152979,0
ETRN.US,D,20201120,000000,7.2892,7.4332,7.1685,7.2428,6332548,0
ETRN.US,D,20201123,000000,7.3728,7.67,7.2892,7.6328,5314793,0
ETRN.US,D,20201124,000000,7.8278,8.0972,7.7256,7.9671,7247984,0
ETRN.US,D,20201125,000000,7.9951,8.0229,7.5678,7.9299,2456583,0
ETRN.US,D,20201127,000000,7.9207,8.0042,7.786,7.8278,1130532,0
ETRN.US,D,20201130,000000,7.8,7.9857,7.526,7.5771,4725967,0
ETRN.US,D,20201201,000000,7.6514,7.7814,7.2892,7.3728,2965204,0
ETRN.US,D,20201202,000000,7.3079,7.8138,7.2428,7.5121,4947000,0
ETRN.US,D,20201203,000000,7.5771,7.8928,7.4749,7.6885,4713495,0
ETRN.US,D,20201204,000000,7.8928,8.2178,7.8789,8.0321,6608847,0
ETRN.US,D,20201207,000000,7.9207,8.0135,7.5586,7.605,4017970,0
ETRN.US,D,20201208,000000,7.5493,7.9486,7.5493,7.8465,3826083,0
ETRN.US,D,20201209,000000,7.9951,8.2271,7.7536,7.8742,3107415,0
ETRN.US,D,20201210,000000,7.865,8.2828,7.8604,8.2364,3912500,0
ETRN.US,D,20201211,000000,8.1621,8.2318,8.0135,8.1249,3124628,0
ETRN.US,D,20201214,000000,8.1437,8.2736,7.6421,7.6514,4562858,0
ETRN.US,D,20201215,000000,7.6421,8.1157,7.6421,8.0972,3720568,0
ETRN.US,D,20201216,000000,8.1528,8.1714,7.8278,7.9578,5605877,0
ETRN.US,D,20201217,000000,8.06,8.06,7.5214,7.6607,8624159,0
ETRN.US,D,20201218,000000,7.7444,7.8928,7.6561,7.8092,15519114,0
ETRN.US,D,20201221,000000,7.5771,7.6979,7.345,7.5029,4379465,0
ETRN.US,D,20201222,000000,7.5306,7.6607,7.4378,7.4657,3170863,0
ETRN.US,D,20201223,000000,7.5214,7.6514,7.4657,7.5493,4402343,0
ETRN.US,D,20201224,000000,7.6328,7.6514,7.4657,7.5771,1052218,0
ETRN.US,D,20201228,000000,7.6514,7.6514,7.1593,7.2335,3307700,0
ETRN.US,D,20201229,000000,7.2707,7.3171,7.1221,7.2615,4834266,0
ETRN.US,D,20201230,000000,7.2986,7.41,7.215,7.2242,5406178,0
ETRN.US,D,20201231,000000,7.1593,7.526,7.0756,7.4657,6417210,0
ETRN.US,D,20210104,000000,7.4285,7.5493,7.1407,7.1871,4004258,0
ETRN.US,D,20210105,000000,7.2892,7.6979,7.2521,7.4378,8131645,0
ETRN.US,D,20210106,000000,7.5771,7.7536,7.3728,7.7444,5408452,0
ETRN.US,D,20210107,000000,7.8,7.8,7.2289,7.2615,11292356,0
ETRN.US,D,20210108,000000,7.2615,7.2707,6.7785,7.0292,8794607,0
ETRN.US,D,20210111,000000,6.9179,7.41,6.9179,7.3914,5408215,0
ETRN.US,D,20210112,000000,7.4935,7.8975,7.4518,7.8186,4538713,0
ETRN.US,D,20210113,000000,7.7628,7.8835,7.6142,7.865,4135943,0
ETRN.US,D,20210114,000000,7.9578,8.1388,7.8928,8.0878,3329775,0
ETRN.US,D,20210115,000000,8.0135,8.1504,7.8278,7.8835,5385022,0
ETRN.US,D,20210119,000000,7.9207,7.9624,7.099,7.1036,10769764,0
ETRN.US,D,20210120,000000,7.1778,7.1778,6.3143,6.5371,21404727,0
ETRN.US,D,20210121,000000,6.565,6.7228,6.4675,6.6392,6127899,0
ETRN.US,D,20210122,000000,6.5186,6.6021,6.4349,6.5278,6322702,0
ETRN.US,D,20210125,000000,6.5278,6.76,6.4349,6.5278,6089079,0
ETRN.US,D,20210126,000000,6.5464,6.5743,6.1652,6.2957,11999599,0
ETRN.US,D,20210127,000000,6.2399,6.305,5.9893,6.0172,8519675,0
ETRN.US,D,20210128,000000,5.8871,6.2586,5.785,6.2122,7923251,0
ETRN.US,D,20210129,000000,6.1657,6.4536,6.11,6.175,6313729,0
ETRN.US,D,20210201,000000,6.2586,6.4071,6.2214,6.3607,6708227,0
ETRN.US,D,20210202,000000,6.4556,6.7879,6.2753,6.7405,7980233,0
ETRN.US,D,20210203,000000,6.693,6.9283,6.6266,6.6455,7045510,0
ETRN.US,D,20210204,000000,6.7119,6.7309,6.5553,6.6075,4789378,0
ETRN.US,D,20210205,000000,6.7215,6.7499,6.5885,6.617,3880436,0
ETRN.US,D,20210208,000000,6.6741,6.7119,6.598,6.617,5028790,0
ETRN.US,D,20210209,000000,6.6741,7.0063,6.598,6.9967,4856736,0
ETRN.US,D,20210210,000000,6.8448,7.0537,6.7926,7.0157,5037588,0
ETRN.US,D,20210211,000000,6.8354,6.9208,6.617,6.7784,5809872,0
ETRN.US,D,20210212,000000,6.7405,6.954,6.7024,6.8829,3261071,0
ETRN.US,D,20210216,000000,7.0632,7.1819,6.9351,6.9493,3952044,0
ETRN.US,D,20210217,000000,7.0063,7.1012,6.8116,7.0157,8009322,0
ETRN.US,D,20210218,000000,7.0537,7.0537,6.6644,6.6741,4704814,0
ETRN.US,D,20210219,000000,6.6644,7.1012,6.6644,7.0917,5884284,0
ETRN.US,D,20210222,000000,7.1581,7.1962,6.9303,6.9588,4733498,0
ETRN.US,D,20210223,000000,6.9778,6.989,6.4651,6.9113,5854802,0
ETRN.US,D,20210224,000000,6.9208,7.1581,6.8259,7.1392,6419180,0
ETRN.US,D,20210225,000000,7.1581,7.4335,7.0347,7.1106,5578031,0
ETRN.US,D,20210226,000000,7.0537,7.1106,6.7405,6.8638,5999002,0
ETRN.US,D,20210301,000000,6.9778,7.1819,6.9113,7.1202,3338194,0
ETRN.US,D,20210302,000000,7.1392,7.179,6.9588,6.9683,4578604,0
ETRN.US,D,20210303,000000,6.9588,7.1724,6.8259,7.0632,5876622,0
ETRN.US,D,20210304,000000,7.1297,7.348,6.8829,7.0632,7294838,0
ETRN.US,D,20210305,000000,7.2151,7.253,6.8734,7.1677,6597488,0
ETRN.US,D,20210308,000000,7.1962,7.4572,7.1297,7.4335,5028599,0
ETRN.US,D,20210309,000000,7.424,7.4715,7.2341,7.3005,2980954,0
ETRN.US,D,20210310,000000,7.3005,7.7752,7.3005,7.7373,4299366,0
ETRN.US,D,20210311,000000,7.7467,7.8655,7.6566,7.7183,3359887,0
ETRN.US,D,20210312,000000,7.7467,7.7657,7.5142,7.6518,2215361,0
ETRN.US,D,20210315,000000,7.6423,7.7467,7.6043,7.6992,3148081,0
ETRN.US,D,20210316,000000,7.6043,7.8132,7.6043,7.7087,2488742,0
ETRN.US,D,20210317,000000,7.6992,7.8416,7.5664,7.6708,4250199,0
ETRN.US,D,20210318,000000,7.6708,7.6898,7.3955,7.4335,4419482,0
ETRN.US,D,20210319,000000,7.4904,8.0126,7.4429,7.8322,7943083,0
ETRN.US,D,20210322,000000,7.8416,7.8891,7.6803,7.8037,3275049,0
ETRN.US,D,20210323,000000,7.8227,7.8702,7.3433,7.4619,4971007,0
ETRN.US,D,20210324,000000,7.4904,7.7136,7.4619,7.6139,3391600,0
ETRN.US,D,20210325,000000,7.5379,7.8512,7.3765,7.8322,3492305,0
ETRN.US,D,20210326,000000,7.9747,8.2642,7.9081,8.1929,3643294,0
ETRN.US,D,20210329,000000,8.2024,8.3069,7.9366,7.9366,4368603,0
ETRN.US,D,20210330,000000,7.9272,7.9272,7.5046,7.6139,5838782,0
ETRN.US,D,20210331,000000,7.5759,7.7942,7.5285,7.7467,5323118,0
ETRN.US,D,20210401,000000,7.8037,8.0648,7.6328,8.0505,5128707,0
ETRN.US,D,20210405,000000,8.003,8.0505,7.5285,7.6898,4405425,0
ETRN.US,D,20210406,000000,7.7278,7.8606,7.6992,7.8132,5057551,0
ETRN.US,D,20210407,000000,7.7942,8.0126,7.7752,7.9177,3754475,0
ETRN.US,D,20210408,000000,7.8416,7.8416,7.5664,7.6234,3793580,0
ETRN.US,D,20210409,000000,7.5949,7.6566,7.2816,7.2911,3931731,0
ETRN.US,D,20210412,000000,7.3765,7.5093,7.3622,7.5093,3068940,0
ETRN.US,D,20210413,000000,7.4904,7.6043,7.386,7.4524,3225983,0
ETRN.US,D,20210414,000000,7.5285,7.7231,7.4715,7.7087,3040465,0
ETRN.US,D,20210415,000000,7.7278,7.7278,7.4904,7.7087,2809732,0
ETRN.US,D,20210416,000000,7.7278,7.7562,7.5237,7.5854,2125210,0
ETRN.US,D,20210419,000000,7.6328,7.7373,7.5474,7.6518,3062145,0
ETRN.US,D,20210420,000000,7.6423,7.6898,7.4619,7.4999,4190596,0
ETRN.US,D,20210421,000000,7.4524,7.5379,7.3765,7.4335,3708254,0
ETRN.US,D,20210422,000000,7.424,7.5616,7.3366,7.386,3534953,0
ETRN.US,D,20210423,000000,7.4335,7.5759,7.348,7.5568,2592658,0
ETRN.US,D,20210426,000000,7.5759,7.7373,7.5474,7.5664,3869029,0
ETRN.US,D,20210427,000000,7.5854,7.6945,7.5711,7.6139,3404523,0
ETRN.US,D,20210428,000000,7.6992,7.9356,7.6708,7.8891,3698736,0
ETRN.US,D,20210429,000000,8.0221,8.0696,7.8227,7.8702,3184302,0
ETRN.US,D,20210430,000000,7.8227,8.0315,7.7183,7.7467,3705657,0
ETRN.US,D,20210503,000000,7.8132,7.8702,7.6613,7.6803,5348642,0
ETRN.US,D,20210504,000000,7.6707,7.6995,7.3515,7.5158,10103840,0
ETRN.US,D,20210505,000000,7.4772,7.8931,7.4772,7.7577,4010819,0
ETRN.US,D,20210506,000000,7.7867,7.9608,7.6512,7.9608,4873604,0
ETRN.US,D,20210507,000000,7.8641,8.0632,7.835,7.8834,4650703,0
ETRN.US,D,20210510,000000,7.9415,8.2801,7.9028,8.1252,4981832,0
ETRN.US,D,20210511,000000,8.0188,8.1252,7.8834,7.8931,4525175,0
ETRN.US,D,20210512,000000,7.9415,8.2172,7.7673,7.777,3837473,0
ETRN.US,D,20210513,000000,7.7287,7.8544,7.4869,7.6996,6596525,0
ETRN.US,D,20210514,000000,7.7867,7.9754,7.6996,7.9415,5224719,0
ETRN.US,D,20210517,000000,7.8834,8.1349,7.835,8.1156,3435422,0
ETRN.US,D,20210518,000000,8.0963,8.3864,8.0769,8.3671,5957250,0
ETRN.US,D,20210519,000000,8.222,8.3574,8.0575,8.1543,4330410,0
ETRN.US,D,20210520,000000,8.1929,8.5653,8.0963,8.4832,7845175,0
ETRN.US,D,20210521,000000,8.5702,8.6186,8.3864,8.3864,3352026,0
ETRN.US,D,20210524,000000,8.4444,8.4444,8.1833,8.1833,3683476,0
ETRN.US,D,20210525,000000,8.1543,8.222,7.9802,7.9802,4222175,0
ETRN.US,D,20210526,000000,7.9898,8.0575,7.8641,7.9898,7018331,0
ETRN.US,D,20210527,000000,8.0672,8.1783,7.9318,8.0092,16637563,0
ETRN.US,D,20210528,000000,8.0672,8.1541,7.9318,7.9705,5089159,0
ETRN.US,D,20210601,000000,8.1543,8.7636,8.0382,8.754,8002714,0
ETRN.US,D,20210602,000000,8.7636,8.7636,8.4396,8.5315,5097170,0
ETRN.US,D,20210603,000000,8.4928,8.7057,8.4246,8.6573,2779559,0
ETRN.US,D,20210604,000000,8.7057,8.7734,8.5509,8.754,2240333,0
ETRN.US,D,20210607,000000,8.7443,8.9474,8.7346,8.8604,2823641,0
ETRN.US,D,20210608,000000,8.8507,9.2086,8.7782,9.1603,3816882,0
ETRN.US,D,20210609,000000,9.1892,9.2569,9.0249,9.1119,3220200,0
ETRN.US,D,20210610,000000,9.2569,9.2667,8.9136,9.1796,3697725,0
ETRN.US,D,20210611,000000,9.2376,9.3537,9.1312,9.2473,3198224,0
ETRN.US,D,20210614,000000,9.2763,9.3825,9.1506,9.199,4233127,0
ETRN.US,D,20210615,000000,9.3053,9.3726,9.1506,9.3053,3649340,0
ETRN.US,D,20210616,000000,9.2667,9.4505,9.0926,9.199,2577805,0
ETRN.US,D,20210617,000000,9.199,9.2376,8.6476,8.7927,3316850,0
ETRN.US,D,20210618,000000,8.6379,8.7588,8.4396,8.5509,5096759,0
ETRN.US,D,20210621,000000,8.6089,8.8507,8.5702,8.8217,3096118,0
ETRN.US,D,20210622,000000,8.8217,8.8314,8.4638,8.5315,3926558,0
ETRN.US,D,20210623,000000,8.5896,8.6766,8.4541,8.4638,3418096,0
ETRN.US,D,20210624,000000,8.4348,8.5121,8.3574,8.4832,4594930,0
ETRN.US,D,20210625,000000,8.4928,8.5315,8.3381,8.3864,56107826,0
ETRN.US,D,20210628,000000,8.3864,8.3864,8.0575,8.2413,8078014,0
ETRN.US,D,20210629,000000,8.309,8.3381,8.0769,8.1156,3792777,0
ETRN.US,D,20210630,000000,8.1156,8.2756,8.1156,8.2317,4087024,0
ETRN.US,D,20210701,000000,8.3864,8.6089,8.3478,8.5509,3409903,0
ETRN.US,D,20210702,000000,8.5121,8.5896,8.396,8.5315,2406753,0
ETRN.US,D,20210706,000000,8.5121,8.5121,8.0479,8.251,6575548,0
ETRN.US,D,20210707,000000,8.1929,8.396,8.0914,8.3187,3285118,0
ETRN.US,D,20210708,000000,8.222,8.5605,8.164,8.4832,3802091,0
ETRN.US,D,20210709,000000,8.6186,8.7443,8.488,8.5412,6157398,0
ETRN.US,D,20210712,000000,8.5121,8.6814,8.396,8.6669,2301071,0
ETRN.US,D,20210713,000000,8.6669,8.7734,8.3598,8.3767,2155505,0
ETRN.US,D,20210714,000000,8.4058,8.517,8.0399,8.1543,3735261,0
ETRN.US,D,20210715,000000,8.0575,8.2317,8.0286,8.164,3038013,0
ETRN.US,D,20210716,000000,8.2897,8.2994,7.8061,7.8834,3324224,0
ETRN.US,D,20210719,000000,7.6996,7.7673,7.4094,7.5932,5946057,0
ETRN.US,D,20210720,000000,7.603,7.835,7.5158,7.8061,3519573,0
ETRN.US,D,20210721,000000,7.9415,8.0188,7.835,7.8448,2562084,0
ETRN.US,D,20210722,000000,7.7577,7.9415,7.7045,7.8931,2048621,0
ETRN.US,D,20210723,000000,7.8448,7.8786,7.6464,7.8448,1834931,0
ETRN.US,D,20210726,000000,7.9125,8.222,7.8061,8.1543,1869065,0
ETRN.US,D,20210727,000000,8.0963,8.0963,7.927,7.9802,2403603,0
ETRN.US,D,20210728,000000,7.9705,8.0769,7.8157,7.9995,2440916,0
ETRN.US,D,20210729,000000,8.0963,8.1446,7.9318,8.0382,2014238,0
ETRN.US,D,20210730,000000,8.0575,8.1301,7.9221,7.9511,2666174,0
ETRN.US,D,20210802,000000,8.0286,8.0963,7.8544,7.8738,3515236,0
ETRN.US,D,20210803,000000,7.923,8.199,7.6028,8.1398,3422137,0
ETRN.US,D,20210804,000000,7.9526,8.5044,7.9181,8.3271,3999245,0
ETRN.US,D,20210805,000000,8.3763,8.4749,8.2039,8.2384,2651679,0
ETRN.US,D,20210806,000000,8.3468,8.396,8.2482,8.3172,2252332,0
ETRN.US,D,20210809,000000,8.2482,8.2778,8.0117,8.2285,2771645,0
ETRN.US,D,20210810,000000,8.2581,8.3763,8.1546,8.3566,2091184,0
ETRN.US,D,20210811,000000,8.396,8.4749,8.2285,8.3665,2141480,0
ETRN.US,D,20210812,000000,8.4256,8.5439,8.2088,8.5439,2540402,0
ETRN.US,D,20210813,000000,8.5636,8.6424,8.396,8.4453,2094867,0
ETRN.US,D,20210816,000000,8.3074,8.3566,8.1595,8.2088,1943525,0
ETRN.US,D,20210817,000000,8.13,8.3074,8.0019,8.2187,2508760,0
ETRN.US,D,20210818,000000,8.2187,8.2778,8.0708,8.1004,3653510,0
ETRN.US,D,20210819,000000,7.9329,8.0708,7.8738,8.061,3389811,0
ETRN.US,D,20210820,000000,8.0314,8.2236,7.9674,8.0807,3201557,0
ETRN.US,D,20210823,000000,8.2384,8.4158,8.194,8.3074,2590589,0
ETRN.US,D,20210824,000000,8.3862,8.5734,8.3172,8.5242,3163445,0
ETRN.US,D,20210825,000000,8.5143,8.7607,8.4355,8.7311,2504562,0
ETRN.US,D,20210826,000000,8.672,8.7114,8.5248,8.5931,2926230,0
ETRN.US,D,20210827,000000,8.6424,9.0317,8.6227,8.938,3926583,0
ETRN.US,D,20210830,000000,8.9479,9.0169,8.7804,8.8888,2962050,0
ETRN.US,D,20210831,000000,8.8543,8.9035,8.603,8.603,4291813,0
ETRN.US,D,20210901,000000,8.6227,8.8395,8.5142,8.7607,3983679,0
ETRN.US,D,20210902,000000,8.8198,9.1943,8.8099,9.1844,4233835,0
ETRN.US,D,20210903,000000,9.1548,9.2731,9.0908,9.1745,4296500,0
ETRN.US,D,20210907,000000,9.145,9.3322,9.0661,9.1056,3039507,0
ETRN.US,D,20210908,000000,9.145,9.2928,9.0464,9.1154,2564682,0
ETRN.US,D,20210909,000000,9.0267,9.0957,8.8444,8.9676,3404892,0
ETRN.US,D,20210910,000000,9.0957,9.145,8.8986,8.8986,3977266,0
ETRN.US,D,20210913,000000,9.0366,9.3864,8.9775,9.3027,3349537,0
ETRN.US,D,20210914,000000,9.3815,9.4111,9.145,9.1647,3340171,0
ETRN.US,D,20210915,000000,9.2928,9.657,9.2632,9.657,4542709,0
ETRN.US,D,20210916,000000,9.554,9.608,9.4603,9.569,3523473,0
ETRN.US,D,20210917,000000,9.519,9.598,9.2928,9.4603,9631671,0
ETRN.US,D,20210920,000000,9.2041,9.2632,8.874,9.0859,3505134,0
ETRN.US,D,20210921,000000,9.1844,9.2435,8.8937,9.007,1991956,0
ETRN.US,D,20210922,000000,9.145,9.4603,9.1203,9.3519,4275075,0
ETRN.US,D,20210923,000000,9.3815,9.623,9.3322,9.608,2185191,0
ETRN.US,D,20210924,000000,9.579,9.879,9.559,9.855,4042266,0
ETRN.US,D,20210927,000000,10.042,10.298,9.923,10.18,4027038,0
ETRN.US,D,20210928,000000,10.288,10.347,10.002,10.042,3924903,0
ETRN.US,D,20210929,000000,10.032,10.328,9.928,10.199,3279849,0
ETRN.US,D,20210930,000000,10.209,10.249,9.992,9.992,3802624,0
ETRN.US,D,20211001,000000,10.071,10.303,9.879,10.199,2218996,0
ETRN.US,D,20211004,000000,10.298,10.608,10.273,10.426,2912888,0
ETRN.US,D,20211005,000000,10.574,10.574,10.244,10.456,3091229,0
ETRN.US,D,20211006,000000,10.249,10.485,10.219,10.475,2565333,0
ETRN.US,D,20211007,000000,10.554,10.81,10.485,10.544,4186653,0
ETRN.US,D,20211008,000000,10.663,10.801,10.584,10.643,3293651,0
ETRN.US,D,20211011,000000,10.83,10.939,10.599,10.643,3497403,0
ETRN.US,D,20211012,000000,10.594,10.751,10.515,10.732,3281891,0
ETRN.US,D,20211013,000000,10.613,10.85,10.534,10.81,2665167,0
ETRN.US,D,20211014,000000,10.978,11.047,10.889,11.047,1593377,0
ETRN.US,D,20211015,000000,11.205,11.352,11.027,11.027,4046097,0
ETRN.US,D,20211018,000000,11.096,11.259,11.047,11.136,1586590,0
ETRN.US,D,20211019,000000,11.145,11.224,11.017,11.155,2728909,0
ETRN.US,D,20211020,000000,11.106,11.254,10.948,11.155,4072625,0
ETRN.US,D,20211021,000000,11.106,11.175,10.751,10.84,2888249,0
ETRN.US,D,20211022,000000,10.879,10.939,10.722,10.889,1945354,0
ETRN.US,D,20211025,000000,10.929,11.131,10.83,11.096,2639643,0
ETRN.US,D,20211026,000000,11.086,11.205,10.781,10.801,2428996,0
ETRN.US,D,20211027,000000,10.717,10.84,10.594,10.702,2846589,0
ETRN.US,D,20211028,000000,10.663,10.791,10.525,10.603,2723248,0
ETRN.US,D,20211029,000000,10.603,10.712,10.116,10.16,10048425,0
ETRN.US,D,20211101,000000,10.18,10.53,10.13,10.35,4206908,0
ETRN.US,D,20211102,000000,10,10.73,9.9668,10.51,4450377,0
ETRN.US,D,20211103,000000,10.4,10.515,10.25,10.4,3408502,0
ETRN.US,D,20211104,000000,10.49,10.6,10.03,10.03,3940004,0
ETRN.US,D,20211105,000000,10.18,10.23,10.01,10.02,4174225,0
ETRN.US,D,20211108,000000,10.12,10.44,10.09,10.43,3083311,0
ETRN.US,D,20211109,000000,10.4,10.665,10.35,10.49,3842605,0
ETRN.US,D,20211110,000000,10.46,10.54,9.95,10.04,2407129,0
ETRN.US,D,20211111,000000,10.09,10.29,10.02,10.22,4332612,0
ETRN.US,D,20211112,000000,10.17,10.42,10.11,10.37,2828830,0
ETRN.US,D,20211115,000000,10.41,10.5,10.325,10.42,2486315,0
ETRN.US,D,20211116,000000,10.425,10.465,10.25,10.44,2696163,0
ETRN.US,D,20211117,000000,10.3,10.55,10.27,10.54,2124018,0
ETRN.US,D,20211118,000000,10.58,10.64,10.44,10.49,2546218,0
ETRN.US,D,20211119,000000,10.26,10.37,10.155,10.21,2861294,0
ETRN.US,D,20211122,000000,10.19,10.37,10.105,10.19,1766896,0
ETRN.US,D,20211123,000000,10.33,10.46,10.22,10.45,3201451,0
ETRN.US,D,20211124,000000,10.37,10.71,10.31,10.71,2719931,0
ETRN.US,D,20211126,000000,10.2,10.38,10.05,10.29,2631998,0
ETRN.US,D,20211129,000000,10.6,10.6,10,10.04,2627241,0
ETRN.US,D,20211130,000000,9.88,9.94,9.5426,9.62,3759878,0
ETRN.US,D,20211201,000000,9.96,9.99,9.38,9.38,3543688,0
ETRN.US,D,20211202,000000,9.44,9.715,9.37,9.7,2394608,0
ETRN.US,D,20211203,000000,9.8,9.81,9.57,9.59,3589057,0
ETRN.US,D,20211206,000000,9.8,9.97,9.56,9.83,3027300,0
ETRN.US,D,20211207,000000,9.95,10.11,9.91,9.93,3745567,0
ETRN.US,D,20211208,000000,10.02,10.17,10.01,10.17,2778250,0
ETRN.US,D,20211209,000000,10.05,10.09,9.86,9.87,4135811,0
ETRN.US,D,20211210,000000,10,10,9.62,9.84,6721792,0
ETRN.US,D,20211213,000000,9.69,9.815,9.27,9.42,4257049,0
ETRN.US,D,20211214,000000,9.37,9.7,9.31,9.52,8041270,0
ETRN.US,D,20211215,000000,9.48,9.675,9.38,9.62,6534579,0
ETRN.US,D,20211216,000000,10.06,10.21,9.85,9.94,4514136,0
ETRN.US,D,20211217,000000,9.87,10.12,9.79,9.92,8983102,0
ETRN.US,D,20211220,000000,9.79,9.95,9.55,9.92,3723310,0
ETRN.US,D,20211221,000000,10.04,10.25,10.015,10.09,2499777,0
ETRN.US,D,20211222,000000,10.11,10.16,9.805,10.06,2914055,0
ETRN.US,D,20211223,000000,10.12,10.23,10.105,10.17,1445206,0
ETRN.US,D,20211227,000000,10.18,10.38,10.01,10.38,1673627,0
ETRN.US,D,20211228,000000,10.37,10.49,10.16,10.19,1047122,0
ETRN.US,D,20211229,000000,10.19,10.3,10.05,10.13,1530147,0
ETRN.US,D,20211230,000000,10.15,10.26,10.085,10.09,1820424,0
ETRN.US,D,20211231,000000,10.095,10.355,10.04,10.34,2326390,0
ETRN.US,D,20220103,000000,10.33,10.43,10.23,10.35,2688227,0
ETRN.US,D,20220104,000000,10.4,10.47,10.26,10.26,3028437,0
ETRN.US,D,20220105,000000,10.43,10.455,10.1,10.13,3947905,0
ETRN.US,D,20220106,000000,10.37,10.55,10.21,10.37,5642751,0
ETRN.US,D,20220107,000000,10.4,10.43,10.26,10.35,3272591,0
ETRN.US,D,20220110,000000,10.39,10.48,10.19,10.47,4262371,0
ETRN.US,D,20220111,000000,10.56,10.64,10.29,10.58,2225323,0
ETRN.US,D,20220112,000000,10.59,10.73,10.55,10.64,2421652,0
ETRN.US,D,20220113,000000,10.64,10.89,10.63,10.73,1804753,0
ETRN.US,D,20220114,000000,10.76,11.15,10.69,11.14,3048604,0
ETRN.US,D,20220118,000000,11.15,11.22,10.795,10.86,5119869,0
ETRN.US,D,20220119,000000,10.96,10.99,10.715,10.81,3906511,0
ETRN.US,D,20220120,000000,10.67,10.9,10.5,10.56,2480315,0
ETRN.US,D,20220121,000000,10.52,10.625,10.31,10.34,2820419,0
