<TICKER>,<PER>,<DATE>,<TIME>,<OPEN>,<HIGH>,<LOW>,<CLOSE>,<VOL>,<OPENINT>
FFND.US,D,20210825,000000,25.51,25.5887,25.415,25.5061,54356,0
FFND.US,D,20210826,000000,25.57,25.57,25.155,25.16,35666,0
FFND.US,D,20210827,000000,25.47,25.53,25.29,25.45,42039,0
FFND.US,D,20210830,000000,25.69,25.69,25.46,25.6076,23777,0
FFND.US,D,20210831,000000,26.88,26.88,25.4668,25.5271,25249,0
FFND.US,D,20210901,000000,25.64,25.8192,25.5301,25.6458,14313,0
FFND.US,D,20210902,000000,25.87,25.87,25.59,25.6379,39152,0
FFND.US,D,20210903,000000,25.52,25.76,25.52,25.7326,13341,0
FFND.US,D,20210907,000000,25.75,25.85,25.75,25.78,17169,0
FFND.US,D,20210908,000000,26,27.11,25.4,25.4789,97591,0
FFND.US,D,20210909,000000,25.71,25.73,25.5075,25.565,60677,0
FFND.US,D,20210910,000000,25.85,25.85,25.333,25.333,27583,0
FFND.US,D,20210913,000000,25.68,25.68,24.7765,25.0891,18822,0
FFND.US,D,20210914,000000,25.45,25.45,24.89,24.9739,18546,0
FFND.US,D,20210915,000000,25.13,25.33,24.88,25.2995,44184,0
FFND.US,D,20210916,000000,25.42,25.4257,25.15,25.4257,30857,0
FFND.US,D,20210917,000000,25.5,25.5,25.215,25.3219,11284,0
FFND.US,D,20210920,000000,25.12,25.12,24.415,24.7222,26222,0
FFND.US,D,20210921,000000,25.07,25.1097,24.81,24.99,20726,0
FFND.US,D,20210922,000000,25.09,25.385,25.08,25.329,6879,0
FFND.US,D,20210923,000000,25.52,25.6917,25.52,25.6828,10896,0
FFND.US,D,20210924,000000,25.6,25.65,25.41,25.62,6292,0
FFND.US,D,20210927,000000,25.69,25.69,25.4401,25.5345,9150,0
FFND.US,D,20210928,000000,25.1001,25.11,24.7001,24.7851,31345,0
FFND.US,D,20210929,000000,24.63,24.88,24.4698,24.5085,14037,0
FFND.US,D,20210930,000000,24.66,24.66,24.4101,24.504,5377,0
FFND.US,D,20211001,000000,24.5,24.8,24.4601,24.7713,11634,0
FFND.US,D,20211004,000000,24.98,24.98,23.89,24.0122,13917,0
FFND.US,D,20211005,000000,24.27,24.58,24.27,24.4074,1991,0
FFND.US,D,20211006,000000,24.34,24.66,24.13,24.6121,14828,0
FFND.US,D,20211007,000000,25,25.29,24.9988,25.1287,9963,0
FFND.US,D,20211008,000000,25.03,25.2319,24.95,24.97,5299,0
FFND.US,D,20211011,000000,24.95,25.0521,24.776,24.776,4506,0
FFND.US,D,20211012,000000,24.855,25.015,24.85,24.9383,8246,0
FFND.US,D,20211013,000000,25.13,25.1643,25.0701,25.1643,3941,0
FFND.US,D,20211014,000000,25.45,25.58,25.45,25.5319,13375,0
FFND.US,D,20211015,000000,25.75,25.78,25.59,25.6758,12620,0
FFND.US,D,20211018,000000,25.85,26.0503,25.75,26.0503,14961,0
FFND.US,D,20211019,000000,26.27,26.32,26.14,26.1905,7454,0
FFND.US,D,20211020,000000,26.5,26.5,26.0524,26.0524,4250,0
FFND.US,D,20211021,000000,26.055,26.3899,26.055,26.359,5051,0
FFND.US,D,20211022,000000,26.54,26.54,25.73,25.889,15005,0
FFND.US,D,20211025,000000,26.18,26.41,25.9681,26.36,21542,0
FFND.US,D,20211026,000000,26.59,26.67,26.202,26.2314,30268,0
FFND.US,D,20211027,000000,26.42,26.54,26.1761,26.1761,7031,0
FFND.US,D,20211028,000000,26.6,26.7263,26.4,26.7263,6627,0
FFND.US,D,20211029,000000,27,27,26.68,26.9,36939,0
FFND.US,D,20211101,000000,27.3,27.3,27.01,27.2391,89707,0
FFND.US,D,20211102,000000,27.45,27.45,26.9001,27.0275,51149,0
FFND.US,D,20211103,000000,27.04,27.2292,26.9,27.1742,24651,0
FFND.US,D,20211104,000000,27.35,27.51,27.23,27.398,33384,0
FFND.US,D,20211105,000000,27.6,27.6,27.29,27.3442,33293,0
FFND.US,D,20211108,000000,27.15,27.54,27.15,27.45,15832,0
FFND.US,D,20211109,000000,27.25,27.41,26.86,27.01,41732,0
FFND.US,D,20211110,000000,26.95,26.95,26.265,26.51,19204,0
FFND.US,D,20211111,000000,26.8187,26.8187,26.62,26.67,13876,0
FFND.US,D,20211112,000000,26.5,26.87,26.5,26.84,10347,0
FFND.US,D,20211115,000000,26.83,26.83,26.455,26.56,16376,0
FFND.US,D,20211116,000000,26.56,26.9005,26.56,26.9005,14713,0
FFND.US,D,20211117,000000,26.9,26.91,26.572,26.67,12724,0
FFND.US,D,20211118,000000,26.85,26.85,26.41,26.56,6287,0
FFND.US,D,20211119,000000,26.46,26.635,26.41,26.52,15501,0
FFND.US,D,20211122,000000,26.49,26.604,25.8,26.01,12405,0
FFND.US,D,20211123,000000,26.1,26.1,25.32,25.6301,17880,0
FFND.US,D,20211124,000000,25.22,25.7,25.14,25.7,5802,0
FFND.US,D,20211126,000000,25.6,25.6,25.095,25.1718,7508,0
FFND.US,D,20211129,000000,25.41,25.584,25.27,25.54,9156,0
FFND.US,D,20211130,000000,25.46,25.5512,24.86,25.01,14300,0
FFND.US,D,20211201,000000,25.27,25.4099,24.2813,24.2962,18670,0
FFND.US,D,20211202,000000,24.54,24.68,24.09,24.5717,12705,0
FFND.US,D,20211203,000000,24.82,24.82,23.48,23.76,30488,0
FFND.US,D,20211206,000000,23.58,24.04,23.265,23.87,24647,0
FFND.US,D,20211207,000000,24.38,24.91,24.38,24.6978,19746,0
FFND.US,D,20211208,000000,24.95,25.1,24.71,24.9938,8303,0
FFND.US,D,20211209,000000,24.9552,24.9552,24.4187,24.4187,6862,0
FFND.US,D,20211210,000000,24.46,24.5,24.1,24.2416,9885,0
FFND.US,D,20211213,000000,24.13,24.195,23.7,23.7568,16379,0
FFND.US,D,20211214,000000,23.45,23.45,23.14,23.3151,8217,0
FFND.US,D,20211215,000000,23.17,23.824,23,23.548,6982,0
FFND.US,D,20211216,000000,23.74,23.74,23.01,23.0821,3763,0
FFND.US,D,20211217,000000,22.67,23.5017,22.67,23.3101,7952,0
FFND.US,D,20211220,000000,22.99,23.027,22.64,22.95,13763,0
FFND.US,D,20211221,000000,22.62,23.6299,22.62,23.5272,10985,0
FFND.US,D,20211222,000000,23.7,24.01,23.6,23.968,16110,0
FFND.US,D,20211223,000000,24.19,24.49,23.95,24.3546,7899,0
FFND.US,D,20211227,000000,24.5,24.71,24.5,24.67,10705,0
FFND.US,D,20211228,000000,24.75,24.75,24.3501,24.3642,8658,0
FFND.US,D,20211229,000000,24.2,24.428,24.16,24.3852,8285,0
FFND.US,D,20211230,000000,24.2901,24.7099,24.2901,24.68,11272,0
FFND.US,D,20211231,000000,24.94,24.94,24.18,24.2506,10250,0
FFND.US,D,20220103,000000,24.76,24.87,24.3501,24.6642,5805,0
FFND.US,D,20220104,000000,24.9,24.9,23.87,24.0224,6580,0
FFND.US,D,20220105,000000,24,24,22.92,22.9698,11594,0
FFND.US,D,20220106,000000,23.02,23.2817,22.6201,23.2817,1829,0
FFND.US,D,20220107,000000,23.28,23.28,22.6655,22.714,10518,0
FFND.US,D,20220110,000000,22.57,22.7286,22.03,22.7286,6684,0
FFND.US,D,20220111,000000,22.73,23.3109,22.73,23.3109,5835,0
FFND.US,D,20220112,000000,23.54,23.62,23.07,23.39,6689,0
FFND.US,D,20220113,000000,23.6,23.6,22.5374,22.5374,3225,0
FFND.US,D,20220114,000000,22.58,22.68,22.17,22.5348,5237,0
FFND.US,D,20220118,000000,22.53,22.53,21.8,21.839,12130,0
FFND.US,D,20220119,000000,22,22,21.465,21.466,39214,0
FFND.US,D,20220120,000000,21.8,22.0699,21.2444,21.2444,1915,0
FFND.US,D,20220121,000000,21.21,21.22,20.5,20.5384,19266,0
