<TICKER>,<PER>,<DATE>,<TIME>,<OPEN>,<HIGH>,<LOW>,<CLOSE>,<VOL>,<OPENINT>
FLME.US,D,20210421,000000,9.6,9.7,9.6,9.67,11257,0
FLME.US,D,20210422,000000,9.7,9.77,9.68,9.7,323039,0
FLME.US,D,20210423,000000,9.67,9.7,9.66,9.7,16534,0
FLME.US,D,20210426,000000,9.7,9.7499,9.7,9.72,25412,0
FLME.US,D,20210427,000000,9.72,9.72,9.72,9.72,3480,0
FLME.US,D,20210428,000000,9.72,9.72,9.7,9.72,7330,0
FLME.US,D,20210429,000000,9.76,9.76,9.69,9.7,292745,0
FLME.US,D,20210430,000000,9.64,9.73,9.64,9.6909,7269,0
FLME.US,D,20210503,000000,9.67,9.69,9.67,9.68,1685,0
FLME.US,D,20210504,000000,9.68,9.68,9.68,9.68,300,0
FLME.US,D,20210505,000000,9.7,9.7,9.7,9.7,249,0
FLME.US,D,20210506,000000,9.6984,9.7,9.69,9.7,6411,0
FLME.US,D,20210507,000000,9.68,9.7,9.67,9.68,16088,0
FLME.US,D,20210510,000000,9.705,9.705,9.68,9.68,15370,0
FLME.US,D,20210512,000000,9.66,9.66,9.66,9.66,502343,0
FLME.US,D,20210513,000000,9.67,9.67,9.67,9.67,1778,0
FLME.US,D,20210514,000000,9.7,9.7,9.7,9.7,2235,0
FLME.US,D,20210517,000000,9.66,9.68,9.61,9.61,137198,0
FLME.US,D,20210518,000000,9.63,9.65,9.63,9.65,6300,0
FLME.US,D,20210519,000000,9.64,9.64,9.64,9.64,1080,0
FLME.US,D,20210521,000000,9.62,9.63,9.62,9.62,78553,0
FLME.US,D,20210524,000000,9.6436,10.02,9.61,10.02,100618,0
FLME.US,D,20210525,000000,9.91,9.91,9.61,9.61,100926,0
FLME.US,D,20210526,000000,9.61,9.66,9.61,9.64,13395,0
FLME.US,D,20210527,000000,9.62,9.66,9.61,9.65,89250,0
FLME.US,D,20210528,000000,9.67,9.67,9.66,9.66,1363,0
FLME.US,D,20210601,000000,9.66,9.685,9.66,9.66,55702,0
FLME.US,D,20210602,000000,9.71,9.71,9.69,9.69,4524,0
FLME.US,D,20210603,000000,9.72,9.72,9.62,9.63,68417,0
FLME.US,D,20210604,000000,9.6464,9.6859,9.6201,9.65,5000,0
FLME.US,D,20210608,000000,9.66,9.66,9.66,9.66,3300,0
FLME.US,D,20210609,000000,9.68,9.68,9.63,9.67,21088,0
FLME.US,D,20210610,000000,9.71,9.71,9.64,9.65,43730,0
FLME.US,D,20210611,000000,9.66,9.66,9.64,9.64,24866,0
FLME.US,D,20210614,000000,9.64,9.64,9.63,9.64,6102,0
FLME.US,D,20210615,000000,9.65,9.65,9.64,9.65,80760,0
FLME.US,D,20210616,000000,9.65,9.65,9.65,9.65,1080,0
FLME.US,D,20210617,000000,9.65,9.67,9.65,9.67,11297,0
FLME.US,D,20210621,000000,9.66,9.66,9.64,9.64,18032,0
FLME.US,D,20210622,000000,9.65,9.65,9.645,9.645,1936,0
FLME.US,D,20210623,000000,9.65,9.65,9.65,9.65,1709,0
FLME.US,D,20210624,000000,9.64,9.67,9.63,9.63,9993,0
FLME.US,D,20210625,000000,9.65,9.66,9.6377,9.65,219957,0
FLME.US,D,20210628,000000,9.65,9.65,9.62,9.63,76642,0
FLME.US,D,20210629,000000,9.63,9.665,9.63,9.665,18564,0
FLME.US,D,20210630,000000,9.63,9.66,9.63,9.66,6309,0
FLME.US,D,20210701,000000,9.65,9.66,9.65,9.65,10346,0
FLME.US,D,20210702,000000,9.645,9.75,9.63,9.7,479613,0
FLME.US,D,20210706,000000,9.72,9.77,9.65,9.73,91971,0
FLME.US,D,20210707,000000,9.7,9.72,9.7,9.7,1690,0
FLME.US,D,20210708,000000,9.69,9.7,9.66,9.7,97629,0
FLME.US,D,20210709,000000,9.7,9.71,9.66,9.71,75559,0
FLME.US,D,20210712,000000,9.71,9.72,9.66,9.7,115785,0
FLME.US,D,20210713,000000,9.68,9.71,9.68,9.68,332230,0
FLME.US,D,20210714,000000,9.7,9.7,9.7,9.7,325,0
FLME.US,D,20210715,000000,9.68,9.69,9.65,9.69,23531,0
FLME.US,D,20210716,000000,9.67,9.67,9.64,9.65,28007,0
FLME.US,D,20210719,000000,9.625,9.63,9.57,9.58,608063,0
FLME.US,D,20210720,000000,9.6,9.61,9.59,9.6,34900,0
FLME.US,D,20210721,000000,9.61,9.6202,9.6,9.6,145199,0
FLME.US,D,20210722,000000,9.61,9.62,9.59,9.62,127858,0
FLME.US,D,20210723,000000,9.62,9.63,9.62,9.62,67657,0
FLME.US,D,20210726,000000,9.63,9.64,9.62,9.63,56494,0
FLME.US,D,20210727,000000,9.62,9.63,9.61,9.62,18382,0
FLME.US,D,20210728,000000,9.64,9.6529,9.61,9.62,28937,0
FLME.US,D,20210729,000000,9.62,9.63,9.61,9.63,3621,0
FLME.US,D,20210730,000000,9.63,9.7,9.63,9.67,54709,0
FLME.US,D,20210802,000000,9.68,9.7,9.66,9.7,15878,0
FLME.US,D,20210803,000000,9.63,9.7,9.63,9.7,25065,0
FLME.US,D,20210804,000000,9.69,9.69,9.69,9.69,1001,0
FLME.US,D,20210805,000000,9.68,9.69,9.66,9.69,8345,0
FLME.US,D,20210806,000000,9.7,9.7,9.68,9.69,25980,0
FLME.US,D,20210809,000000,9.71,9.75,9.7,9.71,28686,0
FLME.US,D,20210810,000000,9.7,9.7,9.66,9.6816,1500,0
FLME.US,D,20210811,000000,9.65,9.7,9.65,9.7,2290,0
FLME.US,D,20210812,000000,9.7,9.74,9.7,9.73,9360,0
FLME.US,D,20210813,000000,9.7,9.74,9.7,9.72,6523,0
FLME.US,D,20210816,000000,9.68,9.7,9.61,9.63,534849,0
FLME.US,D,20210817,000000,9.62,9.64,9.62,9.63,2377,0
FLME.US,D,20210818,000000,9.63,9.6315,9.6,9.63,37532,0
FLME.US,D,20210819,000000,9.61,9.63,9.61,9.62,133111,0
FLME.US,D,20210820,000000,9.61,9.63,9.61,9.63,13427,0
FLME.US,D,20210823,000000,9.61,9.64,9.61,9.63,112447,0
FLME.US,D,20210824,000000,9.62,9.63,9.62,9.63,25093,0
FLME.US,D,20210825,000000,9.62,9.64,9.62,9.64,61446,0
FLME.US,D,20210826,000000,9.63,9.64,9.63,9.63,14397,0
FLME.US,D,20210827,000000,9.63,9.6382,9.62,9.62,2425,0
FLME.US,D,20210830,000000,9.61,9.64,9.61,9.64,21210,0
FLME.US,D,20210831,000000,9.6,9.69,9.6,9.69,156118,0
FLME.US,D,20210901,000000,9.69,9.69,9.63,9.63,1747,0
FLME.US,D,20210902,000000,9.69,9.69,9.64,9.67,11065,0
FLME.US,D,20210903,000000,9.675,9.675,9.675,9.675,103,0
FLME.US,D,20210907,000000,9.64,9.66,9.64,9.66,357,0
FLME.US,D,20210908,000000,9.65,9.69,9.65,9.69,1692,0
FLME.US,D,20210909,000000,9.64,9.68,9.64,9.68,1550,0
FLME.US,D,20210910,000000,9.66,9.7,9.66,9.67,14144,0
FLME.US,D,20210913,000000,9.65,9.67,9.65,9.67,512,0
FLME.US,D,20210914,000000,9.66,9.7,9.66,9.7,1373,0
FLME.US,D,20210915,000000,9.71,9.72,9.68,9.72,3496,0
FLME.US,D,20210916,000000,9.72,9.73,9.71,9.73,1756,0
FLME.US,D,20210917,000000,9.68,9.79,9.68,9.77,13234,0
FLME.US,D,20210922,000000,9.71,9.725,9.7,9.7,253466,0
FLME.US,D,20210923,000000,9.7,9.73,9.68,9.68,2951,0
FLME.US,D,20210927,000000,9.69,9.69,9.69,9.69,217,0
FLME.US,D,20210928,000000,9.69,9.71,9.69,9.71,15123,0
FLME.US,D,20210930,000000,9.69,9.72,9.68,9.72,33023,0
FLME.US,D,20211001,000000,9.74,9.75,9.7,9.74,13098,0
FLME.US,D,20211004,000000,9.71,9.73,9.7,9.73,17046,0
FLME.US,D,20211007,000000,9.73,9.75,9.73,9.74,19321,0
FLME.US,D,20211008,000000,9.7,9.75,9.7,9.72,2546,0
FLME.US,D,20211011,000000,9.71,9.74,9.71,9.72,2941,0
FLME.US,D,20211012,000000,9.71,9.72,9.7,9.7,2308,0
FLME.US,D,20211013,000000,9.7,9.71,9.7,9.71,7046,0
FLME.US,D,20211015,000000,9.7,9.73,9.7,9.73,17552,0
FLME.US,D,20211018,000000,9.71,9.71,9.71,9.71,214,0
FLME.US,D,20211019,000000,9.71,9.75,9.7079,9.74,18036,0
FLME.US,D,20211020,000000,9.7372,9.7372,9.7372,9.7372,218,0
FLME.US,D,20211021,000000,9.73,9.73,9.73,9.73,756,0
FLME.US,D,20211025,000000,9.74,9.76,9.72,9.76,68521,0
FLME.US,D,20211026,000000,9.76,9.76,9.73,9.74,2255,0
FLME.US,D,20211027,000000,9.74,9.8,9.73,9.78,92711,0
FLME.US,D,20211028,000000,9.75,9.75,9.75,9.75,218,0
FLME.US,D,20211029,000000,9.77,9.77,9.77,9.77,1170,0
FLME.US,D,20211101,000000,9.78,9.78,9.73,9.75,8382,0
FLME.US,D,20211102,000000,9.78,9.78,9.75,9.75,129879,0
FLME.US,D,20211103,000000,9.75,9.77,9.75,9.77,51668,0
FLME.US,D,20211104,000000,9.75,9.78,9.74,9.78,209451,0
FLME.US,D,20211105,000000,9.78,9.78,9.75,9.78,10494,0
FLME.US,D,20211108,000000,9.79,9.79,9.78,9.78,10664,0
FLME.US,D,20211109,000000,9.76,9.78,9.75,9.77,18446,0
FLME.US,D,20211110,000000,9.76,9.76,9.76,9.76,200,0
FLME.US,D,20211111,000000,9.76,9.78,9.76,9.77,812,0
FLME.US,D,20211112,000000,9.77,9.77,9.77,9.77,428,0
FLME.US,D,20211115,000000,9.78,9.78,9.76,9.77,97204,0
FLME.US,D,20211116,000000,9.77,9.77,9.755,9.76,35220,0
FLME.US,D,20211117,000000,9.76,9.77,9.76,9.77,1595,0
FLME.US,D,20211118,000000,9.77,9.77,9.75,9.76,4973,0
FLME.US,D,20211119,000000,9.77,9.79,9.73,9.78,231362,0
FLME.US,D,20211122,000000,9.79,9.79,9.75,9.76,8410,0
FLME.US,D,20211123,000000,9.77,9.77,9.75,9.76,5487,0
FLME.US,D,20211124,000000,9.75,9.75,9.74,9.74,1718,0
FLME.US,D,20211126,000000,9.74,9.758,9.74,9.758,1617,0
FLME.US,D,20211129,000000,9.79,9.79,9.7469,9.7469,346,0
FLME.US,D,20211130,000000,9.75,9.75,9.74,9.75,9966,0
FLME.US,D,20211201,000000,9.75,9.76,9.75,9.76,4311,0
FLME.US,D,20211202,000000,9.74,9.77,9.74,9.75,81526,0
FLME.US,D,20211203,000000,9.74,9.74,9.74,9.74,196,0
FLME.US,D,20211206,000000,9.75,9.77,9.74,9.75,152152,0
FLME.US,D,20211207,000000,9.7401,9.76,9.74,9.75,9415,0
FLME.US,D,20211208,000000,9.76,9.76,9.72,9.75,109240,0
FLME.US,D,20211209,000000,9.74,9.75,9.71,9.74,673053,0
FLME.US,D,20211210,000000,9.75,9.75,9.72,9.725,17218,0
FLME.US,D,20211213,000000,9.74,9.74,9.72,9.72,2996,0
FLME.US,D,20211214,000000,9.74,9.75,9.74,9.75,10306,0
FLME.US,D,20211215,000000,9.74,9.75,9.72,9.72,118823,0
FLME.US,D,20211216,000000,9.74,9.7459,9.72,9.73,11363,0
FLME.US,D,20211217,000000,9.74,9.74,9.675,9.72,6960,0
FLME.US,D,20211220,000000,9.705,9.7135,9.705,9.7135,200,0
FLME.US,D,20211221,000000,9.7,9.705,9.7,9.7,20600,0
FLME.US,D,20211222,000000,9.69,9.72,9.69,9.72,25813,0
FLME.US,D,20211227,000000,9.72,9.73,9.68,9.705,25859,0
FLME.US,D,20211228,000000,9.72,9.7277,9.71,9.71,12901,0
FLME.US,D,20211229,000000,9.72,9.72,9.71,9.71,568,0
FLME.US,D,20211230,000000,9.72,9.72,9.72,9.72,728,0
FLME.US,D,20211231,000000,9.71,9.72,9.71,9.72,3220,0
FLME.US,D,20220103,000000,9.73,9.76,9.73,9.74,40847,0
FLME.US,D,20220104,000000,9.8,9.8,9.72,9.72,2136,0
FLME.US,D,20220105,000000,9.73,9.73,9.73,9.73,3301,0
FLME.US,D,20220106,000000,9.78,9.78,9.73,9.75,9325,0
FLME.US,D,20220107,000000,9.71,9.75,9.71,9.72,403590,0
FLME.US,D,20220110,000000,9.74,9.74,9.72,9.74,50412,0
FLME.US,D,20220111,000000,9.73,9.73,9.73,9.73,7611,0
FLME.US,D,20220112,000000,9.71,9.7398,9.71,9.72,32180,0
FLME.US,D,20220113,000000,9.7446,9.7446,9.72,9.73,1821,0
FLME.US,D,20220114,000000,9.7299,9.7299,9.7299,9.7299,1501,0
FLME.US,D,20220118,000000,9.72,9.73,9.72,9.72,2147,0
FLME.US,D,20220119,000000,9.72,9.73,9.72,9.73,5741,0
FLME.US,D,20220120,000000,9.73,9.74,9.71,9.72,66714,0
FLME.US,D,20220121,000000,9.72,9.73,9.72,9.72,18005,0
