<TICKER>,<PER>,<DATE>,<TIME>,<OPEN>,<HIGH>,<LOW>,<CLOSE>,<VOL>,<OPENINT>
FLOW.US,D,20150929,000000,34.202,34.362,31.563,33.415,1423526,0
FLOW.US,D,20150930,000000,33.963,34.58,33.365,34.292,754133,0
FLOW.US,D,20151001,000000,33.803,35.657,33.783,34.929,825119,0
FLOW.US,D,20151002,000000,34.342,35.357,34.142,35.157,502521,0
FLOW.US,D,20151005,000000,35.657,37.538,35.557,35.756,670594,0
FLOW.US,D,20151006,000000,35.157,37.848,34.969,37.738,270688,0
FLOW.US,D,20151007,000000,37.438,39.989,37.438,39.202,544791,0
FLOW.US,D,20151008,000000,38.545,41.891,38.545,40.785,472300,0
FLOW.US,D,20151009,000000,41.194,41.681,38.913,38.973,935462,0
FLOW.US,D,20151012,000000,39.391,39.79,37.977,38.016,128379,0
FLOW.US,D,20151013,000000,37.25,38.555,35.457,37.319,352618,0
FLOW.US,D,20151014,000000,37.191,37.778,35.864,36.562,607544,0
FLOW.US,D,20151015,000000,37.051,37.101,35.934,36.611,560956,0
FLOW.US,D,20151016,000000,36.601,36.991,35.547,36.334,555735,0
FLOW.US,D,20151019,000000,35.477,36.761,35.427,36.344,505533,0
FLOW.US,D,20151020,000000,36.164,38.245,35.919,37.977,399005,0
FLOW.US,D,20151021,000000,37.818,37.818,36.194,36.591,510654,0
FLOW.US,D,20151022,000000,37.091,37.478,36.044,36.344,359446,0
FLOW.US,D,20151023,000000,36.701,36.921,35.795,36.671,127814,0
FLOW.US,D,20151026,000000,36.542,36.821,33.645,34.54,977431,0
FLOW.US,D,20151027,000000,34.262,35.247,33.743,34.431,544992,0
FLOW.US,D,20151028,000000,34.78,36.761,33.883,35.637,664974,0
FLOW.US,D,20151029,000000,36.294,36.294,33.783,34.112,540675,0
FLOW.US,D,20151030,000000,34.262,34.83,33.196,33.763,533044,0
FLOW.US,D,20151102,000000,33.773,36.044,33.146,35.864,473726,0
FLOW.US,D,20151103,000000,35.776,36.264,34.87,34.949,308942,0
FLOW.US,D,20151104,000000,35.078,35.845,34.82,35.347,394664,0
FLOW.US,D,20151105,000000,35.287,35.567,34.55,35.059,183137,0
FLOW.US,D,20151106,000000,34.86,34.86,32.758,32.938,593186,0
FLOW.US,D,20151109,000000,32.728,32.728,31.154,31.563,465045,0
FLOW.US,D,20151110,000000,31.404,31.573,30.786,31.484,154622,0
FLOW.US,D,20151111,000000,31.474,31.474,30.875,31.334,317578,0
FLOW.US,D,20151112,000000,30.964,31.024,29.65,29.86,385049,0
FLOW.US,D,20151113,000000,29.61,30.118,29.093,29.89,242675,0
FLOW.US,D,20151116,000000,29.56,31.592,29.461,31.184,496597,0
FLOW.US,D,20151117,000000,31.354,32.528,30.637,31.821,349305,0
FLOW.US,D,20151118,000000,32.131,33.714,31.871,33.245,421696,0
FLOW.US,D,20151119,000000,32.598,33.156,31.741,32.828,278018,0
FLOW.US,D,20151120,000000,32.668,33.026,32.031,32.29,330931,0
FLOW.US,D,20151123,000000,32.319,32.319,31.751,31.961,175606,0
FLOW.US,D,20151124,000000,31.871,33.086,31.731,32.938,207133,0
FLOW.US,D,20151125,000000,32.918,33.913,32.918,33.615,135545,0
FLOW.US,D,20151127,000000,33.245,33.385,32.678,33.176,69681,0
FLOW.US,D,20151130,000000,33.216,34.023,33.066,33.465,204623,0
FLOW.US,D,20151201,000000,33.465,33.883,33.315,33.803,397706,0
FLOW.US,D,20151202,000000,33.664,33.783,33.116,33.595,400969,0
FLOW.US,D,20151203,000000,33.674,33.733,32.957,33.525,609694,0
FLOW.US,D,20151204,000000,33.325,33.595,32.778,33.305,356434,0
FLOW.US,D,20151207,000000,32.908,33.335,32.061,32.309,435652,0
FLOW.US,D,20151208,000000,31.324,31.951,30.865,30.964,581769,0
FLOW.US,D,20151209,000000,30.885,31.014,29.352,29.47,291473,0
FLOW.US,D,20151210,000000,29.332,30.069,28.903,29.68,409146,0
FLOW.US,D,20151211,000000,29.162,29.162,28.335,28.773,578125,0
FLOW.US,D,20151214,000000,28.575,28.833,26.801,26.931,506153,0
FLOW.US,D,20151215,000000,27.091,27.808,25.875,26.593,805038,0
FLOW.US,D,20151216,000000,27.369,27.369,25.467,25.757,507642,0
FLOW.US,D,20151217,000000,25.895,26.484,25.387,26.334,381233,0
FLOW.US,D,20151218,000000,26.434,26.881,26.004,26.731,946507,0
FLOW.US,D,20151221,000000,26.791,27.409,26.444,27.271,411053,0
FLOW.US,D,20151222,000000,27.171,28.126,27.021,28.027,569693,0
FLOW.US,D,20151223,000000,28.296,29.192,28.086,28.695,307035,0
FLOW.US,D,20151224,000000,28.734,29.023,28.555,28.943,105612,0
FLOW.US,D,20151228,000000,28.823,29.142,27.061,27.419,414674,0
FLOW.US,D,20151229,000000,27.449,27.778,27.161,27.668,179271,0
FLOW.US,D,20151230,000000,27.498,27.646,26.761,26.811,163115,0
FLOW.US,D,20151231,000000,26.652,27.968,26.583,27.798,205034,0
FLOW.US,D,20160104,000000,27.518,28.445,26.901,28.306,236699,0
FLOW.US,D,20160105,000000,28.335,28.335,26.642,26.861,210414,0
FLOW.US,D,20160106,000000,26.424,26.424,25.099,25.188,606310,0
FLOW.US,D,20160107,000000,24.73,24.75,24.043,24.302,351117,0
FLOW.US,D,20160108,000000,24.432,24.615,23.455,23.565,363080,0
FLOW.US,D,20160111,000000,23.585,23.625,22.738,23.455,209066,0
FLOW.US,D,20160112,000000,23.685,23.685,22.578,23.256,496590,0
FLOW.US,D,20160113,000000,23.326,23.545,22.908,23.216,666734,0
FLOW.US,D,20160114,000000,23.236,23.356,22.648,23.096,651237,0
FLOW.US,D,20160115,000000,22.489,22.638,22.191,22.429,422083,0
FLOW.US,D,20160119,000000,22.628,22.858,21.494,21.574,540775,0
FLOW.US,D,20160120,000000,21.164,21.194,19.94,20.767,648562,0
FLOW.US,D,20160121,000000,20.974,21.791,20.945,21.414,468135,0
FLOW.US,D,20160122,000000,21.831,22.379,21.589,21.951,630139,0
FLOW.US,D,20160125,000000,21.653,21.991,21.114,21.144,233919,0
FLOW.US,D,20160126,000000,21.354,22.369,21.164,22.35,611069,0
FLOW.US,D,20160127,000000,22.231,24.232,22.231,24.053,553326,0
FLOW.US,D,20160128,000000,24.113,24.5,22.34,22.469,246402,0
FLOW.US,D,20160129,000000,22.409,23.754,22.409,23.744,269396,0
FLOW.US,D,20160201,000000,23.296,23.725,22.211,22.399,257377,0
FLOW.US,D,20160202,000000,21.931,21.971,20.637,20.767,386056,0
FLOW.US,D,20160203,000000,21.024,21.044,19.77,20.337,489797,0
FLOW.US,D,20160204,000000,20.407,21.831,20.407,21.294,440731,0
FLOW.US,D,20160205,000000,21.164,21.604,20.777,21.544,435780,0
FLOW.US,D,20160208,000000,21.204,21.613,20.832,21.404,737262,0
FLOW.US,D,20160209,000000,20.994,21.484,20.467,20.727,436218,0
FLOW.US,D,20160210,000000,15.337,17.321,15.337,15.697,1602990,0
FLOW.US,D,20160211,000000,16.812,17.748,14.79,16.394,1778932,0
FLOW.US,D,20160212,000000,16.174,17.161,16.134,16.274,591233,0
FLOW.US,D,20160216,000000,16.594,16.901,16.274,16.324,613828,0
FLOW.US,D,20160217,000000,17.041,17.509,16.692,16.821,632057,0
FLOW.US,D,20160218,000000,17.081,17.081,16.614,16.821,430986,0
FLOW.US,D,20160219,000000,16.772,16.772,16.18,16.254,386021,0
FLOW.US,D,20160222,000000,16.584,17.678,16.564,17.648,824498,0
FLOW.US,D,20160223,000000,17.619,17.858,17.021,17.609,356508,0
FLOW.US,D,20160224,000000,17.439,17.838,16.454,17.798,406522,0
FLOW.US,D,20160225,000000,17.908,18.426,17.365,18.336,324841,0
FLOW.US,D,20160226,000000,18.446,19.322,18.396,19.253,497343,0
FLOW.US,D,20160229,000000,19.253,19.452,18.655,18.655,310529,0
FLOW.US,D,20160301,000000,18.814,19.905,18.705,19.62,225424,0
FLOW.US,D,20160302,000000,19.56,19.87,19.491,19.86,307703,0
FLOW.US,D,20160303,000000,19.85,20.537,19.71,19.84,686020,0
FLOW.US,D,20160304,000000,19.9,20.218,19.253,19.352,488157,0
FLOW.US,D,20160307,000000,19.223,20.417,19.223,20.367,319088,0
FLOW.US,D,20160308,000000,20.09,20.457,19.58,19.63,577028,0
FLOW.US,D,20160309,000000,19.78,20.777,19.68,20.557,319597,0
FLOW.US,D,20160310,000000,21.214,22.439,21.214,22.389,541943,0
FLOW.US,D,20160311,000000,22.529,23.008,22.379,22.938,400539,0
FLOW.US,D,20160314,000000,22.698,23.963,22.549,23.933,417351,0
FLOW.US,D,20160315,000000,23.645,24.471,23.306,24.292,673038,0
FLOW.US,D,20160316,000000,24.113,24.629,21.702,24.422,425468,0
FLOW.US,D,20160317,000000,24.212,25.727,24.168,25.198,367119,0
FLOW.US,D,20160318,000000,25.287,25.787,24.81,25.387,515888,0
FLOW.US,D,20160321,000000,25.437,26.224,25.297,25.677,154755,0
FLOW.US,D,20160322,000000,25.487,26.613,25.487,26.424,322946,0
FLOW.US,D,20160323,000000,26.544,26.861,25.109,25.119,412081,0
FLOW.US,D,20160324,000000,24.92,25.865,24.362,25.856,253782,0
FLOW.US,D,20160328,000000,25.747,25.747,24.227,24.89,257421,0
FLOW.US,D,20160329,000000,24.71,25.547,24.332,25.517,186530,0
FLOW.US,D,20160330,000000,25.847,26.314,24.94,25.447,373724,0
FLOW.US,D,20160331,000000,25.247,25.247,24.57,24.98,406255,0
FLOW.US,D,20160401,000000,24.6,24.85,23.893,24.332,341487,0
FLOW.US,D,20160404,000000,24.372,24.94,23.903,24.003,473011,0
FLOW.US,D,20160405,000000,23.793,24.242,23.793,24.193,409034,0
FLOW.US,D,20160406,000000,24.292,24.402,23.615,24.222,296867,0
FLOW.US,D,20160407,000000,24.103,24.505,23.814,24.053,375338,0
FLOW.US,D,20160408,000000,24.422,25.687,24.302,25.687,254208,0
FLOW.US,D,20160411,000000,25.777,26.394,25.667,26.074,260337,0
FLOW.US,D,20160412,000000,26.074,26.941,26.064,26.424,260816,0
FLOW.US,D,20160413,000000,26.554,26.781,25.984,26.054,602776,0
FLOW.US,D,20160414,000000,26.274,26.921,25.875,26.504,412364,0
FLOW.US,D,20160415,000000,26.573,26.881,26.344,26.871,326193,0
FLOW.US,D,20160418,000000,26.821,27.678,26.113,27.121,496696,0
FLOW.US,D,20160419,000000,27.379,28.156,27.141,28.156,286769,0
FLOW.US,D,20160420,000000,28.056,28.116,26.791,27.261,319299,0
FLOW.US,D,20160421,000000,27.261,28.415,27.121,28.345,414099,0
FLOW.US,D,20160422,000000,28.595,29.083,28.266,29.033,320131,0
FLOW.US,D,20160425,000000,28.913,29.232,27.848,27.948,456336,0
FLOW.US,D,20160426,000000,28.206,29.023,27.364,29.023,367957,0
FLOW.US,D,20160427,000000,29.083,29.999,28.725,29.88,364881,0
FLOW.US,D,20160428,000000,29.65,29.93,29.123,29.72,400332,0
FLOW.US,D,20160429,000000,29.79,29.93,29.352,29.84,464295,0
FLOW.US,D,20160502,000000,29.94,30.487,29.332,30.317,550284,0
FLOW.US,D,20160503,000000,30.118,30.456,29.71,29.94,584547,0
FLOW.US,D,20160504,000000,31.434,31.434,26.603,28.056,1004856,0
FLOW.US,D,20160505,000000,28.754,30.148,28.645,29.332,426446,0
FLOW.US,D,20160506,000000,29.47,29.94,29.322,29.77,274345,0
FLOW.US,D,20160509,000000,29.74,29.75,28.665,29.352,313547,0
FLOW.US,D,20160510,000000,29.292,31.299,29.073,30.825,694850,0
FLOW.US,D,20160511,000000,30.994,31.454,30.487,30.527,514779,0
FLOW.US,D,20160512,000000,30.637,30.914,29.954,30.069,398311,0
FLOW.US,D,20160513,000000,30.875,31.114,30.059,30.227,296066,0
FLOW.US,D,20160516,000000,30.397,30.697,29.83,29.83,264803,0
FLOW.US,D,20160517,000000,29.74,30.098,28.585,28.813,528956,0
FLOW.US,D,20160518,000000,28.425,29.142,28.226,28.883,339539,0
FLOW.US,D,20160519,000000,28.455,28.933,26.921,27.081,469224,0
FLOW.US,D,20160520,000000,27.101,28.216,27.061,27.568,324063,0
FLOW.US,D,20160523,000000,27.558,27.973,27.271,27.738,211018,0
FLOW.US,D,20160524,000000,27.928,28.465,27.528,28.375,252015,0
FLOW.US,D,20160525,000000,28.435,29.222,28.375,29.142,268433,0
FLOW.US,D,20160526,000000,29.312,29.52,28.734,28.883,162764,0
FLOW.US,D,20160527,000000,28.843,29.451,28.695,29.392,195658,0
FLOW.US,D,20160531,000000,29.421,30.039,29.421,29.85,243781,0
FLOW.US,D,20160601,000000,29.51,29.974,28.665,29.82,215782,0
FLOW.US,D,20160602,000000,29.76,30.407,29.49,30.138,187532,0
FLOW.US,D,20160603,000000,30.089,30.337,29.51,29.89,230300,0
FLOW.US,D,20160606,000000,30.197,30.806,30.138,30.637,214859,0
FLOW.US,D,20160607,000000,30.737,31.044,30.637,30.747,228194,0
FLOW.US,D,20160608,000000,30.974,31.354,30.667,30.707,183372,0
FLOW.US,D,20160609,000000,30.297,30.627,29.88,30.227,252379,0
FLOW.US,D,20160610,000000,30.009,30.009,29.142,29.78,191463,0
FLOW.US,D,20160613,000000,29.63,29.64,28.116,28.385,287731,0
FLOW.US,D,20160614,000000,28.037,28.933,27.469,28.883,309388,0
FLOW.US,D,20160615,000000,28.843,29.49,28.605,29.252,256779,0
FLOW.US,D,20160616,000000,28.813,28.973,28.056,28.883,233062,0
FLOW.US,D,20160617,000000,29.182,30.437,29.162,29.7,354325,0
FLOW.US,D,20160620,000000,30.197,30.776,30.049,30.387,286998,0
FLOW.US,D,20160621,000000,30.377,30.527,29.242,29.87,333690,0
FLOW.US,D,20160622,000000,29.88,29.969,29.362,29.72,152083,0
FLOW.US,D,20160623,000000,29.88,30.407,29.88,30.197,507427,0
FLOW.US,D,20160624,000000,28.395,28.754,27.171,27.419,3260280,0
FLOW.US,D,20160627,000000,27.131,27.131,24.57,24.7,680051,0
FLOW.US,D,20160628,000000,25.01,25.149,24.023,24.372,854729,0
FLOW.US,D,20160629,000000,24.73,25.587,24.585,25.467,803016,0
FLOW.US,D,20160630,000000,25.417,26.024,25.079,25.964,385799,0
FLOW.US,D,20160701,000000,25.677,26.394,25.497,25.647,392690,0
FLOW.US,D,20160705,000000,25.297,25.607,23.405,23.973,501441,0
FLOW.US,D,20160706,000000,23.685,24.89,23.515,24.88,653986,0
FLOW.US,D,20160707,000000,24.93,25.856,24.93,25.427,307666,0
FLOW.US,D,20160708,000000,25.924,26.564,25.367,26.554,433026,0
FLOW.US,D,20160711,000000,26.761,27.131,26.761,26.911,617036,0
FLOW.US,D,20160712,000000,27.101,27.528,26.951,27.141,431255,0
FLOW.US,D,20160713,000000,27.191,27.489,27.041,27.221,256617,0
FLOW.US,D,20160714,000000,27.409,28.166,27.225,27.439,344194,0
FLOW.US,D,20160715,000000,27.628,27.738,27.271,27.578,326598,0
FLOW.US,D,20160718,000000,27.479,27.868,27.081,27.838,198193,0
FLOW.US,D,20160719,000000,27.618,27.618,26.912,26.981,224461,0
FLOW.US,D,20160720,000000,26.981,27.281,26.544,27.001,197385,0
FLOW.US,D,20160721,000000,27.091,28.196,27.056,28.046,408874,0
FLOW.US,D,20160722,000000,28.007,28.225,27.33,27.409,309500,0
FLOW.US,D,20160725,000000,27.211,27.379,26.394,26.911,239275,0
FLOW.US,D,20160726,000000,26.901,28.136,26.901,27.978,163445,0
FLOW.US,D,20160727,000000,28.086,28.345,27.588,27.858,176576,0
FLOW.US,D,20160728,000000,27.818,27.968,27.508,27.708,188159,0
FLOW.US,D,20160729,000000,27.658,27.738,27.051,27.171,338031,0
FLOW.US,D,20160801,000000,27.031,27.33,26.652,27.231,201541,0
FLOW.US,D,20160802,000000,27.211,27.281,25.847,26.084,242031,0
FLOW.US,D,20160803,000000,25.974,27.31,25.915,26.544,342348,0
FLOW.US,D,20160804,000000,26.114,26.354,25.247,25.327,302020,0
FLOW.US,D,20160805,000000,25.397,26.004,25.397,25.557,382971,0
FLOW.US,D,20160808,000000,25.707,26.254,25.447,25.547,352003,0
FLOW.US,D,20160809,000000,25.557,25.895,24.88,25.247,713640,0
FLOW.US,D,20160810,000000,25.427,25.905,25.099,25.357,345624,0
FLOW.US,D,20160811,000000,25.577,26.861,25.467,26.583,322396,0
FLOW.US,D,20160812,000000,26.613,26.721,25.924,26.204,184202,0
FLOW.US,D,20160815,000000,26.224,26.931,26.224,26.851,191048,0
FLOW.US,D,20160816,000000,26.841,27.349,26.484,26.761,384162,0
FLOW.US,D,20160817,000000,26.681,26.941,26.394,26.613,250462,0
FLOW.US,D,20160818,000000,26.583,27.489,26.534,27.409,344451,0
FLOW.US,D,20160819,000000,27.3,28.266,26.981,28.136,264251,0
FLOW.US,D,20160822,000000,27.898,28.525,27.081,28.405,331730,0
FLOW.US,D,20160823,000000,28.465,29.87,28.345,29.5,514828,0
FLOW.US,D,20160824,000000,29.56,29.56,28.963,29.232,487818,0
FLOW.US,D,20160825,000000,29.132,29.75,28.933,29.52,513950,0
FLOW.US,D,20160826,000000,29.59,29.89,29.282,29.79,262027,0
FLOW.US,D,20160829,000000,29.81,29.979,29.52,29.57,180951,0
FLOW.US,D,20160830,000000,29.55,29.83,29.247,29.342,338536,0
FLOW.US,D,20160831,000000,29.252,29.411,28.993,29.292,314650,0
FLOW.US,D,20160901,000000,29.312,29.62,29.192,29.56,231857,0
FLOW.US,D,20160902,000000,29.85,30.177,29.64,29.92,267469,0
FLOW.US,D,20160906,000000,29.979,30.227,29.578,29.73,248190,0
FLOW.US,D,20160907,000000,29.81,30.029,29.431,29.77,253337,0
FLOW.US,D,20160908,000000,29.8,29.959,29.6,29.66,197594,0
FLOW.US,D,20160909,000000,29.292,29.69,28.813,28.993,334553,0
FLOW.US,D,20160912,000000,28.435,28.948,28.435,28.853,226470,0
FLOW.US,D,20160913,000000,28.515,28.665,26.875,27.031,292243,0
FLOW.US,D,20160914,000000,26.921,27.091,26.444,26.851,413455,0
FLOW.US,D,20160915,000000,26.961,27.978,26.881,27.958,309173,0
FLOW.US,D,20160916,000000,27.688,28.017,27.389,27.728,346025,0
FLOW.US,D,20160919,000000,28.027,28.585,27.818,28.206,257958,0
FLOW.US,D,20160920,000000,28.535,28.793,27.938,28.007,342667,0
FLOW.US,D,20160921,000000,28.365,29.54,28.365,29.421,612856,0
FLOW.US,D,20160922,000000,29.78,30.617,29.78,30.187,311931,0
FLOW.US,D,20160923,000000,29.75,30.307,29.54,29.86,476899,0
FLOW.US,D,20160926,000000,29.69,29.88,28.983,29.013,293090,0
FLOW.US,D,20160927,000000,28.823,29.003,28.415,28.903,262997,0
FLOW.US,D,20160928,000000,29.073,29.82,29.073,29.57,324690,0
FLOW.US,D,20160929,000000,29.59,30.622,29.342,30.387,348416,0
FLOW.US,D,20160930,000000,30.507,30.934,30.482,30.796,350959,0
FLOW.US,D,20161003,000000,30.707,30.875,30.267,30.487,313020,0
FLOW.US,D,20161004,000000,30.507,30.796,29.89,30.118,310563,0
FLOW.US,D,20161005,000000,30.337,30.796,30.168,30.487,221593,0
FLOW.US,D,20161006,000000,30.397,30.397,28.863,29.49,377442,0
FLOW.US,D,20161007,000000,29.302,29.382,27.858,28.056,461354,0
FLOW.US,D,20161010,000000,28.146,28.355,27.648,27.658,247443,0
FLOW.US,D,20161011,000000,27.708,27.948,27.32,27.518,354202,0
FLOW.US,D,20161012,000000,27.608,27.653,26.891,27.251,392846,0
FLOW.US,D,20161013,000000,26.891,26.971,26.114,26.881,432126,0
FLOW.US,D,20161014,000000,26.991,27.32,26.573,26.831,208339,0
FLOW.US,D,20161017,000000,26.791,26.911,26.144,26.174,175482,0
FLOW.US,D,20161018,000000,24.222,25.552,23.764,25.427,878583,0
FLOW.US,D,20161019,000000,25.327,26.554,25.021,26.244,621141,0
FLOW.US,D,20161020,000000,26.084,26.781,26.034,26.681,420933,0
FLOW.US,D,20161021,000000,26.194,27.161,26.064,26.921,416895,0
FLOW.US,D,20161024,000000,27.081,27.459,26.284,26.544,335024,0
FLOW.US,D,20161025,000000,26.404,26.554,26.294,26.424,395016,0
FLOW.US,D,20161026,000000,26.464,26.831,25.964,26.741,346312,0
FLOW.US,D,20161027,000000,26.791,26.896,26.334,26.494,353333,0
FLOW.US,D,20161028,000000,26.504,26.751,25.417,25.487,297930,0
FLOW.US,D,20161031,000000,25.457,25.727,24.92,24.99,444614,0
FLOW.US,D,20161101,000000,25.198,25.198,23.983,24.222,653068,0
FLOW.US,D,20161102,000000,23.735,24.74,22.251,23.047,1065837,0
FLOW.US,D,20161103,000000,22.778,24.023,22.778,23.973,985370,0
FLOW.US,D,20161104,000000,23.973,24.69,23.705,23.823,384592,0
FLOW.US,D,20161107,000000,24.412,24.82,24.178,24.51,315482,0
FLOW.US,D,20161108,000000,24.481,24.98,24.048,24.74,313647,0
FLOW.US,D,20161109,000000,24.87,26.711,24.78,26.652,428826,0
FLOW.US,D,20161110,000000,27.161,28.675,26.652,28.605,569917,0
FLOW.US,D,20161111,000000,28.246,29.75,28.246,29.69,595279,0
FLOW.US,D,20161114,000000,29.87,30.527,29.85,30.217,409905,0
FLOW.US,D,20161115,000000,28.704,29.84,28.435,29.82,446414,0
FLOW.US,D,20161116,000000,29.82,29.85,29.461,29.62,339708,0
FLOW.US,D,20161117,000000,29.73,30.148,29.292,29.5,253339,0
FLOW.US,D,20161118,000000,29.62,30.267,29.431,30.079,267839,0
FLOW.US,D,20161121,000000,30.197,30.984,30.197,30.587,224941,0
FLOW.US,D,20161122,000000,30.757,31.134,30.317,30.737,254413,0
FLOW.US,D,20161123,000000,30.457,31.394,30.457,31.344,161956,0
FLOW.US,D,20161125,000000,30.964,31.458,30.402,31.014,116112,0
FLOW.US,D,20161128,000000,30.984,31.094,30.437,30.507,239002,0
FLOW.US,D,20161129,000000,30.457,30.567,29.87,30.099,124407,0
FLOW.US,D,20161130,000000,30.507,31.384,30.507,31.214,255323,0
FLOW.US,D,20161201,000000,31.474,32.868,31.104,32.101,396660,0
FLOW.US,D,20161202,000000,32.031,32.061,31.036,31.294,288494,0
FLOW.US,D,20161205,000000,31.861,32.319,31.781,31.911,302237,0
FLOW.US,D,20161206,000000,32.041,32.379,31.573,32.241,310275,0
FLOW.US,D,20161207,000000,32.131,32.558,32.061,32.528,250962,0
FLOW.US,D,20161208,000000,32.758,32.987,32.201,32.668,255221,0
FLOW.US,D,20161209,000000,32.528,32.798,32.428,32.778,170972,0
FLOW.US,D,20161212,000000,32.708,32.828,31.951,32.161,325224,0
FLOW.US,D,20161213,000000,32.708,33.724,31.841,32.011,182984,0
FLOW.US,D,20161214,000000,31.721,32.438,31.064,31.114,198370,0
FLOW.US,D,20161215,000000,31.034,32.091,30.207,31.641,285638,0
FLOW.US,D,20161216,000000,31.721,31.721,30.597,30.845,552175,0
FLOW.US,D,20161219,000000,31.024,31.801,30.767,31.524,403265,0
FLOW.US,D,20161220,000000,31.831,33.066,31.464,32.399,199244,0
FLOW.US,D,20161221,000000,32.26,32.468,31.721,32.131,232022,0
FLOW.US,D,20161222,000000,32.161,32.428,31.631,32.418,189293,0
FLOW.US,D,20161223,000000,32.369,32.628,31.921,32.369,195782,0
FLOW.US,D,20161227,000000,32.379,32.628,31.871,32.538,129928,0
FLOW.US,D,20161228,000000,32.528,32.898,31.801,32.061,161031,0
FLOW.US,D,20161229,000000,32.161,32.518,31.931,32.201,168776,0
FLOW.US,D,20161230,000000,32.309,32.508,31.771,31.931,172127,0
FLOW.US,D,20170103,000000,32.389,33.196,31.918,33.166,180931,0
FLOW.US,D,20170104,000000,33.186,33.625,32.997,33.255,218993,0
FLOW.US,D,20170105,000000,32.977,33.545,31.801,31.901,480021,0
FLOW.US,D,20170106,000000,32.231,33.684,32.011,33.056,201710,0
FLOW.US,D,20170109,000000,32.728,33.216,32.096,32.957,215873,0
FLOW.US,D,20170110,000000,32.997,33.973,32.997,33.694,263241,0
FLOW.US,D,20170111,000000,33.704,35.397,33.435,35.377,270664,0
FLOW.US,D,20170112,000000,35.177,35.372,34.381,34.959,319554,0
FLOW.US,D,20170113,000000,35.128,35.677,34.8,34.949,238803,0
FLOW.US,D,20170117,000000,34.86,35.118,33.778,33.883,176422,0
FLOW.US,D,20170118,000000,33.953,34.5,33.782,34.48,563064,0
FLOW.US,D,20170119,000000,34.58,35.138,34.49,34.879,275816,0
FLOW.US,D,20170120,000000,35.069,35.287,34.845,35.187,169499,0
FLOW.US,D,20170123,000000,35.009,35.357,34.092,34.322,169432,0
FLOW.US,D,20170124,000000,34.371,35.537,34.371,35.227,221270,0
FLOW.US,D,20170125,000000,35.357,36.354,35.357,36.344,175105,0
FLOW.US,D,20170126,000000,36.354,36.522,35.825,36.194,206968,0
FLOW.US,D,20170127,000000,36.324,36.681,36.024,36.414,125221,0
FLOW.US,D,20170130,000000,36.154,36.154,35.187,35.287,162995,0
FLOW.US,D,20170131,000000,35.059,35.347,34.45,34.75,318861,0
FLOW.US,D,20170201,000000,35.078,35.776,35.019,35.706,214705,0
FLOW.US,D,20170202,000000,35.657,35.864,35.059,35.687,174138,0
FLOW.US,D,20170203,000000,35.954,36.621,35.756,36.522,129909,0
FLOW.US,D,20170206,000000,36.484,36.484,35.477,35.637,132797,0
FLOW.US,D,20170207,000000,35.657,36.184,35.352,35.637,393818,0
FLOW.US,D,20170208,000000,34.81,35.726,33.595,33.763,416809,0
FLOW.US,D,20170209,000000,33.953,35.367,33.953,35.327,349973,0
FLOW.US,D,20170210,000000,35.367,35.954,35.197,35.507,267340,0
FLOW.US,D,20170213,000000,35.547,36.034,35.337,35.497,149821,0
FLOW.US,D,20170214,000000,35.337,35.367,34.322,34.86,298362,0
FLOW.US,D,20170215,000000,34.79,35.044,34.272,34.381,221893,0
FLOW.US,D,20170216,000000,34.362,34.66,33.873,34.102,355957,0
FLOW.US,D,20170217,000000,33.923,34.082,33.116,33.674,213628,0
FLOW.US,D,20170221,000000,33.635,34.57,33.635,34.51,108437,0
FLOW.US,D,20170222,000000,34.212,34.401,33.53,33.743,210096,0
FLOW.US,D,20170223,000000,33.823,33.823,32.508,33.395,405362,0
FLOW.US,D,20170224,000000,32.758,33.763,32.758,33.753,151213,0
FLOW.US,D,20170227,000000,33.843,34.68,33.505,34.66,191508,0
FLOW.US,D,20170228,000000,34.5,34.68,33.635,33.863,235443,0
FLOW.US,D,20170301,000000,34.53,36.134,34.53,36.004,291690,0
FLOW.US,D,20170302,000000,35.716,35.716,34.082,34.152,157512,0
FLOW.US,D,20170303,000000,34.172,34.312,33.743,34.082,120814,0
FLOW.US,D,20170306,000000,33.674,34.172,33.305,33.445,176534,0
FLOW.US,D,20170307,000000,33.475,33.679,32.977,33.016,167687,0
FLOW.US,D,20170308,000000,33.016,33.44,32.231,32.3,218683,0
FLOW.US,D,20170309,000000,31.971,32.508,30.934,31.054,240420,0
FLOW.US,D,20170310,000000,31.384,32.061,31.224,31.851,214312,0
FLOW.US,D,20170313,000000,31.871,32.878,31.871,32.818,181099,0
FLOW.US,D,20170314,000000,32.231,32.438,31.884,31.951,101289,0
FLOW.US,D,20170315,000000,32.071,32.967,32.001,32.728,234077,0
FLOW.US,D,20170316,000000,32.878,33.555,32.418,32.478,123754,0
FLOW.US,D,20170317,000000,32.848,33.116,32.618,33.076,539415,0
FLOW.US,D,20170320,000000,33.066,33.106,32.579,32.758,111209,0
FLOW.US,D,20170321,000000,32.838,33.166,31.444,31.911,296614,0
FLOW.US,D,20170322,000000,31.851,32.748,31.524,32.438,265095,0
FLOW.US,D,20170323,000000,32.478,33.54,32.132,33.116,223076,0
FLOW.US,D,20170324,000000,33.435,33.595,31.861,32.379,234914,0
FLOW.US,D,20170327,000000,31.801,32.718,31.504,32.608,103860,0
FLOW.US,D,20170328,000000,32.598,33.495,32.448,33.335,115395,0
FLOW.US,D,20170329,000000,33.255,33.783,33.056,33.395,116395,0
FLOW.US,D,20170330,000000,33.385,34.59,33.385,33.803,181039,0
FLOW.US,D,20170331,000000,33.664,34.74,33.515,34.57,305518,0
FLOW.US,D,20170403,000000,34.63,34.69,33.012,33.535,175651,0
FLOW.US,D,20170404,000000,33.495,34.003,33.445,33.793,105182,0
FLOW.US,D,20170405,000000,34.053,34.865,33.455,33.714,205878,0
FLOW.US,D,20170406,000000,33.753,34.79,33.535,34.58,116625,0
FLOW.US,D,20170407,000000,34.5,34.84,34.222,34.65,130335,0
FLOW.US,D,20170410,000000,34.81,35.517,34.75,35.237,117937,0
FLOW.US,D,20170411,000000,35.167,36.024,34.86,35.994,199689,0
FLOW.US,D,20170412,000000,35.904,36.244,34.411,34.57,112468,0
FLOW.US,D,20170413,000000,34.44,34.58,33.395,33.485,139804,0
FLOW.US,D,20170417,000000,33.615,34.262,33.505,34.222,89948,0
FLOW.US,D,20170418,000000,33.933,34.56,33.933,34.391,143248,0
FLOW.US,D,20170419,000000,34.6,35.157,34.5,34.7,134903,0
FLOW.US,D,20170420,000000,34.939,35.909,34.939,35.795,136929,0
FLOW.US,D,20170421,000000,35.677,35.874,34.86,35.317,291754,0
FLOW.US,D,20170424,000000,36.124,36.731,35.964,36.354,218233,0
FLOW.US,D,20170425,000000,36.503,37.011,36.214,36.454,305422,0
FLOW.US,D,20170426,000000,36.444,37.101,36.234,36.493,176031,0
FLOW.US,D,20170427,000000,36.631,36.631,36.074,36.224,124782,0
FLOW.US,D,20170428,000000,36.244,36.474,35.944,35.994,156900,0
FLOW.US,D,20170501,000000,36.084,36.552,35.756,36.374,151548,0
FLOW.US,D,20170502,000000,36.404,36.706,35.477,35.864,194364,0
FLOW.US,D,20170503,000000,35.317,37.061,35.317,36.434,289620,0
FLOW.US,D,20170504,000000,36.681,36.731,35.667,35.756,304955,0
FLOW.US,D,20170505,000000,35.984,37.319,35.984,37.141,221820,0
FLOW.US,D,20170508,000000,37.141,38.385,36.971,37.937,303262,0
FLOW.US,D,20170509,000000,38.026,38.59,37.778,38.066,149274,0
FLOW.US,D,20170510,000000,38.046,38.305,37.818,37.977,219872,0
FLOW.US,D,20170511,000000,37.778,38.285,37.255,38.136,213454,0
FLOW.US,D,20170512,000000,38.006,38.215,37.708,37.977,188537,0
FLOW.US,D,20170515,000000,38.295,39.002,38.235,38.395,109263,0
FLOW.US,D,20170516,000000,38.345,38.674,38.22,38.525,132979,0
FLOW.US,D,20170517,000000,37.778,38.285,37.458,37.598,222477,0
FLOW.US,D,20170518,000000,37.548,38.076,36.921,37.468,165792,0
FLOW.US,D,20170519,000000,37.708,38.405,37.608,38.066,117299,0
FLOW.US,D,20170522,000000,38.275,38.515,37.927,38.395,95075,0
FLOW.US,D,20170523,000000,38.545,38.753,38.106,38.644,124251,0
FLOW.US,D,20170524,000000,38.723,38.953,37.628,38.185,163183,0
FLOW.US,D,20170525,000000,38.415,38.525,37.588,38.046,110126,0
FLOW.US,D,20170526,000000,37.927,38.036,37.448,37.648,116155,0
FLOW.US,D,20170530,000000,37.428,37.878,36.891,37.25,107227,0
FLOW.US,D,20170531,000000,37.171,37.648,36.454,37.181,179461,0
FLOW.US,D,20170601,000000,37.348,37.518,36.891,37.348,350027,0
FLOW.US,D,20170602,000000,37.388,39.122,37.388,38.495,227711,0
FLOW.US,D,20170605,000000,38.345,38.475,37.957,38.036,133862,0
FLOW.US,D,20170606,000000,37.638,38.315,37.438,37.908,186944,0
FLOW.US,D,20170607,000000,37.987,38.245,36.801,37.201,160042,0
FLOW.US,D,20170608,000000,37.23,38.674,37.061,38.315,147847,0
FLOW.US,D,20170609,000000,38.435,39.909,38.365,39.78,355585,0
FLOW.US,D,20170612,000000,39.79,40.497,39.47,39.71,215035,0
FLOW.US,D,20170613,000000,39.72,39.74,39.142,39.44,178099,0
FLOW.US,D,20170614,000000,39.56,39.56,38.165,38.285,158184,0
FLOW.US,D,20170615,000000,37.618,38.823,37.618,38.684,131960,0
FLOW.US,D,20170616,000000,38.345,39.002,38.121,38.525,282975,0
FLOW.US,D,20170619,000000,38.883,39.062,38.165,38.445,148067,0
FLOW.US,D,20170620,000000,38.146,38.684,37.111,37.191,133237,0
FLOW.US,D,20170621,000000,37.24,37.24,35.517,35.597,233581,0
FLOW.US,D,20170622,000000,35.687,36.064,35.417,35.805,201467,0
FLOW.US,D,20170623,000000,35.805,36.104,35.291,36.064,857885,0
FLOW.US,D,20170626,000000,36.364,36.901,35.726,36.254,219655,0
FLOW.US,D,20170627,000000,36.224,36.651,35.696,35.746,199391,0
FLOW.US,D,20170628,000000,36.034,37.051,36.034,36.881,156294,0
FLOW.US,D,20170629,000000,37.121,37.25,36.31,36.631,90255,0
FLOW.US,D,20170630,000000,36.871,37.166,36.552,36.731,131096,0
FLOW.US,D,20170703,000000,37.041,37.598,36.781,37.398,92863,0
FLOW.US,D,20170705,000000,37.299,37.299,36.364,36.881,75238,0
FLOW.US,D,20170706,000000,36.444,37.225,36.404,36.591,135594,0
FLOW.US,D,20170707,000000,36.691,36.691,35.9,36.334,171246,0
FLOW.US,D,20170710,000000,36.334,37.977,36.334,37.698,145754,0
FLOW.US,D,20170711,000000,37.568,37.893,36.753,37.21,185882,0
FLOW.US,D,20170712,000000,37.668,38.185,37.438,37.488,164641,0
FLOW.US,D,20170713,000000,37.578,37.608,36.771,37.378,166399,0
FLOW.US,D,20170714,000000,37.358,37.528,37.081,37.23,104004,0
FLOW.US,D,20170717,000000,37.458,37.628,36.951,37.498,161562,0
FLOW.US,D,20170718,000000,37.418,37.448,36.542,36.601,144801,0
FLOW.US,D,20170719,000000,36.631,37.418,36.502,37.26,172169,0
FLOW.US,D,20170720,000000,37.25,37.558,36.681,37.279,179790,0
FLOW.US,D,20170721,000000,37.688,37.688,35.924,36.154,228779,0
FLOW.US,D,20170724,000000,35.756,36.444,35.148,36.084,255576,0
FLOW.US,D,20170725,000000,36.264,36.264,35.392,36.074,296849,0
FLOW.US,D,20170726,000000,36.004,36.004,34.78,34.919,219052,0
FLOW.US,D,20170727,000000,35.039,36.004,34.71,35.776,166714,0
FLOW.US,D,20170728,000000,35.427,36.004,35.128,35.884,112307,0
FLOW.US,D,20170731,000000,35.974,35.974,35.118,35.317,170484,0
FLOW.US,D,20170801,000000,35.407,35.974,35.078,35.457,218253,0
FLOW.US,D,20170802,000000,34.172,35.726,32.967,32.997,252975,0
FLOW.US,D,20170803,000000,33.026,34.132,32.898,33.973,160559,0
FLOW.US,D,20170804,000000,33.993,34.67,33.993,34.302,119218,0
FLOW.US,D,20170807,000000,34.282,34.47,33.803,34.182,159097,0
FLOW.US,D,20170808,000000,35.557,35.557,34.431,34.54,180339,0
FLOW.US,D,20170809,000000,34.431,34.61,33.973,34.312,160293,0
FLOW.US,D,20170810,000000,34.023,34.082,33.156,33.176,148372,0
FLOW.US,D,20170811,000000,32.538,33.315,32.538,33.036,145912,0
FLOW.US,D,20170814,000000,33.275,33.903,33.275,33.565,128049,0
FLOW.US,D,20170815,000000,33.555,33.555,32.928,32.948,72416,0
FLOW.US,D,20170816,000000,32.957,33.245,32.778,32.898,151821,0
FLOW.US,D,20170817,000000,32.718,32.997,31.816,31.821,158751,0
FLOW.US,D,20170818,000000,31.474,31.851,30.974,31.444,151063,0
FLOW.US,D,20170821,000000,31.374,31.631,31.154,31.334,143394,0
FLOW.US,D,20170822,000000,31.553,31.991,31.514,31.881,94928,0
FLOW.US,D,20170823,000000,31.651,32.031,31.524,31.611,109743,0
FLOW.US,D,20170824,000000,31.741,31.856,31.444,31.681,75808,0
FLOW.US,D,20170825,000000,31.851,32.3,31.851,32.141,109028,0
FLOW.US,D,20170828,000000,32.3,32.319,31.831,32.319,180256,0
FLOW.US,D,20170829,000000,31.931,32.548,31.871,32.349,112377,0
FLOW.US,D,20170830,000000,32.309,32.798,32.231,32.668,73450,0
FLOW.US,D,20170831,000000,32.838,33.385,32.788,33.335,113878,0
FLOW.US,D,20170901,000000,33.375,34.272,33.325,34.272,175497,0
FLOW.US,D,20170905,000000,34.242,34.48,33.674,33.903,252974,0
FLOW.US,D,20170906,000000,34.122,34.122,33.247,33.455,116454,0
FLOW.US,D,20170907,000000,33.704,33.704,32.688,33.465,89885,0
FLOW.US,D,20170908,000000,33.355,33.753,32.997,33.465,85722,0
FLOW.US,D,20170911,000000,33.733,34.352,33.694,34.282,143328,0
FLOW.US,D,20170912,000000,34.421,35.785,34.292,35.637,120860,0
FLOW.US,D,20170913,000000,35.696,36.221,35.427,36.154,111760,0
FLOW.US,D,20170914,000000,36.114,36.134,35.477,35.647,209983,0
FLOW.US,D,20170915,000000,35.746,36.404,35.607,36.174,306357,0
FLOW.US,D,20170918,000000,36.234,37.279,36.234,37.141,179658,0
FLOW.US,D,20170919,000000,37.161,37.828,36.841,37.828,123279,0
FLOW.US,D,20170920,000000,37.808,38.106,37.578,37.788,135435,0
FLOW.US,D,20170921,000000,37.818,37.947,37.418,37.478,83746,0
FLOW.US,D,20170922,000000,37.488,38.156,37.438,37.937,88211,0
FLOW.US,D,20170925,000000,37.858,38.136,37.508,37.888,272311,0
FLOW.US,D,20170926,000000,37.937,38.165,37.728,37.728,162264,0
FLOW.US,D,20170927,000000,37.967,39.092,37.728,38.963,203532,0
FLOW.US,D,20170928,000000,39.052,39.092,38.345,38.674,119804,0
FLOW.US,D,20170929,000000,38.565,38.703,38.225,38.405,135343,0
FLOW.US,D,20171002,000000,38.644,39.909,38.644,39.889,161228,0
FLOW.US,D,20171003,000000,39.829,40.257,39.57,40.167,169887,0
FLOW.US,D,20171004,000000,40.197,40.607,39.78,39.79,142659,0
FLOW.US,D,20171005,000000,39.889,40.207,39.331,39.351,253980,0
FLOW.US,D,20171006,000000,39.152,39.71,39.002,39.6,131708,0
FLOW.US,D,20171009,000000,39.6,39.819,39.022,39.54,219379,0
FLOW.US,D,20171010,000000,39.839,40.019,39.43,39.819,276757,0
FLOW.US,D,20171011,000000,39.79,40.267,39.79,39.999,207410,0
FLOW.US,D,20171012,000000,39.849,40.567,39.849,40.437,208024,0
FLOW.US,D,20171013,000000,40.745,41.801,40.666,41.284,195928,0
FLOW.US,D,20171016,000000,41.681,42.368,41.681,42.001,176680,0
FLOW.US,D,20171017,000000,42.091,42.091,41.374,41.591,101088,0
FLOW.US,D,20171018,000000,41.821,42.558,41.671,42.328,94871,0
FLOW.US,D,20171019,000000,41.941,42.131,41.611,42.061,100804,0
FLOW.US,D,20171020,000000,42.568,43.046,42.215,42.408,122307,0
FLOW.US,D,20171023,000000,42.398,43.09,41.671,41.751,89070,0
FLOW.US,D,20171024,000000,41.911,42.588,41.911,42.18,84342,0
FLOW.US,D,20171025,000000,42.021,42.553,41.134,41.891,128108,0
FLOW.US,D,20171026,000000,42.23,42.458,41.711,42.081,213407,0
FLOW.US,D,20171027,000000,42.121,42.121,40.825,41.224,273996,0
FLOW.US,D,20171030,000000,40.914,41.119,40.029,40.517,112138,0
FLOW.US,D,20171031,000000,40.944,41.304,40.387,41.064,195445,0
FLOW.US,D,20171101,000000,39.939,41.541,38.793,39.112,356963,0
FLOW.US,D,20171102,000000,39.64,41.691,39.61,40.844,390205,0
FLOW.US,D,20171103,000000,40.974,41.931,40.287,41.354,207202,0
FLOW.US,D,20171106,000000,41.334,41.731,41.204,41.611,225272,0
FLOW.US,D,20171107,000000,42.011,42.051,41.384,41.981,198224,0
FLOW.US,D,20171108,000000,41.691,42.688,41.581,42.538,207572,0
FLOW.US,D,20171109,000000,42.19,42.19,40.919,41.294,107584,0
FLOW.US,D,20171110,000000,41.234,41.434,40.934,41.274,93363,0
FLOW.US,D,20171113,000000,40.874,41.134,40.332,41.004,106986,0
FLOW.US,D,20171114,000000,40.736,41.164,40.582,41.134,101870,0
FLOW.US,D,20171115,000000,40.765,40.934,40.312,40.815,160753,0
FLOW.US,D,20171116,000000,40.914,41.721,40.914,41.591,135817,0
FLOW.US,D,20171117,000000,41.274,42.131,40.834,41.861,114115,0
FLOW.US,D,20171120,000000,41.434,41.761,40.098,41.761,285063,0
FLOW.US,D,20171121,000000,41.561,41.932,41.364,41.791,221104,0
FLOW.US,D,20171122,000000,41.781,42.418,41.761,42.298,149100,0
FLOW.US,D,20171124,000000,42.568,42.568,41.354,41.821,54695,0
FLOW.US,D,20171127,000000,41.861,42.588,41.751,42.298,254299,0
FLOW.US,D,20171128,000000,42.398,43.275,42.056,43.115,132568,0
FLOW.US,D,20171129,000000,43.175,43.912,42.848,43.584,129043,0
FLOW.US,D,20171130,000000,43.912,45.157,43.912,44.59,460663,0
FLOW.US,D,20171201,000000,44.49,45.018,43.594,44.969,353945,0
FLOW.US,D,20171204,000000,45.646,45.934,44.979,45.078,189985,0
FLOW.US,D,20171205,000000,45.167,45.297,43.94,44.361,325518,0
FLOW.US,D,20171206,000000,44.082,44.919,44.042,44.779,191972,0
FLOW.US,D,20171207,000000,44.779,45.616,44.321,45.227,251781,0
FLOW.US,D,20171208,000000,45.556,46.049,45.477,45.715,224866,0
FLOW.US,D,20171211,000000,45.705,45.994,45.252,45.804,442255,0
FLOW.US,D,20171212,000000,45.874,46.064,45.407,45.725,416302,0
FLOW.US,D,20171213,000000,45.636,46.551,45.102,45.785,207634,0
FLOW.US,D,20171214,000000,45.894,46.591,45.566,45.844,240257,0
FLOW.US,D,20171215,000000,46.054,47.021,45.745,46.601,548669,0
FLOW.US,D,20171218,000000,47.17,48.015,46.721,46.921,378158,0
FLOW.US,D,20171219,000000,46.961,47.328,46.502,46.581,255724,0
FLOW.US,D,20171220,000000,46.611,46.841,45.924,46.334,303040,0
FLOW.US,D,20171221,000000,46.761,47.538,46.354,47.288,167890,0
FLOW.US,D,20171222,000000,47.228,47.228,46.756,46.911,143812,0
FLOW.US,D,20171226,000000,46.821,47.278,46.721,47.218,94555,0
FLOW.US,D,20171227,000000,47.14,47.478,46.492,46.941,149547,0
FLOW.US,D,20171228,000000,47.061,47.638,46.931,47.189,144784,0
FLOW.US,D,20171229,000000,47.308,47.828,47.258,47.358,171945,0
FLOW.US,D,20180102,000000,47.578,47.768,46.721,46.971,258168,0
FLOW.US,D,20180103,000000,47.021,47.298,46.761,46.991,147310,0
FLOW.US,D,20180104,000000,47.288,47.818,46.911,47.16,213174,0
FLOW.US,D,20180105,000000,47.209,47.438,46.851,47.15,170459,0
FLOW.US,D,20180108,000000,47.051,47.298,46.696,47.16,146761,0
FLOW.US,D,20180109,000000,47.408,47.668,47.051,47.081,122496,0
FLOW.US,D,20180110,000000,46.921,47.189,46.761,46.881,129989,0
FLOW.US,D,20180111,000000,46.891,47.798,46.891,47.638,113885,0
FLOW.US,D,20180112,000000,48.145,48.554,47.768,48.175,198859,0
FLOW.US,D,20180116,000000,48.673,48.773,47.14,47.498,272119,0
FLOW.US,D,20180117,000000,47.768,47.847,47.17,47.708,320426,0
FLOW.US,D,20180118,000000,47.648,47.788,47.13,47.408,218692,0
FLOW.US,D,20180119,000000,47.228,48.405,47.228,47.946,248368,0
FLOW.US,D,20180122,000000,48.065,48.594,47.887,48.594,223015,0
FLOW.US,D,20180123,000000,47.698,47.877,46.716,47.638,368633,0
FLOW.US,D,20180124,000000,47.857,48.415,46.871,47.308,654574,0
FLOW.US,D,20180125,000000,47.258,47.678,46.721,47.209,441129,0
FLOW.US,D,20180126,000000,47.408,47.458,46.801,47.189,539092,0
FLOW.US,D,20180129,000000,47.001,47.398,46.383,46.581,376490,0
FLOW.US,D,20180130,000000,46.264,46.871,45.347,46.741,352890,0
FLOW.US,D,20180131,000000,47.061,47.758,46.044,46.184,167355,0
FLOW.US,D,20180201,000000,45.974,46.813,45.914,46.811,239949,0
FLOW.US,D,20180202,000000,46.383,46.487,45.277,45.397,248370,0
FLOW.US,D,20180205,000000,44.859,45.367,43.425,43.455,321308,0
FLOW.US,D,20180206,000000,42.966,46.314,42.966,46.014,501094,0
FLOW.US,D,20180207,000000,45.914,49.301,44.879,48.495,722014,0
FLOW.US,D,20180208,000000,48.604,48.604,46.741,46.741,485425,0
FLOW.US,D,20180209,000000,47.308,47.788,44.002,45.217,437125,0
FLOW.US,D,20180212,000000,45.427,46.711,45.028,46.224,314351,0
FLOW.US,D,20180213,000000,45.814,46.951,45.742,46.811,273208,0
FLOW.US,D,20180214,000000,46.224,46.836,45.804,46.511,437821,0
FLOW.US,D,20180215,000000,46.274,46.771,45.058,46.442,418181,0
FLOW.US,D,20180216,000000,46.304,47.13,45.357,46.651,211160,0
FLOW.US,D,20180220,000000,46.831,47.243,46.831,46.831,212987,0
FLOW.US,D,20180221,000000,46.961,48.07,46.831,47.218,188069,0
FLOW.US,D,20180222,000000,47.558,49.38,46.756,48.205,368858,0
FLOW.US,D,20180223,000000,48.465,49.022,48.255,48.793,180636,0
FLOW.US,D,20180226,000000,48.902,49.48,48.345,49.38,185216,0
FLOW.US,D,20180227,000000,49.331,49.739,48.962,49.012,255094,0
FLOW.US,D,20180228,000000,49.062,49.41,48.515,48.564,626415,0
FLOW.US,D,20180301,000000,48.485,48.485,46.521,46.611,394221,0
FLOW.US,D,20180302,000000,46.393,47.578,46.314,47.438,281535,0
FLOW.US,D,20180305,000000,47.218,47.887,46.691,47.598,140980,0
FLOW.US,D,20180306,000000,47.828,48.907,47.428,48.882,164315,0
FLOW.US,D,20180307,000000,48.415,49.889,48.255,49.829,352666,0
FLOW.US,D,20180308,000000,50.018,50.675,49.62,50.586,335014,0
FLOW.US,D,20180309,000000,50.964,53.005,50.586,52.955,367084,0
FLOW.US,D,20180312,000000,52.965,53.822,52.368,53.723,585957,0
FLOW.US,D,20180313,000000,54.082,54.579,53.743,54.231,524090,0
FLOW.US,D,20180314,000000,54.48,54.5,53.225,53.305,366354,0
FLOW.US,D,20180315,000000,53.335,53.758,52.208,52.388,233189,0
FLOW.US,D,20180316,000000,52.418,53.015,51.891,52.887,514468,0
FLOW.US,D,20180319,000000,52.788,53.145,52.031,53.015,204598,0
FLOW.US,D,20180320,000000,53.255,54.271,52.638,53.952,209345,0
FLOW.US,D,20180321,000000,53.982,54.698,53.135,54.132,124137,0
FLOW.US,D,20180322,000000,53.594,53.613,51.601,51.631,282421,0
FLOW.US,D,20180323,000000,51.611,52.071,49.63,49.769,251959,0
FLOW.US,D,20180326,000000,50.794,50.794,49.829,50.636,230396,0
FLOW.US,D,20180327,000000,50.884,50.884,48.962,49.202,142125,0
FLOW.US,D,20180328,000000,49.261,49.261,48.22,48.515,210391,0
FLOW.US,D,20180329,000000,48.892,49.42,48.185,48.992,397734,0
FLOW.US,D,20180402,000000,48.882,48.882,47.066,47.438,223316,0
FLOW.US,D,20180403,000000,47.758,48.564,47.598,48.155,341264,0
FLOW.US,D,20180404,000000,47.011,48.922,46.901,48.693,200834,0
FLOW.US,D,20180405,000000,48.832,49.729,48.683,49.232,274424,0
FLOW.US,D,20180406,000000,49.052,49.919,46.472,47.408,590782,0
FLOW.US,D,20180409,000000,47.877,47.877,47.13,47.18,322496,0
FLOW.US,D,20180410,000000,48.165,49.192,47.907,48.942,235206,0
FLOW.US,D,20180411,000000,48.733,49.59,48.285,49.35,200987,0
FLOW.US,D,20180412,000000,49.809,50.157,49.281,49.51,144020,0
FLOW.US,D,20180413,000000,49.939,49.939,48.823,49.052,113864,0
FLOW.US,D,20180416,000000,49.57,49.849,48.673,49.779,170324,0
FLOW.US,D,20180417,000000,50.038,50.626,49.899,50.267,136816,0
FLOW.US,D,20180418,000000,50.447,51.054,50.227,50.476,206841,0
FLOW.US,D,20180419,000000,50.207,50.626,49.64,50.217,160968,0
FLOW.US,D,20180420,000000,50.057,50.596,49.43,49.769,119604,0
FLOW.US,D,20180423,000000,49.899,50.367,49.48,49.739,152257,0
FLOW.US,D,20180424,000000,49.978,50.107,47.031,47.528,139601,0
FLOW.US,D,20180425,000000,47.498,48.095,46.771,46.971,152341,0
FLOW.US,D,20180426,000000,47.18,47.214,46.104,46.541,134903,0
FLOW.US,D,20180427,000000,46.551,46.731,45.676,46.264,117927,0
FLOW.US,D,20180430,000000,46.422,46.422,44.769,44.819,268894,0
FLOW.US,D,20180501,000000,44.62,45.207,43.435,45.147,344784,0
FLOW.US,D,20180502,000000,42.897,45.028,40.904,42.17,782086,0
FLOW.US,D,20180503,000000,41.522,42.161,40.686,40.974,480817,0
FLOW.US,D,20180504,000000,40.755,41.821,40.317,41.512,267637,0
FLOW.US,D,20180507,000000,41.961,42.966,41.532,42.768,432398,0
FLOW.US,D,20180508,000000,42.718,42.957,42.091,42.868,157053,0
FLOW.US,D,20180509,000000,43.046,43.245,42.338,42.986,104239,0
FLOW.US,D,20180510,000000,43.135,43.56,42.897,43.425,175365,0
FLOW.US,D,20180511,000000,43.604,44.092,43.225,43.902,264473,0
FLOW.US,D,20180514,000000,43.932,44.739,43.693,44.102,348410,0
FLOW.US,D,20180515,000000,43.644,44.112,43.215,44.052,199855,0
FLOW.US,D,20180516,000000,44.032,44.49,43.077,43.992,324002,0
FLOW.US,D,20180517,000000,43.902,44.582,43.833,44.272,203973,0
FLOW.US,D,20180518,000000,44.48,45.107,44.321,44.859,202068,0
FLOW.US,D,20180521,000000,45.117,46.144,45.117,45.944,184212,0
FLOW.US,D,20180522,000000,45.934,45.974,44.939,44.959,172179,0
FLOW.US,D,20180523,000000,44.6,44.63,43.843,44.46,398921,0
FLOW.US,D,20180524,000000,44.4,45.247,44.4,45.167,314037,0
FLOW.US,D,20180525,000000,45.087,45.087,43.893,44.252,205751,0
FLOW.US,D,20180529,000000,43.912,44.48,43.505,43.982,189438,0
FLOW.US,D,20180530,000000,44.321,45.187,43.992,44.919,157038,0
FLOW.US,D,20180531,000000,44.44,44.52,43.355,43.395,204567,0
FLOW.US,D,20180601,000000,43.843,44.39,43.743,43.833,154033,0
FLOW.US,D,20180604,000000,44.132,44.272,43.425,43.843,145923,0
FLOW.US,D,20180605,000000,44.032,44.929,43.942,44.899,211543,0
FLOW.US,D,20180606,000000,45.028,45.117,44.52,44.959,151426,0
FLOW.US,D,20180607,000000,45.048,45.382,44.45,44.819,184107,0
FLOW.US,D,20180608,000000,44.909,45.257,44.57,45.048,114013,0
FLOW.US,D,20180611,000000,45.177,45.377,44.61,44.68,147027,0
FLOW.US,D,20180612,000000,44.729,45.028,44.027,44.351,156888,0
FLOW.US,D,20180613,000000,44.4,44.59,43.788,43.893,149332,0
FLOW.US,D,20180614,000000,44.022,44.371,43.723,44.112,104771,0
FLOW.US,D,20180615,000000,43.912,44.929,43.505,44.919,304922,0
FLOW.US,D,20180618,000000,44.55,45.546,44.192,45.527,343876,0
FLOW.US,D,20180619,000000,44.909,44.939,43.604,44.44,233294,0
FLOW.US,D,20180620,000000,44.64,45.795,44.272,45.157,296923,0
FLOW.US,D,20180621,000000,45.227,45.417,43.485,43.664,542684,0
FLOW.US,D,20180622,000000,44.152,45.367,44.112,44.46,506717,0
FLOW.US,D,20180625,000000,44.45,44.59,43.205,44.062,325315,0
FLOW.US,D,20180626,000000,44.092,45.472,44.042,45.217,338170,0
FLOW.US,D,20180627,000000,45.167,46.144,44.052,44.082,375772,0
FLOW.US,D,20180628,000000,44.102,44.102,43.076,43.235,376784,0
FLOW.US,D,20180629,000000,43.545,44.232,43.545,43.594,194676,0
FLOW.US,D,20180702,000000,43.325,43.385,42.428,43.375,209849,0
FLOW.US,D,20180703,000000,43.683,44.4,43.305,43.395,53414,0
FLOW.US,D,20180705,000000,43.693,44.012,43.175,44.002,96789,0
FLOW.US,D,20180706,000000,44.192,44.232,43.575,44.012,106794,0
FLOW.US,D,20180709,000000,44.002,44.869,44.002,44.72,215880,0
FLOW.US,D,20180710,000000,44.7,44.929,43.863,44.56,277418,0
FLOW.US,D,20180711,000000,44.022,44.022,43.375,43.445,103042,0
FLOW.US,D,20180712,000000,43.773,43.773,42.723,42.966,117722,0
FLOW.US,D,20180713,000000,42.957,43.833,42.588,43.545,99863,0
FLOW.US,D,20180716,000000,43.505,43.793,42.403,42.668,168946,0
FLOW.US,D,20180717,000000,42.628,43.165,42.418,42.937,472739,0
FLOW.US,D,20180718,000000,43.076,43.833,42.768,43.634,235910,0
FLOW.US,D,20180719,000000,43.475,44.52,43.365,44.361,245089,0
FLOW.US,D,20180720,000000,44.43,45.586,43.992,44.879,252966,0
FLOW.US,D,20180723,000000,44.63,44.63,43.584,43.634,101974,0
FLOW.US,D,20180724,000000,44.052,45.028,44.052,44.829,150123,0
FLOW.US,D,20180725,000000,44.66,45.327,44.072,45.317,139218,0
FLOW.US,D,20180726,000000,45.317,46.219,45.317,45.874,127998,0
FLOW.US,D,20180727,000000,46.034,46.034,44.919,45.157,93821,0
FLOW.US,D,20180730,000000,45.297,45.984,45.297,45.367,162717,0
FLOW.US,D,20180731,000000,45.656,47.478,45.527,47.328,319538,0
FLOW.US,D,20180801,000000,47.808,48.37,42.418,42.728,583402,0
FLOW.US,D,20180802,000000,42.648,44.72,42.21,44.69,275708,0
FLOW.US,D,20180803,000000,44.819,46.074,44.62,45.576,316896,0
FLOW.US,D,20180806,000000,45.696,46.831,45.696,46.831,153334,0
FLOW.US,D,20180807,000000,47.091,47.996,46.991,47.238,172400,0
FLOW.US,D,20180808,000000,47.248,47.398,46.149,46.921,243880,0
FLOW.US,D,20180809,000000,46.831,47.184,46.184,46.452,120906,0
FLOW.US,D,20180810,000000,46.194,46.194,45.162,45.984,127996,0
FLOW.US,D,20180813,000000,46.064,46.134,45.217,45.477,95944,0
FLOW.US,D,20180814,000000,45.696,46.064,45.427,45.586,75958,0
FLOW.US,D,20180815,000000,45.227,45.934,44.525,45.735,283236,0
FLOW.US,D,20180816,000000,46.044,46.502,45.372,46.154,119704,0
FLOW.US,D,20180817,000000,46.124,47.588,46.014,47.478,167265,0
FLOW.US,D,20180820,000000,47.628,48.155,47.558,47.907,186388,0
FLOW.US,D,20180821,000000,48.045,49.022,47.678,48.992,166746,0
FLOW.US,D,20180822,000000,49.152,49.47,48.345,48.992,153945,0
FLOW.US,D,20180823,000000,48.932,48.952,48.105,48.495,133918,0
FLOW.US,D,20180824,000000,48.852,49.261,48.195,48.832,214703,0
FLOW.US,D,20180827,000000,49.132,49.789,48.594,48.793,135681,0
FLOW.US,D,20180828,000000,49.052,49.232,47.986,48.055,89105,0
FLOW.US,D,20180829,000000,48.255,48.972,47.798,48.882,137417,0
FLOW.US,D,20180830,000000,48.972,48.972,48.105,48.265,178174,0
FLOW.US,D,20180831,000000,48.045,48.235,47.498,47.748,159077,0
FLOW.US,D,20180904,000000,47.678,47.678,46.581,47.071,119462,0
FLOW.US,D,20180905,000000,47.101,47.653,46.991,47.618,94661,0
FLOW.US,D,20180906,000000,47.808,48.564,47.021,47.358,138358,0
FLOW.US,D,20180907,000000,47.001,47.538,46.442,47.011,115803,0
FLOW.US,D,20180910,000000,47.368,47.733,47.061,47.438,111373,0
FLOW.US,D,20180911,000000,47.16,47.282,46.711,47.111,137781,0
FLOW.US,D,20180912,000000,47.15,47.598,46.681,47.478,129409,0
FLOW.US,D,20180913,000000,47.798,48.405,47.798,48.205,82955,0
FLOW.US,D,20180914,000000,48.315,49.142,48.305,49.012,104434,0
FLOW.US,D,20180917,000000,49.45,49.63,48.832,49.44,125485,0
FLOW.US,D,20180918,000000,50.337,52.598,49.889,52.318,226347,0
FLOW.US,D,20180919,000000,52.418,53.594,52.238,53.095,344498,0
FLOW.US,D,20180920,000000,53.475,53.524,52.139,53.115,346889,0
FLOW.US,D,20180921,000000,53.495,53.862,53.055,53.604,362814,0
FLOW.US,D,20180924,000000,53.524,53.524,52.338,52.995,176670,0
FLOW.US,D,20180925,000000,53.415,53.604,52.867,53.485,277266,0
FLOW.US,D,20180926,000000,53.445,53.912,51.751,51.911,277586,0
FLOW.US,D,20180927,000000,52.238,52.263,51.353,51.591,227088,0
FLOW.US,D,20180928,000000,51.591,51.931,51.054,51.791,210984,0
FLOW.US,D,20181001,000000,52.268,52.768,51.402,51.761,142404,0
FLOW.US,D,20181002,000000,51.631,51.941,51.114,51.313,107368,0
FLOW.US,D,20181003,000000,51.631,52.051,51.274,52.011,581847,0
FLOW.US,D,20181004,000000,51.701,52.827,51.044,51.382,178671,0
FLOW.US,D,20181005,000000,51.392,51.392,49.709,50.167,180458,0
FLOW.US,D,20181008,000000,49.749,50.077,48.763,49.43,124104,0
FLOW.US,D,20181009,000000,49.242,49.4,48.035,48.265,185520,0
FLOW.US,D,20181010,000000,47.927,47.927,44.58,44.67,216091,0
FLOW.US,D,20181011,000000,44.132,44.909,42.966,42.996,535085,0
FLOW.US,D,20181012,000000,43.922,43.922,42.011,42.628,185262,0
FLOW.US,D,20181015,000000,42.638,43.245,42.328,42.887,165744,0
FLOW.US,D,20181016,000000,43.355,44.5,42.508,44.351,138990,0
FLOW.US,D,20181017,000000,43.952,43.952,42.788,43.275,122135,0
FLOW.US,D,20181018,000000,42.578,42.867,41.304,41.344,182759,0
FLOW.US,D,20181019,000000,41.314,41.951,40.497,40.736,171740,0
FLOW.US,D,20181022,000000,40.805,41.084,39.989,40.407,119514,0
FLOW.US,D,20181023,000000,39.322,40.517,38.425,39.69,225169,0
FLOW.US,D,20181024,000000,39.58,39.868,37.498,37.558,218770,0
FLOW.US,D,20181025,000000,38.036,38.743,37.748,38.355,217227,0
FLOW.US,D,20181026,000000,37.718,39.032,37.358,38.555,218479,0
FLOW.US,D,20181029,000000,39.361,39.78,37.309,38.056,275137,0
FLOW.US,D,20181030,000000,37.568,37.568,34.112,35.855,510563,0
FLOW.US,D,20181031,000000,36.094,36.294,34.082,34.092,403986,0
FLOW.US,D,20181101,000000,34.142,36.189,33.714,35.835,337693,0
FLOW.US,D,20181102,000000,36.114,37.201,35.924,36.851,266580,0
FLOW.US,D,20181105,000000,36.991,37.548,36.434,37.368,318384,0
FLOW.US,D,20181106,000000,37.329,39.042,37.24,38.843,282366,0
FLOW.US,D,20181107,000000,38.823,40.277,38.425,40.029,204625,0
FLOW.US,D,20181108,000000,39.889,40.666,39.42,39.809,206358,0
FLOW.US,D,20181109,000000,39.44,39.44,37.24,37.438,459756,0
FLOW.US,D,20181112,000000,37.408,37.967,36.532,36.651,362564,0
FLOW.US,D,20181113,000000,36.911,37.25,35.756,35.815,345117,0
FLOW.US,D,20181114,000000,36.324,36.601,35.447,35.904,269464,0
FLOW.US,D,20181115,000000,35.487,37.031,35.377,36.571,310585,0
FLOW.US,D,20181116,000000,36.244,36.781,35.647,36.064,525620,0
FLOW.US,D,20181119,000000,35.894,36.404,35.227,35.267,311595,0
FLOW.US,D,20181120,000000,34.45,35.904,33.843,33.963,384416,0
FLOW.US,D,20181121,000000,34.142,36.124,34.013,35.726,356861,0
FLOW.US,D,20181123,000000,35.207,35.463,34.44,35.108,169195,0
FLOW.US,D,20181126,000000,35.547,36.921,35.407,36.641,733423,0
FLOW.US,D,20181127,000000,36.314,37.021,35.507,35.716,162380,0
FLOW.US,D,20181128,000000,35.864,37.568,35.657,37.408,349537,0
FLOW.US,D,20181129,000000,37.061,37.558,36.104,36.154,352328,0
FLOW.US,D,20181130,000000,36.014,37.458,35.776,37.378,212548,0
FLOW.US,D,20181203,000000,38.535,39.292,36.751,37.688,182821,0
FLOW.US,D,20181204,000000,37.418,37.688,34.48,34.58,167450,0
FLOW.US,D,20181206,000000,33.285,34.172,32.878,34.082,203783,0
FLOW.US,D,20181207,000000,34.44,35.009,32.738,32.997,172289,0
FLOW.US,D,20181210,000000,32.868,33.355,31.951,32.608,174868,0
FLOW.US,D,20181211,000000,33.335,33.413,31.951,32.418,111522,0
FLOW.US,D,20181212,000000,33.016,33.465,32.458,32.748,215638,0
FLOW.US,D,20181213,000000,32.718,33.036,31.592,31.721,185974,0
FLOW.US,D,20181214,000000,31.144,32.26,30.954,31.104,104907,0
FLOW.US,D,20181217,000000,30.767,31.474,30.337,30.557,268101,0
FLOW.US,D,20181218,000000,30.865,32.29,30.587,31.314,272837,0
FLOW.US,D,20181219,000000,31.074,31.891,29.5,29.83,401109,0
FLOW.US,D,20181220,000000,29.47,30.427,28.953,29.431,307132,0
FLOW.US,D,20181221,000000,29.392,29.51,27.778,28.096,513748,0
FLOW.US,D,20181224,000000,27.798,28.495,27.191,27.191,156536,0
FLOW.US,D,20181226,000000,27.29,29.421,27.121,29.362,212292,0
FLOW.US,D,20181227,000000,28.256,29.58,27.838,29.57,229536,0
FLOW.US,D,20181228,000000,29.6,30.587,29.322,30.118,310487,0
FLOW.US,D,20181231,000000,30.287,30.317,29.063,30.297,243236,0
FLOW.US,D,20190102,000000,28.913,30.547,28.186,30.307,310999,0
FLOW.US,D,20190103,000000,30.128,30.816,28.993,29.67,269079,0
FLOW.US,D,20190104,000000,28.695,30.327,28.695,30.207,346026,0
FLOW.US,D,20190107,000000,30.217,31.104,29.93,30.855,233978,0
FLOW.US,D,20190108,000000,31.384,31.651,30.904,31.184,278051,0
FLOW.US,D,20190109,000000,31.404,31.821,31.074,31.651,161196,0
FLOW.US,D,20190110,000000,31.294,32.061,30.865,31.761,226376,0
FLOW.US,D,20190111,000000,31.394,31.861,31.214,31.711,225520,0
FLOW.US,D,20190114,000000,31.711,32.339,31.394,31.711,180549,0
FLOW.US,D,20190115,000000,31.821,31.821,31.244,31.771,254222,0
FLOW.US,D,20190116,000000,31.791,32.848,31.791,32.171,184402,0
FLOW.US,D,20190117,000000,31.801,32.898,31.801,32.718,189105,0
FLOW.US,D,20190118,000000,33.076,33.823,32.908,33.455,289397,0
FLOW.US,D,20190122,000000,32.977,33.096,31.484,31.901,295380,0
FLOW.US,D,20190123,000000,32.091,32.628,31.621,31.641,272740,0
FLOW.US,D,20190124,000000,31.721,33.056,31.701,32.171,310533,0
FLOW.US,D,20190125,000000,32.598,33.25,32.448,32.568,145236,0
FLOW.US,D,20190128,000000,31.821,32.553,31.583,32.121,188107,0
FLOW.US,D,20190129,000000,32.28,33.275,32.221,32.977,322005,0
FLOW.US,D,20190130,000000,33.385,33.445,32.658,33.016,495430,0
FLOW.US,D,20190131,000000,32.928,33.156,32.25,32.638,241607,0
FLOW.US,D,20190201,000000,32.578,32.952,32.241,32.548,217756,0
FLOW.US,D,20190204,000000,32.498,32.994,32.25,32.648,316398,0
FLOW.US,D,20190205,000000,31.771,33.853,30.307,31.701,563022,0
FLOW.US,D,20190206,000000,31.651,33.615,31.641,32.369,483556,0
FLOW.US,D,20190207,000000,31.901,32.131,31.039,31.504,351734,0
FLOW.US,D,20190208,000000,31.364,31.601,30.512,30.944,235966,0
FLOW.US,D,20190211,000000,30.944,31.374,30.776,31.344,143318,0
FLOW.US,D,20190212,000000,31.711,33.076,31.711,32.638,402334,0
FLOW.US,D,20190213,000000,32.898,33.525,32.688,33.285,233973,0
FLOW.US,D,20190214,000000,33.255,33.575,32.808,33.126,290586,0
FLOW.US,D,20190215,000000,33.415,34.86,33.415,34.83,250625,0
FLOW.US,D,20190219,000000,34.55,35.387,34.412,35.147,301439,0
FLOW.US,D,20190220,000000,35.088,36.044,35.088,35.864,297471,0
FLOW.US,D,20190221,000000,35.597,35.597,34.79,35.237,159626,0
FLOW.US,D,20190222,000000,35.327,35.492,34.78,34.86,178291,0
FLOW.US,D,20190225,000000,35.069,35.357,34.78,34.8,146761,0
FLOW.US,D,20190226,000000,34.65,34.73,34.302,34.381,195197,0
FLOW.US,D,20190227,000000,34.242,35.177,34.043,34.76,199944,0
FLOW.US,D,20190228,000000,34.61,34.64,34.242,34.381,152469,0
FLOW.US,D,20190301,000000,34.77,35.014,34.332,34.76,241811,0
FLOW.US,D,20190304,000000,34.87,35.427,34.401,34.76,201454,0
FLOW.US,D,20190305,000000,34.74,34.84,34.242,34.421,226376,0
FLOW.US,D,20190306,000000,34.55,34.82,33.655,33.704,306860,0
FLOW.US,D,20190307,000000,33.833,34.102,32.578,32.868,259954,0
FLOW.US,D,20190308,000000,32.468,32.778,32.031,32.718,173113,0
FLOW.US,D,20190311,000000,32.758,33.455,32.409,33.066,327806,0
FLOW.US,D,20190312,000000,33.206,33.415,32.389,32.608,289131,0
FLOW.US,D,20190313,000000,32.838,33.096,32.558,32.698,259317,0
FLOW.US,D,20190314,000000,32.548,33.076,32.428,32.858,459241,0
FLOW.US,D,20190315,000000,33.036,34.212,32.868,33.843,654618,0
FLOW.US,D,20190318,000000,33.913,34.112,33.206,33.883,405656,0
FLOW.US,D,20190319,000000,34.292,34.765,33.833,34.062,229248,0
FLOW.US,D,20190320,000000,34.013,34.232,32.948,33.963,302116,0
FLOW.US,D,20190321,000000,33.963,34.66,33.963,34.072,191942,0
FLOW.US,D,20190322,000000,33.674,33.943,30.845,31.034,342588,0
FLOW.US,D,20190325,000000,30.934,31.044,30.357,30.587,308721,0
FLOW.US,D,20190326,000000,30.974,31.454,30.677,30.894,259196,0
FLOW.US,D,20190327,000000,30.885,31.374,30.317,30.964,296465,0
FLOW.US,D,20190328,000000,31.064,32.086,31.054,31.671,207648,0
FLOW.US,D,20190329,000000,32.001,32.503,31.731,31.771,218774,0
FLOW.US,D,20190401,000000,32.221,33.141,32.221,32.768,256832,0
FLOW.US,D,20190402,000000,32.828,32.952,32.3,32.738,111773,0
FLOW.US,D,20190403,000000,33.086,33.445,32.578,33.036,326039,0
FLOW.US,D,20190404,000000,32.997,34.386,32.957,34.132,157593,0
FLOW.US,D,20190405,000000,34.302,34.55,33.898,34.44,181144,0
FLOW.US,D,20190408,000000,34.292,34.48,33.585,34.302,101263,0
FLOW.US,D,20190409,000000,34.013,34.142,33.475,33.883,291622,0
FLOW.US,D,20190410,000000,33.943,34.6,33.733,34.391,163687,0
FLOW.US,D,20190411,000000,34.421,34.989,34.421,34.85,95679,0
FLOW.US,D,20190412,000000,35.287,35.825,35.247,35.557,312346,0
FLOW.US,D,20190415,000000,35.567,35.954,34.666,35.177,226230,0
FLOW.US,D,20190416,000000,35.187,36.024,35.187,35.567,133528,0
FLOW.US,D,20190417,000000,35.874,36.024,35.256,35.597,180029,0
FLOW.US,D,20190418,000000,35.667,36.004,35.192,35.367,150105,0
FLOW.US,D,20190422,000000,35.247,35.427,34.909,35.217,111475,0
FLOW.US,D,20190423,000000,35.237,35.954,35.128,35.776,105616,0
FLOW.US,D,20190424,000000,35.746,36.114,35.497,35.894,103820,0
FLOW.US,D,20190425,000000,35.557,35.587,34.889,35.078,148328,0
FLOW.US,D,20190426,000000,35.039,36.104,34.929,35.974,117257,0
FLOW.US,D,20190429,000000,35.934,36.771,35.934,36.424,109618,0
FLOW.US,D,20190430,000000,36.651,36.651,35.427,35.795,213109,0
FLOW.US,D,20190501,000000,35.835,36.661,35.337,35.357,363159,0
FLOW.US,D,20190502,000000,38.245,38.853,36.711,38.146,385599,0
FLOW.US,D,20190503,000000,38.813,41.841,38.733,41.831,744881,0
FLOW.US,D,20190506,000000,41.294,41.502,40.342,41.124,310905,0
FLOW.US,D,20190507,000000,40.217,40.825,39.47,39.61,565209,0
FLOW.US,D,20190508,000000,39.401,40.127,38.838,38.863,356292,0
FLOW.US,D,20190509,000000,38.385,39.331,38.086,38.903,211147,0
FLOW.US,D,20190510,000000,38.674,38.918,38.136,38.783,181078,0
FLOW.US,D,20190513,000000,37.708,37.863,36.576,37.091,372096,0
FLOW.US,D,20190514,000000,37.27,37.738,36.671,37.438,284887,0
FLOW.US,D,20190515,000000,36.781,37.131,36.562,37.031,140519,0
FLOW.US,D,20190516,000000,37.111,37.201,36.522,36.641,149949,0
FLOW.US,D,20190517,000000,36.054,36.084,34.889,34.999,198894,0
FLOW.US,D,20190520,000000,34.53,35.078,34.282,34.46,190745,0
FLOW.US,D,20190521,000000,34.7,35.397,34.505,35.327,369147,0
FLOW.US,D,20190522,000000,35.098,36.869,35.098,36.404,394392,0
FLOW.US,D,20190523,000000,35.706,35.944,35.357,35.914,382708,0
FLOW.US,D,20190524,000000,36.204,36.299,35.562,36.034,148814,0
FLOW.US,D,20190528,000000,36.084,36.611,35.706,35.835,270881,0
FLOW.US,D,20190529,000000,35.327,36.334,35.327,36.114,432797,0
FLOW.US,D,20190530,000000,36.274,36.861,35.934,36.124,244354,0
FLOW.US,D,20190531,000000,35.517,36.074,35.177,35.557,484393,0
FLOW.US,D,20190603,000000,35.577,36.901,35.567,36.314,311863,0
FLOW.US,D,20190604,000000,36.811,37.848,36.736,37.818,267856,0
FLOW.US,D,20190605,000000,37.957,38.275,36.861,37.26,162426,0
FLOW.US,D,20190606,000000,37.071,37.383,36.434,37.171,149629,0
FLOW.US,D,20190607,000000,37.368,37.957,37.001,37.818,117794,0
FLOW.US,D,20190610,000000,38.096,38.554,37.648,37.668,129761,0
FLOW.US,D,20190611,000000,38.315,38.535,37.748,37.917,177753,0
FLOW.US,D,20190612,000000,37.848,38.165,37.688,38.066,123640,0
FLOW.US,D,20190613,000000,38.425,39.212,38.146,39.212,407811,0
FLOW.US,D,20190614,000000,39.042,39.197,38.126,38.165,186038,0
FLOW.US,D,20190617,000000,38.066,38.36,37.648,38.116,178052,0
FLOW.US,D,20190618,000000,38.525,39.302,38.151,38.743,162096,0
FLOW.US,D,20190619,000000,38.793,39.052,38.505,38.873,144114,0
FLOW.US,D,20190620,000000,39.46,39.799,39.022,39.79,128133,0
FLOW.US,D,20190621,000000,39.53,39.949,39.222,39.48,296710,0
FLOW.US,D,20190624,000000,39.73,39.874,38.853,38.863,211780,0
FLOW.US,D,20190625,000000,38.873,39.371,38.615,39.012,156591,0
FLOW.US,D,20190626,000000,39.202,39.809,38.903,39.022,134789,0
FLOW.US,D,20190627,000000,38.903,40.227,38.903,40.167,236055,0
FLOW.US,D,20190628,000000,40.287,41.721,40.098,41.691,424655,0
FLOW.US,D,20190701,000000,42.398,42.618,39.162,39.68,350733,0
FLOW.US,D,20190702,000000,39.53,39.64,38.863,39.012,170140,0
FLOW.US,D,20190703,000000,39.222,39.45,38.833,39.391,91062,0
FLOW.US,D,20190705,000000,39.062,40.038,39.052,39.63,135194,0
FLOW.US,D,20190708,000000,39.371,39.75,39.091,39.252,208621,0
FLOW.US,D,20190709,000000,39.192,39.41,38.505,39.042,142872,0
FLOW.US,D,20190710,000000,39.282,39.476,38.066,38.126,282358,0
FLOW.US,D,20190711,000000,38.076,38.106,37.338,37.518,187461,0
FLOW.US,D,20190712,000000,37.608,39.262,37.608,38.963,163762,0
FLOW.US,D,20190715,000000,39.012,39.082,37.798,37.996,177478,0
FLOW.US,D,20190716,000000,37.917,38.385,37.678,38.116,376044,0
FLOW.US,D,20190717,000000,38.136,38.395,37.448,37.638,245127,0
FLOW.US,D,20190718,000000,37.608,37.848,37.041,37.151,206854,0
FLOW.US,D,20190719,000000,37.171,38.684,36.971,38.235,289677,0
FLOW.US,D,20190722,000000,38.295,38.912,37.942,38.116,193632,0
FLOW.US,D,20190723,000000,38.345,39.44,38.165,39.331,121873,0
FLOW.US,D,20190724,000000,40.964,41.154,38.913,40.964,257921,0
FLOW.US,D,20190725,000000,40.884,40.884,39.859,40.058,146574,0
FLOW.US,D,20190726,000000,40.187,40.815,39.79,40.636,132359,0
FLOW.US,D,20190729,000000,40.716,40.716,39.341,39.48,126993,0
FLOW.US,D,20190730,000000,38.813,40.507,38.615,40.487,141134,0
FLOW.US,D,20190731,000000,40.337,41.334,40.048,40.397,249049,0
FLOW.US,D,20190801,000000,40.247,40.367,38.44,38.713,213901,0
FLOW.US,D,20190802,000000,38.375,38.375,37.573,38.026,183112,0
FLOW.US,D,20190805,000000,37.338,37.738,36.651,36.851,269543,0
FLOW.US,D,20190806,000000,36.631,38.165,36.354,37.698,329003,0
FLOW.US,D,20190807,000000,37.131,37.373,36.851,37.141,306693,0
FLOW.US,D,20190808,000000,37.438,38.634,37.388,38.585,316042,0
FLOW.US,D,20190809,000000,38.435,38.713,37.838,38.455,434396,0
FLOW.US,D,20190812,000000,38.395,38.395,35.696,35.746,343640,0
FLOW.US,D,20190813,000000,34.86,35.287,34.436,34.76,516641,0
FLOW.US,D,20190814,000000,33.933,34.222,33.275,33.873,390695,0
FLOW.US,D,20190815,000000,33.793,33.843,32.389,32.788,399398,0
FLOW.US,D,20190816,000000,32.957,33.943,32.568,33.664,241796,0
FLOW.US,D,20190819,000000,34.212,34.222,33.515,33.615,169405,0
FLOW.US,D,20190820,000000,33.425,33.505,32.578,32.878,281477,0
FLOW.US,D,20190821,000000,33.315,33.435,32.688,33.016,262120,0
FLOW.US,D,20190822,000000,32.957,33.316,32.27,32.478,307864,0
FLOW.US,D,20190823,000000,32.26,32.389,30.667,31.374,526916,0
FLOW.US,D,20190826,000000,31.553,31.766,30.672,31.354,263695,0
FLOW.US,D,20190827,000000,31.671,31.971,31.074,31.294,315209,0
FLOW.US,D,20190828,000000,31.114,32.478,31.114,31.891,270432,0
FLOW.US,D,20190829,000000,32.349,33.166,32.25,32.858,221919,0
FLOW.US,D,20190830,000000,33.016,33.733,32.908,33.575,292129,0
FLOW.US,D,20190903,000000,32.977,33.216,32.211,32.568,327389,0
FLOW.US,D,20190904,000000,32.967,33.245,32.713,33.116,188029,0
FLOW.US,D,20190905,000000,33.585,35.367,33.28,34.999,297094,0
FLOW.US,D,20190906,000000,34.919,34.989,34.112,34.391,227851,0
FLOW.US,D,20190909,000000,34.47,36.871,34.077,36.851,251617,0
FLOW.US,D,20190910,000000,36.881,39.45,36.493,39.381,319690,0
FLOW.US,D,20190911,000000,39.79,42.298,38.982,41.951,340422,0
FLOW.US,D,20190912,000000,41.721,42.976,40.676,42.398,636938,0
FLOW.US,D,20190913,000000,42.798,43.644,42.18,43.115,388547,0
FLOW.US,D,20190916,000000,42.738,43.405,41.751,42.021,310668,0
FLOW.US,D,20190917,000000,41.761,41.911,40.507,41.204,407840,0
FLOW.US,D,20190918,000000,40.994,40.994,38.674,39.61,396400,0
FLOW.US,D,20190919,000000,39.67,39.909,38.639,38.743,294965,0
FLOW.US,D,20190920,000000,38.713,39.272,38.477,38.694,450569,0
FLOW.US,D,20190923,000000,38.265,39.102,38.086,38.763,141041,0
FLOW.US,D,20190924,000000,38.634,38.788,37.418,37.927,317859,0
FLOW.US,D,20190925,000000,37.748,39.69,37.748,39.53,157373,0
FLOW.US,D,20190926,000000,39.401,39.58,38.763,39.082,154227,0
FLOW.US,D,20190927,000000,39.142,40.068,39.142,39.76,200633,0
FLOW.US,D,20190930,000000,39.76,40.527,39.302,39.302,350930,0
FLOW.US,D,20191001,000000,39.78,40.785,37.041,37.101,250419,0
FLOW.US,D,20191002,000000,36.552,36.681,34.73,35.974,379416,0
FLOW.US,D,20191003,000000,35.795,36.474,34.939,36.474,361947,0
FLOW.US,D,20191004,000000,36.314,36.493,35.647,36.094,180239,0
FLOW.US,D,20191007,000000,35.776,36.044,35.227,35.267,204905,0
FLOW.US,D,20191008,000000,34.76,34.929,33.635,34.162,351428,0
FLOW.US,D,20191009,000000,34.64,34.76,33.833,34.64,231389,0
FLOW.US,D,20191010,000000,34.87,35.447,34.49,34.61,182436,0
FLOW.US,D,20191011,000000,35.437,38.006,35.437,37.478,296993,0
FLOW.US,D,20191014,000000,37.001,37.478,36.434,37.21,112657,0
FLOW.US,D,20191015,000000,37.071,38.036,36.691,37.23,239342,0
FLOW.US,D,20191016,000000,37.101,37.987,37.101,37.888,214703,0
FLOW.US,D,20191017,000000,38.126,38.973,37.828,38.205,296366,0
FLOW.US,D,20191018,000000,38.036,38.933,38.036,38.664,209653,0
FLOW.US,D,20191021,000000,39.292,40.567,39.292,39.959,260000,0
FLOW.US,D,20191022,000000,39.839,40.648,39.112,40.337,163041,0
FLOW.US,D,20191023,000000,40.367,41.354,39.66,41.334,202508,0
FLOW.US,D,20191024,000000,41.581,41.581,40.287,40.785,139912,0
FLOW.US,D,20191025,000000,40.696,41.721,40.477,41.512,153295,0
FLOW.US,D,20191028,000000,41.901,43.056,41.901,43.006,148290,0
FLOW.US,D,20191029,000000,42.728,43.688,42.278,43.535,548642,0
FLOW.US,D,20191030,000000,44.819,47.728,43.664,45.715,812533,0
FLOW.US,D,20191031,000000,45.854,46.184,45.058,45.097,715196,0
FLOW.US,D,20191101,000000,45.616,45.616,44.39,44.909,514055,0
FLOW.US,D,20191104,000000,45.924,45.944,45.038,45.785,473579,0
FLOW.US,D,20191105,000000,46.054,46.641,45.705,45.864,413342,0
FLOW.US,D,20191106,000000,45.616,45.814,44.809,45.616,153043,0
FLOW.US,D,20191107,000000,46.204,46.354,45.447,45.646,176984,0
FLOW.US,D,20191108,000000,45.676,46.063,45.427,45.844,242086,0
FLOW.US,D,20191111,000000,45.387,45.829,45.177,45.517,148860,0
FLOW.US,D,20191112,000000,45.257,45.854,45.257,45.586,376077,0
FLOW.US,D,20191113,000000,45.307,45.372,44.39,44.72,312105,0
FLOW.US,D,20191114,000000,44.71,45.427,43.902,44.929,150168,0
FLOW.US,D,20191115,000000,45.347,45.979,45.277,45.804,213572,0
FLOW.US,D,20191118,000000,45.586,45.994,44.979,45.854,460185,0
FLOW.US,D,20191119,000000,46.214,46.911,45.765,46.034,790082,0
FLOW.US,D,20191120,000000,45.735,46.314,45.317,46.024,308934,0
FLOW.US,D,20191121,000000,46.314,46.701,45.954,46.482,175679,0
FLOW.US,D,20191122,000000,46.691,48.275,46.074,48.125,480270,0
FLOW.US,D,20191125,000000,48.365,48.485,47.071,48.105,294282,0
FLOW.US,D,20191126,000000,47.887,48.265,47.608,47.936,269500,0
FLOW.US,D,20191127,000000,48.235,48.425,47.308,47.798,237424,0
FLOW.US,D,20191129,000000,47.468,47.758,46.891,47.209,115314,0
FLOW.US,D,20191202,000000,47.298,47.808,46.841,46.891,184186,0
FLOW.US,D,20191203,000000,46.114,46.174,45.576,45.686,227669,0
FLOW.US,D,20191204,000000,46.274,46.851,46.214,46.354,246208,0
FLOW.US,D,20191205,000000,46.621,47.14,46.329,47.041,234613,0
FLOW.US,D,20191206,000000,47.558,48.345,47.508,48.225,223272,0
FLOW.US,D,20191209,000000,48.005,48.295,47.568,47.808,245841,0
FLOW.US,D,20191210,000000,47.758,47.877,47.209,47.628,116048,0
FLOW.US,D,20191211,000000,47.768,47.897,47.13,47.857,170923,0
FLOW.US,D,20191212,000000,48.205,49.251,47.718,48.952,191812,0
FLOW.US,D,20191213,000000,48.813,49.321,48.155,48.365,115629,0
FLOW.US,D,20191216,000000,48.902,49.132,47.976,48.035,245824,0
FLOW.US,D,20191217,000000,48.33,48.564,47.378,47.688,234045,0
FLOW.US,D,20191218,000000,48.005,48.065,47.438,48.065,330820,0
FLOW.US,D,20191219,000000,48.095,48.225,47.598,48.205,151799,0
FLOW.US,D,20191220,000000,48.295,49.39,48.285,48.922,1468149,0
FLOW.US,D,20191223,000000,49.052,49.44,48.604,49.261,142480,0
FLOW.US,D,20191224,000000,49.222,49.222,48.872,49.022,37676,0
FLOW.US,D,20191226,000000,49.152,49.182,48.604,48.962,114103,0
FLOW.US,D,20191227,000000,49.032,49.43,48.763,49.092,134477,0
FLOW.US,D,20191230,000000,49.112,49.38,48.663,48.713,148309,0
FLOW.US,D,20191231,000000,48.564,49.341,48.564,48.673,183611,0
FLOW.US,D,20200102,000000,49.042,49.739,48.832,49.729,152267,0
FLOW.US,D,20200103,000000,48.852,49.251,48.594,49.192,182655,0
FLOW.US,D,20200106,000000,48.535,48.972,48.273,48.803,238026,0
FLOW.US,D,20200107,000000,48.385,48.803,47.996,48.135,112173,0
FLOW.US,D,20200108,000000,47.308,48.09,47.308,47.638,183517,0
FLOW.US,D,20200109,000000,47.847,47.867,47.288,47.748,122396,0
FLOW.US,D,20200110,000000,47.678,47.733,46.354,46.871,135075,0
FLOW.US,D,20200113,000000,46.831,47.348,46.571,47.218,238505,0
FLOW.US,D,20200114,000000,47.121,47.498,46.641,46.741,325988,0
FLOW.US,D,20200115,000000,46.492,46.931,46.174,46.731,207098,0
FLOW.US,D,20200116,000000,47.121,47.628,46.586,46.981,232107,0
FLOW.US,D,20200117,000000,47.121,47.448,46.711,46.961,166447,0
FLOW.US,D,20200121,000000,46.701,46.811,45.407,45.527,156434,0
FLOW.US,D,20200122,000000,45.785,46.144,45.522,45.755,259830,0
FLOW.US,D,20200123,000000,45.407,45.556,44.54,45.357,339076,0
FLOW.US,D,20200124,000000,45.537,45.537,44.65,45.147,314594,0
FLOW.US,D,20200127,000000,44.032,45.824,43.823,45.507,200041,0
FLOW.US,D,20200128,000000,45.904,46.344,45.636,45.755,125684,0
FLOW.US,D,20200129,000000,45.824,46.014,44.889,44.899,164228,0
FLOW.US,D,20200130,000000,44.301,45.217,43.912,45.197,115635,0
FLOW.US,D,20200131,000000,44.72,44.839,43.355,43.565,164747,0
FLOW.US,D,20200203,000000,43.853,44.61,43.555,43.703,157108,0
FLOW.US,D,20200204,000000,44.57,45.058,44.361,44.65,119021,0
FLOW.US,D,20200205,000000,45.427,46.432,45.217,46.393,156525,0
FLOW.US,D,20200206,000000,46.681,46.761,45.775,46.184,176256,0
FLOW.US,D,20200207,000000,45.834,45.899,45.117,45.317,171919,0
FLOW.US,D,20200210,000000,45.147,45.417,44.61,44.809,190760,0
FLOW.US,D,20200211,000000,43.594,44.262,40.954,41.174,512033,0
FLOW.US,D,20200212,000000,41.731,42.758,40.849,42.428,280358,0
FLOW.US,D,20200213,000000,42.101,42.947,42.061,42.638,152368,0
FLOW.US,D,20200214,000000,42.708,42.723,40.537,41.014,195967,0
FLOW.US,D,20200218,000000,40.736,41.811,40.567,41.482,135580,0
FLOW.US,D,20200219,000000,41.274,41.721,40.805,40.904,266977,0
FLOW.US,D,20200220,000000,40.825,42.081,40.557,41.961,170110,0
FLOW.US,D,20200221,000000,41.741,41.791,40.864,40.874,119208,0
FLOW.US,D,20200224,000000,38.973,39.351,38.5,38.783,150319,0
FLOW.US,D,20200225,000000,38.733,38.798,37.25,37.608,208696,0
FLOW.US,D,20200226,000000,38.026,38.255,37.358,37.668,232882,0
FLOW.US,D,20200227,000000,36.621,37.578,35.597,35.597,223498,0
FLOW.US,D,20200228,000000,34.152,36.631,33.753,36.631,474886,0
FLOW.US,D,20200302,000000,36.881,38.525,36.144,38.465,324687,0
FLOW.US,D,20200303,000000,38.375,39.381,36.294,36.701,308302,0
FLOW.US,D,20200304,000000,37.468,39.5,36.576,39.022,310851,0
FLOW.US,D,20200305,000000,37.001,37.678,36.374,36.911,876956,0
FLOW.US,D,20200306,000000,35.019,35.974,33.206,34.272,218530,0
FLOW.US,D,20200309,000000,31.563,31.711,30.347,30.786,428749,0
FLOW.US,D,20200310,000000,32.101,32.101,28.405,30.237,268684,0
FLOW.US,D,20200311,000000,28.953,29.61,28.176,29.212,482079,0
FLOW.US,D,20200312,000000,26.364,27.061,23.067,25.895,507178,0
FLOW.US,D,20200313,000000,27.828,28.037,23.715,26.134,309598,0
FLOW.US,D,20200316,000000,22.738,23.575,21.294,21.454,367996,0
FLOW.US,D,20200317,000000,21.961,22.121,19.382,21.941,453055,0
FLOW.US,D,20200318,000000,20.327,20.547,15.677,18.038,324562,0
FLOW.US,D,20200319,000000,17.948,20.397,17.051,18.953,448022,0
FLOW.US,D,20200320,000000,18.923,19.53,17.429,17.738,479642,0
FLOW.US,D,20200323,000000,17.798,18.446,16.454,17.061,365745,0
FLOW.US,D,20200324,000000,18.106,19.233,17.828,19.133,355387,0
FLOW.US,D,20200325,000000,19.073,21.124,18.106,19.88,359018,0
FLOW.US,D,20200326,000000,20.05,23.823,19.93,23.675,400735,0
FLOW.US,D,20200327,000000,22.638,25.557,21.074,24.83,524717,0
FLOW.US,D,20200330,000000,25,27.121,24.91,26.424,489082,0
FLOW.US,D,20200331,000000,26.184,28.335,26.144,28.306,411553,0
FLOW.US,D,20200401,000000,27.888,29.162,25.477,26.324,771007,0
FLOW.US,D,20200402,000000,25.974,28.425,25.797,27.221,327162,0
FLOW.US,D,20200403,000000,26.981,28.076,24.073,25.767,384497,0
FLOW.US,D,20200406,000000,26.603,30.177,26.603,29.302,616374,0
FLOW.US,D,20200407,000000,30.337,31.034,29.083,30.297,588591,0
FLOW.US,D,20200408,000000,30.786,31.573,29.47,30.924,591528,0
FLOW.US,D,20200409,000000,31.971,32.648,30.904,32.041,458369,0
FLOW.US,D,20200413,000000,31.583,32.329,29.221,30.158,452971,0
FLOW.US,D,20200414,000000,31.134,31.354,29.53,29.59,357775,0
FLOW.US,D,20200415,000000,28.216,29.023,24.96,28.196,551321,0
FLOW.US,D,20200416,000000,28.126,28.485,25.974,27.508,577880,0
FLOW.US,D,20200417,000000,28.385,30.257,28.126,30.029,324815,0
FLOW.US,D,20200420,000000,28.385,29.72,27.968,29.142,273949,0
FLOW.US,D,20200421,000000,28.017,28.465,26.821,27.618,208677,0
FLOW.US,D,20200422,000000,28.206,28.958,27.489,28.515,204680,0
FLOW.US,D,20200423,000000,28.655,30.547,28.575,30.387,212795,0
FLOW.US,D,20200424,000000,30.069,30.497,29.083,30.177,183343,0
FLOW.US,D,20200427,000000,30.657,31.691,29.77,31.364,186820,0
FLOW.US,D,20200428,000000,32.201,32.828,31.424,32.369,149991,0
FLOW.US,D,20200429,000000,33.843,34.342,33.275,33.953,244726,0
FLOW.US,D,20200430,000000,32.967,33.615,32.061,32.438,261278,0
FLOW.US,D,20200501,000000,31.354,31.711,29.142,30.537,201470,0
FLOW.US,D,20200504,000000,29.999,30.487,29.472,30.099,178670,0
FLOW.US,D,20200505,000000,31.114,32.438,30.767,30.875,122038,0
FLOW.US,D,20200506,000000,31.014,31.184,29.441,29.61,129544,0
FLOW.US,D,20200507,000000,30.287,31.184,30.237,30.845,176060,0
FLOW.US,D,20200508,000000,31.691,32.171,30.737,32.051,204683,0
FLOW.US,D,20200511,000000,31.214,31.274,30.367,30.517,206305,0
FLOW.US,D,20200512,000000,29.88,31.134,27.146,28.545,562560,0
FLOW.US,D,20200513,000000,27.898,27.898,26.603,27.141,467930,0
FLOW.US,D,20200514,000000,25.737,27.439,24.55,27.409,476028,0
FLOW.US,D,20200515,000000,27.201,28.345,26.444,27.878,328647,0
FLOW.US,D,20200518,000000,29.252,31.524,29.212,31.304,286890,0
FLOW.US,D,20200519,000000,30.954,32.161,30.232,30.796,236546,0
FLOW.US,D,20200520,000000,31.721,32.478,31.174,31.631,208937,0
FLOW.US,D,20200521,000000,31.553,32.603,31.553,32.101,189551,0
FLOW.US,D,20200522,000000,32.369,32.369,31.144,31.811,206337,0
FLOW.US,D,20200526,000000,32.948,36.084,32.948,35.696,351433,0
FLOW.US,D,20200527,000000,36.771,37.693,35.795,37.348,584653,0
FLOW.US,D,20200528,000000,37.878,37.947,35.187,35.277,282234,0
FLOW.US,D,20200529,000000,34.57,34.959,33.375,34.44,306201,0
FLOW.US,D,20200601,000000,34.83,35.845,34.44,34.86,212820,0
FLOW.US,D,20200602,000000,35.357,36.661,35.357,36.114,152866,0
FLOW.US,D,20200603,000000,37.031,39.152,36.746,38.535,172471,0
FLOW.US,D,20200604,000000,38.006,39.54,37.558,39.322,242814,0
FLOW.US,D,20200605,000000,41.551,42.458,41.309,41.541,296546,0
FLOW.US,D,20200608,000000,42.448,42.658,40.924,41.124,198387,0
FLOW.US,D,20200609,000000,39.879,40.336,39.082,39.102,183539,0
FLOW.US,D,20200610,000000,38.783,38.783,36.631,36.971,155332,0
FLOW.US,D,20200611,000000,34.68,34.969,33.026,33.036,298297,0
FLOW.US,D,20200612,000000,34.909,35.257,32.418,33.565,179215,0
FLOW.US,D,20200615,000000,31.881,35.357,31.671,35.147,219307,0
FLOW.US,D,20200616,000000,37.191,37.788,35.954,36.474,176054,0
FLOW.US,D,20200617,000000,36.851,37.006,35.577,35.587,218093,0
FLOW.US,D,20200618,000000,34.979,36.414,34.979,35.924,190147,0
FLOW.US,D,20200619,000000,36.522,37.041,34.312,34.56,383984,0
FLOW.US,D,20200622,000000,34.262,34.85,33.565,34.72,159536,0
FLOW.US,D,20200623,000000,35.467,35.696,34.212,35.009,195948,0
FLOW.US,D,20200624,000000,34.282,34.74,33.106,33.565,206093,0
FLOW.US,D,20200625,000000,33.275,34.192,32.778,34.182,170100,0
FLOW.US,D,20200626,000000,33.674,34.77,33.415,34.49,351033,0
FLOW.US,D,20200629,000000,35.447,36.404,35.267,36.234,244386,0
FLOW.US,D,20200630,000000,35.776,37.583,35.776,37.289,221482,0
FLOW.US,D,20200701,000000,37.27,37.678,35.527,35.607,156188,0
FLOW.US,D,20200702,000000,36.611,37.658,35.825,36.064,100266,0
FLOW.US,D,20200706,000000,37.181,37.181,35.904,36.464,150502,0
FLOW.US,D,20200707,000000,36.014,36.144,34.879,35.059,157866,0
FLOW.US,D,20200708,000000,34.81,35.217,33.953,35.177,160296,0
FLOW.US,D,20200709,000000,34.969,34.969,33.515,33.833,116633,0
FLOW.US,D,20200710,000000,34.092,34.8,33.863,34.76,92917,0
FLOW.US,D,20200713,000000,35.477,36.384,34.54,35.307,133823,0
FLOW.US,D,20200714,000000,35.297,37.091,35.161,37.061,113857,0
FLOW.US,D,20200715,000000,38.565,39.182,38.106,38.773,164618,0
FLOW.US,D,20200716,000000,38.565,39.292,37.858,38.295,107494,0
FLOW.US,D,20200717,000000,38.525,39.132,37.917,38.096,159372,0
FLOW.US,D,20200720,000000,37.698,38.066,36.721,37.289,135376,0
FLOW.US,D,20200721,000000,37.967,39.192,37.967,38.674,134264,0
FLOW.US,D,20200722,000000,38.156,38.763,38.051,38.156,166621,0
FLOW.US,D,20200723,000000,37.927,40.287,37.927,39.162,533880,0
FLOW.US,D,20200724,000000,39.312,39.59,38.096,38.713,240333,0
FLOW.US,D,20200727,000000,38.485,40.277,38.066,40.237,197356,0
FLOW.US,D,20200728,000000,39.869,40.577,38.694,38.773,227466,0
FLOW.US,D,20200729,000000,38.644,41.324,38.644,40.834,387133,0
FLOW.US,D,20200730,000000,40.397,40.984,39.909,40.706,238882,0
FLOW.US,D,20200731,000000,40.237,40.677,39.252,39.919,414571,0
FLOW.US,D,20200803,000000,40.407,40.834,39.79,40.387,210636,0
FLOW.US,D,20200804,000000,40.108,40.567,39.67,40.477,162097,0
FLOW.US,D,20200805,000000,41.124,42.668,40.845,42.398,264247,0
FLOW.US,D,20200806,000000,42.418,42.798,41.349,41.751,114420,0
FLOW.US,D,20200807,000000,41.374,42.778,41.374,42.748,116385,0
FLOW.US,D,20200810,000000,42.828,44.839,42.768,44.64,172031,0
FLOW.US,D,20200811,000000,45.267,46.641,45.068,45.237,280593,0
FLOW.US,D,20200812,000000,46.064,46.264,44.769,45.377,151401,0
FLOW.US,D,20200813,000000,44.849,45.387,43.902,44.59,92008,0
FLOW.US,D,20200814,000000,44.062,44.939,43.843,44.69,111150,0
FLOW.US,D,20200817,000000,44.989,45.984,44.62,45.217,198351,0
FLOW.US,D,20200818,000000,45.267,45.267,44.242,44.262,207259,0
FLOW.US,D,20200819,000000,44.46,45.227,44.39,44.61,164834,0
FLOW.US,D,20200820,000000,43.912,44.72,43.912,44.262,118555,0
FLOW.US,D,20200821,000000,43.743,44.61,43.495,43.833,141060,0
FLOW.US,D,20200824,000000,44.331,45.237,43.922,44.869,128793,0
FLOW.US,D,20200825,000000,45.227,45.227,44.43,45.038,171786,0
FLOW.US,D,20200826,000000,45.087,45.087,44.212,44.321,155457,0
FLOW.US,D,20200827,000000,44.799,45.257,44.222,44.262,123070,0
FLOW.US,D,20200828,000000,44.62,44.7,43.883,44.351,154166,0
FLOW.US,D,20200831,000000,44.182,44.287,43.205,43.305,198647,0
FLOW.US,D,20200901,000000,42.907,44.222,42.718,44.112,274597,0
FLOW.US,D,20200902,000000,44.052,45.277,44.052,45.087,142713,0
FLOW.US,D,20200903,000000,44.929,45.048,43.31,43.733,254061,0
FLOW.US,D,20200904,000000,44.56,44.749,43.515,44.082,255948,0
FLOW.US,D,20200908,000000,43.624,43.823,42.828,43.495,217363,0
FLOW.US,D,20200909,000000,44.002,44.351,43.614,43.823,160799,0
FLOW.US,D,20200910,000000,43.962,43.962,42.897,43.435,144937,0
FLOW.US,D,20200911,000000,43.575,44.072,43.445,43.723,177059,0
FLOW.US,D,20200914,000000,44.082,44.51,43.644,44.222,140131,0
FLOW.US,D,20200915,000000,44.48,44.789,43.703,43.773,115543,0
FLOW.US,D,20200916,000000,43.982,45.19,43.713,44.729,167700,0
FLOW.US,D,20200917,000000,44.122,45.487,43.584,45.157,231630,0
FLOW.US,D,20200918,000000,45.437,45.904,44.4,44.859,864388,0
FLOW.US,D,20200921,000000,43.415,43.415,41.334,41.711,472992,0
FLOW.US,D,20200922,000000,41.631,41.981,41.124,41.911,162663,0
FLOW.US,D,20200923,000000,41.881,42.738,41.731,41.881,283965,0
FLOW.US,D,20200924,000000,42.19,42.19,40.834,41.274,223267,0
FLOW.US,D,20200925,000000,40.974,41.443,40.795,41.194,115031,0
FLOW.US,D,20200928,000000,41.891,43.783,41.891,43.205,134399,0
FLOW.US,D,20200929,000000,43.095,43.305,42.318,42.748,99216,0
FLOW.US,D,20200930,000000,42.877,43.51,42.051,42.648,271797,0
FLOW.US,D,20201001,000000,42.608,43.255,41.711,42.18,151776,0
FLOW.US,D,20201002,000000,41.254,43.743,41.254,43.365,224361,0
FLOW.US,D,20201005,000000,43.793,44.799,43.345,44.092,364551,0
FLOW.US,D,20201006,000000,44.38,45.874,43.873,44.939,264153,0
FLOW.US,D,20201007,000000,45.487,45.904,44.65,45.417,181393,0
FLOW.US,D,20201008,000000,46.074,46.274,44.998,45.586,172754,0
FLOW.US,D,20201009,000000,46.134,46.442,45.337,45.427,117629,0
FLOW.US,D,20201012,000000,45.457,45.72,44.921,45.427,147661,0
FLOW.US,D,20201013,000000,45.287,45.834,44.819,45.087,145884,0
FLOW.US,D,20201014,000000,45.068,46.214,45.068,45.467,182479,0
FLOW.US,D,20201015,000000,44.909,46.383,43.833,46.144,124369,0
FLOW.US,D,20201016,000000,46.094,46.511,45.646,46.034,160416,0
FLOW.US,D,20201019,000000,46.224,46.811,45.078,45.147,150757,0
FLOW.US,D,20201020,000000,45.457,46.274,45.297,45.546,160754,0
FLOW.US,D,20201021,000000,45.715,46.254,45.537,45.844,209307,0
FLOW.US,D,20201022,000000,46.014,46.244,45.487,46.024,140153,0
FLOW.US,D,20201023,000000,46.363,46.941,45.964,46.801,101434,0
FLOW.US,D,20201026,000000,46.074,46.074,44.341,44.919,176806,0
FLOW.US,D,20201027,000000,44.69,44.69,43.576,43.942,185277,0
FLOW.US,D,20201028,000000,42.568,43.455,41.394,41.522,203694,0
FLOW.US,D,20201029,000000,40.974,42.388,40.834,42.318,213425,0
FLOW.US,D,20201030,000000,42.21,43.295,41.661,42.18,249241,0
FLOW.US,D,20201102,000000,43.076,44.5,42.968,44.43,133483,0
FLOW.US,D,20201103,000000,45.457,46.661,45.058,46.393,152368,0
FLOW.US,D,20201104,000000,45.417,45.606,43.525,44.759,191697,0
FLOW.US,D,20201105,000000,45.177,48.609,45.177,47.828,240607,0
FLOW.US,D,20201106,000000,48.035,48.035,45.765,46.254,109744,0
FLOW.US,D,20201109,000000,50.934,58.315,49.042,49.082,273497,0
FLOW.US,D,20201110,000000,50.048,52.139,49.41,51.941,231022,0
FLOW.US,D,20201111,000000,51.981,51.981,48.614,50.526,116773,0
FLOW.US,D,20201112,000000,49.739,50.834,48.445,49.192,214782,0
FLOW.US,D,20201113,000000,49.829,51.661,49.829,51.472,89997,0
FLOW.US,D,20201116,000000,53.145,54.072,52.041,53.325,154531,0
FLOW.US,D,20201117,000000,52.698,53.015,51.372,52.788,136130,0
FLOW.US,D,20201118,000000,53.275,53.465,52.428,52.518,157047,0
FLOW.US,D,20201119,000000,52.109,52.897,51.194,52.807,129486,0
FLOW.US,D,20201120,000000,52.288,52.558,51.731,52.198,136989,0
FLOW.US,D,20201123,000000,52.718,54.44,52.718,54.022,146958,0
FLOW.US,D,20201124,000000,54.968,57.001,54.475,56.511,226681,0
FLOW.US,D,20201125,000000,56.174,56.541,54.569,55.157,150318,0
FLOW.US,D,20201127,000000,54.918,55.764,54.789,55.247,56127,0
FLOW.US,D,20201130,000000,54.909,54.909,52.995,53.365,249837,0
FLOW.US,D,20201201,000000,54.172,54.909,52.97,53.305,134721,0
FLOW.US,D,20201202,000000,52.995,53.914,51.911,53.295,138423,0
FLOW.US,D,20201203,000000,53.544,54.012,52.598,53.445,194256,0
FLOW.US,D,20201204,000000,53.862,56.766,53.37,56.461,199796,0
FLOW.US,D,20201207,000000,56.481,56.651,54.593,55.496,115761,0
FLOW.US,D,20201208,000000,54.819,56.811,54.799,56.641,171391,0
FLOW.US,D,20201209,000000,57.228,57.797,56.861,57.418,216982,0
FLOW.US,D,20201210,000000,56.901,57.618,55.854,57.119,104256,0
FLOW.US,D,20201211,000000,56.372,57.548,56.263,57.488,123514,0
FLOW.US,D,20201214,000000,58.285,58.762,57.538,57.608,226477,0
FLOW.US,D,20201215,000000,58.524,59.509,57.893,59.49,172666,0
FLOW.US,D,20201216,000000,59.759,59.759,58.292,58.772,297172,0
FLOW.US,D,20201217,000000,59.201,60.147,58.559,60.017,201561,0
FLOW.US,D,20201218,000000,60.157,60.685,58.672,58.872,1077169,0
FLOW.US,D,20201221,000000,57.278,58.524,56.841,58.055,178411,0
FLOW.US,D,20201222,000000,57.955,57.955,56.751,56.891,116065,0
FLOW.US,D,20201223,000000,57.378,57.837,56.931,57.688,120469,0
FLOW.US,D,20201224,000000,57.638,59.062,56.861,57.378,47190,0
FLOW.US,D,20201228,000000,58.275,58.653,57.797,58.265,150491,0
FLOW.US,D,20201229,000000,58.345,58.345,56.771,57.158,173187,0
FLOW.US,D,20201230,000000,57.208,58.455,57.208,57.856,137975,0
FLOW.US,D,20201231,000000,57.767,58.608,57.064,57.728,160144,0
FLOW.US,D,20210104,000000,58.335,58.842,56.561,58.005,301334,0
FLOW.US,D,20210105,000000,58.055,60.057,58.055,59.211,223113,0
FLOW.US,D,20210106,000000,60.665,63.434,60.665,62.138,404101,0
FLOW.US,D,20210107,000000,61.124,61.701,59.719,61.044,280515,0
FLOW.US,D,20210108,000000,61.471,61.471,57.403,59.42,366183,0
FLOW.US,D,20210111,000000,58.385,59.142,57.728,58.275,253261,0
FLOW.US,D,20210112,000000,58.474,59.032,57.743,58.832,351000,0
FLOW.US,D,20210113,000000,58.464,58.772,55.581,55.715,198934,0
FLOW.US,D,20210114,000000,56.194,57.353,55.406,56.641,213817,0
FLOW.US,D,20210115,000000,55.357,56.521,54.291,54.809,163613,0
FLOW.US,D,20210119,000000,55.476,56.223,55.047,55.416,160241,0
FLOW.US,D,20210120,000000,55.994,56.402,55.057,55.695,155499,0
FLOW.US,D,20210121,000000,55.744,56.014,54.659,55.247,157047,0
FLOW.US,D,20210122,000000,54.39,55.616,53.375,54.909,398289,0
FLOW.US,D,20210125,000000,54.231,54.899,52.847,54.052,287329,0
FLOW.US,D,20210126,000000,54.659,54.659,53.425,54.46,243051,0
FLOW.US,D,20210127,000000,53.015,54.132,52.09,53.504,405111,0
FLOW.US,D,20210128,000000,54.37,54.879,53.802,53.882,306564,0
FLOW.US,D,20210129,000000,54.042,54.042,52.448,52.758,326166,0
FLOW.US,D,20210201,000000,53.325,54.669,52.638,54.33,145927,0
FLOW.US,D,20210202,000000,54.998,55.784,54.819,55.446,80486,0
FLOW.US,D,20210203,000000,55.147,55.675,54.52,54.998,159706,0
FLOW.US,D,20210204,000000,55.027,56.069,55.027,55.824,125340,0
FLOW.US,D,20210205,000000,56.581,56.931,55.819,56.741,103246,0
FLOW.US,D,20210208,000000,57.288,58.464,56.876,57.817,241654,0
FLOW.US,D,20210209,000000,57.618,58.155,56.811,57.648,164172,0
FLOW.US,D,20210210,000000,57.498,59.29,56.094,57.578,182042,0
FLOW.US,D,20210211,000000,58.305,58.782,56.442,57.728,224760,0
FLOW.US,D,20210212,000000,57.698,58.682,57.188,58.534,242599,0
FLOW.US,D,20210216,000000,59.38,60.182,58.722,59.002,166460,0
FLOW.US,D,20210217,000000,58.445,58.942,57.807,58.265,143674,0
FLOW.US,D,20210218,000000,58.015,58.025,56.781,57.168,139054,0
FLOW.US,D,20210219,000000,57.568,58.922,57.308,58.484,113824,0
FLOW.US,D,20210222,000000,58.175,59.619,58.175,59.31,173987,0
FLOW.US,D,20210223,000000,59.599,60.754,58.722,60.057,533067,0
FLOW.US,D,20210224,000000,60.376,62.538,60.376,62.398,354579,0
FLOW.US,D,20210225,000000,62.338,64.092,62.109,62.438,379879,0
FLOW.US,D,20210226,000000,62.508,62.578,60.984,61.312,286385,0
FLOW.US,D,20210301,000000,62.468,64.151,62.119,63.852,166434,0
FLOW.US,D,20210302,000000,63.692,64.012,62.742,63.842,108349,0
FLOW.US,D,20210303,000000,63.932,64.689,63.862,64.151,224710,0
FLOW.US,D,20210304,000000,64.122,65.585,61.821,62.308,544244,0
FLOW.US,D,20210305,000000,63.305,65.714,62.668,65.575,270763,0
FLOW.US,D,20210308,000000,66.223,68.992,66.004,68.245,190920,0
FLOW.US,D,20210309,000000,68.652,68.757,66.093,66.861,225133,0
FLOW.US,D,20210310,000000,67.168,69.061,66.571,68.225,179156,0
FLOW.US,D,20210311,000000,68.175,68.812,66.94,68.205,160055,0
FLOW.US,D,20210312,000000,69.171,69.719,67.448,69.002,234764,0
FLOW.US,D,20210315,000000,68.672,69.052,67.208,68.235,209378,0
FLOW.US,D,20210316,000000,67.855,67.855,66.153,66.831,216232,0
FLOW.US,D,20210317,000000,67.069,67.258,65.506,67.049,272563,0
FLOW.US,D,20210318,000000,67.238,69.052,65.964,66.223,181940,0
FLOW.US,D,20210319,000000,66.322,66.322,64.196,64.519,692288,0
FLOW.US,D,20210322,000000,64.032,64.256,62.378,63.772,169876,0
FLOW.US,D,20210323,000000,62.766,63.494,60.86,61.319,152060,0
FLOW.US,D,20210324,000000,62.067,63.842,61.09,61.159,198129,0
FLOW.US,D,20210325,000000,60.631,63.752,60.431,63.184,134484,0
FLOW.US,D,20210326,000000,64.192,65.119,63.244,64.78,104982,0
FLOW.US,D,20210329,000000,64.351,65.907,64.002,64.072,199712,0
FLOW.US,D,20210330,000000,64.261,65.628,64.261,64.9,99009,0
FLOW.US,D,20210331,000000,64.102,65.069,63.139,63.164,245444,0
FLOW.US,D,20210401,000000,63.514,64.74,63.184,64.71,99682,0
FLOW.US,D,20210405,000000,65.588,65.767,64.55,64.9,104404,0
FLOW.US,D,20210406,000000,65.069,65.927,64.74,64.89,91032,0
FLOW.US,D,20210407,000000,64.79,64.979,63.642,63.862,142015,0
FLOW.US,D,20210408,000000,64.022,64.56,63.314,64.54,76649,0
FLOW.US,D,20210409,000000,64.78,65.478,64.261,65.318,85572,0
FLOW.US,D,20210412,000000,65.498,65.613,64.92,65.398,55201,0
FLOW.US,D,20210413,000000,65.099,65.099,63.782,63.952,91280,0
FLOW.US,D,20210414,000000,64.012,65.367,64.012,64.62,86783,0
FLOW.US,D,20210415,000000,65.029,65.358,63.792,65.358,49280,0
FLOW.US,D,20210416,000000,66.246,67.014,65.777,66.056,122047,0
FLOW.US,D,20210419,000000,65.937,66.695,64.94,66.296,112500,0
FLOW.US,D,20210420,000000,65.827,66.106,63.672,64.59,164051,0
FLOW.US,D,20210421,000000,64.44,67.143,64.271,67.084,179810,0
FLOW.US,D,20210422,000000,67.293,67.742,66.525,66.625,79392,0
FLOW.US,D,20210423,000000,67.203,68.729,67.074,67.811,266798,0
FLOW.US,D,20210426,000000,68.291,69.169,67.811,67.841,100798,0
FLOW.US,D,20210427,000000,67.752,68.434,67.523,68.231,81270,0
FLOW.US,D,20210428,000000,68.341,69.397,68.341,68.859,60333,0
FLOW.US,D,20210429,000000,69.487,69.487,68.356,69.099,83147,0
FLOW.US,D,20210430,000000,68.311,68.899,66.356,66.415,218106,0
FLOW.US,D,20210503,000000,67.353,68.111,66.855,67.263,222446,0
FLOW.US,D,20210504,000000,66.835,68.131,66.186,67.941,88236,0
FLOW.US,D,20210505,000000,68.609,68.609,67.762,67.881,90088,0
FLOW.US,D,20210506,000000,68.381,69.039,67.163,68.759,129689,0
FLOW.US,D,20210507,000000,68.381,70.505,68.381,70.415,149574,0
FLOW.US,D,20210510,000000,70.904,71.432,70.255,70.405,191770,0
FLOW.US,D,20210511,000000,69.169,70.659,68.859,69.377,143610,0
FLOW.US,D,20210512,000000,69.069,69.717,66.146,66.515,126118,0
FLOW.US,D,20210513,000000,66.974,69.667,66.974,69.337,131781,0
FLOW.US,D,20210514,000000,69.737,70.515,69.377,70.205,75645,0
FLOW.US,D,20210517,000000,69.687,70.116,69.069,69.817,72148,0
FLOW.US,D,20210518,000000,69.727,69.727,67.702,67.772,81914,0
FLOW.US,D,20210519,000000,66.914,67.428,65.598,67.273,92347,0
FLOW.US,D,20210520,000000,67.413,67.413,66.585,66.904,118687,0
FLOW.US,D,20210521,000000,67.891,68.451,67.563,68.331,133657,0
FLOW.US,D,20210524,000000,68.491,68.644,67.742,67.901,93959,0
FLOW.US,D,20210525,000000,68.111,69.342,66.615,66.625,135606,0
FLOW.US,D,20210526,000000,66.765,68.569,66.765,67.851,163376,0
FLOW.US,D,20210527,000000,68.969,69.219,68.241,68.451,129161,0
FLOW.US,D,20210528,000000,68.889,68.889,67.583,68.451,100618,0
FLOW.US,D,20210601,000000,69.228,70.001,68.779,69.497,164988,0
FLOW.US,D,20210602,000000,69.857,69.857,67.613,68.081,163536,0
FLOW.US,D,20210603,000000,67.673,67.911,66.505,67.891,94225,0
FLOW.US,D,20210604,000000,68.261,68.291,67.712,67.782,101345,0
FLOW.US,D,20210607,000000,67.821,68.201,67.203,67.811,165592,0
FLOW.US,D,20210608,000000,67.831,68.401,66.974,68.231,140660,0
FLOW.US,D,20210609,000000,68.081,68.131,65.937,66.037,134224,0
FLOW.US,D,20210610,000000,66.685,66.745,64.45,64.62,121716,0
FLOW.US,D,20210611,000000,65.009,65.737,64.73,65.578,89290,0
FLOW.US,D,20210614,000000,65.697,65.697,64.54,64.72,109843,0
FLOW.US,D,20210615,000000,64.989,65.278,64.132,65.268,129937,0
FLOW.US,D,20210616,000000,64.81,65.328,63.887,64.77,90388,0
FLOW.US,D,20210617,000000,64.79,64.79,61.957,62.596,152998,0
FLOW.US,D,20210618,000000,61.778,61.948,60.76,60.98,283625,0
FLOW.US,D,20210621,000000,61.758,63.354,61.758,63.194,124423,0
FLOW.US,D,20210622,000000,62.864,63.164,62.127,63.054,76918,0
FLOW.US,D,20210623,000000,62.844,63.962,62.795,62.874,106039,0
FLOW.US,D,20210624,000000,63.424,63.872,62.626,63.573,119064,0
FLOW.US,D,20210625,000000,63.832,64.969,63.832,64.172,604314,0
FLOW.US,D,20210628,000000,63.932,64.192,63.014,63.902,108573,0
FLOW.US,D,20210629,000000,64.332,64.973,63.882,64.142,81529,0
FLOW.US,D,20210630,000000,63.892,65.765,63.867,65.161,145114,0
FLOW.US,D,20210701,000000,65.72,65.98,65.221,65.25,90984,0
FLOW.US,D,20210702,000000,65.49,65.49,64.012,64.312,113434,0
FLOW.US,D,20210706,000000,64.362,64.362,62.394,63.493,146201,0
FLOW.US,D,20210707,000000,63.123,64.611,63.093,64.102,100359,0
FLOW.US,D,20210708,000000,62.684,64.082,62.339,62.863,92423,0
FLOW.US,D,20210709,000000,64.172,64.979,64.172,64.651,102697,0
FLOW.US,D,20210712,000000,64.052,64.951,63.882,64.941,71883,0
FLOW.US,D,20210713,000000,64.481,65.47,63.892,63.942,67774,0
FLOW.US,D,20210714,000000,63.932,64.751,63.043,63.343,70706,0
FLOW.US,D,20210715,000000,62.793,63.543,62.504,63.013,62158,0
FLOW.US,D,20210716,000000,64.022,64.032,62.004,62.014,89818,0
FLOW.US,D,20210719,000000,78.794,80.522,74.859,75.838,1532131,0
FLOW.US,D,20210720,000000,76.167,77.296,76.167,76.836,719463,0
FLOW.US,D,20210721,000000,77.316,78.572,76.377,76.746,273503,0
FLOW.US,D,20210722,000000,76.537,77.081,75.538,76.067,180823,0
FLOW.US,D,20210723,000000,76.377,76.756,75.748,76.027,130119,0
FLOW.US,D,20210726,000000,84.093,86.07,82.31,82.639,1587970,0
FLOW.US,D,20210727,000000,82.16,82.969,81.571,82.35,621103,0
FLOW.US,D,20210728,000000,83.019,83.019,81.431,81.71,415013,0
FLOW.US,D,20210729,000000,82.18,82.539,81.601,81.84,589187,0
FLOW.US,D,20210730,000000,81.92,82.499,81.71,82.05,359686,0
FLOW.US,D,20210802,000000,82.15,83.588,81.631,81.94,258496,0
FLOW.US,D,20210803,000000,82.37,82.959,81.74,82.879,624049,0
FLOW.US,D,20210804,000000,81.79,82.16,79.633,81.361,285067,0
FLOW.US,D,20210805,000000,82,82.01,79.904,79.953,171200,0
FLOW.US,D,20210806,000000,80.552,81.011,79.583,79.683,224587,0
FLOW.US,D,20210809,000000,79.403,79.742,78.744,79.603,183788,0
FLOW.US,D,20210810,000000,79.413,80.142,79.373,79.723,139673,0
FLOW.US,D,20210811,000000,79.613,80.272,79.154,79.533,234357,0
FLOW.US,D,20210812,000000,79.483,79.653,78.604,78.994,192386,0
FLOW.US,D,20210813,000000,79.243,80.052,77.366,77.625,364644,0
FLOW.US,D,20210816,000000,77.605,79.293,76.517,78.035,190463,0
FLOW.US,D,20210817,000000,77.406,78.015,76.502,77.565,258534,0
FLOW.US,D,20210818,000000,77.565,78.614,77.276,77.446,225258,0
FLOW.US,D,20210819,000000,76.916,77.94,76.657,77.665,240822,0
FLOW.US,D,20210820,000000,77.805,78.453,77.138,77.486,157139,0
FLOW.US,D,20210823,000000,77.805,78.285,77.256,78.085,163697,0
FLOW.US,D,20210824,000000,78.155,79.763,78.155,79.673,175062,0
FLOW.US,D,20210825,000000,79.273,79.852,78.804,79.573,164937,0
FLOW.US,D,20210826,000000,79.233,79.965,78.694,78.754,104943,0
FLOW.US,D,20210827,000000,78.904,80.372,78.904,80.352,189626,0
FLOW.US,D,20210830,000000,80.502,80.901,79.893,80.662,238288,0
FLOW.US,D,20210831,000000,80.432,80.672,79.983,80.432,219537,0
FLOW.US,D,20210901,000000,80.602,81.001,79.853,80.732,268671,0
FLOW.US,D,20210902,000000,78.155,79.243,76.417,78.205,420654,0
FLOW.US,D,20210903,000000,78.185,78.929,77.216,78.474,430616,0
FLOW.US,D,20210907,000000,78.025,78.155,76.382,76.866,340388,0
FLOW.US,D,20210908,000000,76.527,77.655,75.977,76.996,386412,0
FLOW.US,D,20210909,000000,77.026,77.775,76.497,77.306,207727,0
FLOW.US,D,20210910,000000,77.795,78.115,76.697,76.806,188038,0
FLOW.US,D,20210913,000000,77.286,77.585,76.187,77.286,235669,0
FLOW.US,D,20210914,000000,77.486,77.486,76.407,76.956,167500,0
FLOW.US,D,20210915,000000,76.956,77.685,76.507,77.336,228906,0
FLOW.US,D,20210916,000000,77.376,77.416,76.427,77.206,249256,0
FLOW.US,D,20210917,000000,77.346,77.775,76.117,77.695,904627,0
FLOW.US,D,20210920,000000,76.477,77.416,75.498,76.916,251652,0
FLOW.US,D,20210921,000000,78.235,78.235,76.487,77.106,173872,0
FLOW.US,D,20210922,000000,77.585,78.135,76.627,77.196,162522,0
FLOW.US,D,20210923,000000,77.236,78.205,77.151,77.685,148306,0
FLOW.US,D,20210924,000000,77.106,78.005,76.746,77.086,141976,0
FLOW.US,D,20210927,000000,76.407,77.066,75.538,75.588,244183,0
FLOW.US,D,20210928,000000,75.418,75.683,73.53,73.85,195844,0
FLOW.US,D,20210929,000000,74.23,75.19,73.4,73.97,125450,0
FLOW.US,D,20210930,000000,74.28,74.66,73.08,73.1,243541,0
FLOW.US,D,20211001,000000,73.47,74.755,73.1,73.9,239431,0
FLOW.US,D,20211004,000000,74,74.57,73.47,73.64,105644,0
FLOW.US,D,20211005,000000,74.36,74.85,73.32,73.98,362006,0
FLOW.US,D,20211006,000000,73.6,74.11,72.61,73.85,129948,0
FLOW.US,D,20211007,000000,73.79,74.37,73.12,73.29,151704,0
FLOW.US,D,20211008,000000,73.22,73.25,72.12,72.9,134162,0
FLOW.US,D,20211011,000000,72.67,73.12,71.91,72.03,82068,0
FLOW.US,D,20211012,000000,72.16,72.48,71.67,72.3,80854,0
FLOW.US,D,20211013,000000,72.38,73,71.2801,71.57,184196,0
FLOW.US,D,20211014,000000,72.24,73.24,72.06,73.21,155341,0
FLOW.US,D,20211015,000000,74.2,74.59,73.13,73.13,160393,0
FLOW.US,D,20211018,000000,72.92,74.79,72.5,74.39,311997,0
FLOW.US,D,20211019,000000,74.63,76.15,74.29,75.93,226568,0
FLOW.US,D,20211020,000000,76.22,77.56,75.97,77.49,169277,0
FLOW.US,D,20211021,000000,77.11,78.89,76.85,78.83,302774,0
FLOW.US,D,20211022,000000,78.55,80.21,78.55,78.76,212989,0
FLOW.US,D,20211025,000000,78.47,80,78.34,78.42,113730,0
FLOW.US,D,20211026,000000,78.58,78.63,77.46,77.97,133192,0
FLOW.US,D,20211027,000000,77.85,78.86,75.05,75.05,268124,0
FLOW.US,D,20211028,000000,75.38,75.71,75.071,75.36,115071,0
FLOW.US,D,20211029,000000,75.37,75.55,73.82,74.71,182634,0
FLOW.US,D,20211101,000000,75.1,77.07,74.825,76.4,309344,0
FLOW.US,D,20211102,000000,76.51,77.72,75.91,77.66,141837,0
FLOW.US,D,20211103,000000,77.4,78.51,77.01,77.45,207750,0
FLOW.US,D,20211104,000000,77.83,78.25,76.25,76.75,171603,0
FLOW.US,D,20211105,000000,77.68,79.025,77.58,78.73,349805,0
FLOW.US,D,20211108,000000,78.67,79.77,78.43,79.4,387640,0
FLOW.US,D,20211109,000000,79.45,80.4,79.23,79.47,180183,0
FLOW.US,D,20211110,000000,79.43,81.86,77.66,79,331093,0
FLOW.US,D,20211111,000000,80.26,80.945,79.64,79.89,267175,0
FLOW.US,D,20211112,000000,80,80.48,79.37,80.28,157885,0
FLOW.US,D,20211115,000000,80.64,80.87,79.38,79.66,202668,0
FLOW.US,D,20211116,000000,79.66,80.79,79.37,79.92,271609,0
FLOW.US,D,20211117,000000,79.99,80.24,79.01,80.13,272362,0
FLOW.US,D,20211118,000000,80.37,80.74,79.225,80.66,204565,0
FLOW.US,D,20211119,000000,80.66,88.55,79.39,81.75,727070,0
FLOW.US,D,20211122,000000,80.2,82.43,80.2,81.81,373495,0
FLOW.US,D,20211123,000000,82.15,87.35,82,87.15,835405,0
FLOW.US,D,20211124,000000,86.39,87.63,86.38,86.54,259732,0
FLOW.US,D,20211126,000000,84.51,85.9,83.12,85.28,230857,0
FLOW.US,D,20211129,000000,86.13,87,84.08,84.34,409558,0
FLOW.US,D,20211130,000000,83.75,84.85,82.61,83.51,301246,0
FLOW.US,D,20211201,000000,85.24,86.31,83.11,83.19,449947,0
FLOW.US,D,20211202,000000,83.68,84.82,82.7,84.2,415023,0
FLOW.US,D,20211203,000000,84.57,85.07,83.1901,84.05,179679,0
FLOW.US,D,20211206,000000,85.14,86.31,84.365,84.57,286917,0
FLOW.US,D,20211207,000000,85.57,86,84.79,84.86,100930,0
FLOW.US,D,20211208,000000,85.2,86.9462,84.5,85.59,138843,0
FLOW.US,D,20211209,000000,85.06,86.11,84.61,84.93,100498,0
FLOW.US,D,20211210,000000,85.07,85.86,84.71,85.63,120633,0
FLOW.US,D,20211213,000000,85.53,86.23,85.35,86.12,5746261,0
FLOW.US,D,20211214,000000,86.15,86.56,86,86.36,2320322,0
FLOW.US,D,20211215,000000,86.45,86.6682,85.72,86.18,1441676,0
FLOW.US,D,20211216,000000,86.18,86.39,85.65,85.94,849889,0
FLOW.US,D,20211217,000000,85.85,86.4,85.49,85.49,1568727,0
FLOW.US,D,20211220,000000,85.57,86.4,85.15,86.27,789295,0
FLOW.US,D,20211221,000000,86.29,86.48,85.77,85.96,289982,0
FLOW.US,D,20211222,000000,86.19,86.29,85.48,86.01,439459,0
FLOW.US,D,20211223,000000,86.02,86.18,85.8,85.97,252881,0
FLOW.US,D,20211227,000000,86.1,86.52,85.85,86.35,366803,0
FLOW.US,D,20211228,000000,86.285,86.48,86.05,86.22,280069,0
FLOW.US,D,20211229,000000,86.2,86.8288,86.02,86.65,303091,0
FLOW.US,D,20211230,000000,86.6,86.68,86.09,86.25,203696,0
FLOW.US,D,20211231,000000,86.3,86.67,86.3,86.48,228888,0
FLOW.US,D,20220103,000000,86.52,86.8973,86.42,86.5,1034408,0
FLOW.US,D,20220104,000000,86.76,87.45,86.5,86.57,692314,0
FLOW.US,D,20220105,000000,86.9,87,86.25,86.36,610664,0
FLOW.US,D,20220106,000000,86.55,86.78,86.27,86.36,223969,0
FLOW.US,D,20220107,000000,86.4,86.43,85.65,85.76,494447,0
FLOW.US,D,20220110,000000,85.77,86.24,85.53,86.02,298842,0
FLOW.US,D,20220111,000000,86.02,86.2,85.53,85.82,214727,0
FLOW.US,D,20220112,000000,85.92,86.015,85.59,85.6,555856,0
FLOW.US,D,20220113,000000,85.89,85.96,85.65,85.84,241221,0
FLOW.US,D,20220114,000000,85.71,85.94,85.6,85.67,389298,0
FLOW.US,D,20220118,000000,85.68,85.805,85.34,85.44,764410,0
FLOW.US,D,20220119,000000,85.55,85.66,85.25,85.49,712134,0
FLOW.US,D,20220120,000000,85.39,85.64,85.25,85.25,523064,0
FLOW.US,D,20220121,000000,85.25,85.48,85.1,85.11,1607437,0
