<TICKER>,<PER>,<DATE>,<TIME>,<OPEN>,<HIGH>,<LOW>,<CLOSE>,<VOL>,<OPENINT>
FREY-WS.US,D,20210708,000000,1.9,2.0101,1.9,2.01,6861,0
FREY-WS.US,D,20210709,000000,2.02,2.0446,1.8,1.8699,73615,0
FREY-WS.US,D,20210712,000000,1.9,1.9,1.71,1.81,42798,0
FREY-WS.US,D,20210713,000000,1.75,2.1,1.75,2.05,54412,0
FREY-WS.US,D,20210714,000000,1.9,2.1,1.9,1.95,14451,0
FREY-WS.US,D,20210715,000000,2.01,2.01,1.82,1.85,13361,0
FREY-WS.US,D,20210716,000000,1.9,1.97,1.67,1.7299,101520,0
FREY-WS.US,D,20210719,000000,1.685,1.78,1.6,1.78,27488,0
FREY-WS.US,D,20210720,000000,1.74,1.9,1.65,1.79,41528,0
FREY-WS.US,D,20210721,000000,1.73,1.79,1.6599,1.7335,19929,0
FREY-WS.US,D,20210722,000000,1.71,1.79,1.7,1.79,7567,0
FREY-WS.US,D,20210723,000000,1.73,2.04,1.73,1.99,66358,0
FREY-WS.US,D,20210726,000000,1.89,2.04,1.88,2,37934,0
FREY-WS.US,D,20210727,000000,1.97,2.05,1.85,2,70967,0
FREY-WS.US,D,20210728,000000,1.88,1.95,1.77,1.89,20713,0
FREY-WS.US,D,20210729,000000,1.79,1.8101,1.7795,1.7992,56308,0
FREY-WS.US,D,20210730,000000,1.8101,1.875,1.76,1.84,16025,0
FREY-WS.US,D,20210802,000000,1.7701,1.99,1.7701,1.82,6245,0
FREY-WS.US,D,20210803,000000,1.86,1.8999,1.77,1.8698,16824,0
FREY-WS.US,D,20210804,000000,1.9899,2.14,1.9899,2.1,67988,0
FREY-WS.US,D,20210805,000000,2.3,2.35,2.1406,2.3,73274,0
FREY-WS.US,D,20210806,000000,2.3,2.5999,2.25,2.4103,41598,0
FREY-WS.US,D,20210809,000000,2.42,2.66,2.42,2.6,103604,0
FREY-WS.US,D,20210810,000000,2.7,2.99,2.7,2.95,211276,0
FREY-WS.US,D,20210811,000000,2.88,2.88,1.93,2.55,180944,0
FREY-WS.US,D,20210812,000000,2.6,2.6,2.26,2.4,78333,0
FREY-WS.US,D,20210813,000000,2.32,2.6,2.26,2.4,87633,0
FREY-WS.US,D,20210816,000000,2.28,2.52,2.03,2.1,55828,0
FREY-WS.US,D,20210817,000000,2.2601,2.3119,1.93,1.93,60058,0
FREY-WS.US,D,20210818,000000,2.23,2.23,1.95,2.015,27227,0
FREY-WS.US,D,20210819,000000,2.01,2.03,1.88,1.9182,16269,0
FREY-WS.US,D,20210820,000000,2.02,2.02,1.94,1.99,10959,0
FREY-WS.US,D,20210823,000000,2.1,2.2,2.1,2.14,14102,0
FREY-WS.US,D,20210824,000000,2.43,2.43,2.1505,2.245,22530,0
FREY-WS.US,D,20210825,000000,2.33,2.35,2.07,2.1806,20322,0
FREY-WS.US,D,20210826,000000,2.2,2.2,2.04,2.07,7650,0
FREY-WS.US,D,20210827,000000,2.125,2.2,2.1,2.12,10867,0
FREY-WS.US,D,20210830,000000,2.1817,2.1817,2.01,2.0901,9407,0
FREY-WS.US,D,20210831,000000,2.1,2.114,2.05,2.06,7710,0
FREY-WS.US,D,20210901,000000,2,2.1,1.96,2.06,71334,0
FREY-WS.US,D,20210902,000000,2.05,2.08,2.04,2.06,47050,0
FREY-WS.US,D,20210903,000000,2,2.122,1.995,2.02,12995,0
FREY-WS.US,D,20210907,000000,1.97,2.02,1.97,1.99,204710,0
FREY-WS.US,D,20210908,000000,1.99,2.01,1.99,2.0089,8007,0
FREY-WS.US,D,20210909,000000,1.99,2.215,1.99,2.17,17139,0
FREY-WS.US,D,20210910,000000,2.09,2.225,2.0208,2.21,10963,0
FREY-WS.US,D,20210913,000000,2.08,2.21,2,2.16,11374,0
FREY-WS.US,D,20210914,000000,2.09,2.15,2.01,2.13,26492,0
FREY-WS.US,D,20210915,000000,2.19,2.2,2.05,2.1002,17785,0
FREY-WS.US,D,20210916,000000,2.05,2.14,2.05,2.14,1517,0
FREY-WS.US,D,20210917,000000,2.09,2.3,2.09,2.25,34092,0
FREY-WS.US,D,20210920,000000,2.07,2.22,2.01,2.22,11588,0
FREY-WS.US,D,20210921,000000,2.21,2.27,2.18,2.26,48576,0
FREY-WS.US,D,20210922,000000,2.27,2.66,2.24,2.5601,135915,0
FREY-WS.US,D,20210923,000000,2.49,2.68,2.33,2.45,14301,0
FREY-WS.US,D,20210924,000000,2.37,2.5,2.37,2.45,11382,0
FREY-WS.US,D,20210927,000000,2.44,2.81,2.44,2.72,40163,0
FREY-WS.US,D,20210928,000000,2.65,2.75,2.55,2.75,28255,0
FREY-WS.US,D,20210929,000000,2.66,2.7902,2.66,2.7696,28700,0
FREY-WS.US,D,20210930,000000,2.82,2.97,2.7,2.96,34616,0
FREY-WS.US,D,20211001,000000,2.77,2.9001,2.77,2.89,70564,0
FREY-WS.US,D,20211004,000000,2.89,2.9,2.6,2.8,102466,0
FREY-WS.US,D,20211005,000000,2.6,2.8399,2.5998,2.8,26551,0
FREY-WS.US,D,20211006,000000,2.71,2.71,2.53,2.62,25184,0
FREY-WS.US,D,20211007,000000,2.72,2.75,2.64,2.65,47706,0
FREY-WS.US,D,20211008,000000,2.68,2.73,2.61,2.67,46932,0
FREY-WS.US,D,20211011,000000,2.8,2.8,2.55,2.61,34711,0
FREY-WS.US,D,20211012,000000,2.95,2.98,2.77,2.85,163223,0
FREY-WS.US,D,20211013,000000,2.85,2.95,2.7,2.95,91900,0
FREY-WS.US,D,20211014,000000,2.95,2.98,2.89,2.9101,7944,0
FREY-WS.US,D,20211015,000000,2.95,2.99,2.87,2.97,80499,0
FREY-WS.US,D,20211018,000000,2.97,2.98,2.84,2.89,96667,0
FREY-WS.US,D,20211019,000000,2.85,3,2.85,2.99,104875,0
FREY-WS.US,D,20211020,000000,3.04,3.04,2.78,2.83,102069,0
FREY-WS.US,D,20211021,000000,2.83,2.87,2.82,2.83,57580,0
FREY-WS.US,D,20211022,000000,2.9,2.9307,2.83,2.9,11452,0
FREY-WS.US,D,20211025,000000,3,3.05,2.8801,3,20449,0
FREY-WS.US,D,20211026,000000,3,3.24,3,3.09,125874,0
FREY-WS.US,D,20211027,000000,3,3.25,3,3.16,195300,0
FREY-WS.US,D,20211028,000000,3.16,3.37,3.16,3.16,30209,0
FREY-WS.US,D,20211029,000000,3.16,3.32,3,3.05,33106,0
FREY-WS.US,D,20211101,000000,2.81,3.27,2.81,3.09,63792,0
FREY-WS.US,D,20211102,000000,3.01,3.27,3.01,3.08,26356,0
FREY-WS.US,D,20211103,000000,3.15,3.55,3.15,3.55,165947,0
FREY-WS.US,D,20211104,000000,3.44,3.77,3.44,3.66,166770,0
FREY-WS.US,D,20211105,000000,3.75,3.78,3.6,3.66,98608,0
FREY-WS.US,D,20211108,000000,3.8,3.87,3.63,3.835,90943,0
FREY-WS.US,D,20211109,000000,3.78,3.7801,3.66,3.71,15131,0
FREY-WS.US,D,20211110,000000,3.5413,3.61,3.52,3.61,27360,0
FREY-WS.US,D,20211111,000000,3.55,3.86,3.38,3.8,48367,0
FREY-WS.US,D,20211112,000000,3.8,3.82,3.69,3.71,21039,0
FREY-WS.US,D,20211115,000000,3.8,4.15,3.58,4.12,661520,0
FREY-WS.US,D,20211116,000000,4.18,4.63,4.13,4.52,365253,0
FREY-WS.US,D,20211117,000000,4.6,4.92,4.35,4.4,554061,0
FREY-WS.US,D,20211118,000000,4.3,4.79,3.87,3.98,164720,0
FREY-WS.US,D,20211119,000000,4.39,4.46,3.98,4,111205,0
FREY-WS.US,D,20211122,000000,4,4.3,3.77,3.87,41681,0
FREY-WS.US,D,20211123,000000,3.82,3.91,3.55,3.7899,56516,0
FREY-WS.US,D,20211124,000000,3.67,3.79,3.65,3.7431,18146,0
FREY-WS.US,D,20211126,000000,3.89,3.89,3.63,3.69,4405,0
FREY-WS.US,D,20211129,000000,3.56,3.72,3.56,3.6801,7574,0
FREY-WS.US,D,20211130,000000,3.6,3.68,3.33,3.42,26674,0
FREY-WS.US,D,20211201,000000,3.7,3.7,2.77,2.79,144106,0
FREY-WS.US,D,20211202,000000,2.7,2.94,2.7,2.84,10114,0
FREY-WS.US,D,20211203,000000,2.76,2.76,2.58,2.7,18994,0
FREY-WS.US,D,20211206,000000,2.71,2.7401,2.65,2.65,2542,0
FREY-WS.US,D,20211207,000000,2.83,3.27,2.73,3.25,109821,0
FREY-WS.US,D,20211208,000000,3.33,3.6,3.18,3.51,203534,0
FREY-WS.US,D,20211209,000000,3.67,3.74,3.31,3.31,20849,0
FREY-WS.US,D,20211210,000000,3.57,3.75,3.44,3.58,116036,0
FREY-WS.US,D,20211213,000000,3.84,3.84,3.51,3.57,21708,0
FREY-WS.US,D,20211214,000000,3.595,3.595,3.31,3.4,17139,0
FREY-WS.US,D,20211215,000000,3.58,3.58,3.4008,3.53,9532,0
FREY-WS.US,D,20211216,000000,4.18,4.3,3.6,3.62,38371,0
FREY-WS.US,D,20211217,000000,3.46,3.94,3.345,3.81,50812,0
FREY-WS.US,D,20211220,000000,3.6,3.92,3.5,3.52,33083,0
FREY-WS.US,D,20211221,000000,3.79,3.8701,3.73,3.75,24076,0
FREY-WS.US,D,20211222,000000,3.81,3.85,3.8,3.8,3442,0
FREY-WS.US,D,20211223,000000,3.81,3.81,3.72,3.8,3045,0
FREY-WS.US,D,20211227,000000,3.68,3.8,3.68,3.7489,15589,0
FREY-WS.US,D,20211228,000000,3.91,3.91,3.65,3.65,14854,0
FREY-WS.US,D,20211229,000000,3.65,3.65,3.47,3.47,4634,0
FREY-WS.US,D,20211230,000000,3.47,3.64,3.47,3.64,6674,0
FREY-WS.US,D,20211231,000000,3.91,3.91,3.67,3.7,3469,0
FREY-WS.US,D,20220103,000000,3.9,3.98,3.78,3.91,26489,0
FREY-WS.US,D,20220104,000000,3.77,3.95,3.66,3.8,10585,0
FREY-WS.US,D,20220105,000000,3.8,3.8,3.53,3.53,18710,0
FREY-WS.US,D,20220106,000000,3.37,3.52,3.11,3.14,55815,0
FREY-WS.US,D,20220107,000000,3.24,3.25,2.96,3.06,20283,0
FREY-WS.US,D,20220110,000000,3.19,3.19,2.62,2.95,44017,0
FREY-WS.US,D,20220111,000000,3.11,3.12,2.94,3.08,47869,0
FREY-WS.US,D,20220112,000000,3.19,3.19,3.05,3.15,13839,0
FREY-WS.US,D,20220113,000000,3.33,3.33,2.82,2.87,21780,0
FREY-WS.US,D,20220114,000000,2.9073,2.9073,2.794,2.84,1976,0
FREY-WS.US,D,20220118,000000,2.76,2.8,2.6,2.65,32250,0
FREY-WS.US,D,20220119,000000,2.94,3.1,2.8,3.0573,43314,0
FREY-WS.US,D,20220120,000000,3.32,3.32,3.17,3.17,50794,0
FREY-WS.US,D,20220121,000000,2.84,2.84,2.73,2.84,45289,0
