<TICKER>,<PER>,<DATE>,<TIME>,<OPEN>,<HIGH>,<LOW>,<CLOSE>,<VOL>,<OPENINT>
GPOR.US,D,20210519,000000,67,82.16,64.953,68.01,100920,0
GPOR.US,D,20210520,000000,64,70,64,66.05,48020,0
GPOR.US,D,20210521,000000,64.51,65.125,63,63.59,54542,0
GPOR.US,D,20210524,000000,59.9,63.95,59.9,63,32283,0
GPOR.US,D,20210525,000000,58.75,62.55,58.7101,61.8,12738,0
GPOR.US,D,20210526,000000,60.8,62.17,60.8,61.21,11352,0
GPOR.US,D,20210527,000000,63.34,65.7,62.2277,62.23,18660,0
GPOR.US,D,20210528,000000,61.6,64.76,61.6,62.5,4709,0
GPOR.US,D,20210601,000000,62.5,63.81,61.605,63.53,109590,0
GPOR.US,D,20210602,000000,63,63.87,62.95,63.5,17561,0
GPOR.US,D,20210603,000000,62.63,64.27,62.33,63.6,65119,0
GPOR.US,D,20210604,000000,63.705,64.4999,62,63.55,41131,0
GPOR.US,D,20210607,000000,63.12,64.09,61,62.17,31134,0
GPOR.US,D,20210608,000000,61.225,63.165,61.01,61.79,108411,0
GPOR.US,D,20210609,000000,61.79,63.2,60.01,62.97,41190,0
GPOR.US,D,20210610,000000,63,63.99,63,63.6,39571,0
GPOR.US,D,20210611,000000,64.88,66.6299,64.88,65.75,95497,0
GPOR.US,D,20210614,000000,65.48,66.51,65.21,65.73,15817,0
GPOR.US,D,20210615,000000,65.8,67,65.8,66.7,204209,0
GPOR.US,D,20210616,000000,66.27,66.27,65,65.1,20569,0
GPOR.US,D,20210617,000000,65.09,65.09,64.27,64.27,3187,0
GPOR.US,D,20210618,000000,63.72,63.79,62.82,62.82,17583,0
GPOR.US,D,20210621,000000,62.74,65.5,62.74,64,51732,0
GPOR.US,D,20210622,000000,64.24,64.7799,63.02,64.19,15945,0
GPOR.US,D,20210623,000000,63.89,64.95,63.89,64.48,33597,0
GPOR.US,D,20210624,000000,65.105,65.105,64.1944,64.61,20541,0
GPOR.US,D,20210625,000000,64.8,65.7443,64.75,64.75,27732,0
GPOR.US,D,20210628,000000,64.75,65.3499,62.24,62.52,26487,0
GPOR.US,D,20210629,000000,62.75,63.4258,61.1864,62.59,27630,0
GPOR.US,D,20210630,000000,62.4,65.33,62.4,64.7,48503,0
GPOR.US,D,20210701,000000,62.04,66,62.04,65.82,41782,0
GPOR.US,D,20210702,000000,65.15,66,64.49,64.49,17717,0
GPOR.US,D,20210706,000000,64.46,64.59,62.4683,63.09,8073,0
GPOR.US,D,20210707,000000,63.52,65.11,63.52,63.86,19278,0
GPOR.US,D,20210708,000000,64.08,65.3,63.59,65.3,12109,0
GPOR.US,D,20210709,000000,65.31,66.46,65.2,66.31,55661,0
GPOR.US,D,20210712,000000,65.9,70.24,65.9,68.79,35229,0
GPOR.US,D,20210713,000000,67.89,69.57,67.42,69.33,36006,0
GPOR.US,D,20210714,000000,68.79,69.69,67.0834,68.5,33511,0
GPOR.US,D,20210715,000000,68.22,69.22,68.05,68.24,43569,0
GPOR.US,D,20210716,000000,68.61,68.61,66.5,67.7,26795,0
GPOR.US,D,20210719,000000,66.13,66.13,63,63.02,18633,0
GPOR.US,D,20210720,000000,63.6,64.47,60.43,61.62,142523,0
GPOR.US,D,20210721,000000,62.59,66.415,62.59,65.75,17332,0
GPOR.US,D,20210722,000000,65.88,66.475,65,65.64,11350,0
GPOR.US,D,20210723,000000,65.91,66.8925,64.81,65,28070,0
GPOR.US,D,20210726,000000,65.58,69.05,65.44,67.49,57791,0
GPOR.US,D,20210727,000000,67.13,69.1225,65.78,66.88,29929,0
GPOR.US,D,20210728,000000,66.74,67.31,66.74,66.88,14571,0
GPOR.US,D,20210729,000000,67.35,68.9799,66.96,68.71,24968,0
GPOR.US,D,20210730,000000,68.75,68.75,67.28,68.3,11530,0
GPOR.US,D,20210802,000000,68.8,68.989,67.59,68.18,36431,0
GPOR.US,D,20210803,000000,67.35,71.18,66,70.76,33138,0
GPOR.US,D,20210804,000000,70,71.12,69.29,69.36,144385,0
GPOR.US,D,20210805,000000,69.71,70.315,69.02,69.4,71357,0
GPOR.US,D,20210806,000000,69.88,70.355,66.9725,68.55,25942,0
GPOR.US,D,20210809,000000,68,68,65.5,66.76,47627,0
GPOR.US,D,20210810,000000,67,67.39,65.81,67.25,31524,0
GPOR.US,D,20210811,000000,66.94,67.285,65.35,66.44,27695,0
GPOR.US,D,20210812,000000,66.63,67.105,65.29,66.89,16681,0
GPOR.US,D,20210813,000000,66.8,67.25,66.52,66.52,22018,0
GPOR.US,D,20210816,000000,66.04,66.04,64.35,65.01,22775,0
GPOR.US,D,20210817,000000,64.35,65.595,64.025,64.81,48611,0
GPOR.US,D,20210818,000000,64.0001,65.44,64.0001,64.64,36992,0
GPOR.US,D,20210819,000000,64,65.84,64,64.76,23699,0
GPOR.US,D,20210820,000000,64.24,65.55,64.24,64.42,19607,0
GPOR.US,D,20210823,000000,65.16,65.295,64.3,64.85,18758,0
GPOR.US,D,20210824,000000,65.26,65.655,64.2,65.21,12718,0
GPOR.US,D,20210825,000000,64.98,66.65,64.75,65.25,22636,0
GPOR.US,D,20210826,000000,64.81,65.47,64.43,64.99,15930,0
GPOR.US,D,20210827,000000,65.24,67.5,65.24,67.31,73136,0
GPOR.US,D,20210830,000000,67,67.475,66.1,66.15,18003,0
GPOR.US,D,20210831,000000,66.28,68.01,66,66.86,42396,0
GPOR.US,D,20210901,000000,66.65,67.95,66.215,67.94,44507,0
GPOR.US,D,20210902,000000,68.12,70.13,68.05,69,49561,0
GPOR.US,D,20210903,000000,69.38,70.2,69.27,69.92,38597,0
GPOR.US,D,20210907,000000,70.39,72.38,70.38,71.71,181921,0
GPOR.US,D,20210908,000000,72.04,72.8599,70.83,71.74,72456,0
GPOR.US,D,20210909,000000,71.62,72.5,71.1701,71.76,55132,0
GPOR.US,D,20210910,000000,72,72,70.5284,71.27,54228,0
GPOR.US,D,20210913,000000,71.09,73.02,71.09,72.17,102869,0
GPOR.US,D,20210914,000000,72.5,73.56,71.52,73.04,105060,0
GPOR.US,D,20210915,000000,74.41,78.14,74.35,76.72,306688,0
GPOR.US,D,20210916,000000,76.9,79.98,76.6772,79.97,311826,0
GPOR.US,D,20210917,000000,80,81.935,78.57,78.57,923769,0
GPOR.US,D,20210920,000000,77.94,79.74,76.3222,78.27,130194,0
GPOR.US,D,20210921,000000,79.2,80.75,78.56,78.59,128067,0
GPOR.US,D,20210922,000000,79.29,79.84,77.215,78,32685,0
GPOR.US,D,20210923,000000,77.0203,87.26,77.0203,79.98,182917,0
GPOR.US,D,20210924,000000,80.26,81.86,78.52,81,57214,0
GPOR.US,D,20210927,000000,81.87,83.75,81.87,82.99,77678,0
GPOR.US,D,20210928,000000,84.28,84.28,81.55,82.79,55345,0
GPOR.US,D,20210929,000000,82.4,82.46,81.8,82.22,35959,0
GPOR.US,D,20210930,000000,81.65,82.95,81.0001,82.21,38850,0
GPOR.US,D,20211001,000000,82.06,83.25,81.44,82.02,32981,0
GPOR.US,D,20211004,000000,81.98,83.53,81.845,83.14,63568,0
GPOR.US,D,20211005,000000,83.5,83.85,82.1,83.5,83729,0
GPOR.US,D,20211006,000000,82.74,82.975,81.04,81.93,36978,0
GPOR.US,D,20211007,000000,82.59,83.71,82,82.72,84397,0
GPOR.US,D,20211008,000000,83.37,85.88,82.75,85.8,49382,0
GPOR.US,D,20211011,000000,85.67,88.8,85.67,87.86,59688,0
GPOR.US,D,20211012,000000,88.14,88.855,86.6754,87.72,57467,0
GPOR.US,D,20211013,000000,86.96,87.44,86.35,86.96,56549,0
GPOR.US,D,20211014,000000,87.11,87.275,86.09,86.73,32285,0
GPOR.US,D,20211015,000000,86.7,87.36,84.17,84.42,24746,0
GPOR.US,D,20211018,000000,84.42,85.058,82.37,83.47,56430,0
GPOR.US,D,20211019,000000,83.52,83.84,82.11,82.94,17650,0
GPOR.US,D,20211020,000000,82.7,84.63,82.7,84,85323,0
GPOR.US,D,20211021,000000,84.25,86.15,82.62,83.14,22170,0
GPOR.US,D,20211022,000000,83.38,84.5812,82.69,83,18606,0
GPOR.US,D,20211025,000000,83.23,84.805,83.23,84.19,56769,0
GPOR.US,D,20211026,000000,84.51,86.21,84.18,84.74,45232,0
GPOR.US,D,20211027,000000,84,85.6,83.2045,84,56432,0
GPOR.US,D,20211028,000000,84.4,85.9899,83.84,83.97,24933,0
GPOR.US,D,20211029,000000,83.71,83.83,81.84,82.04,109686,0
GPOR.US,D,20211101,000000,82.7,83.85,81.74,82.35,28615,0
GPOR.US,D,20211102,000000,82.34,83.26,81.2011,82.5,66401,0
GPOR.US,D,20211103,000000,83.26,83.63,79.7,81.66,96903,0
GPOR.US,D,20211104,000000,81.94,83.8025,80.47,81.37,41482,0
GPOR.US,D,20211105,000000,81.32,82.01,79.6,81.84,24541,0
GPOR.US,D,20211108,000000,81.59,83.64,81.19,82.49,31134,0
GPOR.US,D,20211109,000000,82.06,82.72,80.29,82.16,64334,0
GPOR.US,D,20211110,000000,81.73,82.155,79.17,79.27,90901,0
GPOR.US,D,20211111,000000,79.06,82.09,78.9,79.46,39091,0
GPOR.US,D,20211112,000000,80.1,81.35,79.28,79.5,197557,0
GPOR.US,D,20211115,000000,79.76,81.01,78.86,80.22,148412,0
GPOR.US,D,20211116,000000,80.76,81.75,79.64,80.8,110494,0
GPOR.US,D,20211117,000000,80.18,83.6,79.9,80.6,63743,0
GPOR.US,D,20211118,000000,80.86,82.75,79.02,79.07,66325,0
GPOR.US,D,20211119,000000,78.08,78.7,76.48,77.26,46410,0
GPOR.US,D,20211122,000000,77.27,80.04,77.27,78.14,54193,0
GPOR.US,D,20211123,000000,78.5,80.05,78.5,79.8,46773,0
GPOR.US,D,20211124,000000,79.25,81.6,79.25,81.6,80093,0
GPOR.US,D,20211126,000000,79.79,81.26,79.04,79.5,148171,0
GPOR.US,D,20211129,000000,80.62,81.98,78.63,78.64,44740,0
GPOR.US,D,20211130,000000,77.81,78.48,72.29,72.99,357247,0
GPOR.US,D,20211201,000000,73.95,74.41,66.4,67.12,138131,0
GPOR.US,D,20211202,000000,66.43,67.55,65,66.51,141389,0
GPOR.US,D,20211203,000000,67.17,68.87,65.86,66.01,97805,0
GPOR.US,D,20211206,000000,66.59,66.59,64.81,65.01,68128,0
GPOR.US,D,20211207,000000,65.77,69.59,65.77,68.31,112585,0
GPOR.US,D,20211208,000000,67.955,70.89,67.23,70.39,45775,0
GPOR.US,D,20211209,000000,70,70.99,67.31,67.37,49170,0
GPOR.US,D,20211210,000000,67.81,68.5,65.57,67.18,45754,0
GPOR.US,D,20211213,000000,67.01,67.9,65.725,66.55,75705,0
GPOR.US,D,20211214,000000,65.75,67.42,65.68,66.89,43837,0
GPOR.US,D,20211215,000000,66.55,67.22,64.7225,66.7,80181,0
GPOR.US,D,20211216,000000,67.02,71.49,67.02,68.93,130869,0
GPOR.US,D,20211217,000000,68.84,70.62,67.04,70.16,366282,0
GPOR.US,D,20211220,000000,68.95,69.45,67.21,68.48,90866,0
GPOR.US,D,20211221,000000,69.65,73.3055,69.65,72.46,47712,0
GPOR.US,D,20211222,000000,72.41,74.535,72.41,73.75,34173,0
GPOR.US,D,20211223,000000,73.63,74.645,71.245,71.77,35436,0
GPOR.US,D,20211227,000000,71.97,76,71.29,75.99,44033,0
GPOR.US,D,20211228,000000,75.78,77.025,75.135,76.4,30388,0
GPOR.US,D,20211229,000000,76.76,78.0053,76.1,76.1,46867,0
GPOR.US,D,20211230,000000,76.94,76.995,72.97,73.19,36296,0
GPOR.US,D,20211231,000000,73.47,73.47,71.26,72.03,41651,0
GPOR.US,D,20220103,000000,73,75.87,73,75.58,34158,0
GPOR.US,D,20220104,000000,75.95,78.695,75.95,78.66,108812,0
GPOR.US,D,20220105,000000,78.79,79.35,75.54,76.01,76005,0
GPOR.US,D,20220106,000000,77.05,79.01,75.89,77.18,49537,0
GPOR.US,D,20220107,000000,76.71,77.0904,75.7,76.29,31153,0
GPOR.US,D,20220110,000000,75.45,76.55,75.055,76,60428,0
GPOR.US,D,20220111,000000,75.7589,78.2,75.34,77.48,55845,0
GPOR.US,D,20220112,000000,77.37,78.49,76.79,77.1,61934,0
GPOR.US,D,20220113,000000,77.02,77.6468,75.24,75.43,54447,0
GPOR.US,D,20220114,000000,75.36,76.89,74.665,76.75,55598,0
GPOR.US,D,20220118,000000,77.22,77.22,74,74.51,44114,0
GPOR.US,D,20220119,000000,74.51,75.67,73.6793,74.21,71604,0
GPOR.US,D,20220120,000000,73.82,74.88,69.69,69.7,56867,0
GPOR.US,D,20220121,000000,68.72,70.12,66.18,66.57,63705,0
