<TICKER>,<PER>,<DATE>,<TIME>,<OPEN>,<HIGH>,<LOW>,<CLOSE>,<VOL>,<OPENINT>
GSFP.US,D,20210716,000000,39.57,39.76,39.241,39.241,46886,0
GSFP.US,D,20210719,000000,38.661,38.686,38.421,38.641,21636,0
GSFP.US,D,20210720,000000,38.841,39.351,38.841,39.272,4275,0
GSFP.US,D,20210721,000000,39.89,39.96,39.48,39.9,21310,0
GSFP.US,D,20210722,000000,40.14,40.14,39.9,40.02,15905,0
GSFP.US,D,20210723,000000,40.37,40.42,40.089,40.22,19909,0
GSFP.US,D,20210726,000000,40.15,40.37,40.15,40.361,8168,0
GSFP.US,D,20210727,000000,40.01,40.01,39.712,39.93,10998,0
GSFP.US,D,20210728,000000,39.99,40.3,39.96,40.22,5382,0
GSFP.US,D,20210729,000000,40.61,41.22,40.598,40.61,14911,0
GSFP.US,D,20210730,000000,40.7,40.75,40.655,40.668,402872,0
GSFP.US,D,20210802,000000,40.9,41.09,40.651,40.651,26333,0
GSFP.US,D,20210803,000000,40.855,41.3,40.851,41.28,15494,0
GSFP.US,D,20210804,000000,41.38,41.519,41.318,41.32,16676,0
GSFP.US,D,20210805,000000,41.43,43.19,41.11,41.215,64439,0
GSFP.US,D,20210806,000000,41.09,41.28,41.09,41.22,29482,0
GSFP.US,D,20210809,000000,41.24,41.39,41.203,41.334,8126,0
GSFP.US,D,20210810,000000,41.63,41.707,41.62,41.63,4637,0
GSFP.US,D,20210811,000000,41.82,41.82,41.64,41.805,23561,0
GSFP.US,D,20210812,000000,41.94,41.945,41.6,41.69,29730,0
GSFP.US,D,20210813,000000,41.706,41.726,41.59,41.59,9406,0
GSFP.US,D,20210816,000000,41.38,41.468,41.055,41.289,25990,0
GSFP.US,D,20210817,000000,40.9,40.92,40.61,40.79,10452,0
GSFP.US,D,20210818,000000,40.98,41.12,40.95,41.03,12534,0
GSFP.US,D,20210819,000000,40.59,40.69,40.53,40.663,12287,0
GSFP.US,D,20210820,000000,40.81,40.94,40.8,40.932,4554,0
GSFP.US,D,20210823,000000,41.28,41.581,41.28,41.51,8363,0
GSFP.US,D,20210824,000000,41.57,41.75,41.57,41.74,9708,0
GSFP.US,D,20210825,000000,41.73,41.97,41.73,41.953,8138,0
GSFP.US,D,20210826,000000,41.85,41.86,41.7,41.7,2954,0
GSFP.US,D,20210827,000000,41.84,42.152,41.84,42.15,7788,0
GSFP.US,D,20210830,000000,42.29,42.36,42.27,42.3,3652,0
GSFP.US,D,20210831,000000,42.35,42.35,42.13,42.24,7376,0
GSFP.US,D,20210901,000000,42.39,42.588,42.21,42.474,5101,0
GSFP.US,D,20210902,000000,42.9,42.91,42.8,42.803,8411,0
GSFP.US,D,20210903,000000,42.98,42.98,42.62,42.77,13442,0
GSFP.US,D,20210907,000000,42.8,42.8,42.52,42.606,17971,0
GSFP.US,D,20210908,000000,42.4,42.59,42.061,42.236,6225,0
GSFP.US,D,20210909,000000,42.27,42.35,42.27,42.29,3794,0
GSFP.US,D,20210910,000000,42.46,42.47,42.16,42.16,16623,0
GSFP.US,D,20210913,000000,42.46,42.46,42.06,42.16,3661,0
GSFP.US,D,20210914,000000,42.48,42.48,41.95,42.08,40726,0
GSFP.US,D,20210915,000000,42.05,42.24,41.88,42.2,5655,0
GSFP.US,D,20210916,000000,41.88,41.88,41.642,41.845,17542,0
GSFP.US,D,20210917,000000,41.64,41.678,41.29,41.39,13661,0
GSFP.US,D,20210920,000000,40.99,41.046,40.13,40.55,19035,0
GSFP.US,D,20210921,000000,40.851,41.07,40.78,40.848,4761,0
GSFP.US,D,20210922,000000,40.742,41.24,40.742,40.99,37943,0
GSFP.US,D,20210923,000000,41.13,41.63,41.13,41.46,8486,0
GSFP.US,D,20210924,000000,40.96,41.08,40.9196,40.9196,6222,0
GSFP.US,D,20210927,000000,40.69,40.69,40.51,40.5627,1175,0
GSFP.US,D,20210928,000000,40.08,40.08,39.526,39.56,13293,0
GSFP.US,D,20210929,000000,39.55,39.55,39.235,39.3,24949,0
GSFP.US,D,20210930,000000,39.41,39.55,38.986,39.5,48965,0
GSFP.US,D,20211001,000000,39.11,39.26,38.67,39.17,4609,0
GSFP.US,D,20211004,000000,38.89,38.89,38.3212,38.4756,10013,0
GSFP.US,D,20211005,000000,38.3,38.85,38.3,38.775,11083,0
GSFP.US,D,20211006,000000,38.21,38.58,38.08,38.5303,5621,0
GSFP.US,D,20211007,000000,38.9,39.2,38.9,39.0094,1523,0
GSFP.US,D,20211008,000000,39.09,39.09,38.8594,38.8594,4005,0
GSFP.US,D,20211011,000000,38.9458,38.975,38.6612,38.71,6402,0
GSFP.US,D,20211012,000000,38.79,38.91,38.72,38.8016,6622,0
GSFP.US,D,20211013,000000,39.2,39.46,39.115,39.46,9600,0
GSFP.US,D,20211014,000000,39.73,39.96,39.73,39.9165,4855,0
GSFP.US,D,20211015,000000,40.14,40.25,39.9743,40.0272,7908,0
GSFP.US,D,20211018,000000,39.84,40.2,39.84,40.14,12568,0
GSFP.US,D,20211019,000000,40.354,40.64,40.354,40.5436,39013,0
GSFP.US,D,20211020,000000,40.76,40.83,40.65,40.81,21235,0
GSFP.US,D,20211021,000000,40.53,40.78,40.53,40.77,32412,0
GSFP.US,D,20211022,000000,40.71,40.87,40.55,40.74,56289,0
GSFP.US,D,20211025,000000,40.68,40.87,40.54,40.73,7816,0
GSFP.US,D,20211026,000000,40.78,40.845,40.61,40.61,8203,0
GSFP.US,D,20211027,000000,40.81,40.99,40.6261,40.6261,45437,0
GSFP.US,D,20211028,000000,41.15,41.58,41.12,41.58,27687,0
GSFP.US,D,20211029,000000,41.37,41.53,41.35,41.49,67927,0
GSFP.US,D,20211101,000000,41.81,42.02,41.81,41.9471,53741,0
GSFP.US,D,20211102,000000,41.86,41.91,41.731,41.89,6880,0
GSFP.US,D,20211103,000000,41.8,42.0479,41.645,42.0479,5470,0
GSFP.US,D,20211104,000000,42.16,42.27,42.06,42.27,5243,0
GSFP.US,D,20211105,000000,42.15,42.28,42.01,42.022,299079,0
GSFP.US,D,20211108,000000,42.2303,42.42,42.2,42.34,6004,0
GSFP.US,D,20211109,000000,42.26,42.26,42.14,42.1543,3088,0
GSFP.US,D,20211110,000000,42,42,41.64,41.7483,1911,0
GSFP.US,D,20211111,000000,41.96,42.06,41.96,42.0008,6759,0
GSFP.US,D,20211112,000000,42.29,42.29,42.08,42.2019,6955,0
GSFP.US,D,20211115,000000,42,42.1,42,42,47546,0
GSFP.US,D,20211116,000000,42.04,42.09,42,42.0448,5951,0
GSFP.US,D,20211117,000000,42,42,41.73,41.9522,3753,0
GSFP.US,D,20211118,000000,42.02,42.05,41.855,41.8758,6440,0
GSFP.US,D,20211119,000000,41.77,42.09,41.77,42.0095,5981,0
GSFP.US,D,20211122,000000,42.19,42.25,41.76,41.76,268128,0
GSFP.US,D,20211123,000000,41.56,41.62,41.15,41.37,61579,0
GSFP.US,D,20211124,000000,40.83,40.9143,40.56,40.9143,5589,0
GSFP.US,D,20211126,000000,40.49,40.49,40.121,40.26,1027,0
GSFP.US,D,20211129,000000,40.59,40.68,40.59,40.68,1461,0
GSFP.US,D,20211130,000000,40.7,40.7,40.18,40.3,6088,0
GSFP.US,D,20211201,000000,40.63,40.67,39.8399,39.8399,3885,0
GSFP.US,D,20211202,000000,39.87,40.31,39.87,40.1593,49316,0
GSFP.US,D,20211203,000000,40.13,40.13,39,39.3436,27123,0
GSFP.US,D,20211206,000000,39.68,40.01,39.53,39.9178,5686,0
GSFP.US,D,20211207,000000,40.37,40.93,40.37,40.6581,8851,0
GSFP.US,D,20211208,000000,40.66,40.91,40.6,40.8671,10213,0
GSFP.US,D,20211209,000000,40.58,40.61,40.3512,40.3512,3454,0
GSFP.US,D,20211210,000000,40.62,40.62,40.38,40.4386,17806,0
GSFP.US,D,20211213,000000,40.25,40.3,40.19,40.205,2408,0
GSFP.US,D,20211214,000000,39.99,39.99,39.401,39.565,114498,0
GSFP.US,D,20211215,000000,39.67,40.1365,39.56,40.1365,4822,0
GSFP.US,D,20211216,000000,40.39,40.5,40.0997,40.0997,3336,0
GSFP.US,D,20211217,000000,39.57,39.72,39.57,39.5718,2714,0
GSFP.US,D,20211220,000000,39,39,38.58,38.75,6493,0
GSFP.US,D,20211221,000000,39.09,39.3799,39.09,39.2983,4694,0
GSFP.US,D,20211222,000000,39.29,39.6155,39.29,39.6155,1566,0
GSFP.US,D,20211223,000000,39.84,39.97,39.84,39.9341,80718,0
GSFP.US,D,20211227,000000,40.03,40.1985,40.03,40.1985,24804,0
GSFP.US,D,20211228,000000,40.4,40.4,40.3004,40.3004,2648,0
GSFP.US,D,20211229,000000,40.3,40.43,40.27,40.3758,3663,0
GSFP.US,D,20211230,000000,40.48,40.61,40.48,40.52,25611,0
GSFP.US,D,20211231,000000,40.58,40.75,40.58,40.62,15271,0
GSFP.US,D,20220103,000000,40.8,40.87,40.43,40.5027,19785,0
GSFP.US,D,20220104,000000,40.91,40.94,40.5,40.549,10780,0
GSFP.US,D,20220105,000000,40.4,40.57,39.84,39.8465,10223,0
GSFP.US,D,20220106,000000,39.63,39.63,39.35,39.37,6480,0
GSFP.US,D,20220107,000000,39.3,39.35,39.1,39.1185,19085,0
GSFP.US,D,20220110,000000,38.72,38.72,38.12,38.5806,8590,0
GSFP.US,D,20220111,000000,38.56,38.8382,38.42,38.8382,16494,0
GSFP.US,D,20220112,000000,39.05,39.25,39,39.1355,8806,0
GSFP.US,D,20220113,000000,39.26,39.26,38.69,38.69,8697,0
GSFP.US,D,20220114,000000,38.295,38.35,37.87,38.1721,3757,0
GSFP.US,D,20220118,000000,37.49,37.49,37.15,37.26,11310,0
GSFP.US,D,20220119,000000,37.51,37.54,37.17,37.2007,18091,0
GSFP.US,D,20220120,000000,37.63,37.71,36.854,36.854,4155,0
GSFP.US,D,20220121,000000,36.65,36.65,36.09,36.12,65635,0
