<TICKER>,<PER>,<DATE>,<TIME>,<OPEN>,<HIGH>,<LOW>,<CLOSE>,<VOL>,<OPENINT>
HESM.US,D,20170405,000000,18.149,18.49,18.014,18.22,13723952,0
HESM.US,D,20170406,000000,18.235,18.711,18.22,18.556,1207728,0
HESM.US,D,20170407,000000,18.59,18.811,18.414,18.426,502869,0
HESM.US,D,20170410,000000,18.514,18.826,18.255,18.499,1104729,0
HESM.US,D,20170411,000000,18.556,18.719,18.298,18.456,260798,0
HESM.US,D,20170412,000000,18.371,18.62,18.371,18.391,467256,0
HESM.US,D,20170413,000000,18.456,18.54,17.852,18.114,426637,0
HESM.US,D,20170417,000000,18.185,18.348,17.944,18.001,537498,0
HESM.US,D,20170418,000000,17.963,18.484,17.944,18.391,255361,0
HESM.US,D,20170419,000000,18.464,18.59,18.191,18.328,244467,0
HESM.US,D,20170420,000000,18.371,18.371,17.956,18.136,42903,0
HESM.US,D,20170421,000000,18.155,18.303,17.978,18.106,291947,0
HESM.US,D,20170424,000000,18.371,18.434,17.992,18.1,225367,0
HESM.US,D,20170425,000000,18.228,18.27,18.02,18.149,88934,0
HESM.US,D,20170426,000000,18.262,18.648,18.191,18.328,252840,0
HESM.US,D,20170427,000000,18.262,18.727,18.057,18.149,66199,0
HESM.US,D,20170428,000000,18.363,18.363,18.084,18.206,367540,0
HESM.US,D,20170501,000000,18.422,18.711,18.298,18.597,464321,0
HESM.US,D,20170502,000000,18.469,18.747,18.431,18.698,124575,0
HESM.US,D,20170503,000000,18.933,19.061,18.371,18.548,436546,0
HESM.US,D,20170504,000000,18.396,18.505,17.24,17.895,375814,0
HESM.US,D,20170505,000000,17.766,18.136,17.469,18.044,671517,0
HESM.US,D,20170508,000000,17.938,18.149,17.463,18.057,135226,0
HESM.US,D,20170509,000000,17.972,17.972,17.473,17.702,145413,0
HESM.US,D,20170510,000000,17.708,18.434,17.623,17.895,239443,0
HESM.US,D,20170511,000000,17.944,18.149,17.437,18.114,270135,0
HESM.US,D,20170512,000000,18.163,18.185,17.762,18.185,361962,0
HESM.US,D,20170515,000000,18.354,18.49,18.163,18.464,146438,0
HESM.US,D,20170516,000000,18.54,18.54,18.22,18.291,84591,0
HESM.US,D,20170517,000000,18.178,18.505,17.795,18.106,40414,0
HESM.US,D,20170518,000000,18.02,18.078,17.579,17.787,1024119,0
HESM.US,D,20170519,000000,17.944,18.078,17.604,17.944,57971,0
HESM.US,D,20170522,000000,17.956,17.956,17.623,17.815,34348,0
HESM.US,D,20170523,000000,17.864,17.864,17.561,17.579,31675,0
HESM.US,D,20170524,000000,17.51,17.864,17.265,17.566,92705,0
HESM.US,D,20170525,000000,17.615,17.722,17.203,17.203,102338,0
HESM.US,D,20170526,000000,17.223,17.366,16.726,17.18,78669,0
HESM.US,D,20170530,000000,16.975,17.23,16.938,16.989,117070,0
HESM.US,D,20170531,000000,16.975,17.112,16.413,16.542,214420,0
HESM.US,D,20170601,000000,16.576,16.672,16.428,16.497,40837,0
HESM.US,D,20170602,000000,16.598,16.985,16.47,16.604,37398,0
HESM.US,D,20170605,000000,16.684,16.694,16.385,16.527,106652,0
HESM.US,D,20170606,000000,16.378,16.863,16.378,16.435,124235,0
HESM.US,D,20170607,000000,16.435,16.505,15.629,15.836,204636,0
HESM.US,D,20170608,000000,15.914,16.602,15.808,16.177,156382,0
HESM.US,D,20170609,000000,16.282,16.378,15.83,16.078,77062,0
HESM.US,D,20170612,000000,16.163,16.846,15.803,16.3,182012,0
HESM.US,D,20170613,000000,16.255,16.255,15.659,15.943,93948,0
HESM.US,D,20170614,000000,15.914,16.127,15.408,15.695,78558,0
HESM.US,D,20170615,000000,15.594,15.629,15.317,15.374,110512,0
HESM.US,D,20170616,000000,15.53,15.53,15.125,15.301,80323,0
HESM.US,D,20170619,000000,15.326,15.465,15.125,15.167,35451,0
HESM.US,D,20170620,000000,15.045,15.238,13.452,13.928,297921,0
HESM.US,D,20170621,000000,13.994,13.994,13.253,13.588,294556,0
HESM.US,D,20170622,000000,13.538,14.005,13.401,13.8,112818,0
HESM.US,D,20170623,000000,13.786,13.893,13.273,13.821,181879,0
HESM.US,D,20170626,000000,13.878,14.328,13.26,13.488,198415,0
HESM.US,D,20170627,000000,13.488,13.8,13.417,13.531,568667,0
HESM.US,D,20170628,000000,13.522,14.085,13.461,13.765,135680,0
HESM.US,D,20170629,000000,13.715,14.476,13.401,14.349,175936,0
HESM.US,D,20170630,000000,14.548,15.196,14.412,14.498,150864,0
HESM.US,D,20170703,000000,14.606,15.082,14.606,14.704,17226,0
HESM.US,D,20170705,000000,14.591,14.593,14.194,14.342,216271,0
HESM.US,D,20170706,000000,14.377,14.696,14.27,14.385,63444,0
HESM.US,D,20170707,000000,14.733,14.76,13.914,14.249,39145,0
HESM.US,D,20170710,000000,14.091,14.946,14.091,14.385,68338,0
HESM.US,D,20170711,000000,14.405,14.619,14.253,14.391,8053,0
HESM.US,D,20170712,000000,14.427,14.868,14.091,14.15,101526,0
HESM.US,D,20170713,000000,14.091,14.292,14.091,14.227,33124,0
HESM.US,D,20170714,000000,14.135,14.519,14.135,14.448,29431,0
HESM.US,D,20170717,000000,14.442,14.653,14.337,14.591,46258,0
HESM.US,D,20170718,000000,14.562,15.238,14.422,15.233,62159,0
HESM.US,D,20170719,000000,15.125,15.573,14.967,15.467,108920,0
HESM.US,D,20170720,000000,15.443,15.772,15.267,15.635,137786,0
HESM.US,D,20170721,000000,15.635,15.763,15.245,15.467,70834,0
HESM.US,D,20170724,000000,15.467,15.629,14.94,15.622,8561,0
HESM.US,D,20170725,000000,15.622,15.763,15.067,15.659,152795,0
HESM.US,D,20170726,000000,15.763,16.276,15.307,15.326,146728,0
HESM.US,D,20170727,000000,15.35,15.949,15.35,15.617,55236,0
HESM.US,D,20170728,000000,15.48,15.801,15.175,15.326,87051,0
HESM.US,D,20170731,000000,15.452,15.792,14.42,15.045,105556,0
HESM.US,D,20170801,000000,15.067,15.233,14.661,14.733,38493,0
HESM.US,D,20170802,000000,14.741,15.633,14.741,15.462,53988,0
HESM.US,D,20170803,000000,15.599,15.707,14.842,15.008,66456,0
HESM.US,D,20170804,000000,15.051,15.25,14.547,14.566,274081,0
HESM.US,D,20170807,000000,14.532,14.817,14.265,14.415,46800,0
HESM.US,D,20170808,000000,14.502,15.037,14.122,14.15,48991,0
HESM.US,D,20170809,000000,14.047,14.647,14.047,14.141,48547,0
HESM.US,D,20170810,000000,14.582,14.582,13.223,13.558,101216,0
HESM.US,D,20170811,000000,14.286,14.333,13.658,13.855,162497,0
HESM.US,D,20170814,000000,13.916,14.364,13.847,14.242,50573,0
HESM.US,D,20170815,000000,14.141,14.726,13.992,14.386,93308,0
HESM.US,D,20170816,000000,14.408,14.726,14.172,14.415,90193,0
HESM.US,D,20170817,000000,14.395,14.703,13.912,14.163,58295,0
HESM.US,D,20170818,000000,14.207,14.649,13.916,14.185,37569,0
HESM.US,D,20170821,000000,14.228,14.566,14.153,14.351,99760,0
HESM.US,D,20170822,000000,14.401,14.516,13.992,14.127,69767,0
HESM.US,D,20170823,000000,14.079,14.279,13.81,13.912,124238,0
HESM.US,D,20170824,000000,13.954,14.614,13.891,14.085,152362,0
HESM.US,D,20170825,000000,14.134,14.445,14.013,14.265,66586,0
HESM.US,D,20170828,000000,14.265,14.452,13.961,14.134,75955,0
HESM.US,D,20170829,000000,14.041,14.326,13.81,14.2,42380,0
HESM.US,D,20170830,000000,14.422,15.143,14.165,14.652,278352,0
HESM.US,D,20170831,000000,14.798,15.628,14.784,15.188,395970,0
HESM.US,D,20170901,000000,15.302,15.541,14.712,15.371,217419,0
HESM.US,D,20170905,000000,15.376,15.593,14.854,15.216,51242,0
HESM.US,D,20170906,000000,15.35,16.126,15.226,15.792,417686,0
HESM.US,D,20170907,000000,15.823,16.081,15.505,16.053,100904,0
HESM.US,D,20170908,000000,16.037,16.154,15.411,15.901,132878,0
HESM.US,D,20170911,000000,15.938,16.115,15.541,15.988,186478,0
HESM.US,D,20170912,000000,15.893,16.503,15.893,16.191,81131,0
HESM.US,D,20170913,000000,16.405,16.405,15.98,16.176,88620,0
HESM.US,D,20170914,000000,16.3,16.3,15.693,16.01,119382,0
HESM.US,D,20170915,000000,16.01,16.507,15.771,16.464,68135,0
HESM.US,D,20170918,000000,16.578,16.578,15.781,15.852,37618,0
HESM.US,D,20170919,000000,16.001,16.237,15.736,16.147,28310,0
HESM.US,D,20170920,000000,15.916,16.449,15.9,16.053,17660,0
HESM.US,D,20170921,000000,16.162,16.241,15.945,16.059,171726,0
HESM.US,D,20170922,000000,16.059,16.421,15.684,15.808,169359,0
HESM.US,D,20170925,000000,15.801,15.975,15.327,15.864,32697,0
HESM.US,D,20170926,000000,15.886,16.11,15.563,15.893,187176,0
HESM.US,D,20170927,000000,16.131,16.131,15.512,15.925,130984,0
HESM.US,D,20170928,000000,16.046,16.046,15.391,15.65,28028,0
HESM.US,D,20170929,000000,15.607,16.279,15.275,15.844,54685,0
HESM.US,D,20171002,000000,15.814,16.3,15.814,16.11,42433,0
HESM.US,D,20171003,000000,16.11,16.414,16.017,16.27,326207,0
HESM.US,D,20171004,000000,16.227,16.829,15.995,16.154,306241,0
HESM.US,D,20171005,000000,16.182,16.429,15.881,15.901,126980,0
HESM.US,D,20171006,000000,15.837,16.191,15.496,15.844,72747,0
HESM.US,D,20171009,000000,16.01,16.046,15.512,15.786,10226,0
HESM.US,D,20171010,000000,15.893,16.37,15.498,15.642,33064,0
HESM.US,D,20171011,000000,15.626,16.257,15.395,15.488,106822,0
HESM.US,D,20171012,000000,15.382,15.719,15.354,15.556,101301,0
HESM.US,D,20171013,000000,15.571,15.833,15.188,15.344,89974,0
HESM.US,D,20171016,000000,15.387,15.556,15.327,15.476,19763,0
HESM.US,D,20171017,000000,15.418,15.761,14.819,15.419,166762,0
HESM.US,D,20171018,000000,15.439,15.719,15.143,15.275,61034,0
HESM.US,D,20171019,000000,15.318,15.387,14.755,15.087,93298,0
HESM.US,D,20171020,000000,15.087,15.51,15.087,15.483,91874,0
HESM.US,D,20171023,000000,15.512,15.65,14.96,15.245,114515,0
HESM.US,D,20171024,000000,15.333,15.655,14.998,15.302,189833,0
HESM.US,D,20171025,000000,15.395,15.607,14.532,14.905,122053,0
HESM.US,D,20171026,000000,14.929,15.245,14.742,14.914,70880,0
HESM.US,D,20171027,000000,14.972,15.434,14.524,14.696,107999,0
HESM.US,D,20171030,000000,14.852,15.275,14.459,14.496,269525,0
HESM.US,D,20171031,000000,14.502,14.661,14.027,14.322,278681,0
HESM.US,D,20171101,000000,14.481,14.777,14.322,14.582,126377,0
HESM.US,D,20171102,000000,14.647,14.876,14.356,14.56,31340,0
HESM.US,D,20171103,000000,14.691,14.998,14.532,14.679,158713,0
HESM.US,D,20171106,000000,14.75,15.235,14.453,14.971,112887,0
HESM.US,D,20171107,000000,15.043,15.16,14.801,15.115,34064,0
HESM.US,D,20171108,000000,15.204,15.235,14.647,14.809,66088,0
HESM.US,D,20171109,000000,14.885,14.991,14.48,14.852,171071,0
HESM.US,D,20171110,000000,14.963,15.287,14.635,14.852,39869,0
HESM.US,D,20171113,000000,14.824,15.033,14.509,14.764,99991,0
HESM.US,D,20171114,000000,14.793,14.941,14.6,14.824,107258,0
HESM.US,D,20171115,000000,14.781,14.788,14.465,14.515,37844,0
HESM.US,D,20171116,000000,14.575,14.788,14.297,14.392,43943,0
HESM.US,D,20171117,000000,14.385,14.706,14.09,14.231,41151,0
HESM.US,D,20171120,000000,14.231,14.355,13.922,14.026,51171,0
HESM.US,D,20171121,000000,14.157,14.297,13.799,13.857,40505,0
HESM.US,D,20171122,000000,13.915,13.973,13.768,13.879,59754,0
HESM.US,D,20171124,000000,13.894,14.053,13.644,13.659,31815,0
HESM.US,D,20171127,000000,13.659,14.01,13.418,13.828,130965,0
HESM.US,D,20171128,000000,13.768,14.29,13.725,13.915,147205,0
HESM.US,D,20171129,000000,13.902,14.772,13.768,14.539,675571,0
HESM.US,D,20171130,000000,14.654,15.741,14.4,15.483,265820,0
HESM.US,D,20171201,000000,15.557,16.664,15.024,15.748,344558,0
HESM.US,D,20171204,000000,15.843,15.967,15.125,15.601,98563,0
HESM.US,D,20171205,000000,15.687,15.687,14.736,15.024,106057,0
HESM.US,D,20171206,000000,15.199,15.27,14.75,14.891,69770,0
HESM.US,D,20171207,000000,15.008,15.154,14.729,14.832,98037,0
HESM.US,D,20171208,000000,14.928,15.133,14.356,14.764,145269,0
HESM.US,D,20171211,000000,14.744,15.584,14.744,15.38,179503,0
HESM.US,D,20171212,000000,15.454,15.566,14.876,15.199,498455,0
HESM.US,D,20171213,000000,15.168,15.712,15.072,15.673,63045,0
HESM.US,D,20171214,000000,15.741,15.893,15.433,15.438,72590,0
HESM.US,D,20171215,000000,15.533,15.748,15.207,15.592,201995,0
HESM.US,D,20171218,000000,15.687,15.984,15.187,15.653,96854,0
HESM.US,D,20171219,000000,15.687,15.834,15.294,15.461,47462,0
HESM.US,D,20171220,000000,15.476,15.476,15.16,15.38,43929,0
HESM.US,D,20171221,000000,15.38,15.767,15.06,15.088,169508,0
HESM.US,D,20171222,000000,15.211,15.563,14.816,14.903,107222,0
HESM.US,D,20171226,000000,14.928,15.305,14.868,14.955,152819,0
HESM.US,D,20171227,000000,15.066,15.066,14.471,14.509,87116,0
HESM.US,D,20171228,000000,14.523,14.788,14.501,14.539,235195,0
HESM.US,D,20171229,000000,14.626,14.793,14.509,14.509,74736,0
HESM.US,D,20180102,000000,14.654,15.38,14.611,15.35,152716,0
HESM.US,D,20180103,000000,15.256,15.812,15.252,15.681,169232,0
HESM.US,D,20180104,000000,15.716,15.856,15.495,15.601,139885,0
HESM.US,D,20180105,000000,15.645,15.863,15.241,15.533,167755,0
HESM.US,D,20180108,000000,15.584,15.856,15.384,15.697,112370,0
HESM.US,D,20180109,000000,15.697,15.825,15.461,15.483,204407,0
HESM.US,D,20180110,000000,15.505,15.761,15.386,15.403,270051,0
HESM.US,D,20180111,000000,15.748,15.784,15.454,15.668,512968,0
HESM.US,D,20180112,000000,15.79,15.889,15.403,15.635,511189,0
HESM.US,D,20180116,000000,15.784,16.311,15.712,15.85,374942,0
HESM.US,D,20180117,000000,15.995,16.191,15.856,15.893,184674,0
HESM.US,D,20180118,000000,15.886,15.886,15.27,15.38,229318,0
HESM.US,D,20180119,000000,15.461,15.653,15.262,15.476,361930,0
HESM.US,D,20180122,000000,15.418,15.716,15.418,15.601,301975,0
HESM.US,D,20180123,000000,15.533,16.405,15.533,15.93,260922,0
HESM.US,D,20180124,000000,16.069,16.113,15.827,15.924,83208,0
HESM.US,D,20180125,000000,16.011,16.105,15.827,15.886,143684,0
HESM.US,D,20180126,000000,15.93,16.244,15.93,16.099,217678,0
HESM.US,D,20180129,000000,16.048,16.238,15.967,16.048,152192,0
HESM.US,D,20180130,000000,16.011,16.149,15.827,15.937,204109,0
HESM.US,D,20180131,000000,15.98,16.238,15.948,15.967,338304,0
HESM.US,D,20180201,000000,15.946,16.459,15.946,16.332,102209,0
HESM.US,D,20180202,000000,16.257,16.43,16.005,16.058,137142,0
HESM.US,D,20180205,000000,15.96,16.251,15.26,15.394,154489,0
HESM.US,D,20180206,000000,15.5,15.916,15.068,15.811,163884,0
HESM.US,D,20180207,000000,15.752,16.347,15.472,15.738,147307,0
HESM.US,D,20180208,000000,15.766,16.21,15.426,15.529,180900,0
HESM.US,D,20180209,000000,15.669,15.669,14.502,14.763,177688,0
HESM.US,D,20180212,000000,14.928,15.105,14.763,14.98,258233,0
HESM.US,D,20180213,000000,14.948,14.973,14.63,14.696,276647,0
HESM.US,D,20180214,000000,14.666,15.208,14.666,14.942,237668,0
HESM.US,D,20180215,000000,15.105,15.394,14.787,15.172,65905,0
HESM.US,D,20180216,000000,15.054,15.313,14.727,14.78,78968,0
HESM.US,D,20180220,000000,14.845,15,14.845,14.845,81297,0
HESM.US,D,20180221,000000,14.824,15.596,14.727,15.38,362814,0
HESM.US,D,20180222,000000,15.56,15.977,15.097,15.313,73284,0
HESM.US,D,20180223,000000,15.49,15.677,15.165,15.463,547280,0
HESM.US,D,20180226,000000,15.551,15.581,15.195,15.394,35894,0
HESM.US,D,20180227,000000,15.439,15.508,15.165,15.247,198335,0
HESM.US,D,20180228,000000,15.285,15.297,14.703,14.852,126261,0
HESM.US,D,20180301,000000,14.942,15.225,14.852,15.054,28628,0
HESM.US,D,20180302,000000,14.896,15.353,14.607,15.239,85400,0
HESM.US,D,20180305,000000,15.239,15.605,15.234,15.38,69590,0
HESM.US,D,20180306,000000,15.434,15.575,15.135,15.292,135029,0
HESM.US,D,20180307,000000,15.158,15.38,15.017,15.234,52879,0
HESM.US,D,20180308,000000,15.26,15.512,15.061,15.247,44630,0
HESM.US,D,20180309,000000,15.349,15.693,14.983,15.285,128957,0
HESM.US,D,20180312,000000,15.292,15.613,15.031,15.292,53409,0
HESM.US,D,20180313,000000,15.394,15.759,14.807,15.234,166319,0
HESM.US,D,20180314,000000,15.323,15.605,14.25,14.497,375221,0
HESM.US,D,20180315,000000,14.613,15.137,13.797,14.451,267085,0
HESM.US,D,20180316,000000,14.482,15.01,14.347,14.734,136219,0
HESM.US,D,20180319,000000,14.696,15.037,14.056,14.175,222267,0
HESM.US,D,20180320,000000,14.385,14.458,13.98,14.206,143759,0
HESM.US,D,20180321,000000,14.28,14.719,14.25,14.451,147759,0
HESM.US,D,20180322,000000,14.362,14.787,14.17,14.347,109068,0
HESM.US,D,20180323,000000,14.518,14.787,13.94,14.004,107733,0
HESM.US,D,20180326,000000,14.146,14.482,13.76,13.931,151469,0
HESM.US,D,20180327,000000,14.012,14.31,13.879,14.081,151172,0
HESM.US,D,20180328,000000,13.802,14.073,13.769,13.805,33975,0
HESM.US,D,20180329,000000,13.894,14.355,13.791,14.155,93085,0
HESM.US,D,20180402,000000,14.146,14.385,13.915,14.259,73958,0
HESM.US,D,20180403,000000,13.93,14.688,13.93,14.511,21766,0
HESM.US,D,20180404,000000,14.332,14.502,14.199,14.369,74551,0
HESM.US,D,20180405,000000,14.429,14.684,14.236,14.437,133887,0
HESM.US,D,20180406,000000,14.369,14.63,13.975,14.11,104350,0
HESM.US,D,20180409,000000,14.236,14.265,14.056,14.22,135803,0
HESM.US,D,20180410,000000,14.362,14.526,14.161,14.236,123292,0
HESM.US,D,20180411,000000,14.192,14.582,14.192,14.451,93056,0
HESM.US,D,20180412,000000,14.467,14.973,14.25,14.763,211190,0
HESM.US,D,20180413,000000,14.771,14.845,14.175,14.734,303272,0
HESM.US,D,20180416,000000,14.831,15.439,14.54,15.216,168477,0
HESM.US,D,20180417,000000,15.201,15.358,14.594,14.815,279671,0
HESM.US,D,20180418,000000,14.928,14.98,14.645,14.711,176083,0
HESM.US,D,20180419,000000,14.719,15.5,14.658,15.15,208073,0
HESM.US,D,20180420,000000,15.188,15.532,14.876,15.201,78986,0
HESM.US,D,20180423,000000,15.201,15.269,14.685,15.054,61401,0
HESM.US,D,20180424,000000,15.165,15.165,14.355,14.518,114721,0
HESM.US,D,20180425,000000,14.942,15.368,14.25,14.577,94750,0
HESM.US,D,20180426,000000,14.755,15.586,14.57,15.472,247661,0
HESM.US,D,20180427,000000,15.313,15.759,15.22,15.297,88756,0
HESM.US,D,20180430,000000,15.358,15.523,15.061,15.12,45897,0
HESM.US,D,20180501,000000,15.129,15.368,14.858,15.165,51844,0
HESM.US,D,20180502,000000,15.141,15.297,14.913,14.973,82454,0
HESM.US,D,20180503,000000,14.915,15.055,14.301,14.52,123989,0
HESM.US,D,20180504,000000,14.438,15.08,14.438,15.004,59491,0
HESM.US,D,20180507,000000,15.028,15.449,14.999,15.285,158379,0
HESM.US,D,20180508,000000,15.305,15.305,14.763,15.117,66553,0
HESM.US,D,20180509,000000,15.194,15.836,15.004,15.117,32132,0
HESM.US,D,20180510,000000,15.139,15.417,14.906,15.117,173379,0
HESM.US,D,20180511,000000,15.156,15.602,14.86,15.05,92110,0
HESM.US,D,20180514,000000,15.139,15.246,14.905,15.246,60496,0
HESM.US,D,20180515,000000,15.207,15.302,15.013,15.126,28494,0
HESM.US,D,20180516,000000,15.11,15.337,15.094,15.117,144054,0
HESM.US,D,20180517,000000,15.194,15.602,15.179,15.52,142414,0
HESM.US,D,20180518,000000,15.541,15.547,15.08,15.233,109587,0
HESM.US,D,20180521,000000,15.332,15.525,15.305,15.342,98604,0
HESM.US,D,20180522,000000,15.201,15.631,15.201,15.382,122560,0
HESM.US,D,20180523,000000,15.332,15.903,15.26,15.702,204576,0
HESM.US,D,20180524,000000,15.702,15.941,15.314,15.655,90187,0
HESM.US,D,20180525,000000,15.578,15.655,15.305,15.533,44718,0
HESM.US,D,20180529,000000,15.449,15.663,15.37,15.565,84000,0
HESM.US,D,20180530,000000,15.578,16.078,15.425,15.618,144645,0
HESM.US,D,20180531,000000,15.618,16.062,15.436,15.844,30337,0
HESM.US,D,20180601,000000,15.874,16.085,15.664,16.056,86347,0
HESM.US,D,20180604,000000,16.13,16.206,15.747,15.747,51691,0
HESM.US,D,20180605,000000,15.806,16.085,15.495,15.798,183990,0
HESM.US,D,20180606,000000,15.806,15.858,15.533,15.702,23897,0
HESM.US,D,20180607,000000,15.747,16.092,15.533,15.821,256560,0
HESM.US,D,20180608,000000,15.874,15.99,15.495,15.495,152402,0
HESM.US,D,20180611,000000,15.512,15.762,15.421,15.631,154280,0
HESM.US,D,20180612,000000,15.738,15.77,15.485,15.52,40054,0
HESM.US,D,20180613,000000,15.622,15.705,15.485,15.52,119637,0
HESM.US,D,20180614,000000,15.565,15.813,15.35,15.622,121879,0
HESM.US,D,20180615,000000,15.622,15.622,15.028,15.08,162419,0
HESM.US,D,20180618,000000,15.072,15.428,15.072,15.156,62828,0
HESM.US,D,20180619,000000,15.117,15.238,14.918,15.11,100629,0
HESM.US,D,20180620,000000,15.156,15.63,15.035,15.337,40860,0
HESM.US,D,20180621,000000,15.324,15.436,15.201,15.376,33347,0
HESM.US,D,20180622,000000,15.467,15.647,15.134,15.216,51182,0
HESM.US,D,20180625,000000,15.163,15.238,14.891,15.233,48031,0
HESM.US,D,20180626,000000,15.254,15.503,15.021,15.126,117988,0
HESM.US,D,20180627,000000,15.126,15.233,14.937,14.975,71233,0
HESM.US,D,20180628,000000,15.035,15.179,14.815,14.891,144868,0
HESM.US,D,20180629,000000,14.852,15.117,14.852,14.891,138464,0
HESM.US,D,20180702,000000,14.869,15.269,14.815,15.126,60883,0
HESM.US,D,20180703,000000,15.17,15.495,15.156,15.449,48889,0
HESM.US,D,20180705,000000,15.485,15.485,15.254,15.314,50095,0
HESM.US,D,20180706,000000,15.278,15.36,15.102,15.134,45171,0
HESM.US,D,20180709,000000,15.238,15.238,14.983,15.11,53529,0
HESM.US,D,20180710,000000,15.11,15.337,14.93,14.93,100672,0
HESM.US,D,20180711,000000,14.942,15.17,14.922,14.922,75184,0
HESM.US,D,20180712,000000,14.942,15.102,14.852,15.058,60011,0
HESM.US,D,20180713,000000,15.013,15.08,14.831,14.852,151416,0
HESM.US,D,20180716,000000,14.852,14.967,14.673,14.815,152007,0
HESM.US,D,20180717,000000,14.733,15.088,14.694,14.786,231337,0
HESM.US,D,20180718,000000,14.839,15.421,14.807,15.406,115909,0
HESM.US,D,20180719,000000,15.495,16.026,15.216,15.783,111760,0
HESM.US,D,20180720,000000,15.753,15.836,15.593,15.669,32992,0
HESM.US,D,20180723,000000,15.655,15.765,15.541,15.611,29945,0
HESM.US,D,20180724,000000,15.709,16.018,15.638,15.798,92588,0
HESM.US,D,20180725,000000,15.836,16.766,15.836,16.501,110197,0
HESM.US,D,20180726,000000,16.617,16.819,16.513,16.644,160552,0
HESM.US,D,20180727,000000,16.617,16.755,16.479,16.538,62568,0
HESM.US,D,20180730,000000,16.713,16.834,16.682,16.803,72226,0
HESM.US,D,20180731,000000,16.872,16.872,16.607,16.743,174782,0
HESM.US,D,20180801,000000,16.789,17.035,16.666,16.92,64179,0
HESM.US,D,20180802,000000,16.82,17.571,16.8,17.433,127064,0
HESM.US,D,20180803,000000,17.433,17.522,17.289,17.442,103127,0
HESM.US,D,20180806,000000,17.472,17.665,17.472,17.579,39797,0
HESM.US,D,20180807,000000,17.611,17.663,16.997,17.159,90207,0
HESM.US,D,20180808,000000,17.28,17.634,17.098,17.442,40854,0
HESM.US,D,20180809,000000,17.419,17.597,17.358,17.48,60693,0
HESM.US,D,20180810,000000,17.387,17.626,17.372,17.604,54812,0
HESM.US,D,20180813,000000,17.597,17.626,17.116,17.35,131374,0
HESM.US,D,20180814,000000,17.472,18.042,17.461,17.972,98683,0
HESM.US,D,20180815,000000,17.872,17.934,17.696,17.703,33842,0
HESM.US,D,20180816,000000,17.778,18.087,17.634,18.071,67147,0
HESM.US,D,20180817,000000,18.018,18.825,17.719,18.47,72960,0
HESM.US,D,20180820,000000,18.563,18.696,17.909,18.355,78094,0
HESM.US,D,20180821,000000,18.44,18.44,18.011,18.249,70074,0
HESM.US,D,20180822,000000,18.318,18.587,18.155,18.486,59795,0
HESM.US,D,20180823,000000,18.44,18.486,17.942,17.942,117345,0
HESM.US,D,20180824,000000,18.097,18.155,17.81,18.004,78757,0
HESM.US,D,20180827,000000,17.942,18.21,17.942,18.024,30104,0
HESM.US,D,20180828,000000,18.097,18.152,17.404,17.948,120536,0
HESM.US,D,20180829,000000,17.964,17.964,17.703,17.749,17967,0
HESM.US,D,20180830,000000,17.68,17.778,17.512,17.68,22332,0
HESM.US,D,20180831,000000,17.671,17.671,17.281,17.387,59900,0
HESM.US,D,20180904,000000,17.35,17.489,17.086,17.173,109374,0
HESM.US,D,20180905,000000,17.205,17.462,17.067,17.189,175563,0
HESM.US,D,20180906,000000,17.165,17.412,16.934,16.988,56911,0
HESM.US,D,20180907,000000,16.966,17.05,16.828,17.042,51805,0
HESM.US,D,20180910,000000,17.726,17.726,16.896,16.95,56143,0
HESM.US,D,20180911,000000,17.004,17.14,16.896,16.974,50627,0
HESM.US,D,20180912,000000,16.988,17.532,16.934,17.296,24166,0
HESM.US,D,20180913,000000,17.387,17.387,16.966,17.189,45319,0
HESM.US,D,20180914,000000,17.189,17.281,17.067,17.159,20089,0
HESM.US,D,20180917,000000,17.179,17.68,17.116,17.503,52288,0
HESM.US,D,20180918,000000,17.55,17.864,17.545,17.703,116600,0
HESM.US,D,20180919,000000,17.741,17.869,17.665,17.778,55588,0
HESM.US,D,20180920,000000,17.857,18.281,17.571,18.242,109690,0
HESM.US,D,20180921,000000,18.255,18.255,17.55,17.571,59872,0
HESM.US,D,20180924,000000,17.618,17.739,17.189,17.258,119847,0
HESM.US,D,20180925,000000,17.404,17.404,17.159,17.312,42639,0
HESM.US,D,20180926,000000,17.258,17.458,17.258,17.372,28696,0
HESM.US,D,20180927,000000,17.372,17.565,17.372,17.532,24666,0
HESM.US,D,20180928,000000,17.532,17.687,17.442,17.519,44786,0
HESM.US,D,20181001,000000,17.565,17.825,17.427,17.771,43735,0
HESM.US,D,20181002,000000,17.796,17.796,17.489,17.611,36948,0
HESM.US,D,20181003,000000,17.71,17.77,17.562,17.719,60227,0
HESM.US,D,20181004,000000,17.68,17.68,17.512,17.626,136604,0
HESM.US,D,20181005,000000,17.626,17.687,17.519,17.571,13683,0
HESM.US,D,20181008,000000,17.565,17.565,17.387,17.404,24946,0
HESM.US,D,20181009,000000,17.404,17.571,17.38,17.503,30994,0
HESM.US,D,20181010,000000,17.512,17.571,17.096,17.096,71618,0
HESM.US,D,20181011,000000,17.179,17.289,16.98,17.05,47648,0
HESM.US,D,20181012,000000,17.219,17.458,16.904,17.395,203678,0
HESM.US,D,20181015,000000,17.597,17.741,17.541,17.65,82262,0
HESM.US,D,20181016,000000,17.778,18.004,17.737,18.004,54397,0
HESM.US,D,20181017,000000,18.05,18.117,17.741,17.84,24057,0
HESM.US,D,20181018,000000,17.825,17.835,17.588,17.703,42957,0
HESM.US,D,20181019,000000,17.778,17.942,17.571,17.857,47805,0
HESM.US,D,20181022,000000,17.926,17.963,17.692,17.81,10072,0
HESM.US,D,20181023,000000,17.65,17.765,17.25,17.665,56040,0
HESM.US,D,20181024,000000,17.541,17.604,17.189,17.404,51927,0
HESM.US,D,20181025,000000,17.532,17.562,17.143,17.212,40767,0
HESM.US,D,20181026,000000,17.058,17.372,16.974,17.074,55025,0
HESM.US,D,20181029,000000,17.165,17.165,16.56,16.66,50437,0
HESM.US,D,20181030,000000,16.597,16.777,16.355,16.573,51505,0
HESM.US,D,20181031,000000,17.012,17.426,16.728,17.265,80474,0
HESM.US,D,20181101,000000,17.387,17.387,16.212,16.413,136134,0
HESM.US,D,20181102,000000,16.545,16.608,16.404,16.46,107321,0
HESM.US,D,20181105,000000,16.554,16.623,16.249,16.274,137401,0
HESM.US,D,20181106,000000,16.249,16.529,16.13,16.227,65275,0
HESM.US,D,20181107,000000,16.274,16.577,16.054,16.404,67681,0
HESM.US,D,20181108,000000,16.444,16.819,16.366,16.413,34595,0
HESM.US,D,20181109,000000,16.39,16.905,16.231,16.897,151469,0
HESM.US,D,20181112,000000,16.921,17.076,16.249,16.279,49911,0
HESM.US,D,20181113,000000,16.279,16.356,15.921,15.96,62810,0
HESM.US,D,20181114,000000,16.037,16.153,15.499,15.716,50756,0
HESM.US,D,20181115,000000,15.703,16.022,15.622,15.772,190657,0
HESM.US,D,20181116,000000,15.858,16.209,15.638,16.092,93163,0
HESM.US,D,20181119,000000,16.007,16.295,15.75,15.889,27492,0
HESM.US,D,20181120,000000,15.716,15.82,15.201,15.32,58519,0
HESM.US,D,20181121,000000,15.381,15.742,15.281,15.617,75437,0
HESM.US,D,20181123,000000,15.24,15.46,15.133,15.133,32546,0
HESM.US,D,20181126,000000,15.24,15.335,14.657,14.904,139497,0
HESM.US,D,20181127,000000,14.922,15.133,14.784,14.942,30747,0
HESM.US,D,20181128,000000,15.007,15.121,14.652,14.733,76925,0
HESM.US,D,20181129,000000,14.811,15.515,14.811,15.045,196719,0
HESM.US,D,20181130,000000,14.997,15.179,14.843,15.045,241918,0
HESM.US,D,20181203,000000,15.469,16.312,15.469,16.024,252042,0
HESM.US,D,20181204,000000,15.968,15.977,15.446,15.553,149835,0
HESM.US,D,20181206,000000,15.374,15.442,14.952,15.194,255903,0
HESM.US,D,20181207,000000,15.31,15.531,15.139,15.194,168941,0
HESM.US,D,20181210,000000,15.186,15.562,15.015,15.553,114130,0
HESM.US,D,20181211,000000,15.716,15.882,14.857,14.883,235680,0
HESM.US,D,20181212,000000,15.045,15.349,15.007,15.226,132707,0
HESM.US,D,20181213,000000,15.396,15.655,15.226,15.591,104685,0
HESM.US,D,20181214,000000,15.507,15.591,14.866,14.922,224791,0
HESM.US,D,20181217,000000,14.851,15.264,14.764,14.942,246299,0
HESM.US,D,20181218,000000,15.054,15.086,14.344,14.492,198902,0
HESM.US,D,20181219,000000,14.484,15.133,14.484,14.585,106657,0
HESM.US,D,20181220,000000,14.585,14.896,13.578,14.297,392486,0
HESM.US,D,20181221,000000,14.304,14.531,13.097,13.304,1407460,0
HESM.US,D,20181224,000000,13.202,13.205,12.802,12.802,83610,0
HESM.US,D,20181226,000000,12.872,13.776,12.632,13.725,374312,0
HESM.US,D,20181227,000000,13.561,13.657,13.099,13.507,163749,0
HESM.US,D,20181228,000000,13.638,13.657,13.053,13.468,315550,0
HESM.US,D,20181231,000000,13.586,13.631,13.193,13.265,272900,0
HESM.US,D,20190102,000000,13.185,13.867,13.094,13.764,83490,0
HESM.US,D,20190103,000000,13.709,14.194,13.702,13.959,61446,0
HESM.US,D,20190104,000000,14.233,14.599,14.085,14.514,110098,0
HESM.US,D,20190107,000000,14.607,15.388,14.607,15.34,223895,0
HESM.US,D,20190108,000000,15.499,16.231,15.31,16.227,265317,0
HESM.US,D,20190109,000000,16.35,16.35,15.858,15.977,306769,0
HESM.US,D,20190110,000000,15.921,16.147,15.622,15.795,145005,0
HESM.US,D,20190111,000000,15.712,15.712,15.381,15.413,121296,0
HESM.US,D,20190114,000000,15.335,15.413,15.133,15.194,67405,0
HESM.US,D,20190115,000000,15.32,15.583,15.125,15.436,91900,0
HESM.US,D,20190116,000000,15.429,15.583,15.429,15.523,38204,0
HESM.US,D,20190117,000000,15.469,15.655,15.349,15.544,87577,0
HESM.US,D,20190118,000000,15.67,15.782,15.544,15.716,70166,0
HESM.US,D,20190122,000000,15.716,16.007,15.655,15.703,240660,0
HESM.US,D,20190123,000000,15.787,15.787,15.507,15.61,55401,0
HESM.US,D,20190124,000000,15.617,15.665,15.429,15.562,93302,0
HESM.US,D,20190125,000000,15.694,15.858,15.622,15.843,87425,0
HESM.US,D,20190128,000000,15.843,16.015,15.694,15.874,101552,0
HESM.US,D,20190129,000000,15.874,16.397,15.837,16.265,126152,0
HESM.US,D,20190130,000000,16.274,16.773,16.274,16.483,142338,0
HESM.US,D,20190131,000000,16.561,17.116,16.116,17.062,177700,0
HESM.US,D,20190201,000000,16.96,17.473,16.838,17.412,138067,0
HESM.US,D,20190204,000000,17.33,17.403,17.149,17.395,84215,0
HESM.US,D,20190205,000000,17.419,17.521,17.25,17.515,196464,0
HESM.US,D,20190206,000000,17.507,17.556,17.292,17.419,100745,0
HESM.US,D,20190207,000000,17.347,17.347,16.688,16.864,183238,0
HESM.US,D,20190208,000000,16.76,16.807,16.657,16.783,70829,0
HESM.US,D,20190211,000000,16.815,16.989,16.56,16.688,83302,0
HESM.US,D,20190212,000000,16.815,16.96,16.657,16.902,68445,0
HESM.US,D,20190213,000000,16.999,17.22,16.893,17.062,71771,0
HESM.US,D,20190214,000000,16.98,17.34,16.932,17.34,83638,0
HESM.US,D,20190215,000000,17.347,17.642,17.284,17.633,89506,0
HESM.US,D,20190219,000000,17.658,18.278,17.498,18.174,197740,0
HESM.US,D,20190220,000000,18.157,18.157,17.602,17.65,70503,0
HESM.US,D,20190221,000000,17.595,17.65,17.284,17.347,84224,0
HESM.US,D,20190222,000000,17.387,17.616,17.33,17.53,52788,0
HESM.US,D,20190225,000000,17.602,17.672,17.363,17.568,90699,0
HESM.US,D,20190226,000000,17.625,18.183,17.412,18.054,150086,0
HESM.US,D,20190227,000000,18.069,18.356,17.897,18.278,263265,0
HESM.US,D,20190228,000000,18.287,18.317,18,18.183,139692,0
HESM.US,D,20190301,000000,18.26,18.356,18.095,18.19,54644,0
HESM.US,D,20190304,000000,18.238,18.292,17.99,18.278,330384,0
HESM.US,D,20190305,000000,18.356,18.389,18.062,18.221,144524,0
HESM.US,D,20190306,000000,18.229,18.245,17.857,17.958,41718,0
HESM.US,D,20190307,000000,17.968,18.341,17.861,18.135,60571,0
HESM.US,D,20190308,000000,17.951,18.245,17.951,18.086,63631,0
HESM.US,D,20190311,000000,18.213,18.287,17.839,17.919,122201,0
HESM.US,D,20190312,000000,17.745,18.021,17.347,17.887,106759,0
HESM.US,D,20190313,000000,17.944,18.063,17.753,17.879,49416,0
HESM.US,D,20190314,000000,17.887,18.084,17.793,18,86066,0
HESM.US,D,20190315,000000,17.936,18.066,17.745,17.745,74151,0
HESM.US,D,20190318,000000,17.848,18.15,17.729,18.135,50664,0
HESM.US,D,20190319,000000,18.086,18.278,18,18.086,155861,0
HESM.US,D,20190320,000000,18.048,18.15,17.72,17.968,40617,0
HESM.US,D,20190321,000000,17.857,18.05,17.793,17.887,44987,0
HESM.US,D,20190322,000000,17.816,17.874,17.259,17.379,62503,0
HESM.US,D,20190325,000000,17.307,17.307,16.912,16.925,79811,0
HESM.US,D,20190326,000000,16.932,17.091,16.783,16.966,138570,0
HESM.US,D,20190327,000000,17.006,17.101,16.776,16.783,50413,0
HESM.US,D,20190328,000000,16.776,16.879,16.711,16.846,53521,0
HESM.US,D,20190329,000000,16.912,16.925,16.735,16.846,55820,0
HESM.US,D,20190401,000000,16.941,16.989,16.807,16.902,128529,0
HESM.US,D,20190402,000000,16.925,16.925,16.591,16.608,161797,0
HESM.US,D,20190403,000000,16.657,16.734,16.528,16.608,54801,0
HESM.US,D,20190404,000000,16.623,16.854,16.553,16.728,79582,0
HESM.US,D,20190405,000000,16.76,17.062,16.672,16.918,86024,0
HESM.US,D,20190408,000000,16.925,17.215,16.912,17.131,113464,0
HESM.US,D,20190409,000000,17.044,17.126,16.823,16.932,109876,0
HESM.US,D,20190410,000000,16.98,17.124,16.79,16.902,42976,0
HESM.US,D,20190411,000000,16.902,17.037,16.783,17.006,111607,0
HESM.US,D,20190412,000000,17.157,17.443,17.092,17.433,100821,0
HESM.US,D,20190415,000000,17.491,17.536,17.316,17.536,53146,0
HESM.US,D,20190416,000000,17.61,17.872,17.53,17.807,139083,0
HESM.US,D,20190417,000000,17.909,17.956,17.771,17.864,33854,0
HESM.US,D,20190418,000000,17.887,17.914,17.642,17.689,36868,0
HESM.US,D,20190422,000000,17.698,18.19,17.698,18.117,97637,0
HESM.US,D,20190423,000000,18.15,18.243,18.11,18.183,84909,0
HESM.US,D,20190424,000000,18.245,18.252,18.078,18.229,170324,0
HESM.US,D,20190425,000000,18.278,18.619,17.968,18.078,83848,0
HESM.US,D,20190426,000000,18.078,18.125,17.704,18.096,94717,0
HESM.US,D,20190429,000000,18.213,18.278,17.997,18.125,96068,0
HESM.US,D,20190430,000000,18.198,18.198,17.426,17.563,149234,0
HESM.US,D,20190501,000000,17.585,17.76,17.379,17.536,83938,0
HESM.US,D,20190502,000000,17.473,17.626,17.215,17.271,111135,0
HESM.US,D,20190503,000000,17.441,17.441,17.132,17.142,77049,0
HESM.US,D,20190506,000000,17.052,17.102,16.889,16.972,68205,0
HESM.US,D,20190507,000000,16.931,17.021,16.859,16.889,75885,0
HESM.US,D,20190508,000000,16.868,17.112,16.753,16.819,285954,0
HESM.US,D,20190509,000000,16.737,16.875,16.471,16.527,52165,0
HESM.US,D,20190510,000000,16.527,16.688,16.442,16.664,82139,0
HESM.US,D,20190513,000000,16.617,16.649,16.325,16.381,29065,0
HESM.US,D,20190514,000000,16.494,16.569,16.415,16.463,35593,0
HESM.US,D,20190515,000000,16.431,16.446,16.261,16.39,77073,0
HESM.US,D,20190516,000000,16.405,16.658,16.39,16.575,73160,0
HESM.US,D,20190517,000000,16.559,16.737,16.432,16.478,48689,0
HESM.US,D,20190520,000000,16.415,16.527,16.357,16.357,41665,0
HESM.US,D,20190521,000000,16.437,16.689,16.415,16.543,83458,0
HESM.US,D,20190522,000000,16.471,16.777,16.471,16.664,114155,0
HESM.US,D,20190523,000000,16.463,16.526,16.211,16.252,75736,0
HESM.US,D,20190524,000000,16.3,16.468,16.211,16.31,26122,0
HESM.US,D,20190528,000000,16.325,16.494,15.808,16.027,66213,0
HESM.US,D,20190529,000000,15.912,15.935,15.428,15.783,66470,0
HESM.US,D,20190530,000000,15.808,15.937,15.575,15.575,209279,0
HESM.US,D,20190531,000000,15.477,15.739,15.411,15.606,110363,0
HESM.US,D,20190603,000000,15.587,15.761,15.581,15.678,51732,0
HESM.US,D,20190604,000000,15.704,15.93,15.704,15.766,64421,0
HESM.US,D,20190605,000000,15.758,15.758,15.364,15.364,89227,0
HESM.US,D,20190606,000000,15.364,15.678,15.364,15.501,308528,0
HESM.US,D,20190607,000000,15.509,15.734,15.509,15.581,197596,0
HESM.US,D,20190610,000000,15.533,15.766,15.484,15.654,251827,0
HESM.US,D,20190611,000000,15.684,15.825,15.646,15.646,90597,0
HESM.US,D,20190612,000000,15.646,15.766,15.46,15.525,193454,0
HESM.US,D,20190613,000000,15.566,15.766,15.566,15.646,169756,0
HESM.US,D,20190614,000000,15.636,15.758,15.442,15.442,1403466,0
HESM.US,D,20190617,000000,15.436,15.606,15.404,15.484,94612,0
HESM.US,D,20190618,000000,15.575,15.636,15.135,15.257,100059,0
HESM.US,D,20190619,000000,15.283,15.418,15.104,15.274,75665,0
HESM.US,D,20190620,000000,15.395,15.525,15.29,15.419,70024,0
HESM.US,D,20190621,000000,15.395,15.646,15.354,15.557,379324,0
HESM.US,D,20190624,000000,15.517,15.664,15.395,15.606,114631,0
HESM.US,D,20190625,000000,15.557,15.625,15.501,15.541,288484,0
HESM.US,D,20190626,000000,15.622,15.888,15.606,15.751,641966,0
HESM.US,D,20190627,000000,15.694,15.816,15.646,15.726,808995,0
HESM.US,D,20190628,000000,15.751,15.84,15.664,15.766,145007,0
HESM.US,D,20190701,000000,15.945,16.041,15.825,15.904,304637,0
HESM.US,D,20190702,000000,15.904,15.997,15.831,15.937,73815,0
HESM.US,D,20190703,000000,15.921,16.01,15.863,15.953,44524,0
HESM.US,D,20190705,000000,15.937,16.106,15.93,16.106,67433,0
HESM.US,D,20190708,000000,15.953,16.135,15.953,15.985,97713,0
HESM.US,D,20190709,000000,15.945,16.261,15.93,16.13,1062369,0
HESM.US,D,20190710,000000,16.124,16.649,16.124,16.583,183431,0
HESM.US,D,20190711,000000,16.658,16.957,16.471,16.705,197384,0
HESM.US,D,20190712,000000,16.721,16.979,16.721,16.882,80649,0
HESM.US,D,20190715,000000,16.859,17.085,16.569,16.938,147696,0
HESM.US,D,20190716,000000,16.917,17.028,16.737,16.842,184695,0
HESM.US,D,20190717,000000,16.972,16.972,16.617,16.658,41812,0
HESM.US,D,20190718,000000,16.617,16.617,16.187,16.349,54682,0
HESM.US,D,20190719,000000,16.317,16.463,16.317,16.397,22945,0
HESM.US,D,20190722,000000,16.454,16.713,16.349,16.471,41976,0
HESM.US,D,20190723,000000,16.478,16.658,16.349,16.39,24228,0
HESM.US,D,20190724,000000,16.405,16.632,16.211,16.52,88689,0
HESM.US,D,20190725,000000,16.543,16.673,16.276,16.3,125236,0
HESM.US,D,20190726,000000,16.463,16.649,16.3,16.431,88258,0
HESM.US,D,20190729,000000,16.511,16.569,16.11,16.3,111529,0
HESM.US,D,20190730,000000,16.31,16.658,16.276,16.658,66187,0
HESM.US,D,20190731,000000,16.195,16.705,16.174,16.3,76171,0
HESM.US,D,20190801,000000,16.342,16.658,15.97,16.252,178627,0
HESM.US,D,20190802,000000,16.459,16.705,15.897,16.046,433461,0
HESM.US,D,20190805,000000,15.93,15.93,15.569,15.61,130167,0
HESM.US,D,20190806,000000,15.633,15.723,15.221,15.625,174079,0
HESM.US,D,20190807,000000,15.47,15.47,14.767,14.996,147224,0
HESM.US,D,20190808,000000,15.015,15.321,15.015,15.213,94770,0
HESM.US,D,20190809,000000,15.221,15.501,14.85,14.956,313981,0
HESM.US,D,20190812,000000,14.916,15.262,14.804,15.197,113258,0
HESM.US,D,20190813,000000,15.231,15.436,15.047,15.197,96598,0
HESM.US,D,20190814,000000,15.181,15.28,14.803,15.015,133002,0
HESM.US,D,20190815,000000,15.072,15.072,14.529,14.825,70717,0
HESM.US,D,20190816,000000,14.875,15.213,14.792,15.188,59733,0
HESM.US,D,20190819,000000,15.304,15.534,15.089,15.442,107704,0
HESM.US,D,20190820,000000,15.442,15.807,15.304,15.716,96153,0
HESM.US,D,20190821,000000,15.758,15.822,15.371,15.51,122108,0
HESM.US,D,20190822,000000,15.501,15.659,15.146,15.188,112471,0
HESM.US,D,20190823,000000,15.105,15.254,14.924,14.996,125282,0
HESM.US,D,20190826,000000,15.006,15.123,14.776,14.907,282223,0
HESM.US,D,20190827,000000,14.898,15.181,14.825,15.006,93871,0
HESM.US,D,20190828,000000,15.057,15.419,14.956,15.419,158730,0
HESM.US,D,20190829,000000,15.55,16.162,15.492,15.938,164016,0
HESM.US,D,20190830,000000,16.005,16.009,15.519,15.668,79062,0
HESM.US,D,20190903,000000,15.641,16.344,15.51,15.955,207887,0
HESM.US,D,20190904,000000,16.162,16.294,15.914,16.071,274932,0
HESM.US,D,20190905,000000,16.154,16.326,15.881,15.947,86833,0
HESM.US,D,20190906,000000,15.831,15.831,15.674,15.75,106948,0
HESM.US,D,20190909,000000,15.774,16.276,15.774,16.276,118409,0
HESM.US,D,20190910,000000,16.27,16.442,15.856,15.889,59248,0
HESM.US,D,20190911,000000,15.889,16.1,15.807,15.963,78837,0
HESM.US,D,20190912,000000,15.848,15.973,15.682,15.723,116404,0
HESM.US,D,20190913,000000,15.732,16.195,15.732,16.154,124585,0
HESM.US,D,20190916,000000,16.426,16.582,15.807,16.037,170388,0
HESM.US,D,20190917,000000,15.881,16.195,15.741,15.963,117522,0
HESM.US,D,20190918,000000,15.848,16.17,15.789,16.103,165430,0
HESM.US,D,20190919,000000,16.186,16.301,16.037,16.121,163560,0
HESM.US,D,20190920,000000,16.17,16.664,16.112,16.491,252864,0
HESM.US,D,20190923,000000,16.409,16.664,16.284,16.4,82851,0
HESM.US,D,20190924,000000,16.4,16.475,16.128,16.344,56552,0
HESM.US,D,20190925,000000,16.235,16.235,15.873,16.079,115008,0
HESM.US,D,20190926,000000,16.062,16.21,15.938,16.071,86888,0
HESM.US,D,20190927,000000,15.963,16.252,15.923,16.128,64738,0
HESM.US,D,20190930,000000,16.103,16.261,15.889,15.889,102617,0
HESM.US,D,20191001,000000,15.955,16.144,15.815,15.897,123485,0
HESM.US,D,20191002,000000,15.863,16.095,15.646,15.996,107426,0
HESM.US,D,20191003,000000,15.914,16.195,15.84,16.121,60983,0
HESM.US,D,20191004,000000,16.831,17.564,16.567,17.027,390847,0
HESM.US,D,20191007,000000,16.978,17.07,16.731,16.746,87399,0
HESM.US,D,20191008,000000,16.805,16.837,16.449,16.623,108076,0
HESM.US,D,20191009,000000,16.731,16.831,16.623,16.64,84782,0
HESM.US,D,20191010,000000,16.599,16.985,16.525,16.846,120900,0
HESM.US,D,20191011,000000,16.929,17.07,16.681,17.012,131435,0
HESM.US,D,20191014,000000,16.985,17.144,16.764,17.012,120385,0
HESM.US,D,20191015,000000,17.144,17.612,17.012,17.408,180983,0
HESM.US,D,20191016,000000,17.39,17.598,17.38,17.49,132148,0
HESM.US,D,20191017,000000,17.571,17.656,17.408,17.408,119122,0
HESM.US,D,20191018,000000,17.481,17.663,17.408,17.44,88184,0
HESM.US,D,20191021,000000,17.366,17.417,16.921,17.085,74399,0
HESM.US,D,20191022,000000,17.217,17.217,16.978,17.093,55365,0
HESM.US,D,20191023,000000,17.118,17.118,16.971,17.112,40744,0
HESM.US,D,20191024,000000,17.168,17.53,17.036,17.49,84274,0
HESM.US,D,20191025,000000,17.737,17.76,17.558,17.687,115100,0
HESM.US,D,20191028,000000,17.828,17.828,17.458,17.465,62182,0
HESM.US,D,20191029,000000,17.333,17.811,17.324,17.646,92108,0
HESM.US,D,20191030,000000,18.15,18.15,17.35,17.777,126853,0
HESM.US,D,20191031,000000,17.861,17.861,17.435,17.58,159814,0
HESM.US,D,20191101,000000,17.613,17.867,17.379,17.598,101737,0
HESM.US,D,20191104,000000,17.648,18.077,17.337,17.958,272451,0
HESM.US,D,20191105,000000,17.943,18.085,17.672,17.984,93685,0
HESM.US,D,20191106,000000,17.984,18.002,17.456,17.707,84204,0
HESM.US,D,20191107,000000,17.749,17.976,17.672,17.84,76416,0
HESM.US,D,20191108,000000,17.816,17.816,17.564,17.665,69575,0
HESM.US,D,20191111,000000,17.665,17.8,17.421,17.658,44741,0
HESM.US,D,20191112,000000,17.648,17.874,17.521,17.557,61194,0
HESM.US,D,20191113,000000,17.589,17.69,17.286,17.437,74120,0
HESM.US,D,20191114,000000,17.446,17.514,16.975,16.975,128169,0
HESM.US,D,20191115,000000,17,17.295,16.832,16.949,88629,0
HESM.US,D,20191118,000000,16.991,17.168,16.723,16.781,147839,0
HESM.US,D,20191119,000000,16.807,16.977,16.495,16.68,103205,0
HESM.US,D,20191120,000000,16.579,16.889,16.579,16.765,81004,0
HESM.US,D,20191121,000000,16.84,17.203,16.706,17.117,71745,0
HESM.US,D,20191122,000000,17.069,17.253,17.041,17.193,36982,0
HESM.US,D,20191125,000000,17.176,17.354,17.171,17.269,106468,0
HESM.US,D,20191126,000000,17.269,17.413,17.173,17.185,71518,0
HESM.US,D,20191127,000000,17.16,17.421,17.16,17.379,59161,0
HESM.US,D,20191129,000000,17.185,17.362,17.185,17.203,37186,0
HESM.US,D,20191202,000000,17.253,17.253,16.807,16.925,78997,0
HESM.US,D,20191203,000000,16.875,17.253,16.779,17.125,74983,0
HESM.US,D,20191204,000000,17.06,17.284,16.94,17.253,118735,0
HESM.US,D,20191205,000000,17.253,17.37,17.176,17.345,106311,0
HESM.US,D,20191206,000000,17.286,17.456,17.236,17.303,93230,0
HESM.US,D,20191209,000000,17.219,17.521,17.219,17.521,108725,0
HESM.US,D,20191210,000000,17.134,17.665,17.134,17.639,255698,0
HESM.US,D,20191211,000000,17.631,17.665,17.456,17.607,134898,0
HESM.US,D,20191212,000000,17.607,17.874,17.542,17.648,128502,0
HESM.US,D,20191213,000000,17.557,17.732,17.395,17.613,136946,0
HESM.US,D,20191216,000000,17.505,17.69,17.413,17.514,529484,0
HESM.US,D,20191217,000000,17.74,18.64,17.598,18.321,281264,0
HESM.US,D,20191218,000000,18.396,18.498,17.782,18.212,347095,0
HESM.US,D,20191219,000000,18.396,18.645,18.238,18.43,401855,0
HESM.US,D,20191220,000000,18.456,18.624,18.27,18.294,205224,0
HESM.US,D,20191223,000000,18.396,18.868,18.28,18.85,300675,0
HESM.US,D,20191224,000000,18.926,19.086,18.834,19.077,90876,0
HESM.US,D,20191226,000000,19.137,19.338,18.993,19.33,80203,0
HESM.US,D,20191227,000000,19.348,19.348,18.733,18.868,106448,0
HESM.US,D,20191230,000000,18.809,19.137,18.715,19.027,118529,0
HESM.US,D,20191231,000000,19.011,19.17,18.943,19.077,73111,0
HESM.US,D,20200102,000000,19.271,19.271,18.843,18.868,102015,0
HESM.US,D,20200103,000000,18.843,19.523,18.792,19.457,206139,0
HESM.US,D,20200106,000000,19.523,19.927,19.49,19.634,309346,0
HESM.US,D,20200107,000000,20.01,20.154,19.7,20.02,432130,0
HESM.US,D,20200108,000000,20.121,20.441,20.054,20.255,440890,0
HESM.US,D,20200109,000000,20.399,20.618,20.045,20.399,231222,0
HESM.US,D,20200110,000000,20.408,20.954,20.213,20.845,308039,0
HESM.US,D,20200113,000000,20.826,21.24,20.609,21.029,164834,0
HESM.US,D,20200114,000000,21.248,21.358,20.996,21.189,229304,0
HESM.US,D,20200115,000000,21.189,21.567,21.097,21.322,156445,0
HESM.US,D,20200116,000000,21.349,21.586,21.332,21.516,166044,0
HESM.US,D,20200117,000000,21.484,21.558,21.29,21.474,159978,0
HESM.US,D,20200121,000000,21.322,21.474,20.668,20.676,192519,0
HESM.US,D,20200122,000000,20.609,20.702,20.314,20.324,151210,0
HESM.US,D,20200123,000000,20.324,20.503,20.163,20.18,131706,0
HESM.US,D,20200124,000000,20.188,20.28,19.75,19.75,154061,0
HESM.US,D,20200127,000000,19.556,20.01,19.077,19.338,231799,0
HESM.US,D,20200128,000000,19.338,20.111,19.33,20.111,214096,0
HESM.US,D,20200129,000000,20.171,20.332,19.708,19.742,209911,0
HESM.US,D,20200130,000000,19.869,20.634,19.869,20.197,252939,0
HESM.US,D,20200131,000000,20.264,20.431,20.03,20.036,208260,0
HESM.US,D,20200203,000000,20.188,20.188,19.742,19.742,772195,0
HESM.US,D,20200204,000000,19.834,20.188,19.784,19.885,343936,0
HESM.US,D,20200205,000000,19.917,20.165,19.512,19.574,248172,0
HESM.US,D,20200206,000000,19.548,19.624,19.282,19.29,116140,0
HESM.US,D,20200207,000000,19.274,19.393,19.024,19.36,131068,0
HESM.US,D,20200210,000000,19.333,19.445,18.286,18.614,600840,0
HESM.US,D,20200211,000000,18.768,19.35,18.768,19.059,151665,0
HESM.US,D,20200212,000000,19.179,19.393,18.647,18.836,133518,0
HESM.US,D,20200213,000000,18.82,18.896,18.486,18.486,67459,0
HESM.US,D,20200214,000000,18.494,18.631,17.928,17.998,222576,0
HESM.US,D,20200218,000000,17.988,18.202,17.826,18.135,156284,0
HESM.US,D,20200219,000000,18.289,18.289,17.895,18.041,145691,0
HESM.US,D,20200220,000000,18.082,18.417,18.049,18.281,168802,0
HESM.US,D,20200221,000000,18.271,18.331,17.86,17.963,184301,0
HESM.US,D,20200224,000000,17.483,17.567,17.261,17.407,206880,0
HESM.US,D,20200225,000000,17.483,17.483,16.957,17.055,246430,0
HESM.US,D,20200226,000000,17.028,17.637,16.97,17.21,189687,0
HESM.US,D,20200227,000000,16.868,17.38,16.591,16.591,213587,0
HESM.US,D,20200228,000000,16.019,16.677,15.485,16.345,472051,0
HESM.US,D,20200302,000000,16.25,17.013,16.142,16.883,192449,0
HESM.US,D,20200303,000000,17.004,17.183,16.699,16.797,266526,0
HESM.US,D,20200304,000000,17.21,17.407,17.028,17.166,171390,0
HESM.US,D,20200305,000000,16.962,17.131,16.819,16.934,134390,0
HESM.US,D,20200306,000000,16.583,16.695,15.633,15.676,354486,0
HESM.US,D,20200309,000000,15.247,15.247,9.765,9.765,578559,0
HESM.US,D,20200310,000000,10.793,11.008,8.2318,9.646,752921,0
HESM.US,D,20200311,000000,9.4656,9.798,9.1564,9.3538,329972,0
HESM.US,D,20200312,000000,8.7022,9.0712,7.521,7.521,639256,0
HESM.US,D,20200313,000000,8.2834,9.1737,7.4095,9.1737,875118,0
HESM.US,D,20200316,000000,8.7545,8.9948,7.7094,8.1805,402938,0
HESM.US,D,20200317,000000,7.9321,8.7545,6.7414,6.7586,762621,0
HESM.US,D,20200318,000000,6.3302,7.1353,4.8827,5.3453,949263,0
HESM.US,D,20200319,000000,5.2681,6.673,5.2252,6.5187,1007619,0
HESM.US,D,20200320,000000,6.5444,8.4549,6.5444,7.5895,663662,0
HESM.US,D,20200323,000000,8.0179,8.2663,6.6558,6.8441,353279,0
HESM.US,D,20200324,000000,6.9127,7.5467,6.9127,7.4953,319712,0
HESM.US,D,20200325,000000,7.5296,8.5657,7.1697,8.0605,657031,0
HESM.US,D,20200326,000000,8.0605,9.2256,7.8293,8.3176,459067,0
HESM.US,D,20200327,000000,8.3176,8.3176,7.1442,7.2468,347220,0
HESM.US,D,20200330,000000,7.2126,7.2126,6.3816,7.0412,517303,0
HESM.US,D,20200331,000000,7.204,8.7455,7.0841,8.7022,405492,0
HESM.US,D,20200401,000000,8.4463,8.4463,7.4781,7.992,302935,0
HESM.US,D,20200402,000000,8.1462,11.127,8.0349,9.4401,1286319,0
HESM.US,D,20200403,000000,10.366,11.008,8.7798,9.68,522179,0
HESM.US,D,20200406,000000,9.585,9.919,9.1497,9.4734,488074,0
HESM.US,D,20200407,000000,9.835,11.196,9.628,10.03,599280,0
HESM.US,D,20200408,000000,10.005,10.592,9.628,10.039,373932,0
HESM.US,D,20200409,000000,10.905,11.029,9.4401,9.799,554300,0
HESM.US,D,20200413,000000,9.988,10.442,9.509,10.304,256619,0
HESM.US,D,20200414,000000,10.279,12.283,10.279,11.753,639747,0
HESM.US,D,20200415,000000,11.564,11.564,9.946,10.348,713577,0
HESM.US,D,20200416,000000,10.391,11.325,9.68,10.75,372347,0
HESM.US,D,20200417,000000,11.212,12.121,10.888,11.846,862406,0
HESM.US,D,20200420,000000,10.991,12.188,10.684,12.035,513722,0
HESM.US,D,20200421,000000,11.325,12.696,11.196,12.386,669342,0
HESM.US,D,20200422,000000,13.499,14.117,12.258,12.917,627644,0
HESM.US,D,20200423,000000,13.175,14.037,13.063,13.475,749556,0
HESM.US,D,20200424,000000,13.963,14.562,13.509,14.014,491300,0
HESM.US,D,20200427,000000,14.014,14.312,12.531,14.271,395350,0
HESM.US,D,20200428,000000,14.271,15.419,14.228,14.416,427712,0
HESM.US,D,20200429,000000,14.605,15.64,14.605,15.316,283672,0
HESM.US,D,20200430,000000,15.247,15.761,14.159,14.974,275184,0
HESM.US,D,20200501,000000,14.483,14.718,13.262,13.789,359519,0
HESM.US,D,20200504,000000,13.595,14.782,13.152,14.026,436071,0
HESM.US,D,20200505,000000,14.35,14.798,12.638,12.867,471812,0
HESM.US,D,20200506,000000,12.954,13.404,12.446,12.946,428201,0
HESM.US,D,20200507,000000,13.93,14.403,13.236,14.096,596910,0
HESM.US,D,20200508,000000,14.755,14.975,14.14,14.193,330300,0
HESM.US,D,20200511,000000,14.314,14.728,13.972,14.544,294960,0
HESM.US,D,20200512,000000,14.676,15.202,14.495,14.605,174894,0
HESM.US,D,20200513,000000,14.508,14.772,13.341,14.676,821812,0
HESM.US,D,20200514,000000,14.701,14.851,14.358,14.807,1265882,0
HESM.US,D,20200515,000000,14.922,15.413,14.816,15.168,390014,0
HESM.US,D,20200518,000000,15.826,16.389,15.237,15.677,456182,0
HESM.US,D,20200519,000000,15.616,16.327,15.457,16.117,150663,0
HESM.US,D,20200520,000000,16.309,16.925,15.967,16.168,166297,0
HESM.US,D,20200521,000000,16.168,16.511,15.704,16.345,160340,0
HESM.US,D,20200522,000000,16.459,17.125,15.896,16.941,330575,0
HESM.US,D,20200526,000000,17.223,17.363,16.528,16.599,218086,0
HESM.US,D,20200527,000000,16.625,16.827,15.852,16.484,457268,0
HESM.US,D,20200528,000000,16.634,17.548,16.222,17.028,386820,0
HESM.US,D,20200529,000000,16.907,17.464,16.604,17.056,675108,0
HESM.US,D,20200601,000000,17.056,17.284,16.469,16.608,172194,0
HESM.US,D,20200602,000000,16.625,17.293,16.555,16.792,156574,0
HESM.US,D,20200603,000000,16.792,17.117,16.44,16.819,241333,0
HESM.US,D,20200604,000000,16.652,17.09,16.362,16.617,175698,0
HESM.US,D,20200605,000000,17.037,17.266,16.528,16.968,352736,0
HESM.US,D,20200608,000000,17.258,17.566,16.968,17.504,350325,0
HESM.US,D,20200609,000000,17.196,17.688,16.95,17.408,218597,0
HESM.US,D,20200610,000000,17.442,17.442,16.661,17.003,244238,0
HESM.US,D,20200611,000000,15.844,16.435,15.544,15.992,462488,0
HESM.US,D,20200612,000000,16.397,16.853,15.862,16.08,209567,0
HESM.US,D,20200615,000000,15.58,17.205,15.544,16.792,208715,0
HESM.US,D,20200616,000000,17.38,17.38,16.424,17.258,295408,0
HESM.US,D,20200617,000000,17.389,17.486,16.916,17.134,253437,0
HESM.US,D,20200618,000000,16.853,17.486,16.853,17.24,143233,0
HESM.US,D,20200619,000000,17.566,17.785,16.625,16.872,328792,0
HESM.US,D,20200622,000000,16.705,17.215,16.59,16.984,235249,0
HESM.US,D,20200623,000000,17.1,17.223,16.572,16.994,204572,0
HESM.US,D,20200624,000000,16.811,16.811,16.239,16.345,202433,0
HESM.US,D,20200625,000000,16.292,16.661,16.047,16.432,244444,0
HESM.US,D,20200626,000000,16.222,16.222,15.457,15.501,264774,0
HESM.US,D,20200629,000000,15.8,16.555,15.694,15.967,167675,0
HESM.US,D,20200630,000000,15.931,16.107,15.273,16.09,207262,0
HESM.US,D,20200701,000000,16.107,16.494,15.738,15.79,118512,0
HESM.US,D,20200702,000000,16.029,16.222,15.756,15.896,101628,0
HESM.US,D,20200706,000000,16.08,16.212,15.053,15.177,288916,0
HESM.US,D,20200707,000000,15.029,15.361,14.686,14.755,168509,0
HESM.US,D,20200708,000000,14.745,15.299,14.745,15.105,190886,0
HESM.US,D,20200709,000000,15.149,15.185,14.395,14.571,225529,0
HESM.US,D,20200710,000000,14.58,15.097,14.58,14.807,70721,0
HESM.US,D,20200713,000000,14.975,15.246,14.728,14.931,96459,0
HESM.US,D,20200714,000000,14.728,15.413,14.614,15.193,189737,0
HESM.US,D,20200715,000000,15.44,16.08,15.22,15.939,132383,0
HESM.US,D,20200716,000000,15.896,15.896,15.423,15.476,171394,0
HESM.US,D,20200717,000000,15.405,15.66,14.965,15.52,234575,0
HESM.US,D,20200720,000000,15.66,15.989,15.361,15.361,158593,0
HESM.US,D,20200721,000000,15.616,15.977,15.616,15.87,178619,0
HESM.US,D,20200722,000000,15.66,15.694,15.237,15.44,132225,0
HESM.US,D,20200723,000000,15.405,15.427,15.063,15.307,76672,0
HESM.US,D,20200724,000000,15.264,15.457,14.936,14.999,65677,0
HESM.US,D,20200727,000000,15.159,15.159,14.742,14.869,126188,0
HESM.US,D,20200728,000000,15.115,15.115,14.79,14.931,169215,0
HESM.US,D,20200729,000000,15.133,15.491,15.105,15.457,269672,0
HESM.US,D,20200730,000000,15.273,15.79,15.043,15.633,225385,0
HESM.US,D,20200731,000000,15.738,15.8,14.851,15.273,278957,0
HESM.US,D,20200803,000000,15.307,16.282,15.307,16.161,362355,0
HESM.US,D,20200804,000000,16.161,16.617,15.87,16.537,222262,0
HESM.US,D,20200805,000000,16.677,17.298,16.229,17.173,475878,0
HESM.US,D,20200806,000000,17.209,17.621,16.813,17.119,190960,0
HESM.US,D,20200807,000000,16.967,16.967,16.292,16.489,144804,0
HESM.US,D,20200810,000000,16.453,16.651,15.978,16.444,88987,0
HESM.US,D,20200811,000000,16.607,16.706,16.039,16.129,84534,0
HESM.US,D,20200812,000000,16.202,16.858,16.202,16.696,96260,0
HESM.US,D,20200813,000000,16.813,16.921,16.562,16.769,74525,0
HESM.US,D,20200814,000000,16.822,16.84,16.489,16.769,64855,0
HESM.US,D,20200817,000000,16.858,17.002,16.399,16.948,60285,0
HESM.US,D,20200818,000000,16.948,16.975,16.309,16.498,101526,0
HESM.US,D,20200819,000000,16.578,16.723,16.255,16.255,102777,0
HESM.US,D,20200820,000000,16.183,16.418,16.103,16.255,36348,0
HESM.US,D,20200821,000000,16.165,16.165,15.829,16.004,46128,0
HESM.US,D,20200824,000000,15.959,16.22,15.879,16.103,78153,0
HESM.US,D,20200825,000000,16.138,16.21,15.663,15.978,156090,0
HESM.US,D,20200826,000000,15.886,15.914,15.293,15.519,132003,0
HESM.US,D,20200827,000000,15.581,16.093,15.573,16.023,114122,0
HESM.US,D,20200828,000000,16.165,16.274,15.912,16.084,61049,0
HESM.US,D,20200831,000000,16.121,16.121,15.698,15.895,46864,0
HESM.US,D,20200901,000000,15.886,16.138,15.599,15.851,74384,0
HESM.US,D,20200902,000000,15.923,16.179,15.618,16.023,75925,0
HESM.US,D,20200903,000000,15.895,16.183,15.847,15.978,84927,0
HESM.US,D,20200904,000000,16.138,16.22,15.475,15.914,51651,0
HESM.US,D,20200908,000000,15.671,15.671,15.079,15.258,283992,0
HESM.US,D,20200909,000000,15.437,15.663,15.311,15.455,161191,0
HESM.US,D,20200910,000000,15.49,15.599,15.375,15.475,73909,0
HESM.US,D,20200911,000000,15.581,15.733,15.303,15.401,96597,0
HESM.US,D,20200914,000000,15.465,15.465,15.238,15.293,86319,0
HESM.US,D,20200915,000000,15.42,15.514,14.861,14.861,78088,0
HESM.US,D,20200916,000000,15.06,15.599,15.036,15.401,68235,0
HESM.US,D,20200917,000000,15.168,15.663,15.139,15.33,70109,0
HESM.US,D,20200918,000000,15.258,15.347,14.906,15.025,95071,0
HESM.US,D,20200921,000000,14.782,14.861,14.456,14.709,96919,0
HESM.US,D,20200922,000000,14.782,14.951,14.448,14.502,68351,0
HESM.US,D,20200923,000000,14.619,14.691,13.567,13.567,84682,0
HESM.US,D,20200924,000000,13.63,13.855,13.307,13.756,98259,0
HESM.US,D,20200925,000000,13.594,13.774,13.586,13.612,52460,0
HESM.US,D,20200928,000000,13.693,13.81,13.351,13.711,227841,0
HESM.US,D,20200929,000000,13.586,13.648,13.225,13.586,328575,0
HESM.US,D,20200930,000000,13.594,14.178,13.541,13.577,109948,0
HESM.US,D,20201001,000000,13.541,13.693,13.117,13.433,75764,0
HESM.US,D,20201002,000000,13.091,13.577,13.091,13.504,68269,0
HESM.US,D,20201005,000000,14.007,14.17,13.721,13.908,120395,0
HESM.US,D,20201006,000000,13.981,14.254,13.586,13.783,117084,0
HESM.US,D,20201007,000000,13.872,13.872,13.442,13.693,96496,0
HESM.US,D,20201008,000000,13.908,14.485,13.612,14.476,178835,0
HESM.US,D,20201009,000000,14.628,14.98,14.485,14.942,97286,0
HESM.US,D,20201012,000000,14.881,15.213,14.836,15.194,171052,0
HESM.US,D,20201013,000000,15.133,15.403,15.034,15.222,224532,0
HESM.US,D,20201014,000000,15.33,15.874,15.33,15.618,93357,0
HESM.US,D,20201015,000000,15.41,15.842,15.168,15.787,180454,0
HESM.US,D,20201016,000000,16.526,16.908,15.77,15.914,653623,0
HESM.US,D,20201019,000000,15.994,16.067,15.285,15.347,89309,0
HESM.US,D,20201020,000000,15.51,15.51,14.584,14.754,106624,0
HESM.US,D,20201021,000000,14.718,15.034,14.61,14.727,99506,0
HESM.US,D,20201022,000000,14.727,15.88,14.727,15.77,113736,0
HESM.US,D,20201023,000000,15.95,16.093,15.564,15.905,130049,0
HESM.US,D,20201026,000000,15.733,15.905,15.285,15.564,132889,0
HESM.US,D,20201027,000000,15.752,16.004,15.618,15.931,119484,0
HESM.US,D,20201028,000000,15.634,16.453,14.412,15.824,406424,0
HESM.US,D,20201029,000000,15.634,15.895,14.942,15.86,218531,0
HESM.US,D,20201030,000000,15.797,15.886,15.06,15.356,350988,0
HESM.US,D,20201102,000000,15.375,15.773,14.89,15.124,159413,0
HESM.US,D,20201103,000000,15.375,15.473,14.84,15.149,257495,0
HESM.US,D,20201104,000000,15.013,15.4,14.616,14.892,116890,0
HESM.US,D,20201105,000000,14.892,15.184,14.763,14.865,112010,0
HESM.US,D,20201106,000000,14.957,15.013,14.496,14.606,170364,0
HESM.US,D,20201109,000000,15.429,15.742,15.049,15.548,264375,0
HESM.US,D,20201110,000000,15.732,16.435,15.466,16.13,123973,0
HESM.US,D,20201111,000000,16.121,16.149,15.584,16.103,204026,0
HESM.US,D,20201112,000000,16.001,16.463,15.429,15.577,135470,0
HESM.US,D,20201113,000000,15.788,16.066,15.446,15.669,97133,0
HESM.US,D,20201116,000000,15.872,16.231,15.872,16.037,154253,0
HESM.US,D,20201117,000000,15.974,16.555,15.918,16.509,175692,0
HESM.US,D,20201118,000000,16.536,16.971,16.379,16.536,143100,0
HESM.US,D,20201119,000000,16.536,16.631,16.01,16.351,140920,0
HESM.US,D,20201120,000000,16.231,16.721,16.231,16.333,100557,0
HESM.US,D,20201123,000000,16.463,17.284,16.463,17.126,154849,0
HESM.US,D,20201124,000000,17.359,17.507,16.85,17.118,168405,0
HESM.US,D,20201125,000000,17.09,17.701,16.988,17.257,279318,0
HESM.US,D,20201127,000000,17.248,17.427,16.896,16.971,37353,0
HESM.US,D,20201130,000000,16.971,17.321,16.62,16.647,133574,0
HESM.US,D,20201201,000000,16.988,17.441,16.785,17.238,110211,0
HESM.US,D,20201202,000000,17.126,17.95,17.087,17.838,148282,0
HESM.US,D,20201203,000000,17.718,18.549,17.634,18.503,142074,0
HESM.US,D,20201204,000000,18.54,18.817,17.857,18.088,188771,0
HESM.US,D,20201207,000000,18.068,18.199,17.691,18.06,99046,0
HESM.US,D,20201208,000000,17.875,18.734,17.773,18.651,105876,0
HESM.US,D,20201209,000000,18.789,18.854,17.866,18.236,81422,0
HESM.US,D,20201210,000000,18.106,18.927,18.106,18.642,56391,0
HESM.US,D,20201211,000000,19.241,19.62,18.965,19.593,187969,0
HESM.US,D,20201214,000000,19.666,20.197,18.973,19.131,133384,0
HESM.US,D,20201215,000000,19.445,20.175,19.389,20.082,152877,0
HESM.US,D,20201216,000000,20.082,20.082,19.684,19.87,142475,0
HESM.US,D,20201217,000000,19.409,19.426,18.771,18.927,186021,0
HESM.US,D,20201218,000000,18.965,19.214,18.706,18.91,111959,0
HESM.US,D,20201221,000000,18.531,19.248,18.531,19.066,117503,0
HESM.US,D,20201222,000000,19.261,19.61,18.993,19.029,94069,0
HESM.US,D,20201223,000000,19.029,19.353,18.752,18.854,79824,0
HESM.US,D,20201224,000000,18.863,18.868,18.374,18.715,64999,0
HESM.US,D,20201228,000000,18.873,18.946,18.124,18.272,179736,0
HESM.US,D,20201229,000000,18.272,18.322,17.747,17.793,118241,0
HESM.US,D,20201230,000000,17.875,18.3,17.599,17.662,59275,0
HESM.US,D,20201231,000000,17.543,18.106,17.477,18.068,281962,0
HESM.US,D,20210104,000000,17.958,18.253,17.431,17.718,145415,0
HESM.US,D,20210105,000000,17.681,18.879,17.681,18.346,95212,0
HESM.US,D,20210106,000000,18.715,18.854,18.346,18.54,106298,0
HESM.US,D,20210107,000000,18.762,19.177,18.42,19.112,170635,0
HESM.US,D,20210108,000000,19.205,19.205,18.005,18.596,210865,0
HESM.US,D,20210111,000000,18.549,19.279,18.503,19.121,78384,0
HESM.US,D,20210112,000000,19.325,20.091,19.094,19.907,92427,0
HESM.US,D,20210113,000000,19.888,20.424,19.805,20.267,106955,0
HESM.US,D,20210114,000000,20.424,21.061,20.313,20.626,124123,0
HESM.US,D,20210115,000000,20.47,20.93,20.052,20.664,94239,0
HESM.US,D,20210119,000000,20.774,21.236,20.119,21.023,95319,0
HESM.US,D,20210120,000000,21.069,21.069,20.323,20.599,137662,0
HESM.US,D,20210121,000000,20.432,20.82,19.685,19.907,148007,0
HESM.US,D,20210122,000000,19.62,19.86,19.426,19.63,69284,0
HESM.US,D,20210125,000000,19.657,20.691,19.63,20.017,71027,0
HESM.US,D,20210126,000000,20.396,20.672,19.653,20.23,105266,0
HESM.US,D,20210127,000000,20.257,20.369,19.543,19.694,119313,0
HESM.US,D,20210128,000000,19.694,19.898,19.121,19.343,181883,0
HESM.US,D,20210129,000000,19.205,19.643,19.167,19.269,130764,0
HESM.US,D,20210201,000000,19.778,20.138,19.528,19.851,186069,0
HESM.US,D,20210202,000000,19.98,20.427,19.62,20.211,364466,0
HESM.US,D,20210203,000000,20.048,20.218,19.747,20.133,232659,0
HESM.US,D,20210204,000000,20.218,20.275,19.85,20.265,85795,0
HESM.US,D,20210205,000000,20.359,20.406,19.907,20.152,145297,0
HESM.US,D,20210208,000000,20.35,20.378,19.888,20.199,99731,0
HESM.US,D,20210209,000000,20.265,20.265,19.888,20.03,111706,0
HESM.US,D,20210210,000000,20.086,20.528,19.72,20.528,134231,0
HESM.US,D,20210211,000000,20.463,20.623,20.152,20.491,149942,0
HESM.US,D,20210212,000000,20.454,20.679,20.189,20.528,171343,0
HESM.US,D,20210216,000000,20.736,20.765,20.51,20.575,85364,0
HESM.US,D,20210217,000000,20.671,20.671,20.218,20.501,71875,0
HESM.US,D,20210218,000000,20.397,20.416,20.039,20.227,75707,0
HESM.US,D,20210219,000000,20.293,20.567,20.227,20.51,70260,0
HESM.US,D,20210222,000000,20.557,21.57,20.557,21.179,138812,0
HESM.US,D,20210223,000000,21.207,21.207,20.246,20.548,121803,0
HESM.US,D,20210224,000000,20.604,21.125,20.067,20.208,397113,0
HESM.US,D,20210225,000000,20.236,20.679,19.869,20.35,375170,0
HESM.US,D,20210226,000000,20.416,20.679,19.737,19.765,468710,0
HESM.US,D,20210301,000000,20.152,21.32,20.152,21.207,182758,0
HESM.US,D,20210302,000000,21.179,21.679,21.028,21.595,143122,0
HESM.US,D,20210303,000000,21.679,21.82,21.236,21.246,70174,0
HESM.US,D,20210304,000000,21.538,21.841,20.971,21.414,173249,0
HESM.US,D,20210305,000000,21.679,21.679,20.826,21.349,50418,0
HESM.US,D,20210308,000000,21.405,21.65,20.981,21.113,88210,0
HESM.US,D,20210309,000000,21.018,22.249,20.783,21.82,202559,0
HESM.US,D,20210310,000000,21.603,22.301,21.603,21.895,126866,0
HESM.US,D,20210311,000000,20.868,20.981,20.265,20.359,1507191,0
HESM.US,D,20210312,000000,20.661,20.746,19.794,19.935,795470,0
HESM.US,D,20210315,000000,19.859,20.528,19.737,20.124,292971,0
HESM.US,D,20210316,000000,19.907,20.048,19.69,19.926,440553,0
HESM.US,D,20210317,000000,19.907,20.548,19.897,20.057,347674,0
HESM.US,D,20210318,000000,20.369,20.369,19.398,19.426,386838,0
HESM.US,D,20210319,000000,19.671,20.567,19.605,20.275,390561,0
HESM.US,D,20210322,000000,20.152,20.538,20.108,20.255,193856,0
HESM.US,D,20210323,000000,19.992,20.01,19.21,19.502,320859,0
HESM.US,D,20210324,000000,19.708,19.963,19.416,19.473,151692,0
HESM.US,D,20210325,000000,19.416,19.982,19.19,19.737,302900,0
HESM.US,D,20210326,000000,19.907,20.095,19.605,20.086,242833,0
HESM.US,D,20210329,000000,20.02,20.02,19.455,19.832,179256,0
HESM.US,D,20210330,000000,19.653,20.138,19.483,19.982,187428,0
HESM.US,D,20210331,000000,19.982,21.236,19.982,21.132,202473,0
HESM.US,D,20210401,000000,21.33,22.329,21.075,22.131,293670,0
HESM.US,D,20210405,000000,22.112,22.179,21.726,21.99,253132,0
HESM.US,D,20210406,000000,22.15,22.244,21.679,21.905,222062,0
HESM.US,D,20210407,000000,21.961,22.244,21.236,21.83,277030,0
HESM.US,D,20210408,000000,21.877,22.037,21.366,21.905,194947,0
HESM.US,D,20210409,000000,21.971,22.131,21.283,21.491,181452,0
HESM.US,D,20210412,000000,21.556,21.857,21.32,21.358,87619,0
HESM.US,D,20210413,000000,21.358,21.382,20.897,21.122,169088,0
HESM.US,D,20210414,000000,21.302,21.689,21.302,21.377,107305,0
HESM.US,D,20210415,000000,21.556,21.585,21.151,21.169,214970,0
HESM.US,D,20210416,000000,21.207,21.306,20.802,20.924,275546,0
HESM.US,D,20210419,000000,21.113,21.32,20.924,21.104,140705,0
HESM.US,D,20210420,000000,21.113,21.113,20.83,20.944,79763,0
HESM.US,D,20210421,000000,20.877,21.424,20.877,21.226,106274,0
HESM.US,D,20210422,000000,21.169,21.216,20.84,20.981,106029,0
HESM.US,D,20210423,000000,21.095,21.122,20.783,21.001,121152,0
HESM.US,D,20210426,000000,21.481,21.642,21.246,21.414,248679,0
HESM.US,D,20210427,000000,21.612,21.773,21.452,21.499,463022,0
HESM.US,D,20210428,000000,21.679,22.15,21.538,21.914,572008,0
HESM.US,D,20210429,000000,22.376,22.47,21.81,22.008,470578,0
HESM.US,D,20210430,000000,21.569,22.203,21.406,21.463,231056,0
HESM.US,D,20210503,000000,21.483,21.723,21.435,21.454,148944,0
HESM.US,D,20210504,000000,21.435,21.645,21.041,21.127,192236,0
HESM.US,D,20210505,000000,21.262,21.627,21.262,21.435,86806,0
HESM.US,D,20210506,000000,21.483,21.616,21.151,21.415,114497,0
HESM.US,D,20210507,000000,21.445,22.069,21.445,21.752,190554,0
HESM.US,D,20210510,000000,21.771,22.056,21.175,21.454,662040,0
HESM.US,D,20210511,000000,21.175,21.511,21.089,21.367,229939,0
HESM.US,D,20210512,000000,21.502,22.011,21.334,22.011,391419,0
HESM.US,D,20210513,000000,22.011,22.463,21.877,22.3,361676,0
HESM.US,D,20210514,000000,22.3,22.415,22.107,22.339,243265,0
HESM.US,D,20210517,000000,22.233,23.069,22.185,23.04,320068,0
HESM.US,D,20210518,000000,22.867,23.85,22.857,23.579,446355,0
HESM.US,D,20210519,000000,23.491,23.501,22.781,23.155,195667,0
HESM.US,D,20210520,000000,23.309,23.953,23.011,23.933,168288,0
HESM.US,D,20210521,000000,23.963,23.991,23.617,23.819,195804,0
HESM.US,D,20210524,000000,24.021,24.223,23.781,24.097,257294,0
HESM.US,D,20210525,000000,24.097,24.193,23.829,23.829,192110,0
HESM.US,D,20210526,000000,24.001,24.481,23.847,24.481,365244,0
HESM.US,D,20210527,000000,24.617,24.713,24.319,24.491,204188,0
HESM.US,D,20210528,000000,24.328,24.53,24.175,24.481,768648,0
HESM.US,D,20210601,000000,24.539,24.895,23.933,23.933,224013,0
HESM.US,D,20210602,000000,23.933,24.761,23.925,24.713,150436,0
HESM.US,D,20210603,000000,24.549,24.707,24.165,24.597,93958,0
HESM.US,D,20210604,000000,24.665,24.991,24.481,24.819,113339,0
HESM.US,D,20210607,000000,24.943,25.395,24.809,25.309,248508,0
HESM.US,D,20210608,000000,25.309,25.443,24.933,24.991,153614,0
HESM.US,D,20210609,000000,25.049,25.117,24.866,24.943,158236,0
HESM.US,D,20210610,000000,25.165,25.251,24.665,24.885,144430,0
HESM.US,D,20210611,000000,24.857,25.261,24.828,25.001,153253,0
HESM.US,D,20210614,000000,25.607,26.203,25.549,25.857,428628,0
HESM.US,D,20210615,000000,25.905,26.404,25.722,26.366,266273,0
HESM.US,D,20210616,000000,26.318,26.519,26.097,26.327,172814,0
HESM.US,D,20210617,000000,26.375,26.549,24.367,24.731,272640,0
HESM.US,D,20210618,000000,24.501,25.001,24.059,24.059,784259,0
HESM.US,D,20210621,000000,24.405,25.024,24.405,24.924,169401,0
HESM.US,D,20210622,000000,24.981,25.107,24.751,25.068,124672,0
HESM.US,D,20210623,000000,25.126,25.299,24.597,24.713,119377,0
HESM.US,D,20210624,000000,24.761,24.963,24.569,24.731,59888,0
HESM.US,D,20210625,000000,24.847,24.847,24.337,24.463,103036,0
HESM.US,D,20210628,000000,24.319,24.463,23.751,24.135,168576,0
HESM.US,D,20210629,000000,24.039,24.299,24.027,24.069,70566,0
HESM.US,D,20210630,000000,24.145,24.632,24.145,24.271,99337,0
HESM.US,D,20210701,000000,24.395,24.447,24.079,24.271,117700,0
HESM.US,D,20210702,000000,24.367,24.521,23.991,24.289,192370,0
HESM.US,D,20210706,000000,24.299,24.299,23.693,23.982,111299,0
HESM.US,D,20210707,000000,23.857,24.049,23.549,23.713,73493,0
HESM.US,D,20210708,000000,23.491,23.627,23.19,23.377,68080,0
HESM.US,D,20210709,000000,23.559,23.895,23.223,23.443,145959,0
HESM.US,D,20210712,000000,23.347,23.627,23.193,23.193,82367,0
HESM.US,D,20210713,000000,23.241,23.281,23.011,23.031,116266,0
HESM.US,D,20210714,000000,23.175,23.377,22.781,22.905,125358,0
HESM.US,D,20210715,000000,22.973,22.992,22.511,22.703,111430,0
HESM.US,D,20210716,000000,22.819,22.819,22.203,22.3,117640,0
HESM.US,D,20210719,000000,21.983,22.185,21.463,21.771,166721,0
HESM.US,D,20210720,000000,21.993,22.395,21.813,22.107,242023,0
HESM.US,D,20210721,000000,22.387,22.887,22.387,22.473,191668,0
HESM.US,D,20210722,000000,22.473,22.839,22.107,22.694,119280,0
HESM.US,D,20210723,000000,22.829,22.882,22.291,22.531,88378,0
HESM.US,D,20210726,000000,22.444,22.953,22.444,22.887,116686,0
HESM.US,D,20210727,000000,22.847,22.847,22.3,22.453,157343,0
HESM.US,D,20210728,000000,23.299,24.756,23.299,24.463,637184,0
HESM.US,D,20210729,000000,24.933,25.736,24.683,25.174,261444,0
HESM.US,D,20210730,000000,25.049,25.213,24.736,24.876,104024,0
HESM.US,D,20210802,000000,24.876,25.317,24.444,24.723,150381,0
HESM.US,D,20210803,000000,24.837,25.342,24.251,25.203,128434,0
HESM.US,D,20210804,000000,25.145,25.424,24.779,25.02,242352,0
HESM.US,D,20210805,000000,25.097,25.511,24.837,24.895,170539,0
HESM.US,D,20210806,000000,24.664,24.723,24.017,24.487,243255,0
HESM.US,D,20210809,000000,24.272,24.458,24.036,24.331,101525,0
HESM.US,D,20210810,000000,24.438,24.83,24.301,24.791,82244,0
HESM.US,D,20210811,000000,24.801,24.899,24.478,24.723,121814,0
HESM.US,D,20210812,000000,24.625,24.84,24.409,24.781,108220,0
HESM.US,D,20210813,000000,24.919,24.919,24.046,24.183,126333,0
HESM.US,D,20210816,000000,24.301,24.399,23.34,23.85,191903,0
HESM.US,D,20210817,000000,23.782,24.232,23.693,23.919,85025,0
HESM.US,D,20210818,000000,24.007,24.399,23.399,23.458,101938,0
HESM.US,D,20210819,000000,23.184,23.527,22.939,23.282,146192,0
HESM.US,D,20210820,000000,23.282,23.527,23.046,23.252,117622,0
HESM.US,D,20210823,000000,23.772,24.365,23.742,23.997,154844,0
HESM.US,D,20210824,000000,24.262,24.468,23.811,24.34,128756,0
HESM.US,D,20210825,000000,24.34,24.703,24.193,24.487,64833,0
HESM.US,D,20210826,000000,24.625,24.811,24.438,24.497,85950,0
HESM.US,D,20210827,000000,24.517,25.203,24.517,25.076,97200,0
HESM.US,D,20210830,000000,25.281,25.291,24.84,24.87,140074,0
HESM.US,D,20210831,000000,24.948,25.232,24.665,25.232,220795,0
HESM.US,D,20210901,000000,25.35,25.409,24.772,25.144,82059,0
HESM.US,D,20210902,000000,25.281,25.977,25.281,25.781,76130,0
HESM.US,D,20210903,000000,25.928,26.262,25.732,26.085,91399,0
HESM.US,D,20210907,000000,26.017,26.075,25.693,26.026,67674,0
HESM.US,D,20210908,000000,26.056,26.173,25.821,25.948,120006,0
HESM.US,D,20210909,000000,25.948,26.271,25.546,26.056,246061,0
HESM.US,D,20210910,000000,26.213,26.222,25.644,25.732,151054,0
HESM.US,D,20210913,000000,25.801,26.173,25.605,26.046,172532,0
HESM.US,D,20210914,000000,26.164,26.379,25.365,25.556,92207,0
HESM.US,D,20210915,000000,25.742,26.311,25.654,26.301,147692,0
HESM.US,D,20210916,000000,26.203,26.742,25.987,26.585,201579,0
HESM.US,D,20210917,000000,26.36,26.394,25.262,25.36,248361,0
HESM.US,D,20210920,000000,25.007,25.35,24.615,24.87,223704,0
HESM.US,D,20210921,000000,25.017,25.761,24.693,25.634,177991,0
HESM.US,D,20210922,000000,25.86,26.409,25.85,25.938,114406,0
HESM.US,D,20210923,000000,26.026,26.84,25.899,26.595,261636,0
HESM.US,D,20210924,000000,26.526,27.399,26.526,27.134,161614,0
HESM.US,D,20210927,000000,28.859,29.747,28.467,28.467,685765,0
HESM.US,D,20210928,000000,28.428,28.595,27.497,27.614,452357,0
HESM.US,D,20210929,000000,27.938,28.144,27.467,27.565,260590,0
HESM.US,D,20210930,000000,27.585,27.967,27.35,27.654,176864,0
HESM.US,D,20211001,000000,27.222,27.497,26.605,27.409,502228,0
HESM.US,D,20211004,000000,27.614,28.189,27.448,27.987,431990,0
HESM.US,D,20211005,000000,28.359,28.575,27.879,28.467,336590,0
HESM.US,D,20211006,000000,25.781,26.281,25.193,25.487,4027920,0
HESM.US,D,20211007,000000,25.605,25.65,25.291,25.399,876559,0
HESM.US,D,20211008,000000,25.37,25.683,25.193,25.575,700129,0
HESM.US,D,20211011,000000,25.732,25.83,25.375,25.654,584364,0
HESM.US,D,20211012,000000,25.683,26.213,25.409,26.193,454374,0
HESM.US,D,20211013,000000,26.213,26.213,25.272,25.899,541269,0
HESM.US,D,20211014,000000,26.124,26.419,25.713,26.409,478522,0
HESM.US,D,20211015,000000,26.468,26.997,26.252,26.889,404013,0
HESM.US,D,20211018,000000,27.056,27.35,25.787,25.889,714799,0
HESM.US,D,20211019,000000,26.213,26.33,25.546,26.183,546545,0
HESM.US,D,20211020,000000,25.977,26.379,25.83,26.36,363846,0
HESM.US,D,20211021,000000,26.203,26.271,25.821,26.066,261025,0
HESM.US,D,20211022,000000,26.115,26.159,25.781,26.046,201869,0
HESM.US,D,20211025,000000,26.232,26.306,25.634,25.86,435978,0
HESM.US,D,20211026,000000,26.066,26.129,24.84,25.105,685639,0
HESM.US,D,20211027,000000,25.428,25.757,24.752,24.811,555768,0
HESM.US,D,20211028,000000,25.046,25.34,24.605,24.84,423789,0
HESM.US,D,20211029,000000,24.772,24.791,24.232,24.674,493857,0
HESM.US,D,20211101,000000,25.311,26.35,25.125,25.458,930683,0
HESM.US,D,20211102,000000,25.566,25.948,25.272,25.35,591430,0
HESM.US,D,20211103,000000,25.22,25.329,24.51,24.98,653971,0
HESM.US,D,20211104,000000,25.11,25.2322,24.1,24.78,489499,0
HESM.US,D,20211105,000000,24.73,25.13,24.5,24.94,308853,0
HESM.US,D,20211108,000000,25.09,25.6,24.95,25.4,286082,0
HESM.US,D,20211109,000000,25.78,25.78,25.33,25.55,351099,0
HESM.US,D,20211110,000000,25.4,25.93,25.01,25.2,442980,0
HESM.US,D,20211111,000000,25.34,25.52,25.0809,25.36,254286,0
HESM.US,D,20211112,000000,25.27,25.58,25.07,25.14,272481,0
HESM.US,D,20211115,000000,25.2,25.33,24.92,25.19,515458,0
HESM.US,D,20211116,000000,25.19,25.2,24.8,24.87,456983,0
HESM.US,D,20211117,000000,24.75,24.83,24.18,24.42,224165,0
HESM.US,D,20211118,000000,24.31,24.59,24.04,24.05,351855,0
HESM.US,D,20211119,000000,23.8,24,23.35,23.88,314259,0
HESM.US,D,20211122,000000,24,24.73,23.785,24.44,340859,0
HESM.US,D,20211123,000000,24.61,25.31,24.61,25.22,275121,0
HESM.US,D,20211124,000000,25.26,25.49,24.84,25.29,268408,0
HESM.US,D,20211126,000000,24.54,24.72,23.94,24.63,392041,0
HESM.US,D,20211129,000000,25.06,25.19,24.34,24.47,709264,0
HESM.US,D,20211130,000000,24.06,24.8,23.81,24.76,1719749,0
HESM.US,D,20211201,000000,24.94,25.35,23.99,24,618872,0
HESM.US,D,20211202,000000,24.78,25.09,24.34,24.91,552098,0
HESM.US,D,20211203,000000,25.12,25.34,24.6,24.72,310037,0
HESM.US,D,20211206,000000,25.03,25.5,24.67,25.26,279370,0
HESM.US,D,20211207,000000,25.59,26.17,25.51,26.14,303135,0
HESM.US,D,20211208,000000,26.1,26.47,26,26.39,455299,0
HESM.US,D,20211209,000000,25.97,26.23,25.69,26.15,300784,0
HESM.US,D,20211210,000000,26.43,26.49,25.66,26,308227,0
HESM.US,D,20211213,000000,25.92,26.54,25.83,25.85,556928,0
HESM.US,D,20211214,000000,25.84,26.44,25.561,25.68,323095,0
HESM.US,D,20211215,000000,25.68,26,25.06,25.82,391056,0
HESM.US,D,20211216,000000,26.02,26.35,25.68,25.74,442070,0
HESM.US,D,20211217,000000,25.74,26.15,25.17,26.01,1222943,0
HESM.US,D,20211220,000000,25.81,26.23,25.2406,25.93,551538,0
HESM.US,D,20211221,000000,26.16,26.91,26.16,26.6,346859,0
HESM.US,D,20211222,000000,26.53,26.97,26.25,26.74,239245,0
HESM.US,D,20211223,000000,26.74,27.02,26.45,26.86,222871,0
HESM.US,D,20211227,000000,26.9,27.97,26.68,27.96,238079,0
HESM.US,D,20211228,000000,27.99,28.15,27.3609,27.51,268496,0
HESM.US,D,20211229,000000,27.58,27.6293,26.96,27.19,245957,0
HESM.US,D,20211230,000000,27.24,27.79,27.24,27.61,147749,0
HESM.US,D,20211231,000000,27.57,27.82,27.43,27.63,346426,0
HESM.US,D,20220103,000000,27.82,28.33,27.47,27.93,589918,0
HESM.US,D,20220104,000000,28,28.72,28,28.16,531713,0
HESM.US,D,20220105,000000,28.22,28.91,28.13,28.22,587211,0
HESM.US,D,20220106,000000,28.49,28.91,28.285,28.36,458056,0
HESM.US,D,20220107,000000,28.02,28.83,28,28.63,384878,0
HESM.US,D,20220110,000000,28.87,29.25,28.4373,29.21,367262,0
HESM.US,D,20220111,000000,29.17,29.8,28.96,29.61,257948,0
HESM.US,D,20220112,000000,29.72,30.17,29.38,29.79,510872,0
HESM.US,D,20220113,000000,29.96,30.33,29.68,29.71,604199,0
HESM.US,D,20220114,000000,29.89,30.71,29.73,30.22,663363,0
HESM.US,D,20220118,000000,30.42,30.62,30.08,30.4,482115,0
HESM.US,D,20220119,000000,30.5,30.51,28.9,28.98,480278,0
HESM.US,D,20220120,000000,28.99,29.34,28.6243,28.83,411305,0
HESM.US,D,20220121,000000,28.5,28.65,27.9,28.44,539115,0
