<TICKER>,<PER>,<DATE>,<TIME>,<OPEN>,<HIGH>,<LOW>,<CLOSE>,<VOL>,<OPENINT>
HFRO.US,D,20171106,000000,11.287,11.435,11.216,11.287,692369,0
HFRO.US,D,20171107,000000,11.312,11.443,11.27,11.393,318656,0
HFRO.US,D,20171108,000000,11.325,11.398,11.188,11.216,144846,0
HFRO.US,D,20171109,000000,11.049,11.398,11.049,11.287,122766,0
HFRO.US,D,20171110,000000,11.178,11.233,11.071,11.148,823981,0
HFRO.US,D,20171113,000000,11.034,11.107,10.924,11.025,438674,0
HFRO.US,D,20171114,000000,10.996,11.025,10.924,11.018,671570,0
HFRO.US,D,20171115,000000,11.163,11.163,10.939,10.959,948579,0
HFRO.US,D,20171116,000000,10.924,10.996,10.924,10.939,540007,0
HFRO.US,D,20171117,000000,10.939,11.141,10.932,11.141,208232,0
HFRO.US,D,20171120,000000,11.107,11.125,11.04,11.071,186249,0
HFRO.US,D,20171121,000000,11.071,11.216,11.011,11.216,236866,0
HFRO.US,D,20171122,000000,11.216,11.243,11.158,11.178,123752,0
HFRO.US,D,20171124,000000,11.141,11.221,11.071,11.124,70540,0
HFRO.US,D,20171127,000000,10.979,11.184,10.979,11.147,817476,0
HFRO.US,D,20171128,000000,11.163,11.221,11.146,11.184,337172,0
HFRO.US,D,20171129,000000,11.163,11.268,11.163,11.221,698336,0
HFRO.US,D,20171130,000000,11.221,11.257,11.209,11.249,401722,0
HFRO.US,D,20171201,000000,11.242,11.268,11.147,11.234,449349,0
HFRO.US,D,20171204,000000,11.268,11.311,11.209,11.311,304839,0
HFRO.US,D,20171205,000000,11.365,11.365,11.163,11.201,246465,0
HFRO.US,D,20171206,000000,11.201,11.234,11.169,11.201,159622,0
HFRO.US,D,20171207,000000,11.201,11.268,11.169,11.234,208615,0
HFRO.US,D,20171208,000000,11.201,11.294,11.163,11.201,293928,0
HFRO.US,D,20171211,000000,11.169,11.209,11.155,11.169,260932,0
HFRO.US,D,20171212,000000,11.147,11.214,11.124,11.147,241544,0
HFRO.US,D,20171213,000000,11.124,11.278,11.124,11.242,242308,0
HFRO.US,D,20171214,000000,11.201,11.347,11.201,11.257,170375,0
HFRO.US,D,20171215,000000,11.242,11.285,11.221,11.234,134692,0
HFRO.US,D,20171218,000000,11.249,11.295,11.201,11.257,278108,0
HFRO.US,D,20171219,000000,11.234,11.297,11.221,11.285,185942,0
HFRO.US,D,20171220,000000,11.257,11.323,11.236,11.311,128537,0
HFRO.US,D,20171221,000000,11.33,11.444,11.33,11.385,153209,0
HFRO.US,D,20171222,000000,11.401,11.497,11.401,11.44,110290,0
HFRO.US,D,20171226,000000,11.352,11.44,11.345,11.432,110258,0
HFRO.US,D,20171227,000000,11.47,11.482,11.401,11.411,176207,0
HFRO.US,D,20171228,000000,11.409,11.474,11.247,11.413,391474,0
HFRO.US,D,20171229,000000,11.44,11.476,11.18,11.401,466029,0
HFRO.US,D,20180102,000000,11.247,11.449,11.247,11.44,121119,0
HFRO.US,D,20180103,000000,11.315,11.489,11.308,11.33,204114,0
HFRO.US,D,20180104,000000,11.378,11.47,11.352,11.47,272625,0
HFRO.US,D,20180105,000000,11.401,11.47,11.292,11.414,210142,0
HFRO.US,D,20180108,000000,11.47,11.51,11.385,11.385,501928,0
HFRO.US,D,20180109,000000,11.401,11.548,11.401,11.548,215315,0
HFRO.US,D,20180110,000000,11.548,11.548,11.44,11.497,88703,0
HFRO.US,D,20180111,000000,11.476,11.558,11.44,11.534,109177,0
HFRO.US,D,20180112,000000,11.565,11.588,11.44,11.457,202278,0
HFRO.US,D,20180116,000000,11.37,11.51,11.37,11.497,150002,0
HFRO.US,D,20180117,000000,11.504,11.504,11.432,11.44,334847,0
HFRO.US,D,20180118,000000,11.51,11.548,11.51,11.548,234582,0
HFRO.US,D,20180119,000000,11.548,11.548,11.409,11.463,361016,0
HFRO.US,D,20180122,000000,11.461,11.644,11.461,11.563,230552,0
HFRO.US,D,20180123,000000,11.532,11.57,11.503,11.538,163363,0
HFRO.US,D,20180124,000000,11.515,11.587,11.42,11.503,364619,0
HFRO.US,D,20180125,000000,11.473,11.556,11.461,11.556,186993,0
HFRO.US,D,20180126,000000,11.48,11.556,11.461,11.546,249720,0
HFRO.US,D,20180129,000000,11.532,11.644,11.532,11.598,146203,0
HFRO.US,D,20180130,000000,11.626,11.626,11.525,11.57,331025,0
HFRO.US,D,20180131,000000,11.613,11.65,11.503,11.65,204532,0
HFRO.US,D,20180201,000000,11.636,11.65,11.587,11.65,122639,0
HFRO.US,D,20180202,000000,11.644,11.644,11.479,11.532,92294,0
HFRO.US,D,20180205,000000,11.486,11.503,11.348,11.473,200701,0
HFRO.US,D,20180206,000000,11.461,11.532,11.317,11.532,213887,0
HFRO.US,D,20180207,000000,11.532,11.532,11.438,11.486,336397,0
HFRO.US,D,20180208,000000,11.525,11.525,11.348,11.42,223400,0
HFRO.US,D,20180209,000000,11.383,11.48,11.313,11.348,271770,0
HFRO.US,D,20180212,000000,11.326,11.42,11.271,11.355,169848,0
HFRO.US,D,20180213,000000,11.28,11.48,11.28,11.313,171331,0
HFRO.US,D,20180214,000000,11.334,11.532,11.313,11.446,140587,0
HFRO.US,D,20180215,000000,11.42,11.473,11.362,11.383,172220,0
HFRO.US,D,20180216,000000,11.383,11.461,11.383,11.42,149432,0
HFRO.US,D,20180220,000000,11.501,11.561,11.419,11.523,222910,0
HFRO.US,D,20180221,000000,11.594,12.334,11.585,12.058,2549788,0
HFRO.US,D,20180222,000000,12.134,12.198,11.962,12.023,975868,0
HFRO.US,D,20180223,000000,11.991,12.105,11.888,12.067,409892,0
HFRO.US,D,20180226,000000,12.074,12.074,11.962,12.044,476276,0
HFRO.US,D,20180227,000000,12.037,12.051,11.888,11.971,341158,0
HFRO.US,D,20180228,000000,11.999,11.999,11.76,11.908,601930,0
HFRO.US,D,20180301,000000,11.888,11.991,11.852,11.915,315876,0
HFRO.US,D,20180302,000000,11.892,11.934,11.76,11.776,483328,0
HFRO.US,D,20180305,000000,11.827,12.037,11.776,11.852,291284,0
HFRO.US,D,20180306,000000,11.81,11.932,11.797,11.81,474913,0
HFRO.US,D,20180307,000000,11.819,11.991,11.776,11.789,175747,0
HFRO.US,D,20180308,000000,11.837,12.009,11.819,11.962,170835,0
HFRO.US,D,20180309,000000,11.938,11.96,11.827,11.932,183108,0
HFRO.US,D,20180312,000000,11.892,11.917,11.818,11.861,103222,0
HFRO.US,D,20180313,000000,11.888,11.923,11.852,11.908,117559,0
HFRO.US,D,20180314,000000,11.971,11.971,11.837,11.861,146079,0
HFRO.US,D,20180315,000000,11.852,11.938,11.837,11.908,254427,0
HFRO.US,D,20180316,000000,11.962,11.978,11.875,11.962,298434,0
HFRO.US,D,20180319,000000,11.953,11.987,11.901,11.946,237301,0
HFRO.US,D,20180320,000000,11.946,11.999,11.888,11.953,318738,0
HFRO.US,D,20180321,000000,11.945,11.997,11.945,11.989,175484,0
HFRO.US,D,20180322,000000,11.945,11.997,11.945,11.989,167379,0
HFRO.US,D,20180323,000000,11.982,11.989,11.936,11.959,192023,0
HFRO.US,D,20180326,000000,11.945,11.982,11.906,11.951,234376,0
HFRO.US,D,20180327,000000,11.959,12.004,11.945,12.004,175133,0
HFRO.US,D,20180328,000000,12.056,12.065,11.887,11.945,340672,0
HFRO.US,D,20180329,000000,11.945,12.02,11.864,11.936,336602,0
HFRO.US,D,20180402,000000,12.056,12.056,11.89,11.945,275148,0
HFRO.US,D,20180403,000000,11.982,12.037,11.945,12.035,223106,0
HFRO.US,D,20180404,000000,11.982,12.056,11.968,12.012,127463,0
HFRO.US,D,20180405,000000,12.044,12.044,11.899,11.945,332827,0
HFRO.US,D,20180406,000000,11.989,11.997,11.92,11.959,126784,0
HFRO.US,D,20180409,000000,12.044,12.204,11.945,11.968,212967,0
HFRO.US,D,20180410,000000,11.968,12.02,11.968,11.997,67077,0
HFRO.US,D,20180411,000000,11.982,11.982,11.92,11.968,178340,0
HFRO.US,D,20180412,000000,11.951,11.997,11.92,11.959,153140,0
HFRO.US,D,20180413,000000,11.977,11.982,11.936,11.982,117637,0
HFRO.US,D,20180416,000000,11.982,12.122,11.899,12.035,326936,0
HFRO.US,D,20180417,000000,12.02,12.044,11.92,11.945,199725,0
HFRO.US,D,20180418,000000,11.929,11.989,11.929,11.977,172351,0
HFRO.US,D,20180419,000000,11.945,11.981,11.929,11.951,126923,0
HFRO.US,D,20180420,000000,11.965,11.995,11.926,11.974,178193,0
HFRO.US,D,20180423,000000,11.956,12.018,11.956,12.018,184505,0
HFRO.US,D,20180424,000000,12.018,12.055,11.981,12.042,411661,0
HFRO.US,D,20180425,000000,12.002,12.042,11.861,11.981,310381,0
HFRO.US,D,20180426,000000,11.942,12.048,11.91,12.018,168525,0
HFRO.US,D,20180427,000000,12.01,12.022,11.904,11.981,395200,0
HFRO.US,D,20180430,000000,12.002,12.063,11.902,11.956,291810,0
HFRO.US,D,20180501,000000,11.965,12.034,11.898,12.002,158424,0
HFRO.US,D,20180502,000000,12.034,12.034,11.942,11.995,209432,0
HFRO.US,D,20180503,000000,12.018,12.018,11.974,12.018,174629,0
HFRO.US,D,20180504,000000,12.002,12.002,11.942,11.986,334673,0
HFRO.US,D,20180507,000000,11.965,12.002,11.956,11.974,142852,0
HFRO.US,D,20180508,000000,12.002,12.01,11.965,11.986,264418,0
HFRO.US,D,20180509,000000,11.974,12.018,11.974,12.01,238471,0
HFRO.US,D,20180510,000000,12.025,12.025,11.965,12.002,208954,0
HFRO.US,D,20180511,000000,11.995,12.002,11.981,12.002,135335,0
HFRO.US,D,20180514,000000,12.018,12.025,11.986,12.002,151547,0
HFRO.US,D,20180515,000000,11.956,12.002,11.956,11.995,115123,0
HFRO.US,D,20180516,000000,12.002,12.018,11.965,12.002,188426,0
HFRO.US,D,20180517,000000,12.063,12.063,11.942,11.995,109698,0
HFRO.US,D,20180518,000000,11.981,12.002,11.948,11.965,119294,0
HFRO.US,D,20180521,000000,11.965,11.985,11.926,11.965,106161,0
HFRO.US,D,20180522,000000,11.983,12.023,11.972,11.984,149130,0
HFRO.US,D,20180523,000000,11.924,12.023,11.908,11.984,152496,0
HFRO.US,D,20180524,000000,11.972,11.988,11.946,11.972,97824,0
HFRO.US,D,20180525,000000,12.008,12.008,11.953,11.984,126854,0
HFRO.US,D,20180529,000000,12.023,12.04,11.962,12.008,109587,0
HFRO.US,D,20180530,000000,12.047,12.047,11.946,11.963,255530,0
HFRO.US,D,20180531,000000,12.062,12.062,11.939,11.972,111165,0
HFRO.US,D,20180601,000000,11.979,11.979,11.924,11.939,93874,0
HFRO.US,D,20180604,000000,11.946,11.953,11.908,11.939,120709,0
HFRO.US,D,20180605,000000,11.946,11.958,11.866,11.924,115868,0
HFRO.US,D,20180606,000000,11.979,11.979,11.843,11.939,244221,0
HFRO.US,D,20180607,000000,11.946,11.946,11.851,11.888,195757,0
HFRO.US,D,20180608,000000,11.908,11.908,11.817,11.859,256371,0
HFRO.US,D,20180611,000000,11.851,11.874,11.835,11.874,75560,0
HFRO.US,D,20180612,000000,11.893,11.924,11.851,11.866,116995,0
HFRO.US,D,20180613,000000,11.843,11.874,11.835,11.866,100151,0
HFRO.US,D,20180614,000000,11.843,11.893,11.774,11.788,296445,0
HFRO.US,D,20180615,000000,11.788,11.851,11.774,11.851,117308,0
HFRO.US,D,20180618,000000,11.851,11.851,11.795,11.843,177481,0
HFRO.US,D,20180619,000000,11.781,11.843,11.781,11.817,154365,0
HFRO.US,D,20180620,000000,11.835,11.874,11.817,11.859,89954,0
HFRO.US,D,20180621,000000,11.85,11.914,11.85,11.914,118200,0
HFRO.US,D,20180622,000000,11.9,11.93,11.872,11.88,115642,0
HFRO.US,D,20180625,000000,11.832,11.882,11.832,11.872,153874,0
HFRO.US,D,20180626,000000,11.887,11.887,11.864,11.864,109309,0
HFRO.US,D,20180627,000000,11.914,11.914,11.807,11.815,200399,0
HFRO.US,D,20180628,000000,11.834,11.834,11.742,11.799,108524,0
HFRO.US,D,20180629,000000,11.832,11.841,11.763,11.832,237338,0
HFRO.US,D,20180702,000000,11.832,11.836,11.779,11.807,149950,0
HFRO.US,D,20180703,000000,11.799,11.849,11.704,11.75,128850,0
HFRO.US,D,20180705,000000,11.696,11.729,11.655,11.721,171812,0
HFRO.US,D,20180706,000000,11.696,11.786,11.696,11.786,54191,0
HFRO.US,D,20180709,000000,11.771,11.929,11.771,11.921,120591,0
HFRO.US,D,20180710,000000,11.93,12.08,11.921,12.06,219298,0
HFRO.US,D,20180711,000000,12.006,12.087,12.006,12.076,159143,0
HFRO.US,D,20180712,000000,12.045,12.118,12.045,12.095,161504,0
HFRO.US,D,20180713,000000,12.08,12.118,12.053,12.08,181179,0
HFRO.US,D,20180716,000000,12.111,12.175,12.073,12.111,353415,0
HFRO.US,D,20180717,000000,12.118,12.151,11.998,12.029,111213,0
HFRO.US,D,20180718,000000,12.045,12.045,11.983,12.038,187928,0
HFRO.US,D,20180719,000000,12.006,12.118,11.938,11.998,258809,0
HFRO.US,D,20180720,000000,11.885,12.086,11.885,12.073,211898,0
HFRO.US,D,20180723,000000,12.012,12.179,11.988,12.109,96635,0
HFRO.US,D,20180724,000000,12.142,12.179,12.109,12.179,100512,0
HFRO.US,D,20180725,000000,12.142,12.16,12.027,12.109,193116,0
HFRO.US,D,20180726,000000,12.109,12.109,11.935,12.003,155031,0
HFRO.US,D,20180727,000000,11.958,12.102,11.95,12.102,120514,0
HFRO.US,D,20180730,000000,12.035,12.069,11.973,12.057,97472,0
HFRO.US,D,20180731,000000,12.003,12.142,12.003,12.142,130759,0
HFRO.US,D,20180801,000000,12.044,12.102,12.044,12.094,104266,0
HFRO.US,D,20180802,000000,12.066,12.116,11.967,12.066,110167,0
HFRO.US,D,20180803,000000,12.027,12.059,11.889,11.976,68689,0
HFRO.US,D,20180806,000000,12.035,12.179,11.919,12.079,204103,0
HFRO.US,D,20180807,000000,12.05,12.094,12.012,12.035,111185,0
HFRO.US,D,20180808,000000,12.027,12.057,11.988,12.057,67462,0
HFRO.US,D,20180809,000000,12.094,12.094,11.996,12.012,60283,0
HFRO.US,D,20180810,000000,11.927,11.988,11.919,11.95,85287,0
HFRO.US,D,20180813,000000,12.003,12.019,11.927,11.981,62903,0
HFRO.US,D,20180814,000000,11.935,11.996,11.919,11.996,101331,0
HFRO.US,D,20180815,000000,11.95,11.977,11.919,11.976,100873,0
HFRO.US,D,20180816,000000,11.976,12.173,11.776,12.173,133563,0
HFRO.US,D,20180817,000000,12.165,12.165,11.885,11.988,97415,0
HFRO.US,D,20180820,000000,11.967,12,11.861,11.944,111862,0
HFRO.US,D,20180821,000000,11.904,11.951,11.784,11.896,303458,0
HFRO.US,D,20180822,000000,11.889,12.036,11.889,12.036,95582,0
HFRO.US,D,20180823,000000,12.001,12.08,11.95,12.036,101493,0
HFRO.US,D,20180824,000000,12.012,12.087,11.989,12.02,149556,0
HFRO.US,D,20180827,000000,11.982,12.08,11.935,12.08,184559,0
HFRO.US,D,20180828,000000,12.074,12.077,11.944,12.036,118669,0
HFRO.US,D,20180829,000000,12.051,12.074,11.967,11.997,93266,0
HFRO.US,D,20180830,000000,11.935,12.012,11.838,12.012,263464,0
HFRO.US,D,20180831,000000,12.012,12.167,11.997,12.103,131323,0
HFRO.US,D,20180904,000000,12.044,12.127,11.95,12.036,91473,0
HFRO.US,D,20180905,000000,11.977,12.036,11.927,12.036,129236,0
HFRO.US,D,20180906,000000,12.028,12.044,11.91,12.028,90723,0
HFRO.US,D,20180907,000000,11.989,12.036,11.989,12.02,99205,0
HFRO.US,D,20180910,000000,11.989,12.036,11.958,12.036,105973,0
HFRO.US,D,20180911,000000,11.982,12.028,11.919,12.028,95942,0
HFRO.US,D,20180912,000000,12.012,12.077,12.008,12.051,86880,0
HFRO.US,D,20180913,000000,12.004,12.176,11.997,12.095,220442,0
HFRO.US,D,20180914,000000,12.074,12.11,12.004,12.067,73466,0
HFRO.US,D,20180917,000000,11.997,12.013,11.896,11.91,203634,0
HFRO.US,D,20180918,000000,11.927,11.997,11.861,11.896,173777,0
HFRO.US,D,20180919,000000,11.861,11.896,11.838,11.876,90688,0
HFRO.US,D,20180920,000000,11.876,11.935,11.868,11.889,61978,0
HFRO.US,D,20180921,000000,11.889,11.901,11.81,11.889,87800,0
HFRO.US,D,20180924,000000,11.868,11.896,11.804,11.861,178074,0
HFRO.US,D,20180925,000000,11.868,11.896,11.782,11.861,74872,0
HFRO.US,D,20180926,000000,11.919,11.935,11.868,11.904,77724,0
HFRO.US,D,20180927,000000,11.935,11.935,11.81,11.876,48505,0
HFRO.US,D,20180928,000000,11.951,11.99,11.766,11.861,181699,0
HFRO.US,D,20181001,000000,11.853,11.919,11.853,11.919,39409,0
HFRO.US,D,20181002,000000,11.868,11.876,11.819,11.819,70828,0
HFRO.US,D,20181003,000000,11.804,12.013,11.804,11.91,87937,0
HFRO.US,D,20181004,000000,11.959,11.959,11.782,11.885,66882,0
HFRO.US,D,20181005,000000,11.796,11.951,11.796,11.861,72610,0
HFRO.US,D,20181008,000000,11.861,11.951,11.846,11.885,89492,0
HFRO.US,D,20181009,000000,11.861,11.91,11.796,11.91,49899,0
HFRO.US,D,20181010,000000,11.853,11.868,11.782,11.819,81299,0
HFRO.US,D,20181011,000000,11.819,11.853,11.651,11.838,152538,0
HFRO.US,D,20181012,000000,11.889,11.99,11.804,11.885,78071,0
HFRO.US,D,20181015,000000,11.896,11.904,11.732,11.853,83275,0
HFRO.US,D,20181016,000000,11.81,11.951,11.81,11.951,199816,0
HFRO.US,D,20181017,000000,12.021,12.021,11.81,11.889,82094,0
HFRO.US,D,20181018,000000,11.868,11.876,11.774,11.838,83604,0
HFRO.US,D,20181019,000000,11.861,11.934,11.788,11.81,76499,0
HFRO.US,D,20181022,000000,11.868,11.936,11.828,11.92,139633,0
HFRO.US,D,20181023,000000,11.796,11.964,11.752,11.846,144559,0
HFRO.US,D,20181024,000000,11.846,11.936,11.752,11.885,91143,0
HFRO.US,D,20181025,000000,11.861,11.897,11.752,11.897,140334,0
HFRO.US,D,20181026,000000,11.897,11.983,11.788,11.838,115586,0
HFRO.US,D,20181029,000000,11.838,11.891,11.737,11.774,82588,0
HFRO.US,D,20181030,000000,11.81,11.828,11.643,11.81,125086,0
HFRO.US,D,20181031,000000,11.868,11.952,11.722,11.905,132159,0
HFRO.US,D,20181101,000000,11.96,11.96,11.838,11.897,55805,0
HFRO.US,D,20181102,000000,11.861,11.911,11.731,11.885,77497,0
HFRO.US,D,20181105,000000,11.81,11.905,11.804,11.905,77510,0
HFRO.US,D,20181106,000000,11.868,11.89,11.861,11.89,51281,0
HFRO.US,D,20181107,000000,11.868,11.911,11.785,11.911,105762,0
HFRO.US,D,20181108,000000,11.838,11.911,11.81,11.905,122386,0
HFRO.US,D,20181109,000000,11.846,11.916,11.819,11.868,59642,0
HFRO.US,D,20181112,000000,11.828,11.84,11.714,11.804,122724,0
HFRO.US,D,20181113,000000,11.757,11.788,11.734,11.788,117161,0
HFRO.US,D,20181114,000000,11.788,11.788,11.706,11.782,82100,0
HFRO.US,D,20181115,000000,11.714,11.788,11.714,11.774,80577,0
HFRO.US,D,20181116,000000,11.774,11.861,11.643,11.766,153882,0
HFRO.US,D,20181119,000000,11.706,11.722,11.635,11.672,175757,0
HFRO.US,D,20181120,000000,11.643,11.643,11.209,11.574,322971,0
HFRO.US,D,20181121,000000,11.583,11.623,11.333,11.526,306458,0
HFRO.US,D,20181123,000000,11.503,11.522,11.363,11.451,89962,0
HFRO.US,D,20181126,000000,11.459,11.515,11.363,11.442,171667,0
HFRO.US,D,20181127,000000,11.385,11.445,11.302,11.363,224947,0
HFRO.US,D,20181128,000000,11.325,11.377,11.267,11.377,876898,0
HFRO.US,D,20181129,000000,11.348,11.359,11.276,11.356,150944,0
HFRO.US,D,20181130,000000,11.368,11.466,11.216,11.325,312712,0
HFRO.US,D,20181203,000000,11.451,11.451,11.276,11.302,342169,0
HFRO.US,D,20181204,000000,11.267,11.31,11.126,11.267,396882,0
HFRO.US,D,20181206,000000,11.209,11.267,10.997,11.176,501794,0
HFRO.US,D,20181207,000000,11.176,11.193,11.037,11.092,204643,0
HFRO.US,D,20181210,000000,11.092,11.135,10.997,11.075,215290,0
HFRO.US,D,20181211,000000,11.101,11.128,10.997,11.014,447680,0
HFRO.US,D,20181212,000000,11.014,11.059,10.919,10.983,183558,0
HFRO.US,D,20181213,000000,10.951,10.989,10.755,10.85,362026,0
HFRO.US,D,20181214,000000,10.835,10.919,10.771,10.812,391280,0
HFRO.US,D,20181217,000000,10.804,10.827,10.554,10.562,688486,0
HFRO.US,D,20181218,000000,10.61,10.61,10.32,10.352,446520,0
HFRO.US,D,20181219,000000,10.297,10.399,10.12,10.152,696707,0
HFRO.US,D,20181220,000000,10.158,10.215,9.552,10.048,1241033,0
HFRO.US,D,20181221,000000,10.017,10.087,9.4331,9.539,1053740,0
HFRO.US,D,20181224,000000,9.508,9.707,9.3996,9.539,416033,0
HFRO.US,D,20181226,000000,9.597,10.065,9.58,9.945,1013667,0
HFRO.US,D,20181227,000000,9.945,10.048,9.656,9.863,930588,0
HFRO.US,D,20181228,000000,9.805,10.087,9.753,9.805,1045654,0
HFRO.US,D,20181231,000000,9.893,10.067,9.798,10.01,867211,0
HFRO.US,D,20190102,000000,9.914,10.179,9.899,10.138,149203,0
HFRO.US,D,20190103,000000,10.138,10.197,10.05,10.128,179318,0
HFRO.US,D,20190104,000000,10.197,10.425,10.197,10.377,358125,0
HFRO.US,D,20190107,000000,10.44,10.564,10.385,10.564,259525,0
HFRO.US,D,20190108,000000,10.666,10.666,10.471,10.557,189724,0
HFRO.US,D,20190109,000000,10.596,10.683,10.573,10.605,223526,0
HFRO.US,D,20190110,000000,10.573,10.675,10.573,10.626,131747,0
HFRO.US,D,20190111,000000,10.581,10.775,10.557,10.731,133140,0
HFRO.US,D,20190114,000000,10.614,10.714,10.488,10.658,293137,0
HFRO.US,D,20190115,000000,10.633,10.737,10.633,10.666,254895,0
HFRO.US,D,20190116,000000,10.633,10.784,10.633,10.699,203924,0
HFRO.US,D,20190117,000000,10.675,10.731,10.596,10.666,121251,0
HFRO.US,D,20190118,000000,10.714,10.8,10.675,10.737,267724,0
HFRO.US,D,20190122,000000,10.683,10.731,10.573,10.666,235170,0
HFRO.US,D,20190123,000000,10.666,10.792,10.666,10.785,181279,0
HFRO.US,D,20190124,000000,10.777,10.854,10.708,10.809,115521,0
HFRO.US,D,20190125,000000,10.809,10.878,10.792,10.825,210599,0
HFRO.US,D,20190128,000000,10.801,10.809,10.708,10.792,92350,0
HFRO.US,D,20190129,000000,10.801,11.059,10.777,10.934,308877,0
HFRO.US,D,20190130,000000,10.934,11.068,10.903,11.037,321091,0
HFRO.US,D,20190131,000000,11.11,11.137,10.957,11.075,272491,0
HFRO.US,D,20190201,000000,11.075,11.17,11.021,11.092,150518,0
HFRO.US,D,20190204,000000,11.052,11.082,10.996,11.068,130309,0
HFRO.US,D,20190205,000000,11.005,11.092,10.99,11.037,117628,0
HFRO.US,D,20190206,000000,11.029,11.052,10.966,10.996,58375,0
HFRO.US,D,20190207,000000,10.996,10.996,10.846,10.957,119263,0
HFRO.US,D,20190208,000000,10.949,10.974,10.666,10.854,178262,0
HFRO.US,D,20190211,000000,10.854,10.896,10.666,10.833,101949,0
HFRO.US,D,20190212,000000,10.926,10.974,10.721,10.848,181811,0
HFRO.US,D,20190213,000000,10.809,10.896,10.752,10.768,184339,0
HFRO.US,D,20190214,000000,10.801,10.833,10.738,10.768,120645,0
HFRO.US,D,20190215,000000,10.777,10.809,10.745,10.785,365395,0
HFRO.US,D,20190219,000000,10.777,10.801,10.731,10.777,133121,0
HFRO.US,D,20190220,000000,10.801,10.887,10.738,10.887,227775,0
HFRO.US,D,20190221,000000,10.918,10.943,10.761,10.801,264461,0
HFRO.US,D,20190222,000000,10.84,10.975,10.803,10.913,211628,0
HFRO.US,D,20190225,000000,10.913,10.958,10.785,10.809,239014,0
HFRO.US,D,20190226,000000,10.809,10.848,10.761,10.816,232588,0
HFRO.US,D,20190227,000000,10.761,10.777,10.682,10.738,271186,0
HFRO.US,D,20190228,000000,10.777,10.785,10.67,10.745,240273,0
HFRO.US,D,20190301,000000,10.745,10.777,10.666,10.768,157721,0
HFRO.US,D,20190304,000000,10.777,10.816,10.707,10.731,206471,0
HFRO.US,D,20190305,000000,10.738,10.825,10.666,10.809,122860,0
HFRO.US,D,20190306,000000,10.816,10.816,10.731,10.752,83109,0
HFRO.US,D,20190307,000000,10.761,10.761,10.691,10.738,133426,0
HFRO.US,D,20190308,000000,10.714,10.738,10.633,10.721,107659,0
HFRO.US,D,20190311,000000,10.721,10.738,10.666,10.738,149930,0
HFRO.US,D,20190312,000000,10.731,10.76,10.648,10.707,187688,0
HFRO.US,D,20190313,000000,10.721,10.752,10.682,10.745,149415,0
HFRO.US,D,20190314,000000,10.721,10.809,10.721,10.809,208022,0
HFRO.US,D,20190315,000000,10.777,10.855,10.761,10.833,117187,0
HFRO.US,D,20190318,000000,10.809,10.825,10.738,10.801,173636,0
HFRO.US,D,20190319,000000,10.833,10.879,10.801,10.864,128873,0
HFRO.US,D,20190320,000000,10.855,10.958,10.825,10.904,177068,0
HFRO.US,D,20190321,000000,10.913,10.937,10.824,10.879,257078,0
HFRO.US,D,20190322,000000,10.84,10.871,10.529,10.784,427508,0
HFRO.US,D,20190325,000000,10.655,10.689,10.475,10.689,468490,0
HFRO.US,D,20190326,000000,10.619,10.744,10.505,10.545,323016,0
HFRO.US,D,20190327,000000,10.521,10.913,10.521,10.784,346327,0
HFRO.US,D,20190328,000000,10.855,11.054,10.808,10.967,322772,0
HFRO.US,D,20190329,000000,11.046,11.142,10.815,11.054,1213670,0
HFRO.US,D,20190401,000000,11.023,11.023,10.744,10.832,383106,0
HFRO.US,D,20190402,000000,10.714,10.827,10.697,10.784,260841,0
HFRO.US,D,20190403,000000,10.792,10.84,10.672,10.808,154506,0
HFRO.US,D,20190404,000000,10.784,10.879,10.776,10.848,177558,0
HFRO.US,D,20190405,000000,10.824,10.927,10.714,10.832,333912,0
HFRO.US,D,20190408,000000,10.784,10.99,10.784,10.943,126912,0
HFRO.US,D,20190409,000000,10.879,10.943,10.848,10.896,124878,0
HFRO.US,D,20190410,000000,10.871,10.943,10.824,10.904,122101,0
HFRO.US,D,20190411,000000,10.879,10.934,10.815,10.855,120699,0
HFRO.US,D,20190412,000000,10.855,10.883,10.767,10.832,172987,0
HFRO.US,D,20190415,000000,10.824,10.887,10.808,10.832,160052,0
HFRO.US,D,20190416,000000,10.84,10.887,10.836,10.871,80316,0
HFRO.US,D,20190417,000000,10.887,10.985,10.887,10.918,209369,0
HFRO.US,D,20190418,000000,10.904,10.967,10.896,10.896,72783,0
HFRO.US,D,20190422,000000,10.879,10.927,10.799,10.832,124625,0
HFRO.US,D,20190423,000000,10.832,10.879,10.807,10.814,76235,0
HFRO.US,D,20190424,000000,10.799,10.879,10.783,10.871,176961,0
HFRO.US,D,20190425,000000,10.864,10.878,10.791,10.832,105459,0
HFRO.US,D,20190426,000000,10.814,10.879,10.809,10.864,83033,0
HFRO.US,D,20190429,000000,10.855,10.95,10.854,10.95,91353,0
HFRO.US,D,20190430,000000,11,11.032,10.913,10.934,175514,0
HFRO.US,D,20190501,000000,10.95,11.009,10.896,10.958,198741,0
HFRO.US,D,20190502,000000,10.913,10.942,10.848,10.887,182269,0
HFRO.US,D,20190503,000000,10.927,10.938,10.855,10.887,249594,0
HFRO.US,D,20190506,000000,10.775,10.871,10.775,10.855,70118,0
HFRO.US,D,20190507,000000,10.783,10.854,10.78,10.799,182306,0
HFRO.US,D,20190508,000000,10.775,10.825,10.713,10.823,168635,0
HFRO.US,D,20190509,000000,10.752,10.799,10.696,10.752,217891,0
HFRO.US,D,20190510,000000,10.729,10.759,10.67,10.759,124243,0
HFRO.US,D,20190513,000000,10.696,10.705,10.567,10.679,123112,0
HFRO.US,D,20190514,000000,10.679,10.688,10.621,10.679,81555,0
HFRO.US,D,20190515,000000,10.593,10.729,10.584,10.67,206681,0
HFRO.US,D,20190516,000000,10.67,10.724,10.638,10.719,90866,0
HFRO.US,D,20190517,000000,10.653,10.753,10.653,10.67,101639,0
HFRO.US,D,20190520,000000,10.662,10.759,10.646,10.696,149471,0
HFRO.US,D,20190521,000000,10.736,10.772,10.688,10.743,94063,0
HFRO.US,D,20190522,000000,10.705,10.743,10.696,10.705,139820,0
HFRO.US,D,20190523,000000,10.736,10.775,10.645,10.743,146362,0
HFRO.US,D,20190524,000000,10.736,10.769,10.713,10.752,104748,0
HFRO.US,D,20190528,000000,10.799,10.812,10.717,10.766,122496,0
HFRO.US,D,20190529,000000,10.824,10.824,10.701,10.743,137441,0
HFRO.US,D,20190530,000000,10.729,10.775,10.696,10.713,91582,0
HFRO.US,D,20190531,000000,10.791,10.824,10.719,10.736,109821,0
HFRO.US,D,20190603,000000,10.791,10.791,10.679,10.705,110423,0
HFRO.US,D,20190604,000000,10.743,10.824,10.652,10.766,189469,0
HFRO.US,D,20190605,000000,10.807,10.841,10.736,10.743,156690,0
HFRO.US,D,20190606,000000,10.775,10.824,10.743,10.783,114317,0
HFRO.US,D,20190607,000000,10.775,10.812,10.736,10.736,134935,0
HFRO.US,D,20190610,000000,10.729,10.759,10.728,10.729,139849,0
HFRO.US,D,20190611,000000,10.736,10.752,10.696,10.736,95663,0
HFRO.US,D,20190612,000000,10.679,10.746,10.679,10.736,115641,0
HFRO.US,D,20190613,000000,10.783,10.791,10.696,10.791,91684,0
HFRO.US,D,20190614,000000,10.791,10.897,10.747,10.897,143188,0
HFRO.US,D,20190617,000000,10.856,10.883,10.775,10.833,138112,0
HFRO.US,D,20190618,000000,10.833,10.897,10.759,10.849,130130,0
HFRO.US,D,20190619,000000,10.799,10.935,10.766,10.919,193034,0
HFRO.US,D,20190620,000000,10.935,11.09,10.88,10.935,209456,0
HFRO.US,D,20190621,000000,10.872,10.993,10.872,10.96,167940,0
HFRO.US,D,20190624,000000,10.919,10.969,10.872,10.914,68253,0
HFRO.US,D,20190625,000000,10.897,11.002,10.765,10.952,202557,0
HFRO.US,D,20190626,000000,10.96,11.057,10.848,10.979,123233,0
HFRO.US,D,20190627,000000,11.164,11.179,11.002,11.129,109849,0
HFRO.US,D,20190628,000000,11.227,11.244,10.935,11.211,435159,0
HFRO.US,D,20190701,000000,11.211,11.277,11.002,11.277,190272,0
HFRO.US,D,20190702,000000,11.253,11.342,11.109,11.147,139213,0
HFRO.US,D,20190703,000000,11.1,11.172,11.019,11.147,69891,0
HFRO.US,D,20190705,000000,11.074,11.234,11.034,11.234,59174,0
HFRO.US,D,20190708,000000,11.211,11.262,11.057,11.109,166936,0
HFRO.US,D,20190709,000000,11.139,11.163,11.026,11.065,107504,0
HFRO.US,D,20190710,000000,11.074,11.115,11.03,11.065,163833,0
HFRO.US,D,20190711,000000,11.057,11.1,10.979,11.041,134954,0
HFRO.US,D,20190712,000000,11.026,11.074,10.88,10.914,98975,0
HFRO.US,D,20190715,000000,10.914,11.019,10.914,11.019,108818,0
HFRO.US,D,20190716,000000,10.969,11.139,10.96,11.115,128036,0
HFRO.US,D,20190717,000000,11.057,11.196,11.057,11.1,141903,0
HFRO.US,D,20190718,000000,11.074,11.164,11.074,11.081,108143,0
HFRO.US,D,20190719,000000,11.057,11.111,10.96,11.011,134869,0
HFRO.US,D,20190722,000000,10.979,11.081,10.935,10.969,94115,0
HFRO.US,D,20190723,000000,11.019,11.033,10.919,10.969,146089,0
HFRO.US,D,20190724,000000,10.935,11.19,10.935,11.14,304134,0
HFRO.US,D,20190725,000000,11.058,11.172,11.002,11.101,179645,0
HFRO.US,D,20190726,000000,11.066,11.082,10.979,11.002,81005,0
HFRO.US,D,20190729,000000,11.002,11.058,11.002,11.026,57501,0
HFRO.US,D,20190730,000000,11.011,11.05,10.944,11.002,122835,0
HFRO.US,D,20190731,000000,11.075,11.11,10.93,11.026,184727,0
HFRO.US,D,20190801,000000,11.101,11.101,10.969,10.986,144841,0
HFRO.US,D,20190802,000000,10.952,10.976,10.855,10.878,114913,0
HFRO.US,D,20190805,000000,10.855,10.908,10.717,10.79,167161,0
HFRO.US,D,20190806,000000,10.797,10.914,10.791,10.905,79093,0
HFRO.US,D,20190807,000000,10.741,10.848,10.741,10.797,94111,0
HFRO.US,D,20190808,000000,10.805,10.879,10.792,10.879,82232,0
HFRO.US,D,20190809,000000,10.848,10.919,10.773,10.823,116710,0
HFRO.US,D,20190812,000000,10.813,10.839,10.633,10.642,234714,0
HFRO.US,D,20190813,000000,10.649,10.726,10.587,10.649,178224,0
HFRO.US,D,20190814,000000,10.552,10.595,10.454,10.511,273508,0
HFRO.US,D,20190815,000000,10.536,10.545,10.482,10.52,211461,0
HFRO.US,D,20190816,000000,10.498,10.587,10.49,10.536,111082,0
HFRO.US,D,20190819,000000,10.552,10.616,10.49,10.505,159541,0
HFRO.US,D,20190820,000000,10.498,10.579,10.473,10.552,128977,0
HFRO.US,D,20190821,000000,10.536,10.797,10.536,10.765,203266,0
HFRO.US,D,20190822,000000,10.749,10.781,10.683,10.765,74105,0
HFRO.US,D,20190823,000000,10.749,10.762,10.62,10.71,68032,0
HFRO.US,D,20190826,000000,10.71,10.726,10.543,10.612,612923,0
HFRO.US,D,20190827,000000,10.594,10.633,10.414,10.452,253511,0
HFRO.US,D,20190828,000000,10.452,10.612,10.452,10.569,414132,0
HFRO.US,D,20190829,000000,10.586,10.691,10.543,10.657,149972,0
HFRO.US,D,20190830,000000,10.726,10.749,10.641,10.71,130413,0
HFRO.US,D,20190903,000000,10.633,10.733,10.628,10.71,138622,0
HFRO.US,D,20190904,000000,10.691,10.756,10.675,10.741,119914,0
HFRO.US,D,20190905,000000,10.79,10.823,10.741,10.805,157628,0
HFRO.US,D,20190906,000000,10.765,10.872,10.743,10.848,78067,0
HFRO.US,D,20190909,000000,10.823,11.068,10.814,11.044,226879,0
HFRO.US,D,20190910,000000,11.046,11.133,10.987,11.124,291171,0
HFRO.US,D,20190911,000000,11.084,11.191,10.953,11.119,211588,0
HFRO.US,D,20190912,000000,11.119,11.153,10.971,10.98,135359,0
HFRO.US,D,20190913,000000,10.98,11.143,10.98,11.112,150978,0
HFRO.US,D,20190916,000000,11.044,11.103,10.976,11.02,146554,0
HFRO.US,D,20190917,000000,10.987,11.036,10.906,10.953,68931,0
HFRO.US,D,20190918,000000,10.914,11.02,10.914,10.987,131380,0
HFRO.US,D,20190919,000000,11.004,11.004,10.856,10.92,240190,0
HFRO.US,D,20190920,000000,10.906,10.987,10.856,10.953,145855,0
HFRO.US,D,20190923,000000,10.897,10.953,10.804,10.83,198635,0
HFRO.US,D,20190924,000000,10.83,10.953,10.732,10.92,189673,0
HFRO.US,D,20190925,000000,10.906,11.209,10.777,11.014,308019,0
HFRO.US,D,20190926,000000,11.076,11.242,10.943,11.135,223147,0
HFRO.US,D,20190927,000000,11.135,11.135,10.987,11.069,195596,0
HFRO.US,D,20190930,000000,11.177,11.177,10.864,11.014,220556,0
HFRO.US,D,20191001,000000,11.029,11.094,10.872,10.906,58376,0
HFRO.US,D,20191002,000000,10.864,10.927,10.764,10.813,84543,0
HFRO.US,D,20191003,000000,10.804,10.888,10.772,10.796,84891,0
HFRO.US,D,20191004,000000,10.804,11.005,9.982,10.171,5625422,0
HFRO.US,D,20191007,000000,10.311,10.434,10.187,10.301,947283,0
HFRO.US,D,20191008,000000,10.337,10.376,10.195,10.228,870344,0
HFRO.US,D,20191009,000000,10.253,10.267,10.177,10.195,553570,0
HFRO.US,D,20191010,000000,10.205,10.213,10.02,10.029,646945,0
HFRO.US,D,20191011,000000,10.064,10.121,10.005,10.029,512109,0
HFRO.US,D,20191014,000000,10.029,10.088,9.947,10.029,372589,0
HFRO.US,D,20191015,000000,10.02,10.146,10.005,10.055,495567,0
HFRO.US,D,20191016,000000,10.014,10.014,9.1155,9.85,3653084,0
HFRO.US,D,20191017,000000,9.799,9.891,9.775,9.823,514611,0
HFRO.US,D,20191018,000000,9.767,9.85,9.723,9.799,542766,0
HFRO.US,D,20191021,000000,9.723,9.857,9.723,9.832,330355,0
HFRO.US,D,20191022,000000,9.875,9.875,9.693,9.832,281416,0
HFRO.US,D,20191023,000000,9.891,9.906,9.832,9.899,313795,0
HFRO.US,D,20191024,000000,9.875,9.891,9.732,9.775,553380,0
HFRO.US,D,20191025,000000,9.85,9.931,9.79,9.931,596396,0
HFRO.US,D,20191028,000000,9.912,10.108,9.911,10.066,1235221,0
HFRO.US,D,20191029,000000,10.089,10.156,10.022,10.131,445009,0
HFRO.US,D,20191030,000000,10.123,10.164,10.066,10.148,958375,0
HFRO.US,D,20191031,000000,10.156,10.164,10.031,10.131,694215,0
HFRO.US,D,20191101,000000,10.131,10.141,10.079,10.131,295907,0
HFRO.US,D,20191104,000000,10.115,10.14,9.906,9.983,279964,0
HFRO.US,D,20191105,000000,9.966,10.039,9.841,9.841,410597,0
HFRO.US,D,20191106,000000,9.841,9.841,9.683,9.759,365725,0
HFRO.US,D,20191107,000000,9.741,9.806,9.716,9.806,769481,0
HFRO.US,D,20191108,000000,9.799,9.875,9.732,9.875,321544,0
HFRO.US,D,20191111,000000,9.875,9.875,9.815,9.841,229538,0
HFRO.US,D,20191112,000000,9.815,9.857,9.767,9.841,288950,0
HFRO.US,D,20191113,000000,9.866,9.866,9.675,9.683,383170,0
HFRO.US,D,20191114,000000,9.63,9.784,9.63,9.741,240172,0
HFRO.US,D,20191115,000000,9.79,9.79,9.7,9.716,255608,0
HFRO.US,D,20191118,000000,9.716,9.749,9.567,9.716,531674,0
HFRO.US,D,20191119,000000,9.683,9.8,9.683,9.749,332664,0
HFRO.US,D,20191120,000000,9.759,9.824,9.722,9.767,298240,0
HFRO.US,D,20191121,000000,9.749,9.791,9.59,9.63,477831,0
HFRO.US,D,20191122,000000,9.63,9.675,9.582,9.639,390927,0
HFRO.US,D,20191125,000000,9.639,9.666,9.524,9.539,559294,0
HFRO.US,D,20191126,000000,9.549,9.595,9.515,9.566,884500,0
HFRO.US,D,20191127,000000,9.559,9.608,9.498,9.608,444651,0
HFRO.US,D,20191129,000000,9.608,9.675,9.608,9.675,186342,0
HFRO.US,D,20191202,000000,9.683,9.709,9.639,9.683,176467,0
HFRO.US,D,20191203,000000,9.675,9.784,9.629,9.741,316068,0
HFRO.US,D,20191204,000000,9.784,9.816,9.709,9.749,1215847,0
HFRO.US,D,20191205,000000,9.749,9.816,9.63,9.759,204894,0
HFRO.US,D,20191206,000000,9.791,9.816,9.767,9.807,304579,0
HFRO.US,D,20191209,000000,9.767,9.892,9.767,9.876,244551,0
HFRO.US,D,20191210,000000,9.824,9.96,9.824,9.932,599533,0
HFRO.US,D,20191211,000000,9.883,10.075,9.883,10.052,531700,0
HFRO.US,D,20191212,000000,10.008,10.102,9.992,10.075,249410,0
HFRO.US,D,20191213,000000,10,10.083,9.95,10,524719,0
HFRO.US,D,20191216,000000,9.991,10.075,9.991,10.059,246816,0
HFRO.US,D,20191217,000000,10.017,10.175,10.016,10.158,408089,0
HFRO.US,D,20191218,000000,10.168,10.286,10.158,10.286,1278581,0
HFRO.US,D,20191219,000000,10.25,10.327,10.25,10.31,578231,0
HFRO.US,D,20191220,000000,10.307,10.425,10.307,10.418,476745,0
HFRO.US,D,20191223,000000,10.409,10.493,10.407,10.467,648265,0
HFRO.US,D,20191224,000000,10.433,10.517,10.399,10.409,490226,0
HFRO.US,D,20191226,000000,10.449,10.586,10.433,10.568,639341,0
HFRO.US,D,20191227,000000,10.586,10.668,10.549,10.568,500044,0
HFRO.US,D,20191230,000000,10.594,10.623,10.526,10.55,735111,0
HFRO.US,D,20191231,000000,10.558,10.568,10.425,10.457,737853,0
HFRO.US,D,20200102,000000,10.485,10.626,10.418,10.418,436877,0
HFRO.US,D,20200103,000000,10.383,10.542,10.349,10.533,232537,0
HFRO.US,D,20200106,000000,10.526,10.744,10.501,10.686,990619,0
HFRO.US,D,20200107,000000,10.712,10.73,10.594,10.704,251257,0
HFRO.US,D,20200108,000000,10.686,10.704,10.572,10.577,385043,0
HFRO.US,D,20200109,000000,10.577,10.603,10.493,10.493,157321,0
HFRO.US,D,20200110,000000,10.493,10.508,10.315,10.373,448748,0
HFRO.US,D,20200113,000000,10.383,10.413,10.333,10.342,194528,0
HFRO.US,D,20200114,000000,10.342,10.373,10.315,10.357,276599,0
HFRO.US,D,20200115,000000,10.357,10.389,10.324,10.357,179192,0
HFRO.US,D,20200116,000000,10.373,10.392,10.324,10.364,261544,0
HFRO.US,D,20200117,000000,10.364,10.364,10.307,10.315,187408,0
HFRO.US,D,20200121,000000,10.324,10.364,10.283,10.322,346505,0
HFRO.US,D,20200122,000000,10.333,10.815,10.333,10.66,1295184,0
HFRO.US,D,20200123,000000,10.735,10.752,10.623,10.666,826382,0
HFRO.US,D,20200124,000000,10.666,10.742,10.64,10.674,196287,0
HFRO.US,D,20200127,000000,10.623,10.674,10.6,10.64,205472,0
HFRO.US,D,20200128,000000,10.623,10.71,10.623,10.657,133645,0
HFRO.US,D,20200129,000000,10.71,10.72,10.583,10.6,225505,0
HFRO.US,D,20200130,000000,10.573,10.6,10.523,10.6,175524,0
HFRO.US,D,20200131,000000,10.735,10.735,10.6,10.648,501410,0
HFRO.US,D,20200203,000000,10.674,10.691,10.666,10.691,170891,0
HFRO.US,D,20200204,000000,10.701,10.76,10.592,10.683,252181,0
HFRO.US,D,20200205,000000,10.71,10.71,10.609,10.666,131149,0
HFRO.US,D,20200206,000000,10.633,10.674,10.623,10.674,83923,0
HFRO.US,D,20200207,000000,10.666,10.666,10.583,10.633,136138,0
HFRO.US,D,20200210,000000,10.609,10.679,10.609,10.666,215596,0
HFRO.US,D,20200211,000000,10.666,10.71,10.64,10.666,233964,0
HFRO.US,D,20200212,000000,10.657,10.674,10.609,10.666,222192,0
HFRO.US,D,20200213,000000,10.666,10.674,10.609,10.674,302557,0
HFRO.US,D,20200214,000000,10.671,10.683,10.628,10.674,95953,0
HFRO.US,D,20200218,000000,10.674,10.71,10.623,10.683,217884,0
HFRO.US,D,20200219,000000,10.717,10.717,10.683,10.71,454749,0
HFRO.US,D,20200220,000000,10.715,10.792,10.715,10.765,422004,0
HFRO.US,D,20200221,000000,10.732,10.765,10.698,10.765,277334,0
HFRO.US,D,20200224,000000,10.724,10.757,10.599,10.698,463679,0
HFRO.US,D,20200225,000000,10.637,10.749,10.383,10.392,641078,0
HFRO.US,D,20200226,000000,10.409,10.544,10.409,10.519,321033,0
HFRO.US,D,20200227,000000,10.494,10.496,10.219,10.399,369845,0
HFRO.US,D,20200228,000000,10.315,10.341,10.126,10.145,348895,0
HFRO.US,D,20200302,000000,10.092,10.468,10.067,10.392,303162,0
HFRO.US,D,20200303,000000,10.392,10.486,10.318,10.425,250020,0
HFRO.US,D,20200304,000000,10.478,10.57,10.449,10.535,174396,0
HFRO.US,D,20200305,000000,10.478,10.478,10.239,10.291,128488,0
HFRO.US,D,20200306,000000,10.195,10.205,10.042,10.17,175596,0
HFRO.US,D,20200309,000000,9.769,9.905,9.4321,9.4632,882403,0
HFRO.US,D,20200310,000000,9.668,9.778,9.649,9.734,353520,0
HFRO.US,D,20200311,000000,9.734,9.778,9.4543,9.4711,239580,0
HFRO.US,D,20200312,000000,9.2069,9.3675,8.3557,8.8489,858717,0
HFRO.US,D,20200313,000000,8.9773,9.4543,8.9773,9.4302,510691,0
HFRO.US,D,20200316,000000,9.003,9.4075,8.585,8.7905,474220,0
HFRO.US,D,20200317,000000,8.7722,9.1212,8.6441,8.7058,713998,0
HFRO.US,D,20200318,000000,8.287,8.347,6.5082,7.4696,696522,0
HFRO.US,D,20200319,000000,7.2483,7.5206,6.5668,7.4783,622314,0
HFRO.US,D,20200320,000000,7.5548,8.0401,7.4953,7.6739,821826,0
HFRO.US,D,20200323,000000,7.388,7.5941,6.7362,7.2075,542089,0
HFRO.US,D,20200324,000000,7.4739,7.8348,7.2678,7.388,689188,0
HFRO.US,D,20200325,000000,7.5424,7.8432,7.3963,7.6888,784489,0
HFRO.US,D,20200326,000000,7.663,8.0581,7.5256,7.5941,680502,0
HFRO.US,D,20200327,000000,6.9928,7.4913,6.9928,7.3192,465567,0
HFRO.US,D,20200330,000000,7.4139,7.4139,7.0872,7.199,698740,0
HFRO.US,D,20200331,000000,7.5341,7.5341,7.0447,7.3279,2136573,0
HFRO.US,D,20200401,000000,7.3279,7.388,7.0703,7.2762,335215,0
HFRO.US,D,20200402,000000,7.2592,7.4053,7.053,7.2419,371004,0
HFRO.US,D,20200403,000000,7.2678,7.4565,6.967,7.0787,413774,0
HFRO.US,D,20200406,000000,7.2075,7.302,7.0447,7.1818,571133,0
HFRO.US,D,20200407,000000,7.2503,7.517,7.199,7.4739,458960,0
HFRO.US,D,20200408,000000,7.5083,7.9292,7.4997,7.8606,574343,0
HFRO.US,D,20200409,000000,8.0581,8.4364,7.9464,8.1869,699073,0
HFRO.US,D,20200413,000000,8.2723,8.2836,8.1173,8.2213,517348,0
HFRO.US,D,20200414,000000,8.307,8.3994,8.1096,8.2899,451954,0
HFRO.US,D,20200415,000000,8.2899,8.307,8.1096,8.2474,372331,0
HFRO.US,D,20200416,000000,8.2213,8.2213,7.912,8.0065,190856,0
HFRO.US,D,20200417,000000,8.0754,8.2213,7.749,7.9036,288156,0
HFRO.US,D,20200420,000000,7.8606,7.8863,7.3537,7.3707,796495,0
HFRO.US,D,20200421,000000,7.345,7.6455,7.3105,7.4482,641041,0
HFRO.US,D,20200422,000000,7.5236,7.6277,7.4285,7.515,436634,0
HFRO.US,D,20200423,000000,7.6102,7.6361,7.3156,7.4542,244619,0
HFRO.US,D,20200424,000000,7.4974,7.5322,6.3706,6.7521,1653856,0
HFRO.US,D,20200427,000000,6.8821,6.9775,6.5356,6.6135,1373287,0
HFRO.US,D,20200428,000000,6.7521,6.7521,6.3011,6.5961,3438733,0
HFRO.US,D,20200429,000000,6.6914,6.9168,6.5441,6.5528,1529069,0
HFRO.US,D,20200430,000000,6.6049,6.6223,6.4141,6.4316,725050,0
HFRO.US,D,20200501,000000,6.4141,6.4834,6.3362,6.3623,651237,0
HFRO.US,D,20200504,000000,6.3881,6.4574,6.3373,6.3447,481402,0
HFRO.US,D,20200505,000000,6.3881,6.57,6.2972,6.3447,917877,0
HFRO.US,D,20200506,000000,6.3533,6.3881,6.2581,6.2668,603364,0
HFRO.US,D,20200507,000000,6.3272,6.3706,6.2235,6.2754,633015,0
HFRO.US,D,20200508,000000,6.3011,6.3187,6.1975,6.2321,283863,0
HFRO.US,D,20200511,000000,6.2581,6.2581,6.1452,6.1803,284512,0
HFRO.US,D,20200512,000000,6.1627,6.284,6.128,6.2235,590310,0
HFRO.US,D,20200513,000000,6.2378,6.3272,6.1714,6.3011,483115,0
HFRO.US,D,20200514,000000,6.2235,6.4401,6.0848,6.4316,465753,0
HFRO.US,D,20200515,000000,6.4227,6.674,6.3362,6.5441,587149,0
HFRO.US,D,20200518,000000,6.674,6.7089,6.2581,6.6049,525401,0
HFRO.US,D,20200519,000000,6.6482,6.6482,6.5538,6.6049,301451,0
HFRO.US,D,20200520,000000,6.6569,6.8042,6.6482,6.7694,743500,0
HFRO.US,D,20200521,000000,6.8544,6.8893,6.7931,6.8807,637120,0
HFRO.US,D,20200522,000000,6.8982,6.907,6.7582,6.907,383867,0
HFRO.US,D,20200526,000000,6.9857,7.0382,6.9113,6.9944,310659,0
HFRO.US,D,20200527,000000,7.0206,7.0732,6.9595,7.047,355704,0
HFRO.US,D,20200528,000000,7.0994,7.1869,7.0006,7.1695,350588,0
HFRO.US,D,20200529,000000,7.2047,7.2657,7.047,7.2395,301871,0
HFRO.US,D,20200601,000000,7.2657,7.3969,7.2218,7.3969,199172,0
HFRO.US,D,20200602,000000,7.4235,7.5808,7.3623,7.5808,286950,0
HFRO.US,D,20200603,000000,7.6071,7.7647,7.4933,7.6947,556197,0
HFRO.US,D,20200604,000000,7.6947,7.6947,7.5241,7.5898,555212,0
HFRO.US,D,20200605,000000,7.7034,7.8261,7.6423,7.7473,399235,0
HFRO.US,D,20200608,000000,7.8349,7.8349,7.6808,7.8086,206437,0
HFRO.US,D,20200609,000000,7.7909,7.7909,7.6162,7.6686,283731,0
HFRO.US,D,20200610,000000,7.7386,7.7386,7.3799,7.4672,251371,0
HFRO.US,D,20200611,000000,7.2218,7.3273,6.9944,7.047,464129,0
HFRO.US,D,20200612,000000,7.1869,7.2657,7.117,7.2657,390379,0
HFRO.US,D,20200615,000000,7.1784,7.3623,7.1083,7.3361,139812,0
HFRO.US,D,20200616,000000,7.4672,7.6358,7.3534,7.4235,206645,0
HFRO.US,D,20200617,000000,7.4583,7.4583,7.3623,7.406,187255,0
HFRO.US,D,20200618,000000,7.3534,7.4933,7.3097,7.3707,126580,0
HFRO.US,D,20200619,000000,7.4759,7.4933,7.3273,7.3534,491362,0
HFRO.US,D,20200622,000000,7.4125,7.4303,7.2006,7.2622,601792,0
HFRO.US,D,20200623,000000,7.3773,7.3773,7.1298,7.1563,322482,0
HFRO.US,D,20200624,000000,7.174,7.1919,6.9265,7.0239,399877,0
HFRO.US,D,20200625,000000,7.0768,7.2535,6.962,7.2006,228270,0
HFRO.US,D,20200626,000000,7.1298,7.2711,7.068,7.1387,200252,0
HFRO.US,D,20200629,000000,7.1387,7.1827,7.0061,7.068,218517,0
HFRO.US,D,20200630,000000,7.1474,7.1919,7.068,7.1121,199832,0
HFRO.US,D,20200701,000000,7.1563,7.1563,6.953,7.068,258635,0
HFRO.US,D,20200702,000000,7.2006,7.2205,7.0768,7.1474,162506,0
HFRO.US,D,20200706,000000,7.1474,7.2092,6.9443,6.9973,257957,0
HFRO.US,D,20200707,000000,6.9088,6.9795,6.8118,6.8559,236064,0
HFRO.US,D,20200708,000000,6.8914,6.8914,6.7456,6.7766,208045,0
HFRO.US,D,20200709,000000,6.7766,6.8031,6.7144,6.7941,214443,0
HFRO.US,D,20200710,000000,6.7589,6.971,6.7144,6.865,372502,0
HFRO.US,D,20200713,000000,6.9357,7.0239,6.8118,6.8118,254909,0
HFRO.US,D,20200714,000000,6.7675,6.8031,6.6528,6.7058,244794,0
HFRO.US,D,20200715,000000,6.7321,6.8294,6.6086,6.6794,417349,0
HFRO.US,D,20200716,000000,6.7233,6.7502,6.6261,6.6261,244449,0
HFRO.US,D,20200717,000000,6.6261,6.7321,6.6261,6.7058,227185,0
HFRO.US,D,20200720,000000,6.865,6.9178,6.7675,6.9,577660,0
HFRO.US,D,20200721,000000,7.0061,7.068,6.962,6.9973,589491,0
HFRO.US,D,20200722,000000,7.0768,7.0768,6.962,6.962,645660,0
HFRO.US,D,20200723,000000,6.9772,7.0395,6.9236,7.0128,611819,0
HFRO.US,D,20200724,000000,7.0308,7.0308,6.8434,6.9861,289332,0
HFRO.US,D,20200727,000000,6.9504,6.9795,6.8791,6.9414,354379,0
HFRO.US,D,20200728,000000,6.8967,7.227,6.8967,7.0664,1148737,0
HFRO.US,D,20200729,000000,7.1734,7.2537,7.1199,7.2002,1126985,0
HFRO.US,D,20200730,000000,7.2002,7.2357,7.1109,7.2357,379760,0
HFRO.US,D,20200731,000000,7.325,7.325,7.1289,7.227,352990,0
HFRO.US,D,20200803,000000,7.3163,7.3519,7.2002,7.209,502504,0
HFRO.US,D,20200804,000000,7.2537,7.325,7.1974,7.2448,1039807,0
HFRO.US,D,20200805,000000,7.2805,7.3074,7.1914,7.209,548499,0
HFRO.US,D,20200806,000000,7.2448,7.2537,7.1734,7.1822,420337,0
HFRO.US,D,20200807,000000,7.1822,7.325,7.0395,7.3163,894958,0
HFRO.US,D,20200810,000000,7.334,7.673,7.325,7.6641,653735,0
HFRO.US,D,20200811,000000,7.7355,7.8692,7.673,7.7623,676033,0
HFRO.US,D,20200812,000000,7.7891,7.914,7.7712,7.8424,340705,0
HFRO.US,D,20200813,000000,7.8516,7.9586,7.8336,7.9497,259310,0
HFRO.US,D,20200814,000000,7.9497,8.1014,7.9319,8.012,501733,0
HFRO.US,D,20200817,000000,8.1191,8.1191,8.0298,8.048,572066,0
HFRO.US,D,20200818,000000,8.1102,8.1102,8.0211,8.0298,327611,0
HFRO.US,D,20200819,000000,8.0567,8.0924,8.0298,8.0748,276277,0
HFRO.US,D,20200820,000000,8.0924,8.0924,8.0298,8.0748,245117,0
HFRO.US,D,20200821,000000,8.0924,8.0924,7.914,7.9674,821758,0
HFRO.US,D,20200824,000000,8.172,8.172,8.019,8.0998,992359,0
HFRO.US,D,20200825,000000,8.1627,8.1627,7.9377,7.9648,281862,0
HFRO.US,D,20200826,000000,7.9648,8.046,7.895,8.019,318747,0
HFRO.US,D,20200827,000000,8.046,8.1087,7.9931,8.0098,463984,0
HFRO.US,D,20200828,000000,8.0818,8.0818,7.9648,8.0098,231822,0
HFRO.US,D,20200831,000000,7.9739,8.0098,7.8685,7.9918,370739,0
HFRO.US,D,20200901,000000,7.9827,8.0546,7.8936,7.9557,259021,0
HFRO.US,D,20200902,000000,7.9739,8.0818,7.9287,8.046,347560,0
HFRO.US,D,20200903,000000,8.0368,8.0546,7.9243,8.0276,217955,0
HFRO.US,D,20200904,000000,8.0546,8.0728,7.9377,7.9918,181381,0
HFRO.US,D,20200908,000000,7.9469,8.019,7.8388,7.9287,316585,0
HFRO.US,D,20200909,000000,7.92,7.9648,7.8207,7.9019,380491,0
HFRO.US,D,20200910,000000,7.9469,8.0098,7.9019,7.9918,268539,0
HFRO.US,D,20200911,000000,7.9827,8.0276,7.9469,7.9918,210955,0
HFRO.US,D,20200914,000000,8.0276,8.0276,8.0008,8.0008,259511,0
HFRO.US,D,20200915,000000,8.0098,8.0728,8.0098,8.0368,222832,0
HFRO.US,D,20200916,000000,8.0546,8.0728,7.8297,7.8479,424693,0
HFRO.US,D,20200917,000000,7.8388,7.8758,7.7937,7.8388,515344,0
HFRO.US,D,20200918,000000,7.8929,7.8929,7.8297,7.8479,207574,0
HFRO.US,D,20200921,000000,7.7815,7.8224,7.6907,7.6999,453719,0
HFRO.US,D,20200922,000000,7.7362,7.8633,7.6451,7.8633,205543,0
HFRO.US,D,20200923,000000,7.8541,7.8633,7.6727,7.7178,238218,0
HFRO.US,D,20200924,000000,7.6451,7.9178,7.5909,7.8541,419661,0
HFRO.US,D,20200925,000000,7.8996,7.9775,7.8361,7.9178,398144,0
HFRO.US,D,20200928,000000,7.9178,8.0881,7.9178,7.9813,319024,0
HFRO.US,D,20200929,000000,8.0537,8.0721,7.8814,7.8906,349855,0
HFRO.US,D,20200930,000000,7.9904,7.9904,7.6907,7.7997,2153868,0
HFRO.US,D,20201001,000000,7.7997,7.8361,7.7634,7.8179,192055,0
HFRO.US,D,20201002,000000,7.8179,7.9813,7.7729,7.9813,159933,0
HFRO.US,D,20201005,000000,7.9904,8.0358,7.8996,7.9539,292838,0
HFRO.US,D,20201006,000000,7.9632,7.9722,7.8814,7.8996,272417,0
HFRO.US,D,20201007,000000,7.9267,7.9722,7.8633,7.8996,199625,0
HFRO.US,D,20201008,000000,7.8996,7.9539,7.8542,7.8906,224515,0
HFRO.US,D,20201009,000000,7.9085,7.9085,7.8497,7.8724,128949,0
HFRO.US,D,20201012,000000,7.8996,7.8996,7.6999,7.7271,380394,0
HFRO.US,D,20201013,000000,7.7178,7.7452,7.5909,7.609,403257,0
HFRO.US,D,20201014,000000,7.6273,7.6273,7.5637,7.5817,360400,0
HFRO.US,D,20201015,000000,7.5817,7.618,7.5455,7.5909,602804,0
HFRO.US,D,20201016,000000,7.5909,7.618,7.4523,7.5272,260811,0
HFRO.US,D,20201019,000000,7.5364,7.5606,7.4455,7.4912,301704,0
HFRO.US,D,20201020,000000,7.5272,7.5272,7.4455,7.4639,317058,0
HFRO.US,D,20201021,000000,7.4455,7.4455,7.3093,7.4184,377745,0
HFRO.US,D,20201022,000000,7.4639,7.4639,7.3547,7.4092,797630,0
HFRO.US,D,20201023,000000,7.434,7.434,7.3058,7.3606,881983,0
HFRO.US,D,20201026,000000,7.4799,7.489,7.1956,7.2874,544624,0
HFRO.US,D,20201027,000000,7.3331,7.3469,7.159,7.2965,324570,0
HFRO.US,D,20201028,000000,7.269,7.2874,7.1775,7.1775,262873,0
HFRO.US,D,20201029,000000,7.1956,7.269,7.0674,7.223,218989,0
HFRO.US,D,20201030,000000,7.223,7.2599,7.0582,7.1956,404897,0
HFRO.US,D,20201102,000000,7.3148,7.3792,7.2599,7.3058,639237,0
HFRO.US,D,20201103,000000,7.3331,7.3331,7.2416,7.324,641141,0
HFRO.US,D,20201104,000000,7.3423,7.3792,7.292,7.3331,389043,0
HFRO.US,D,20201105,000000,7.3792,7.3972,7.2874,7.3423,788883,0
HFRO.US,D,20201106,000000,7.3148,7.3551,7.205,7.223,326346,0
HFRO.US,D,20201109,000000,7.4705,7.4705,7.2965,7.324,519019,0
HFRO.US,D,20201110,000000,7.4432,7.5714,7.3516,7.5624,807827,0
HFRO.US,D,20201111,000000,7.6356,7.7823,7.5795,7.7823,407923,0
HFRO.US,D,20201112,000000,7.8648,7.8648,7.5257,7.5899,335619,0
HFRO.US,D,20201113,000000,7.5899,7.6906,7.5853,7.6723,324631,0
HFRO.US,D,20201116,000000,7.7914,7.8831,7.6723,7.8831,398617,0
HFRO.US,D,20201117,000000,7.8465,8.0483,7.8465,8.0207,317101,0
HFRO.US,D,20201118,000000,8.0483,8.0758,7.984,8.0022,590787,0
HFRO.US,D,20201119,000000,8.0483,8.0665,8.0022,8.0665,940224,0
HFRO.US,D,20201120,000000,8.1008,8.1886,8.0453,8.0915,492809,0
HFRO.US,D,20201123,000000,8.1285,8.184,8.073,8.184,405216,0
HFRO.US,D,20201124,000000,8.1932,8.2765,8.1606,8.2765,348699,0
HFRO.US,D,20201125,000000,8.2577,8.2948,8.1745,8.23,260969,0
HFRO.US,D,20201127,000000,8.2119,8.2948,8.2119,8.2948,182069,0
HFRO.US,D,20201130,000000,8.3226,8.3226,8.1654,8.3226,634551,0
HFRO.US,D,20201201,000000,8.3319,8.3965,8.2994,8.3319,536213,0
HFRO.US,D,20201202,000000,8.4151,8.4993,8.4012,8.4797,543120,0
HFRO.US,D,20201203,000000,8.4892,8.6925,8.4428,8.4983,1003521,0
HFRO.US,D,20201204,000000,8.5169,8.6186,8.3965,8.5815,577764,0
HFRO.US,D,20201207,000000,8.6093,8.9983,8.6001,8.7758,579323,0
HFRO.US,D,20201208,000000,8.8035,8.8681,8.7389,8.7389,487022,0
HFRO.US,D,20201209,000000,8.8498,8.8775,8.7572,8.7848,386983,0
HFRO.US,D,20201210,000000,8.9606,11.966,8.951,9.0803,1135705,0
HFRO.US,D,20201211,000000,9.1557,9.2476,8.9888,9.1183,363661,0
HFRO.US,D,20201214,000000,9.1461,9.2659,8.9147,9.0163,386891,0
HFRO.US,D,20201215,000000,9.0621,9.2476,9.0181,9.1366,400231,0
HFRO.US,D,20201216,000000,9.1557,9.2758,9.0708,9.2281,261695,0
HFRO.US,D,20201217,000000,9.2951,9.4144,9.2476,9.3588,962150,0
HFRO.US,D,20201218,000000,9.4791,9.544,9.3848,9.497,988044,0
HFRO.US,D,20201221,000000,9.531,9.597,9.3548,9.4483,369807,0
HFRO.US,D,20201222,000000,9.485,9.551,9.4105,9.4483,326518,0
HFRO.US,D,20201223,000000,9.495,9.578,9.4572,9.531,352350,0
HFRO.US,D,20201224,000000,9.561,9.597,9.4761,9.503,184141,0
HFRO.US,D,20201228,000000,9.597,9.7,9.2426,9.512,630020,0
HFRO.US,D,20201229,000000,9.561,9.611,9.233,9.3177,560833,0
HFRO.US,D,20201230,000000,9.3451,9.625,9.3451,9.578,409564,0
HFRO.US,D,20201231,000000,9.625,9.727,9.4394,9.578,733068,0
HFRO.US,D,20210104,000000,9.651,9.773,9.569,9.7,818097,0
HFRO.US,D,20210105,000000,9.661,9.83,9.503,9.531,743378,0
HFRO.US,D,20210106,000000,9.485,9.532,9.3,9.4761,972686,0
HFRO.US,D,20210107,000000,9.4761,9.625,9.4302,9.551,248209,0
HFRO.US,D,20210108,000000,9.597,9.643,9.503,9.551,270876,0
HFRO.US,D,20210111,000000,9.551,9.561,9.3907,9.531,280571,0
HFRO.US,D,20210112,000000,9.503,9.561,9.49,9.541,144365,0
HFRO.US,D,20210113,000000,9.551,9.588,9.485,9.578,210077,0
HFRO.US,D,20210114,000000,9.625,9.811,9.485,9.531,364296,0
HFRO.US,D,20210115,000000,9.512,9.616,9.503,9.512,266485,0
HFRO.US,D,20210119,000000,9.551,9.625,9.54,9.561,247376,0
HFRO.US,D,20210120,000000,9.561,9.633,9.561,9.561,317003,0
HFRO.US,D,20210121,000000,9.576,9.589,9.538,9.576,185851,0
HFRO.US,D,20210122,000000,9.558,9.623,9.4821,9.623,214717,0
HFRO.US,D,20210125,000000,9.679,9.679,9.528,9.604,216303,0
HFRO.US,D,20210126,000000,9.641,9.669,9.585,9.585,107122,0
HFRO.US,D,20210127,000000,9.576,9.631,9.4999,9.4999,279671,0
HFRO.US,D,20210128,000000,9.4999,9.607,9.3868,9.491,244733,0
HFRO.US,D,20210129,000000,9.576,9.631,9.538,9.631,217376,0
HFRO.US,D,20210201,000000,9.631,9.669,9.576,9.623,292615,0
HFRO.US,D,20210202,000000,9.604,9.716,9.538,9.585,219348,0
HFRO.US,D,20210203,000000,9.576,9.714,9.576,9.641,131925,0
HFRO.US,D,20210204,000000,9.604,9.679,9.538,9.631,303289,0
HFRO.US,D,20210205,000000,9.631,9.763,9.623,9.725,296759,0
HFRO.US,D,20210208,000000,9.79,9.839,9.759,9.829,219260,0
HFRO.US,D,20210209,000000,9.829,9.97,9.782,9.885,298221,0
HFRO.US,D,20210210,000000,9.932,10.017,9.856,9.96,166689,0
HFRO.US,D,20210211,000000,10.007,10.082,9.989,10.026,266876,0
HFRO.US,D,20210212,000000,10.129,10.176,9.998,10.111,296075,0
HFRO.US,D,20210216,000000,10.223,10.258,10.121,10.176,313893,0
HFRO.US,D,20210217,000000,10.186,10.232,10.129,10.157,236992,0
HFRO.US,D,20210218,000000,10.146,10.2,10.098,10.118,124407,0
HFRO.US,D,20210219,000000,10.118,10.202,10.041,10.069,149891,0
HFRO.US,D,20210222,000000,10.069,10.136,10.041,10.069,165377,0
HFRO.US,D,20210223,000000,10.013,10.053,9.804,9.871,308776,0
HFRO.US,D,20210224,000000,9.928,10.069,9.899,9.986,230069,0
HFRO.US,D,20210225,000000,9.936,10.088,9.616,9.644,406896,0
HFRO.US,D,20210226,000000,9.794,10.069,9.672,9.814,382669,0
HFRO.US,D,20210301,000000,9.928,10.108,9.928,10.031,220675,0
HFRO.US,D,20210302,000000,10.118,10.118,10.031,10.06,136116,0
HFRO.US,D,20210303,000000,10.118,10.118,10.022,10.098,143276,0
HFRO.US,D,20210304,000000,10.136,10.163,9.928,10.06,556332,0
HFRO.US,D,20210305,000000,10.108,10.136,10.003,10.118,282758,0
HFRO.US,D,20210308,000000,10.118,10.202,10.022,10.031,293325,0
HFRO.US,D,20210309,000000,10.155,10.163,10.003,10.022,226997,0
HFRO.US,D,20210310,000000,10.078,10.118,9.918,9.976,221728,0
HFRO.US,D,20210311,000000,10.118,10.258,10.003,10.163,804018,0
HFRO.US,D,20210312,000000,10.163,10.202,10.069,10.078,183673,0
HFRO.US,D,20210315,000000,10.136,10.225,9.936,10.013,274075,0
HFRO.US,D,20210316,000000,10.069,10.161,10.022,10.078,250982,0
HFRO.US,D,20210317,000000,10.078,10.146,9.918,10.003,258378,0
HFRO.US,D,20210318,000000,10.022,10.136,9.946,10.051,365205,0
HFRO.US,D,20210319,000000,10.06,10.22,9.918,10.202,398173,0
HFRO.US,D,20210322,000000,10.155,10.344,10.136,10.325,266317,0
HFRO.US,D,20210323,000000,10.285,10.389,10.285,10.302,156407,0
HFRO.US,D,20210324,000000,10.35,10.522,10.302,10.389,361379,0
HFRO.US,D,20210325,000000,10.436,10.541,10.369,10.475,423330,0
HFRO.US,D,20210326,000000,10.465,10.635,10.418,10.598,254952,0
HFRO.US,D,20210329,000000,10.56,10.598,10.398,10.531,374497,0
HFRO.US,D,20210330,000000,10.475,10.618,10.455,10.512,228898,0
HFRO.US,D,20210331,000000,10.598,10.626,10.512,10.56,219172,0
HFRO.US,D,20210401,000000,10.618,10.618,10.522,10.618,219742,0
HFRO.US,D,20210405,000000,10.655,10.655,10.294,10.522,495621,0
HFRO.US,D,20210406,000000,10.512,10.551,10.465,10.503,209931,0
HFRO.US,D,20210407,000000,10.475,10.588,10.436,10.522,354651,0
HFRO.US,D,20210408,000000,10.522,10.855,10.49,10.693,339118,0
HFRO.US,D,20210409,000000,10.693,10.903,10.475,10.57,306645,0
HFRO.US,D,20210412,000000,10.618,10.875,10.608,10.712,355321,0
HFRO.US,D,20210413,000000,10.674,10.821,10.674,10.712,160659,0
HFRO.US,D,20210414,000000,10.712,10.761,10.674,10.712,279815,0
HFRO.US,D,20210415,000000,10.826,11.018,10.761,10.826,539276,0
HFRO.US,D,20210416,000000,10.769,10.894,10.769,10.807,192791,0
HFRO.US,D,20210419,000000,10.894,10.937,10.807,10.903,286816,0
HFRO.US,D,20210420,000000,10.922,10.959,10.875,10.95,275604,0
HFRO.US,D,20210421,000000,10.95,10.988,10.855,10.979,480585,0
HFRO.US,D,20210422,000000,11.053,11.053,10.966,11.015,188413,0
HFRO.US,D,20210423,000000,11.015,11.07,10.986,11.024,267631,0
HFRO.US,D,20210426,000000,11.024,11.043,10.976,10.976,266174,0
HFRO.US,D,20210427,000000,11.015,11.024,10.956,11.015,296064,0
HFRO.US,D,20210428,000000,11.073,11.073,10.956,11.015,349749,0
HFRO.US,D,20210429,000000,11.024,11.072,10.986,11.015,195951,0
HFRO.US,D,20210430,000000,11.015,11.063,10.976,11.024,245397,0
HFRO.US,D,20210503,000000,11.034,11.043,10.803,10.937,421747,0
HFRO.US,D,20210504,000000,10.956,10.991,10.775,10.851,246193,0
HFRO.US,D,20210505,000000,10.88,10.929,10.794,10.842,115184,0
HFRO.US,D,20210506,000000,10.9,10.919,10.794,10.919,207105,0
HFRO.US,D,20210507,000000,10.947,11.043,10.909,10.956,244759,0
HFRO.US,D,20210510,000000,11.005,11.024,10.842,10.89,256009,0
HFRO.US,D,20210511,000000,10.88,10.9,10.698,10.871,286766,0
HFRO.US,D,20210512,000000,10.842,10.919,10.708,10.756,155747,0
HFRO.US,D,20210513,000000,10.785,11.024,10.785,11.015,213757,0
HFRO.US,D,20210514,000000,11.024,11.09,10.842,11.005,441233,0
HFRO.US,D,20210517,000000,11.005,11.034,10.937,11.005,206746,0
HFRO.US,D,20210518,000000,11.024,11.073,10.929,11.024,373727,0
HFRO.US,D,20210519,000000,11.024,11.062,10.976,11.005,210025,0
HFRO.US,D,20210520,000000,11.012,11.127,10.982,11.05,301697,0
HFRO.US,D,20210521,000000,11.002,11.108,11.002,11.079,133315,0
HFRO.US,D,20210524,000000,11.098,11.127,11.06,11.07,295751,0
HFRO.US,D,20210525,000000,11.05,11.157,11.012,11.089,379380,0
HFRO.US,D,20210526,000000,11.098,11.137,11.089,11.098,260231,0
HFRO.US,D,20210527,000000,11.089,11.407,11.07,11.368,1290577,0
HFRO.US,D,20210528,000000,11.437,11.552,11.399,11.493,280158,0
HFRO.US,D,20210601,000000,11.562,11.562,11.349,11.349,298631,0
HFRO.US,D,20210602,000000,11.388,11.484,11.293,11.398,442578,0
HFRO.US,D,20210603,000000,11.417,11.533,11.358,11.493,211923,0
HFRO.US,D,20210604,000000,11.493,11.572,11.465,11.542,115187,0
HFRO.US,D,20210607,000000,11.582,11.677,11.513,11.628,250935,0
HFRO.US,D,20210608,000000,11.601,11.677,11.567,11.592,207269,0
HFRO.US,D,20210609,000000,11.601,11.717,11.565,11.619,296408,0
HFRO.US,D,20210610,000000,11.677,11.727,11.503,11.562,268175,0
HFRO.US,D,20210611,000000,11.572,11.572,11.282,11.33,297977,0
HFRO.US,D,20210614,000000,11.34,11.526,11.34,11.475,237949,0
HFRO.US,D,20210615,000000,11.437,11.437,10.451,10.596,2285129,0
HFRO.US,D,20210616,000000,10.577,10.693,10.326,10.558,846238,0
HFRO.US,D,20210617,000000,10.471,10.51,9.911,10.171,1358695,0
HFRO.US,D,20210618,000000,10.134,10.441,10.036,10.375,536705,0
HFRO.US,D,20210621,000000,10.394,10.549,10.375,10.461,416996,0
HFRO.US,D,20210622,000000,10.517,10.547,9.983,10.06,1405927,0
HFRO.US,D,20210623,000000,9.973,10.06,9.623,9.671,1505571,0
HFRO.US,D,20210624,000000,9.632,9.943,9.574,9.885,751651,0
HFRO.US,D,20210625,000000,9.866,9.973,9.3888,9.642,1040515,0
HFRO.US,D,20210628,000000,9.691,9.768,9.4282,9.661,802560,0
HFRO.US,D,20210629,000000,9.681,10.196,9.681,10.186,926721,0
HFRO.US,D,20210630,000000,10.255,10.614,10.157,10.604,649767,0
HFRO.US,D,20210701,000000,10.614,10.663,10.421,10.557,318749,0
HFRO.US,D,20210702,000000,10.566,10.838,10.381,10.633,457890,0
HFRO.US,D,20210706,000000,10.633,10.702,10.265,10.497,512564,0
HFRO.US,D,20210707,000000,10.478,10.547,10.391,10.527,229742,0
HFRO.US,D,20210708,000000,10.421,10.585,10.322,10.557,206637,0
HFRO.US,D,20210709,000000,10.507,10.557,10.43,10.527,281307,0
HFRO.US,D,20210712,000000,10.448,10.497,10.022,10.448,684885,0
HFRO.US,D,20210713,000000,10.351,10.448,10.167,10.401,387828,0
HFRO.US,D,20210714,000000,10.421,10.604,10.351,10.517,321463,0
HFRO.US,D,20210715,000000,10.575,10.575,10.215,10.322,339168,0
HFRO.US,D,20210716,000000,10.381,10.566,10.03,10.342,1928444,0
HFRO.US,D,20210719,000000,10.139,10.411,10.109,10.215,272585,0
HFRO.US,D,20210720,000000,10.302,10.351,10.148,10.275,265836,0
HFRO.US,D,20210721,000000,10.245,10.302,10.166,10.225,303101,0
HFRO.US,D,20210722,000000,10.203,10.349,10.135,10.232,220859,0
HFRO.US,D,20210723,000000,10.31,10.31,10.135,10.173,195653,0
HFRO.US,D,20210726,000000,10.154,10.228,10.066,10.154,235539,0
HFRO.US,D,20210727,000000,10.105,10.193,10.056,10.085,157623,0
HFRO.US,D,20210728,000000,10.056,10.173,10.056,10.115,196945,0
HFRO.US,D,20210729,000000,10.095,10.163,10.075,10.125,215370,0
HFRO.US,D,20210730,000000,10.135,10.163,9.938,9.998,415801,0
HFRO.US,D,20210802,000000,9.988,10.075,9.948,9.988,215252,0
HFRO.US,D,20210803,000000,9.988,10.105,9.988,10.017,272957,0
HFRO.US,D,20210804,000000,9.958,10.232,9.958,10.203,417140,0
HFRO.US,D,20210805,000000,10.212,10.282,10.163,10.252,278947,0
HFRO.US,D,20210806,000000,10.232,10.282,10.203,10.212,158139,0
HFRO.US,D,20210809,000000,10.252,10.409,10.252,10.369,417733,0
HFRO.US,D,20210810,000000,10.369,10.438,10.34,10.419,319771,0
HFRO.US,D,20210811,000000,10.429,10.516,10.36,10.467,843714,0
HFRO.US,D,20210812,000000,10.419,10.516,10.349,10.447,341359,0
HFRO.US,D,20210813,000000,10.457,10.496,10.438,10.467,227091,0
HFRO.US,D,20210816,000000,10.506,10.673,10.467,10.585,419170,0
HFRO.US,D,20210817,000000,10.566,10.693,10.526,10.633,293846,0
HFRO.US,D,20210818,000000,10.594,10.643,10.516,10.566,850626,0
HFRO.US,D,20210819,000000,10.566,10.585,10.447,10.575,211847,0
HFRO.US,D,20210820,000000,10.653,10.797,10.624,10.693,431656,0
HFRO.US,D,20210823,000000,10.62,10.748,10.581,10.64,276185,0
HFRO.US,D,20210824,000000,10.64,10.748,10.63,10.7,337238,0
HFRO.US,D,20210825,000000,10.66,10.808,10.63,10.738,179820,0
HFRO.US,D,20210826,000000,10.788,10.838,10.502,10.729,368964,0
HFRO.US,D,20210827,000000,10.768,10.838,10.65,10.778,159513,0
HFRO.US,D,20210830,000000,10.788,10.848,10.71,10.798,230263,0
HFRO.US,D,20210831,000000,10.848,10.848,10.712,10.828,260650,0
HFRO.US,D,20210901,000000,10.828,10.843,10.758,10.818,148534,0
HFRO.US,D,20210902,000000,10.828,10.916,10.778,10.916,236053,0
HFRO.US,D,20210903,000000,10.867,10.896,10.71,10.719,279745,0
HFRO.US,D,20210907,000000,10.64,10.7,10.555,10.6,304198,0
HFRO.US,D,20210908,000000,10.6,10.738,10.552,10.67,118802,0
HFRO.US,D,20210909,000000,10.66,11.084,10.562,10.906,1021955,0
HFRO.US,D,20210910,000000,10.828,10.906,10.71,10.748,135765,0
HFRO.US,D,20210913,000000,10.778,10.847,10.729,10.778,105478,0
HFRO.US,D,20210914,000000,10.778,10.828,10.571,10.67,293648,0
HFRO.US,D,20210915,000000,10.62,10.69,10.61,10.61,238003,0
HFRO.US,D,20210916,000000,10.59,10.7,10.583,10.64,98900,0
HFRO.US,D,20210917,000000,10.61,10.848,10.6,10.62,352016,0
HFRO.US,D,20210920,000000,10.571,10.625,10.452,10.571,207639,0
HFRO.US,D,20210921,000000,10.571,10.68,10.542,10.64,192353,0
HFRO.US,D,20210922,000000,10.597,10.766,10.597,10.756,361924,0
HFRO.US,D,20210923,000000,10.687,10.736,10.677,10.697,148968,0
HFRO.US,D,20210924,000000,10.647,10.726,10.647,10.667,107722,0
HFRO.US,D,20210927,000000,10.617,10.712,10.587,10.607,151274,0
HFRO.US,D,20210928,000000,10.617,10.697,10.578,10.597,288158,0
HFRO.US,D,20210929,000000,10.667,10.686,10.583,10.667,149652,0
HFRO.US,D,20210930,000000,10.677,10.727,10.637,10.697,209458,0
HFRO.US,D,20211001,000000,10.697,10.736,10.657,10.677,121197,0
HFRO.US,D,20211004,000000,10.617,10.717,10.608,10.677,114178,0
HFRO.US,D,20211005,000000,10.677,10.717,10.659,10.707,130126,0
HFRO.US,D,20211006,000000,10.727,10.766,10.662,10.707,140485,0
HFRO.US,D,20211007,000000,10.687,10.72,10.667,10.677,74272,0
HFRO.US,D,20211008,000000,10.677,10.677,10.607,10.657,81008,0
HFRO.US,D,20211011,000000,10.657,10.727,10.657,10.687,197533,0
HFRO.US,D,20211012,000000,10.707,10.756,10.687,10.727,139010,0
HFRO.US,D,20211013,000000,10.707,10.796,10.707,10.727,186864,0
HFRO.US,D,20211014,000000,11.074,11.263,10.995,11.054,1150288,0
HFRO.US,D,20211015,000000,11.074,11.114,11.044,11.094,335680,0
HFRO.US,D,20211018,000000,11.134,11.313,11.128,11.233,495145,0
HFRO.US,D,20211019,000000,11.233,11.322,11.203,11.303,788538,0
HFRO.US,D,20211020,000000,11.332,11.412,11.213,11.243,327145,0
HFRO.US,D,20211021,000000,11.25,11.33,11.15,11.21,356345,0
HFRO.US,D,20211022,000000,11.25,11.31,11.14,11.26,184732,0
HFRO.US,D,20211025,000000,11.25,11.36,11.2061,11.32,177289,0
HFRO.US,D,20211026,000000,11.36,11.36,11.14,11.2,274090,0
HFRO.US,D,20211027,000000,11.18,11.32,11.18,11.28,253407,0
HFRO.US,D,20211028,000000,11.32,11.46,11.2605,11.44,147227,0
HFRO.US,D,20211029,000000,11.4,11.49,11.3,11.39,279378,0
HFRO.US,D,20211101,000000,11.39,11.39,11.315,11.33,898710,0
HFRO.US,D,20211102,000000,11.33,11.39,11.3201,11.37,101211,0
HFRO.US,D,20211103,000000,11.34,11.39,11.335,11.37,563457,0
HFRO.US,D,20211104,000000,11.35,11.39,11.15,11.2,279579,0
HFRO.US,D,20211105,000000,11.29,11.33,11.1703,11.31,327877,0
HFRO.US,D,20211108,000000,11.29,11.38,11.2534,11.33,168228,0
HFRO.US,D,20211109,000000,11.28,11.33,11.18,11.26,106640,0
HFRO.US,D,20211110,000000,11.21,11.25,11.18,11.19,255710,0
HFRO.US,D,20211111,000000,11.23,11.28,11.23,11.25,101904,0
HFRO.US,D,20211112,000000,11.22,11.27,11.22,11.25,137946,0
HFRO.US,D,20211115,000000,11.25,11.28,11.24,11.26,145147,0
HFRO.US,D,20211116,000000,11.27,11.44,11.235,11.42,236740,0
HFRO.US,D,20211117,000000,11.35,11.41,11.32,11.32,665207,0
HFRO.US,D,20211118,000000,11.32,11.36,11.29,11.3,173235,0
HFRO.US,D,20211119,000000,11.3,11.34,11.26,11.3,123190,0
HFRO.US,D,20211122,000000,11.21,11.28,11.19,11.22,181628,0
HFRO.US,D,20211123,000000,11.2,11.28,11.17,11.17,124084,0
HFRO.US,D,20211124,000000,11.1,11.28,11.09,11.25,165344,0
HFRO.US,D,20211126,000000,11.22,11.22,11.1,11.13,162079,0
HFRO.US,D,20211129,000000,11.15,11.285,11.0901,11.26,315056,0
HFRO.US,D,20211130,000000,11.3,11.3098,11.15,11.22,436257,0
HFRO.US,D,20211201,000000,11.2,11.28,11.15,11.16,333392,0
HFRO.US,D,20211202,000000,11.16,11.27,11.12,11.12,240312,0
HFRO.US,D,20211203,000000,11.13,11.23,11.07,11.07,427694,0
HFRO.US,D,20211206,000000,11.1,11.19,11.09,11.09,424341,0
HFRO.US,D,20211207,000000,11.09,11.15,10.85,10.94,363860,0
HFRO.US,D,20211208,000000,10.91,11.1372,10.9009,11,157833,0
HFRO.US,D,20211209,000000,10.95,11.12,10.95,11,266889,0
HFRO.US,D,20211210,000000,11,11.0699,10.97,11,337808,0
HFRO.US,D,20211213,000000,11,11.08,10.9699,11,495194,0
HFRO.US,D,20211214,000000,11.06,11.16,11.01,11.07,237548,0
HFRO.US,D,20211215,000000,11.1,11.115,11.03,11.07,263038,0
HFRO.US,D,20211216,000000,11.15,11.1888,11.07,11.16,466968,0
HFRO.US,D,20211217,000000,11.11,11.2862,11.05,11.24,330276,0
HFRO.US,D,20211220,000000,11.21,11.25,11.09,11.17,284131,0
HFRO.US,D,20211221,000000,11.15,11.27,11.12,11.18,481378,0
HFRO.US,D,20211222,000000,11.15,11.27,11.12,11.2,159781,0
HFRO.US,D,20211223,000000,11.21,11.2393,11.08,11.15,160380,0
HFRO.US,D,20211227,000000,11.13,11.18,10.95,11.01,246714,0
HFRO.US,D,20211228,000000,10.98,11.06,10.9,10.97,272285,0
HFRO.US,D,20211229,000000,11,11.07,10.9,10.99,276769,0
HFRO.US,D,20211230,000000,10.95,11.1,10.95,11.05,338842,0
HFRO.US,D,20211231,000000,11.09,11.09,10.95,10.99,346598,0
HFRO.US,D,20220103,000000,10.99,11.12,10.98,11.09,435062,0
HFRO.US,D,20220104,000000,11.05,11.12,11.01,11.06,299646,0
HFRO.US,D,20220105,000000,11.02,11.11,10.99,11.07,202478,0
HFRO.US,D,20220106,000000,11.07,11.09,11.04,11.07,152082,0
HFRO.US,D,20220107,000000,11.04,11.1,11,11.03,207491,0
HFRO.US,D,20220110,000000,11.02,11.16,11.01,11.06,234454,0
HFRO.US,D,20220111,000000,11.07,11.1214,11.01,11.03,258783,0
HFRO.US,D,20220112,000000,11.02,11.14,11.02,11.07,324516,0
HFRO.US,D,20220113,000000,11.06,11.11,11.04,11.04,180496,0
HFRO.US,D,20220114,000000,11.03,11.11,11.02,11.05,279039,0
HFRO.US,D,20220118,000000,11,11.13,10.96,11.01,386789,0
HFRO.US,D,20220119,000000,10.99,11.11,10.97,10.99,222813,0
HFRO.US,D,20220120,000000,11.02,11.09,10.93,10.95,283912,0
HFRO.US,D,20220121,000000,10.875,10.98,10.84,10.88,354369,0
