<TICKER>,<PER>,<DATE>,<TIME>,<OPEN>,<HIGH>,<LOW>,<CLOSE>,<VOL>,<OPENINT>
HGLB.US,D,20190220,000000,10.758,10.804,10.758,10.803,5045,0
HGLB.US,D,20190221,000000,10.762,11.192,10.69,10.862,40263,0
HGLB.US,D,20190222,000000,10.723,10.726,10.066,10.095,49121,0
HGLB.US,D,20190225,000000,10.153,10.225,9.4024,9.4024,139850,0
HGLB.US,D,20190226,000000,9.439,9.581,8.8475,9.1095,185691,0
HGLB.US,D,20190227,000000,9.0819,9.703,8.7601,9.509,198910,0
HGLB.US,D,20190228,000000,9.724,9.966,9.368,9.638,167414,0
HGLB.US,D,20190301,000000,9.4024,9.724,9.4024,9.603,40482,0
HGLB.US,D,20190304,000000,9.596,9.68,9.0077,9.623,154215,0
HGLB.US,D,20190305,000000,9.509,9.587,8.9441,9.4074,156218,0
HGLB.US,D,20190306,000000,9.2374,9.4737,9.1872,9.1872,100962,0
HGLB.US,D,20190307,000000,9.1872,9.2959,9.0077,9.1382,129677,0
HGLB.US,D,20190308,000000,9.2094,9.703,9.1153,9.2597,97921,0
HGLB.US,D,20190311,000000,9.2016,9.4697,9.1382,9.4114,78698,0
HGLB.US,D,20190312,000000,9.439,9.624,9.1153,9.2969,119358,0
HGLB.US,D,20190313,000000,9.2969,9.4014,9.1228,9.2597,199041,0
HGLB.US,D,20190314,000000,9.1671,9.3233,9.1536,9.281,102901,0
HGLB.US,D,20190315,000000,9.2316,9.368,9.1756,9.1872,151888,0
HGLB.US,D,20190318,000000,9.2597,9.2969,9.1315,9.1756,224700,0
HGLB.US,D,20190319,000000,9.195,9.3293,9.1872,9.2238,172380,0
HGLB.US,D,20190320,000000,9.2452,9.3848,9.1315,9.2374,249558,0
HGLB.US,D,20190321,000000,9.2529,9.3748,9.1593,9.3303,171238,0
HGLB.US,D,20190322,000000,9.3233,9.3233,9.1941,9.2665,75555,0
HGLB.US,D,20190325,000000,9.3748,9.3748,9.1,9.2016,146161,0
HGLB.US,D,20190326,000000,9.2094,9.339,9.1941,9.3186,130769,0
HGLB.US,D,20190327,000000,9.2597,9.4134,9.2597,9.37,78771,0
HGLB.US,D,20190328,000000,9.339,9.4044,9.2969,9.3748,51858,0
HGLB.US,D,20190329,000000,9.3303,9.437,9.2665,9.3186,71260,0
HGLB.US,D,20190401,000000,9.339,9.4479,9.3019,9.3604,84227,0
HGLB.US,D,20190402,000000,9.3096,9.362,9.2763,9.339,101257,0
HGLB.US,D,20190403,000000,9.37,9.512,9.3604,9.3896,65874,0
HGLB.US,D,20190404,000000,9.3896,9.4628,9.3233,9.3604,95547,0
HGLB.US,D,20190405,000000,9.3537,9.524,9.339,9.518,70403,0
HGLB.US,D,20190408,000000,9.4182,9.547,9.339,9.4697,100592,0
HGLB.US,D,20190409,000000,9.4252,9.4697,9.2374,9.3019,150575,0
HGLB.US,D,20190410,000000,9.281,9.37,9.2452,9.3537,80649,0
HGLB.US,D,20190411,000000,9.3096,9.4134,9.3096,9.339,110657,0
HGLB.US,D,20190412,000000,9.345,9.345,9.2665,9.2899,101361,0
HGLB.US,D,20190415,000000,9.2899,9.4252,9.0866,9.339,129823,0
HGLB.US,D,20190416,000000,9.2969,9.37,9.2665,9.3186,112846,0
HGLB.US,D,20190417,000000,9.2899,9.3537,9.1593,9.1593,130943,0
HGLB.US,D,20190418,000000,9.1593,9.2442,9.0503,9.1219,147122,0
HGLB.US,D,20190422,000000,9.1306,9.2151,9.0664,9.1,106561,0
HGLB.US,D,20190423,000000,9.144,9.1872,9.0866,9.1153,82375,0
HGLB.US,D,20190424,000000,9.1219,9.1872,9.058,9.1086,131038,0
HGLB.US,D,20190425,000000,9.0933,9.1671,9.0051,9.0275,101310,0
HGLB.US,D,20190426,000000,9.0051,9.0933,8.9555,9.0418,128459,0
HGLB.US,D,20190429,000000,9.021,9.144,8.9695,9.0418,86523,0
HGLB.US,D,20190430,000000,9.0352,9.0799,8.8671,8.947,259730,0
HGLB.US,D,20190501,000000,8.947,9.021,8.8752,8.976,110385,0
HGLB.US,D,20190502,000000,8.9273,8.9846,8.8336,8.8931,130172,0
HGLB.US,D,20190503,000000,8.9105,9.058,8.8836,8.992,72899,0
HGLB.US,D,20190506,000000,8.8931,9.0133,8.8931,8.9273,77670,0
HGLB.US,D,20190507,000000,8.9105,8.977,8.7803,8.8098,89628,0
HGLB.US,D,20190508,000000,8.8931,8.9105,8.8586,8.8931,82074,0
HGLB.US,D,20190509,000000,8.8586,8.8586,8.6633,8.738,146367,0
HGLB.US,D,20190510,000000,8.7298,8.933,8.7298,8.8931,98439,0
HGLB.US,D,20190513,000000,8.7463,8.7601,8.6232,8.6554,61368,0
HGLB.US,D,20190514,000000,8.7226,8.7767,8.6708,8.7025,84068,0
HGLB.US,D,20190515,000000,8.6554,8.8336,8.6554,8.7941,55832,0
HGLB.US,D,20190516,000000,8.7673,8.8671,8.7673,8.8098,97667,0
HGLB.US,D,20190517,000000,8.8098,8.8098,8.7025,8.7298,79177,0
HGLB.US,D,20190520,000000,8.6973,8.7298,8.6554,8.6708,76806,0
HGLB.US,D,20190521,000000,8.7124,8.7673,8.6633,8.7463,123782,0
HGLB.US,D,20190522,000000,8.7463,8.8015,8.7081,8.7081,77983,0
HGLB.US,D,20190523,000000,8.67,8.7673,8.5561,8.648,89138,0
HGLB.US,D,20190524,000000,8.648,8.648,8.5561,8.5894,67466,0
HGLB.US,D,20190528,000000,8.5741,8.6289,8.4881,8.5149,62664,0
HGLB.US,D,20190529,000000,8.5023,8.5561,8.2177,8.3117,239194,0
HGLB.US,D,20190530,000000,8.2616,8.3256,8.2306,8.2453,164454,0
HGLB.US,D,20190531,000000,8.2367,8.2488,7.8414,8.0758,229196,0
HGLB.US,D,20190603,000000,8.0387,8.1522,7.9661,8.0177,129346,0
HGLB.US,D,20190604,000000,8.0758,8.1788,8.0321,8.1354,95562,0
HGLB.US,D,20190605,000000,8.1643,8.303,8.0465,8.0758,156952,0
HGLB.US,D,20190606,000000,8.0758,8.4652,8.0589,8.254,139332,0
HGLB.US,D,20190607,000000,8.296,8.3772,8.2289,8.3622,108731,0
HGLB.US,D,20190610,000000,8.296,8.3553,8.254,8.254,109023,0
HGLB.US,D,20190611,000000,8.254,8.4511,8.2453,8.2814,113873,0
HGLB.US,D,20190612,000000,8.3622,8.3622,8.1132,8.1201,178096,0
HGLB.US,D,20190613,000000,8.1788,8.2453,8.0981,8.1718,174016,0
HGLB.US,D,20190614,000000,8.2091,8.216,8.1132,8.1354,107093,0
HGLB.US,D,20190617,000000,8.1643,8.1788,8.063,8.091,118480,0
HGLB.US,D,20190618,000000,8.149,8.2745,8.1132,8.1575,94820,0
HGLB.US,D,20190619,000000,8.2012,8.2012,8.091,8.1868,133092,0
HGLB.US,D,20190620,000000,8.2091,8.3713,8.1643,8.1788,191794,0
HGLB.US,D,20190621,000000,8.1643,8.4369,8.1643,8.3275,125750,0
HGLB.US,D,20190624,000000,8.3423,8.3441,8.2091,8.2298,91692,0
HGLB.US,D,20190625,000000,8.2298,8.2901,8.1201,8.1412,111904,0
HGLB.US,D,20190626,000000,8.2298,8.2901,8.0972,8.1788,134746,0
HGLB.US,D,20190627,000000,8.1344,8.2238,8.0827,8.0901,97400,0
HGLB.US,D,20190628,000000,8.149,8.3573,8.0972,8.3355,142167,0
HGLB.US,D,20190701,000000,8.4016,8.6011,8.3639,8.5525,142056,0
HGLB.US,D,20190702,000000,8.4909,8.6591,8.4599,8.5266,160024,0
HGLB.US,D,20190703,000000,8.5266,8.7435,8.4689,8.6761,106313,0
HGLB.US,D,20190705,000000,8.5435,8.6761,8.4016,8.4308,73520,0
HGLB.US,D,20190708,000000,8.4308,8.4909,8.4308,8.4308,112625,0
HGLB.US,D,20190709,000000,8.3936,8.5266,8.3936,8.4308,51204,0
HGLB.US,D,20190710,000000,8.505,8.541,8.4308,8.4599,57888,0
HGLB.US,D,20190711,000000,8.4847,8.5185,8.4167,8.4466,55647,0
HGLB.US,D,20190712,000000,8.4466,8.4954,8.4308,8.4466,58703,0
HGLB.US,D,20190715,000000,8.4909,8.6761,8.4547,8.6388,56550,0
HGLB.US,D,20190716,000000,8.5715,8.6742,8.3493,8.3713,133241,0
HGLB.US,D,20190717,000000,8.3713,8.3713,8.216,8.2624,128853,0
HGLB.US,D,20190718,000000,8.2684,8.3048,8.1718,8.2821,172706,0
HGLB.US,D,20190719,000000,8.2753,8.3207,8.2065,8.2375,88386,0
HGLB.US,D,20190722,000000,8.2375,8.297,8.1935,8.2238,97151,0
HGLB.US,D,20190723,000000,8.2375,8.2761,8.1201,8.171,123975,0
HGLB.US,D,20190724,000000,8.171,8.2461,8.1337,8.1868,109844,0
HGLB.US,D,20190725,000000,8.178,8.2624,8.1403,8.171,62438,0
HGLB.US,D,20190726,000000,8.1868,8.2012,8.0512,8.1201,85862,0
HGLB.US,D,20190729,000000,8.149,8.3631,8.0663,8.1403,73998,0
HGLB.US,D,20190730,000000,8.1116,8.1259,8.028,8.0512,100958,0
HGLB.US,D,20190731,000000,8.1259,8.3135,8.0598,8.1116,118844,0
HGLB.US,D,20190801,000000,8.1567,8.1634,8.0637,8.1038,49200,0
HGLB.US,D,20190802,000000,8.0663,8.1403,8.0354,8.0663,34333,0
HGLB.US,D,20190805,000000,8.0145,8.0886,7.909,8.022,104395,0
HGLB.US,D,20190806,000000,8.022,8.4255,8.022,8.1038,137623,0
HGLB.US,D,20190807,000000,8.0512,8.1935,8.0069,8.0145,60497,0
HGLB.US,D,20190808,000000,8.0354,8.178,8.0354,8.1038,40957,0
HGLB.US,D,20190809,000000,8.0886,8.3207,8.0734,8.0954,72075,0
HGLB.US,D,20190812,000000,8.1038,8.1634,8.0145,8.0734,97442,0
HGLB.US,D,20190813,000000,8.0512,8.0758,7.8634,7.9172,101648,0
HGLB.US,D,20190814,000000,7.8265,7.9172,7.5416,7.6395,180096,0
HGLB.US,D,20190815,000000,7.6093,7.7077,7.572,7.6841,87311,0
HGLB.US,D,20190816,000000,7.6841,7.7883,7.4963,7.6769,319369,0
HGLB.US,D,20190819,000000,7.6395,7.7519,7.6228,7.7292,125552,0
HGLB.US,D,20190820,000000,7.7077,7.804,7.654,7.7748,87858,0
HGLB.US,D,20190821,000000,7.8122,7.9013,7.7209,7.8875,86409,0
HGLB.US,D,20190822,000000,7.9472,7.9552,7.7567,7.9552,83321,0
HGLB.US,D,20190823,000000,7.9625,7.97,7.7356,7.833,87982,0
HGLB.US,D,20190826,000000,7.848,7.9247,7.7051,7.7202,61375,0
HGLB.US,D,20190827,000000,7.7356,7.7574,7.5239,7.5766,85256,0
HGLB.US,D,20190828,000000,7.6291,7.7202,7.5607,7.6221,52850,0
HGLB.US,D,20190829,000000,7.6454,7.6454,7.5537,7.5766,87587,0
HGLB.US,D,20190830,000000,7.637,7.6454,7.5702,7.6454,59600,0
HGLB.US,D,20190903,000000,7.6598,7.6598,7.4625,7.5314,121667,0
HGLB.US,D,20190904,000000,7.5456,7.6221,7.4924,7.5387,69006,0
HGLB.US,D,20190905,000000,7.6291,7.6291,7.5387,7.606,51742,0
HGLB.US,D,20190906,000000,7.5766,7.6363,7.5158,7.5766,56363,0
HGLB.US,D,20190909,000000,7.5996,7.6324,7.5387,7.6138,72192,0
HGLB.US,D,20190910,000000,7.6291,7.6454,7.5537,7.6093,87541,0
HGLB.US,D,20190911,000000,7.606,7.7868,7.5996,7.7275,79365,0
HGLB.US,D,20190912,000000,7.743,7.8875,7.682,7.879,108606,0
HGLB.US,D,20190913,000000,7.9312,8.0235,7.7949,7.8939,100649,0
HGLB.US,D,20190916,000000,7.8634,7.9883,7.8634,7.9472,102668,0
HGLB.US,D,20190917,000000,7.9767,7.9767,7.7423,7.9013,80491,0
HGLB.US,D,20190918,000000,7.8112,7.8867,7.7731,7.8414,103468,0
HGLB.US,D,20190919,000000,7.8375,8.0835,7.8033,8.0835,81945,0
HGLB.US,D,20190920,000000,8.1522,8.1522,7.8601,8.0286,28026,0
HGLB.US,D,20190923,000000,8.091,8.1209,7.8852,7.9757,51382,0
HGLB.US,D,20190924,000000,7.9538,8.0286,7.7925,7.8691,70911,0
HGLB.US,D,20190925,000000,7.8775,7.9131,7.8161,7.8915,41320,0
HGLB.US,D,20190926,000000,7.9155,7.9683,7.7779,7.8915,100798,0
HGLB.US,D,20190927,000000,7.8998,7.9372,7.7998,7.861,45377,0
HGLB.US,D,20190930,000000,7.9073,7.9519,7.7011,7.8387,159592,0
HGLB.US,D,20191001,000000,7.7998,7.8691,7.6858,7.6858,104524,0
HGLB.US,D,20191002,000000,7.6778,7.7316,7.6093,7.6548,78075,0
HGLB.US,D,20191003,000000,7.6171,7.6778,7.5861,7.6618,235550,0
HGLB.US,D,20191004,000000,7.6548,7.7088,7.5861,7.6778,210001,0
HGLB.US,D,20191007,000000,7.6483,7.6858,7.6483,7.6698,162832,0
HGLB.US,D,20191008,000000,7.6483,7.6643,7.6093,7.6242,73588,0
HGLB.US,D,20191009,000000,7.6324,7.6747,7.6324,7.6618,61076,0
HGLB.US,D,20191010,000000,7.6483,7.6858,7.6324,7.6618,79577,0
HGLB.US,D,20191011,000000,7.6483,7.7545,7.6242,7.7011,130370,0
HGLB.US,D,20191014,000000,7.7011,7.7397,7.6698,7.7171,36929,0
HGLB.US,D,20191015,000000,7.6778,7.8915,7.6324,7.7853,151221,0
HGLB.US,D,20191016,000000,7.6858,7.6858,7.1425,7.5861,578824,0
HGLB.US,D,20191017,000000,7.5861,7.5861,7.4939,7.5256,93206,0
HGLB.US,D,20191018,000000,7.5633,7.5633,7.4562,7.4939,94202,0
HGLB.US,D,20191021,000000,7.4029,7.4562,7.3496,7.3875,172788,0
HGLB.US,D,20191022,000000,7.3641,7.5256,7.3374,7.3875,101589,0
HGLB.US,D,20191023,000000,7.3797,7.5339,7.3797,7.5188,117257,0
HGLB.US,D,20191024,000000,7.473,7.5416,7.426,7.426,147444,0
HGLB.US,D,20191025,000000,7.3875,7.441,7.3565,7.4029,196870,0
HGLB.US,D,20191028,000000,7.3488,7.4572,7.3488,7.3641,115587,0
HGLB.US,D,20191029,000000,7.3488,7.3875,7.2713,7.2946,202407,0
HGLB.US,D,20191030,000000,7.3046,7.4185,7.279,7.3176,127386,0
HGLB.US,D,20191031,000000,7.3719,7.3839,7.2713,7.31,60770,0
HGLB.US,D,20191101,000000,7.2713,7.4649,7.2404,7.4105,96474,0
HGLB.US,D,20191104,000000,7.4875,7.5339,7.3797,7.4105,142705,0
HGLB.US,D,20191105,000000,7.3565,7.4798,7.3488,7.3565,131960,0
HGLB.US,D,20191106,000000,7.3565,7.3951,7.2867,7.31,70111,0
HGLB.US,D,20191107,000000,7.279,7.3289,7.2483,7.2713,81201,0
HGLB.US,D,20191108,000000,7.2713,7.3332,6.993,7.0471,243005,0
HGLB.US,D,20191111,000000,7.0547,7.1479,7.0083,7.1479,145988,0
HGLB.US,D,20191112,000000,7.0858,7.1708,7.0005,7.1168,145563,0
HGLB.US,D,20191113,000000,7.1168,7.1221,6.8767,6.9466,164168,0
HGLB.US,D,20191114,000000,6.8925,6.9618,6.8846,6.9466,114373,0
HGLB.US,D,20191115,000000,6.9,6.9618,6.7531,6.815,220787,0
HGLB.US,D,20191118,000000,6.7919,6.9466,6.7793,6.8305,156726,0
HGLB.US,D,20191119,000000,6.7919,6.8458,6.7067,6.7146,258031,0
HGLB.US,D,20191120,000000,6.7378,6.7697,6.7066,6.7378,127695,0
HGLB.US,D,20191121,000000,6.7772,6.8162,6.7301,6.7772,126349,0
HGLB.US,D,20191122,000000,6.7822,6.8804,6.7537,6.7926,113245,0
HGLB.US,D,20191125,000000,6.7614,6.8523,6.7614,6.8211,115901,0
HGLB.US,D,20191126,000000,6.7614,6.8869,6.7456,6.7537,138824,0
HGLB.US,D,20191127,000000,6.7537,6.8162,6.7456,6.7537,74405,0
HGLB.US,D,20191129,000000,6.8552,6.9652,6.8236,6.9182,95747,0
HGLB.US,D,20191202,000000,6.8869,6.9338,6.8849,6.8944,71357,0
HGLB.US,D,20191203,000000,6.8869,6.8891,6.7614,6.8478,164443,0
HGLB.US,D,20191204,000000,6.824,6.8869,6.7772,6.8162,176326,0
HGLB.US,D,20191205,000000,6.7926,6.8162,6.7496,6.8006,102505,0
HGLB.US,D,20191206,000000,6.7851,6.8552,6.7851,6.8478,112124,0
HGLB.US,D,20191209,000000,6.8478,6.9182,6.824,6.9105,144133,0
HGLB.US,D,20191210,000000,6.8633,7.1689,6.8633,7.0435,201535,0
HGLB.US,D,20191211,000000,7.0122,7.1141,7.0044,7.106,217840,0
HGLB.US,D,20191212,000000,7.0905,7.1374,7.0362,7.0905,330627,0
HGLB.US,D,20191213,000000,7.1219,7.1689,7.0515,7.0826,123847,0
HGLB.US,D,20191216,000000,7.0826,7.2002,7.0826,7.1689,127909,0
HGLB.US,D,20191217,000000,7.1886,7.4351,7.1689,7.2157,305400,0
HGLB.US,D,20191218,000000,7.1767,7.396,7.1767,7.3254,98222,0
HGLB.US,D,20191219,000000,7.2863,7.4041,7.2863,7.4041,134309,0
HGLB.US,D,20191220,000000,7.3611,7.5356,7.3611,7.5356,146339,0
HGLB.US,D,20191223,000000,7.5274,7.5274,7.3849,7.4958,124032,0
HGLB.US,D,20191224,000000,7.4958,7.4958,7.4245,7.4482,76406,0
HGLB.US,D,20191226,000000,7.4482,7.4877,7.4326,7.4482,148762,0
HGLB.US,D,20191227,000000,7.456,7.5621,7.456,7.5274,237960,0
HGLB.US,D,20191230,000000,7.472,7.4958,7.3611,7.4166,201621,0
HGLB.US,D,20191231,000000,7.472,7.4733,7.3295,7.4006,177013,0
HGLB.US,D,20200102,000000,7.456,7.654,7.3818,7.5037,146296,0
HGLB.US,D,20200103,000000,7.4245,7.5988,7.4151,7.4958,45133,0
HGLB.US,D,20200106,000000,7.4326,7.5356,7.4326,7.5274,277958,0
HGLB.US,D,20200107,000000,7.4877,7.5461,7.4245,7.472,112670,0
HGLB.US,D,20200108,000000,7.4404,7.4699,7.4006,7.4404,77016,0
HGLB.US,D,20200109,000000,7.4006,7.4482,7.2658,7.4087,135493,0
HGLB.US,D,20200110,000000,7.3692,7.4558,7.3692,7.4482,74371,0
HGLB.US,D,20200113,000000,7.4166,7.439,7.3692,7.3692,58294,0
HGLB.US,D,20200114,000000,7.2979,7.464,7.2979,7.4166,48369,0
HGLB.US,D,20200115,000000,7.3692,7.4482,7.3692,7.4482,57602,0
HGLB.US,D,20200116,000000,7.4245,7.5083,7.4245,7.464,117298,0
HGLB.US,D,20200117,000000,7.464,7.4865,7.4087,7.4166,82111,0
HGLB.US,D,20200121,000000,7.3451,7.398,7.3451,7.3451,147758,0
HGLB.US,D,20200122,000000,7.353,7.3912,7.3216,7.3295,254298,0
HGLB.US,D,20200123,000000,7.2814,7.4093,7.2574,7.3614,301210,0
HGLB.US,D,20200124,000000,7.3696,7.3696,7.2895,7.2895,84226,0
HGLB.US,D,20200127,000000,7.2574,7.2654,7.1375,7.1694,121885,0
HGLB.US,D,20200128,000000,7.1536,7.2337,7.1392,7.2015,65641,0
HGLB.US,D,20200129,000000,7.2654,7.2654,7.1975,7.2414,128840,0
HGLB.US,D,20200130,000000,7.1935,7.2337,7.1935,7.2172,76980,0
HGLB.US,D,20200131,000000,7.2337,7.2373,7.1773,7.2097,106167,0
HGLB.US,D,20200203,000000,7.1773,7.2337,7.1773,7.2337,85178,0
HGLB.US,D,20200204,000000,7.2414,7.2654,7.2158,7.2172,92118,0
HGLB.US,D,20200205,000000,7.2015,7.2496,7.2015,7.2255,96026,0
HGLB.US,D,20200206,000000,7.2172,7.2337,7.2015,7.2097,79980,0
HGLB.US,D,20200207,000000,7.1773,7.2574,7.0574,7.1053,116785,0
HGLB.US,D,20200210,000000,7.0897,7.2574,7.0497,7.1616,100038,0
HGLB.US,D,20200211,000000,7.1297,7.1773,7.1066,7.1455,181512,0
HGLB.US,D,20200212,000000,7.1455,7.1495,7.1217,7.1217,94500,0
HGLB.US,D,20200213,000000,7.1137,7.1345,7.0814,7.1217,89790,0
HGLB.US,D,20200214,000000,7.1217,7.1455,7.0953,7.1335,123595,0
HGLB.US,D,20200218,000000,7.1297,7.1536,7.0977,7.1375,118383,0
HGLB.US,D,20200219,000000,7.2015,7.2654,7.1773,7.2255,383443,0
HGLB.US,D,20200220,000000,7.1856,7.2093,7.1638,7.1935,232804,0
HGLB.US,D,20200221,000000,7.1773,7.1773,7.1585,7.1616,38539,0
HGLB.US,D,20200224,000000,7.1217,7.1217,7.0178,7.0178,111122,0
HGLB.US,D,20200225,000000,7.0419,7.0658,6.802,6.826,55566,0
HGLB.US,D,20200226,000000,6.8176,6.9136,6.754,6.786,145224,0
HGLB.US,D,20200227,000000,6.6739,6.778,6.5618,6.65,334472,0
HGLB.US,D,20200228,000000,6.5061,6.5618,6.3941,6.4262,133179,0
HGLB.US,D,20200302,000000,6.4102,6.626,6.4102,6.5061,89068,0
HGLB.US,D,20200303,000000,6.5618,6.6979,6.4901,6.5461,157108,0
HGLB.US,D,20200304,000000,6.65,6.786,6.6419,6.778,105682,0
HGLB.US,D,20200305,000000,6.6818,6.73,6.618,6.618,67480,0
HGLB.US,D,20200306,000000,6.4501,6.5141,6.3784,6.3784,74868,0
HGLB.US,D,20200309,000000,6.1305,6.1305,5.595,5.8268,108850,0
HGLB.US,D,20200310,000000,5.7946,5.9304,5.7265,5.9304,112030,0
HGLB.US,D,20200311,000000,5.8107,5.8107,5.4031,5.4351,130278,0
HGLB.US,D,20200312,000000,4.9156,4.9156,4.4201,4.628,254137,0
HGLB.US,D,20200313,000000,4.7956,4.8009,4.5321,4.6359,102247,0
HGLB.US,D,20200316,000000,4.2681,4.4158,3.9766,3.9881,165377,0
HGLB.US,D,20200317,000000,3.9246,4.1602,3.9246,4.1402,275715,0
HGLB.US,D,20200318,000000,3.8686,3.8686,2.9212,3.1972,428969,0
HGLB.US,D,20200319,000000,3.1972,3.589,3.1865,3.4931,247863,0
HGLB.US,D,20200320,000000,3.5646,4.2082,3.5646,4.0281,475213,0
HGLB.US,D,20200323,000000,3.7471,4.1455,3.601,3.8933,557693,0
HGLB.US,D,20200324,000000,4.0806,4.3568,3.1128,3.1943,931752,0
HGLB.US,D,20200325,000000,3.2919,3.6415,3.245,3.4869,197032,0
HGLB.US,D,20200326,000000,3.5358,3.7633,3.4951,3.6169,377540,0
HGLB.US,D,20200327,000000,3.5197,3.7066,3.4545,3.6009,122636,0
HGLB.US,D,20200330,000000,3.5033,3.6496,3.5033,3.5464,196119,0
HGLB.US,D,20200331,000000,3.6334,3.7958,3.5149,3.5358,225675,0
HGLB.US,D,20200401,000000,3.3649,3.5722,3.3326,3.422,226483,0
HGLB.US,D,20200402,000000,3.3896,3.496,3.3269,3.422,134368,0
HGLB.US,D,20200403,000000,3.422,3.4795,3.3896,3.4057,75813,0
HGLB.US,D,20200406,000000,3.4626,3.5925,3.4058,3.4951,235869,0
HGLB.US,D,20200407,000000,3.5764,3.7535,3.5604,3.6254,160425,0
HGLB.US,D,20200408,000000,3.6739,4.0318,3.6695,3.8933,242141,0
HGLB.US,D,20200409,000000,3.9747,4.4748,3.9096,4.0072,647514,0
HGLB.US,D,20200413,000000,4.0806,4.0806,3.9016,3.9665,178989,0
HGLB.US,D,20200414,000000,4.0399,4.3162,3.9991,4.2511,208625,0
HGLB.US,D,20200415,000000,4.1455,4.2918,4.1299,4.2186,227666,0
HGLB.US,D,20200416,000000,4.2105,4.2998,4.0318,4.0965,224112,0
HGLB.US,D,20200417,000000,4.0884,4.308,4.0884,4.2266,97447,0
HGLB.US,D,20200420,000000,4.2105,4.2105,4.0641,4.0965,63007,0
HGLB.US,D,20200421,000000,4.0965,4.0965,3.9747,4.0477,481637,0
HGLB.US,D,20200422,000000,4.0015,4.167,4.0015,4.1009,580050,0
HGLB.US,D,20200423,000000,4.1009,4.225,4.1009,4.1503,46308,0
HGLB.US,D,20200424,000000,4.109,4.233,3.9273,3.9519,105650,0
HGLB.US,D,20200427,000000,3.9273,4.0967,3.9273,3.9685,113281,0
HGLB.US,D,20200428,000000,4.1339,4.167,4.0042,4.0512,87425,0
HGLB.US,D,20200429,000000,4.1174,4.291,4.1009,4.1339,767887,0
HGLB.US,D,20200430,000000,4.2992,4.2992,4.1047,4.1916,279449,0
HGLB.US,D,20200501,000000,4.0264,4.2414,3.9355,4.167,168737,0
HGLB.US,D,20200504,000000,4.0677,4.2124,4.0512,4.1754,154633,0
HGLB.US,D,20200505,000000,4.1836,4.2951,4.1836,4.2578,113014,0
HGLB.US,D,20200506,000000,4.2414,4.2971,4.225,4.2661,122371,0
HGLB.US,D,20200507,000000,4.2578,4.3075,4.2578,4.2661,51908,0
HGLB.US,D,20200508,000000,4.2661,4.3408,4.1754,4.3406,187082,0
HGLB.US,D,20200511,000000,4.3406,4.3818,4.2992,4.3734,82061,0
HGLB.US,D,20200512,000000,4.3572,4.4234,4.3323,4.3734,171559,0
HGLB.US,D,20200513,000000,4.3734,4.3818,4.3075,4.3486,178522,0
HGLB.US,D,20200514,000000,4.291,4.3414,4.2166,4.3304,189658,0
HGLB.US,D,20200515,000000,4.2992,4.4067,4.2414,4.3486,104738,0
HGLB.US,D,20200518,000000,4.4315,4.4574,4.2824,4.4148,354219,0
HGLB.US,D,20200519,000000,4.4234,4.5308,4.4234,4.4396,270483,0
HGLB.US,D,20200520,000000,4.4647,4.8119,4.4647,4.7209,450572,0
HGLB.US,D,20200521,000000,4.783,4.8442,4.6737,4.7746,473478,0
HGLB.US,D,20200522,000000,4.7159,4.9507,4.7159,4.9424,131412,0
HGLB.US,D,20200526,000000,5.0346,5.2026,5.0136,5.1018,323693,0
HGLB.US,D,20200527,000000,5.236,5.3284,5.1271,5.2863,311573,0
HGLB.US,D,20200528,000000,5.3621,5.4289,5.2445,5.3873,190228,0
HGLB.US,D,20200529,000000,5.4543,5.4876,5.2698,5.4375,207150,0
HGLB.US,D,20200601,000000,5.4375,5.5213,5.4206,5.4876,189479,0
HGLB.US,D,20200602,000000,5.496,5.5213,5.4543,5.4795,138859,0
HGLB.US,D,20200603,000000,5.4711,5.7228,5.4711,5.6221,231518,0
HGLB.US,D,20200604,000000,5.6221,5.7246,5.6053,5.6347,347900,0
HGLB.US,D,20200605,000000,5.8152,5.8739,5.7312,5.857,124746,0
HGLB.US,D,20200608,000000,5.9074,5.9829,5.8404,5.9074,142048,0
HGLB.US,D,20200609,000000,5.8234,5.9576,5.748,5.857,125742,0
HGLB.US,D,20200610,000000,5.8317,5.8667,5.7375,5.8063,55247,0
HGLB.US,D,20200611,000000,5.5717,5.6978,5.278,5.3954,210500,0
HGLB.US,D,20200612,000000,5.4289,5.665,5.4289,5.538,53954,0
HGLB.US,D,20200615,000000,5.3116,5.6053,5.3116,5.5552,131055,0
HGLB.US,D,20200616,000000,5.664,5.7732,5.5886,5.6305,84359,0
HGLB.US,D,20200617,000000,5.6389,5.7395,5.6136,5.6472,114080,0
HGLB.US,D,20200618,000000,5.5552,5.7814,5.404,5.6892,171659,0
HGLB.US,D,20200619,000000,5.7814,5.8487,5.6221,5.6892,275663,0
HGLB.US,D,20200622,000000,5.548,5.6586,5.548,5.6076,215303,0
HGLB.US,D,20200623,000000,5.6161,5.718,5.5056,5.5396,87169,0
HGLB.US,D,20200624,000000,5.5227,5.5992,5.1852,5.4291,113438,0
HGLB.US,D,20200625,000000,5.3614,5.5056,5.1998,5.3696,330560,0
HGLB.US,D,20200626,000000,5.4291,5.5426,5.1827,5.3104,183932,0
HGLB.US,D,20200629,000000,5.2426,5.4631,5.1688,5.4206,110830,0
HGLB.US,D,20200630,000000,5.4885,5.5049,5.3529,5.4718,116981,0
HGLB.US,D,20200701,000000,5.4124,5.5378,5.3951,5.4464,112272,0
HGLB.US,D,20200702,000000,5.4464,5.5305,5.4377,5.4971,64879,0
HGLB.US,D,20200706,000000,5.4631,5.5653,5.4631,5.548,50186,0
HGLB.US,D,20200707,000000,5.5227,5.5441,5.3614,5.3614,133262,0
HGLB.US,D,20200708,000000,5.3529,5.4377,5.2426,5.3783,108637,0
HGLB.US,D,20200709,000000,5.3441,5.3783,5.1147,5.2507,79858,0
HGLB.US,D,20200710,000000,5.1914,5.4206,5.1914,5.3951,104463,0
HGLB.US,D,20200713,000000,5.3529,5.4291,5.3112,5.3358,75108,0
HGLB.US,D,20200714,000000,5.2426,5.4377,5.2426,5.2975,226661,0
HGLB.US,D,20200715,000000,5.3441,5.3909,5.2679,5.3104,82521,0
HGLB.US,D,20200716,000000,5.3019,5.4038,5.3019,5.3271,128737,0
HGLB.US,D,20200717,000000,5.3185,5.4206,5.3185,5.3696,62798,0
HGLB.US,D,20200720,000000,5.4038,5.4546,5.3951,5.4206,146163,0
HGLB.US,D,20200721,000000,5.4206,5.5649,5.4206,5.4546,161992,0
HGLB.US,D,20200722,000000,5.4291,5.5227,5.4291,5.4377,262677,0
HGLB.US,D,20200723,000000,5.5014,5.5014,5.3722,5.4327,238802,0
HGLB.US,D,20200724,000000,5.3722,5.5617,5.3722,5.4496,45038,0
HGLB.US,D,20200727,000000,5.4411,5.467,5.2861,5.437,105387,0
HGLB.US,D,20200728,000000,5.3809,5.493,5.3809,5.4241,83354,0
HGLB.US,D,20200729,000000,5.467,5.467,5.3896,5.4584,68433,0
HGLB.US,D,20200730,000000,5.4327,5.467,5.3809,5.4327,71562,0
HGLB.US,D,20200731,000000,5.467,5.4844,5.3896,5.467,61618,0
HGLB.US,D,20200803,000000,5.5014,5.5014,5.3981,5.437,87526,0
HGLB.US,D,20200804,000000,5.3981,5.5014,5.3981,5.467,65070,0
HGLB.US,D,20200805,000000,5.51,5.51,5.4506,5.4755,78166,0
HGLB.US,D,20200806,000000,5.51,5.5961,5.4844,5.4844,113114,0
HGLB.US,D,20200807,000000,5.4844,5.5186,5.4241,5.5186,102220,0
HGLB.US,D,20200810,000000,5.4755,5.5961,5.4411,5.5874,94549,0
HGLB.US,D,20200811,000000,5.5961,5.6909,5.5532,5.5617,160857,0
HGLB.US,D,20200812,000000,5.5961,5.7079,5.5821,5.6306,119558,0
HGLB.US,D,20200813,000000,5.579,5.6562,5.4066,5.5704,145167,0
HGLB.US,D,20200814,000000,5.5357,5.6736,5.5357,5.6047,77322,0
HGLB.US,D,20200817,000000,5.6306,5.6909,5.5357,5.6219,178806,0
HGLB.US,D,20200818,000000,5.5617,5.7166,5.5617,5.6393,167730,0
HGLB.US,D,20200819,000000,5.7341,5.7374,5.5704,5.665,161647,0
HGLB.US,D,20200820,000000,5.6134,5.6736,5.6046,5.6562,75009,0
HGLB.US,D,20200821,000000,5.6562,5.8975,5.6178,5.7079,470463,0
HGLB.US,D,20200824,000000,5.7028,6.043,5.633,5.8425,499457,0
HGLB.US,D,20200825,000000,5.7988,5.8859,5.7812,5.8425,62433,0
HGLB.US,D,20200826,000000,5.8597,5.8597,5.6854,5.7988,121583,0
HGLB.US,D,20200827,000000,5.7988,5.8597,5.7376,5.8072,92226,0
HGLB.US,D,20200828,000000,5.7727,5.8772,5.7727,5.8425,54452,0
HGLB.US,D,20200831,000000,5.8859,5.9034,5.7551,5.8425,135243,0
HGLB.US,D,20200901,000000,5.7988,5.8766,5.7727,5.8164,78045,0
HGLB.US,D,20200902,000000,5.7812,5.8023,5.7288,5.7639,36164,0
HGLB.US,D,20200903,000000,5.7639,5.7822,5.6505,5.668,42867,0
HGLB.US,D,20200904,000000,5.6985,5.7551,5.5286,5.668,127467,0
HGLB.US,D,20200908,000000,5.5457,5.7288,5.537,5.6157,136607,0
HGLB.US,D,20200909,000000,5.668,5.7204,5.633,5.6505,62969,0
HGLB.US,D,20200910,000000,5.6591,5.7464,5.6591,5.668,54081,0
HGLB.US,D,20200911,000000,5.6767,5.7639,5.6417,5.7116,72385,0
HGLB.US,D,20200914,000000,5.7639,5.8164,5.6941,5.7464,78575,0
HGLB.US,D,20200915,000000,5.7988,5.7988,5.6854,5.7116,150420,0
HGLB.US,D,20200916,000000,5.7204,5.79,5.7116,5.7551,71533,0
HGLB.US,D,20200917,000000,5.7551,5.7727,5.7029,5.7376,58116,0
HGLB.US,D,20200918,000000,5.7812,5.79,5.716,5.7376,140077,0
HGLB.US,D,20200921,000000,5.6705,5.8298,5.6219,5.6705,89099,0
HGLB.US,D,20200922,000000,5.644,5.7147,5.5823,5.6088,53472,0
HGLB.US,D,20200923,000000,5.5733,5.636,5.3881,5.441,139214,0
HGLB.US,D,20200924,000000,5.3349,5.4496,5.3349,5.3702,76030,0
HGLB.US,D,20200925,000000,5.3437,5.4674,5.3437,5.4674,38811,0
HGLB.US,D,20200928,000000,5.5558,5.5647,5.4057,5.441,109159,0
HGLB.US,D,20200929,000000,5.3968,5.4496,5.3757,5.4234,71625,0
HGLB.US,D,20200930,000000,5.4674,5.5647,5.4145,5.4763,66739,0
HGLB.US,D,20201001,000000,5.4763,5.5204,5.4321,5.4763,69543,0
HGLB.US,D,20201002,000000,5.3528,5.4763,5.3349,5.3881,40488,0
HGLB.US,D,20201005,000000,5.4321,5.5029,5.3881,5.4234,84574,0
HGLB.US,D,20201006,000000,5.4057,5.4586,5.4057,5.4291,66064,0
HGLB.US,D,20201007,000000,5.4057,5.4409,5.3615,5.4057,72173,0
HGLB.US,D,20201008,000000,5.4234,5.4234,5.3349,5.4057,95760,0
HGLB.US,D,20201009,000000,5.4234,5.4321,5.3702,5.3881,106592,0
HGLB.US,D,20201012,000000,5.3792,5.4057,5.3437,5.3437,151594,0
HGLB.US,D,20201013,000000,5.3349,5.3968,5.3262,5.3349,100053,0
HGLB.US,D,20201014,000000,5.3349,5.3482,5.2731,5.3262,86974,0
HGLB.US,D,20201015,000000,5.2557,5.3528,5.2557,5.3349,58328,0
HGLB.US,D,20201016,000000,5.3084,5.3348,5.2557,5.282,90028,0
HGLB.US,D,20201019,000000,5.282,5.2997,5.229,5.2643,69758,0
HGLB.US,D,20201020,000000,5.2643,5.2997,5.2465,5.2731,119527,0
HGLB.US,D,20201021,000000,5.2731,5.2997,5.2643,5.2643,65629,0
HGLB.US,D,20201022,000000,5.2376,5.2557,5.1583,5.2465,242934,0
HGLB.US,D,20201023,000000,5.2143,5.3219,5.2143,5.2413,159676,0
HGLB.US,D,20201026,000000,5.1606,5.2232,5.1248,5.1425,49727,0
HGLB.US,D,20201027,000000,5.1517,5.1517,4.9189,4.9367,157161,0
HGLB.US,D,20201028,000000,4.9722,4.9815,4.7485,4.7663,91025,0
HGLB.US,D,20201029,000000,4.8545,4.8545,4.5783,4.6499,184346,0
HGLB.US,D,20201030,000000,4.6948,4.6948,4.3453,4.5425,215408,0
HGLB.US,D,20201102,000000,4.4707,4.5872,4.4707,4.5244,161230,0
HGLB.US,D,20201103,000000,4.5244,4.6051,4.4389,4.5066,187007,0
HGLB.US,D,20201104,000000,4.5066,4.5961,4.5066,4.5333,74008,0
HGLB.US,D,20201105,000000,4.5425,4.7305,4.5244,4.5873,154728,0
HGLB.US,D,20201106,000000,4.5783,4.6499,4.5156,4.5156,144297,0
HGLB.US,D,20201109,000000,4.5783,4.7036,4.5602,4.5695,283314,0
HGLB.US,D,20201110,000000,4.5961,4.7305,4.5961,4.6499,93434,0
HGLB.US,D,20201111,000000,4.668,4.7753,4.668,4.7217,189989,0
HGLB.US,D,20201112,000000,4.6769,4.7444,4.668,4.6857,169271,0
HGLB.US,D,20201113,000000,4.6948,4.8024,4.6866,4.8024,131237,0
HGLB.US,D,20201116,000000,4.8829,5.0085,4.8203,4.9904,213617,0
HGLB.US,D,20201117,000000,4.9722,5.1067,4.8917,5.0441,359223,0
HGLB.US,D,20201118,000000,5.0801,5.1964,5.062,5.0801,271783,0
HGLB.US,D,20201119,000000,5.0441,5.1964,5.0218,5.1694,280810,0
HGLB.US,D,20201120,000000,5.1731,5.3368,5.1187,5.1822,205002,0
HGLB.US,D,20201123,000000,5.2458,5.3277,5.1641,5.2641,214248,0
HGLB.US,D,20201124,000000,5.3096,5.4095,5.2732,5.3548,245056,0
HGLB.US,D,20201125,000000,5.4005,5.455,5.3368,5.446,114503,0
HGLB.US,D,20201127,000000,5.455,5.5458,5.3732,5.5458,115866,0
HGLB.US,D,20201130,000000,5.5458,5.5458,5.4005,5.4641,186122,0
HGLB.US,D,20201201,000000,5.4005,5.6277,5.4005,5.5824,145579,0
HGLB.US,D,20201202,000000,5.5824,5.7277,5.5458,5.6641,202003,0
HGLB.US,D,20201203,000000,5.6822,5.8914,5.6551,5.7914,232040,0
HGLB.US,D,20201204,000000,5.8642,5.9552,5.8186,5.8825,159517,0
HGLB.US,D,20201207,000000,5.8642,5.9823,5.7277,5.8642,397206,0
HGLB.US,D,20201208,000000,5.8642,6.0006,5.7367,5.9097,156940,0
HGLB.US,D,20201209,000000,5.9188,6.0006,5.8089,5.9188,213980,0
HGLB.US,D,20201210,000000,5.9097,6.0006,5.8914,5.9552,137171,0
HGLB.US,D,20201211,000000,6.037,6.0643,5.8825,6.0006,175462,0
HGLB.US,D,20201214,000000,6.0458,6.1096,5.9369,5.9461,179312,0
HGLB.US,D,20201215,000000,5.9278,6.2553,5.9278,6.137,178988,0
HGLB.US,D,20201216,000000,6.0278,6.155,6.0057,6.0732,268336,0
HGLB.US,D,20201217,000000,6.0823,6.1824,6.0823,6.1278,252556,0
HGLB.US,D,20201218,000000,6.1097,6.1849,6.1041,6.1734,219670,0
HGLB.US,D,20201221,000000,5.8272,6.094,5.7397,5.91,382220,0
HGLB.US,D,20201222,000000,5.9192,5.9192,5.7166,5.864,208530,0
HGLB.US,D,20201223,000000,5.9007,6.0203,5.864,5.956,198621,0
HGLB.US,D,20201224,000000,5.9997,6.0665,5.9192,6.0297,53625,0
HGLB.US,D,20201228,000000,6.0112,6.1033,5.9745,6.0297,316273,0
HGLB.US,D,20201229,000000,6.094,6.094,5.9007,6.048,172460,0
HGLB.US,D,20201230,000000,5.9652,6.0939,5.9007,6.0021,170097,0
HGLB.US,D,20201231,000000,6.048,6.048,5.8916,6.0112,222168,0
HGLB.US,D,20210104,000000,6.0297,6.048,5.91,5.9375,105090,0
HGLB.US,D,20210105,000000,5.91,6.0389,5.9007,5.9284,175785,0
HGLB.US,D,20210106,000000,5.8916,6.0203,5.8916,5.956,159796,0
HGLB.US,D,20210107,000000,6.0021,6.0529,5.956,6.0203,120369,0
HGLB.US,D,20210108,000000,6.0203,6.1884,6.0112,6.0758,197617,0
HGLB.US,D,20210111,000000,5.9469,6.1539,5.9007,6.048,305814,0
HGLB.US,D,20210112,000000,6.1125,6.2229,6.048,6.1217,190640,0
HGLB.US,D,20210113,000000,6.1217,6.1678,6.0572,6.0849,190759,0
HGLB.US,D,20210114,000000,6.0849,6.2229,6.0758,6.1954,218404,0
HGLB.US,D,20210115,000000,6.1769,6.2138,6.1217,6.1769,108096,0
HGLB.US,D,20210119,000000,6.2138,6.3243,6.1769,6.2597,214281,0
HGLB.US,D,20210120,000000,6.2691,6.3795,6.2322,6.2505,274457,0
HGLB.US,D,20210121,000000,6.2229,6.3702,6.1495,6.2691,322357,0
HGLB.US,D,20210122,000000,6.1954,6.3243,6.1586,6.2874,178798,0
HGLB.US,D,20210125,000000,6.1674,6.344,6.1583,6.2697,196388,0
HGLB.US,D,20210126,000000,6.2791,6.344,6.1394,6.2697,197298,0
HGLB.US,D,20210127,000000,6.2697,6.3162,6.1862,6.1862,83696,0
HGLB.US,D,20210128,000000,6.2046,6.307,6.1582,6.2603,87584,0
HGLB.US,D,20210129,000000,6.3162,6.372,6.1489,6.2791,171426,0
HGLB.US,D,20210201,000000,6.2697,6.3812,6.214,6.2791,447413,0
HGLB.US,D,20210202,000000,6.3256,6.3628,6.2697,6.3256,91980,0
HGLB.US,D,20210203,000000,6.3162,6.4,6.2232,6.307,166567,0
HGLB.US,D,20210204,000000,6.3162,6.3799,6.2326,6.2883,128543,0
HGLB.US,D,20210205,000000,6.344,6.3812,6.3162,6.3256,90464,0
HGLB.US,D,20210208,000000,6.3349,6.4092,6.2883,6.3628,249218,0
HGLB.US,D,20210209,000000,6.372,6.4651,6.344,6.4466,174105,0
HGLB.US,D,20210210,000000,6.4466,6.5767,6.4093,6.5302,245597,0
HGLB.US,D,20210211,000000,6.5396,6.6325,6.493,6.5488,119813,0
HGLB.US,D,20210212,000000,6.5488,6.629,6.5302,6.6045,114964,0
HGLB.US,D,20210216,000000,6.6045,6.7721,6.6034,6.7443,155529,0
HGLB.US,D,20210217,000000,6.7535,6.8837,6.6991,6.8278,245875,0
HGLB.US,D,20210218,000000,6.7537,6.9222,6.7443,6.8663,168856,0
HGLB.US,D,20210219,000000,6.8663,6.9791,6.7721,6.8852,128481,0
HGLB.US,D,20210222,000000,6.8007,7.0355,6.8007,6.8945,246903,0
HGLB.US,D,20210223,000000,6.9039,6.9698,6.8194,6.9698,72379,0
HGLB.US,D,20210224,000000,7.0167,7.1014,6.9608,7.0355,160064,0
HGLB.US,D,20210225,000000,7.0542,7.1387,6.857,6.9323,152176,0
HGLB.US,D,20210226,000000,6.8757,6.9509,6.7067,6.7912,339625,0
HGLB.US,D,20210301,000000,6.8101,6.9979,6.8101,6.9791,103746,0
HGLB.US,D,20210302,000000,6.951,6.9603,6.8477,6.8852,78634,0
HGLB.US,D,20210303,000000,6.9415,7.0261,6.9039,6.951,163750,0
HGLB.US,D,20210304,000000,6.9791,7.0447,6.857,6.9979,223520,0
HGLB.US,D,20210305,000000,7.0355,7.0637,6.8852,7.0637,173598,0
HGLB.US,D,20210308,000000,7.0073,7.2242,6.7912,7.1014,333608,0
HGLB.US,D,20210309,000000,7.1388,7.1858,6.5566,6.9039,589187,0
HGLB.US,D,20210310,000000,6.9323,7.0355,6.857,7.0261,202363,0
HGLB.US,D,20210311,000000,7.0542,7.0719,6.8852,6.8945,167741,0
HGLB.US,D,20210312,000000,6.8852,7.0692,6.8852,6.951,99371,0
HGLB.US,D,20210315,000000,6.951,7.0824,6.951,7.0261,121224,0
HGLB.US,D,20210316,000000,7.0447,7.0918,6.9039,6.9698,153394,0
HGLB.US,D,20210317,000000,6.951,7.0824,6.918,7.0355,148186,0
HGLB.US,D,20210318,000000,7.0261,7.0447,6.951,6.9979,60067,0
HGLB.US,D,20210319,000000,6.9979,7.1106,6.857,7.0824,171724,0
HGLB.US,D,20210322,000000,7.0447,7.1669,6.9979,7.1388,258825,0
HGLB.US,D,20210323,000000,6.9975,7.1492,6.9881,7.0165,213349,0
HGLB.US,D,20210324,000000,6.9975,7.1208,6.9975,6.9975,166034,0
HGLB.US,D,20210325,000000,6.9786,7.1208,6.8838,7.1019,299210,0
HGLB.US,D,20210326,000000,7.1397,7.1587,6.9501,7.1397,166234,0
HGLB.US,D,20210329,000000,7.1967,7.3237,7.1113,7.2346,182050,0
HGLB.US,D,20210330,000000,7.2346,7.3481,7.1775,7.3294,295120,0
HGLB.US,D,20210331,000000,7.3104,7.4053,7.2346,7.3104,131767,0
HGLB.US,D,20210401,000000,7.3199,7.3294,7.2061,7.2819,106686,0
HGLB.US,D,20210405,000000,7.2819,7.3388,7.2725,7.301,152291,0
HGLB.US,D,20210406,000000,7.3673,7.5382,7.3484,7.4337,230786,0
HGLB.US,D,20210407,000000,7.4811,7.5664,7.4526,7.5382,203432,0
HGLB.US,D,20210408,000000,7.5664,7.6896,7.5189,7.5963,215651,0
HGLB.US,D,20210409,000000,7.6044,7.8129,7.5949,7.6708,165450,0
HGLB.US,D,20210412,000000,7.7086,7.9836,7.7086,7.8129,120763,0
HGLB.US,D,20210413,000000,7.8225,7.9836,7.794,7.8792,173418,0
HGLB.US,D,20210414,000000,7.9552,7.9836,7.8698,7.9078,144619,0
HGLB.US,D,20210415,000000,7.9078,8.1353,7.9078,8.0975,247691,0
HGLB.US,D,20210416,000000,8.0975,8.486,8.0975,8.3249,400031,0
HGLB.US,D,20210419,000000,8.3819,8.4957,8.3353,8.3725,189934,0
HGLB.US,D,20210420,000000,8.3725,8.5808,8.3725,8.5242,303383,0
HGLB.US,D,20210421,000000,8.5242,8.6284,8.486,8.5715,220716,0
HGLB.US,D,20210422,000000,8.4961,8.5916,7.7887,7.9513,436996,0
HGLB.US,D,20210423,000000,8.1234,8.3621,7.9703,8.1329,288490,0
HGLB.US,D,20210426,000000,8.1329,8.2188,8.1041,8.1997,182182,0
HGLB.US,D,20210427,000000,8.2188,8.257,8.1329,8.1806,108016,0
HGLB.US,D,20210428,000000,8.1997,8.2858,8.0372,8.1902,124138,0
HGLB.US,D,20210429,000000,8.2093,8.3039,7.9608,8.2093,225528,0
HGLB.US,D,20210430,000000,8.238,8.2666,8.0476,8.1806,150500,0
HGLB.US,D,20210503,000000,8.2188,8.3143,8.0946,8.1136,135703,0
HGLB.US,D,20210504,000000,8.1711,8.3049,8.047,8.1806,112410,0
HGLB.US,D,20210505,000000,8.1806,8.3621,8.1806,8.2858,62791,0
HGLB.US,D,20210506,000000,8.3143,8.3621,8.047,8.3431,239299,0
HGLB.US,D,20210507,000000,8.3431,8.41,8.1997,8.3337,173932,0
HGLB.US,D,20210510,000000,8.3337,8.4195,8.2858,8.3239,142073,0
HGLB.US,D,20210511,000000,8.2858,8.3708,8.2284,8.3143,198314,0
HGLB.US,D,20210512,000000,8.2858,8.41,8.1519,8.1806,271603,0
HGLB.US,D,20210513,000000,8.1711,8.3104,8.1711,8.2858,116091,0
HGLB.US,D,20210514,000000,8.3813,8.4186,8.2475,8.3621,181455,0
HGLB.US,D,20210517,000000,8.3908,8.4482,8.2858,8.3908,167200,0
HGLB.US,D,20210518,000000,8.4674,8.4769,8.3621,8.41,161323,0
HGLB.US,D,20210519,000000,8.3719,8.4482,8.2666,8.4386,130663,0
HGLB.US,D,20210520,000000,8.3723,8.536,8.3528,8.5166,143597,0
HGLB.US,D,20210521,000000,8.5071,8.5841,8.4396,8.5166,119447,0
HGLB.US,D,20210524,000000,8.5166,8.5745,8.4781,8.536,167372,0
HGLB.US,D,20210525,000000,8.5649,8.6515,8.4686,8.4877,158642,0
HGLB.US,D,20210526,000000,8.4686,8.5938,8.4396,8.4976,116583,0
HGLB.US,D,20210527,000000,8.4877,8.7961,8.4794,8.6709,493674,0
HGLB.US,D,20210528,000000,8.7671,8.7864,8.536,8.7095,129652,0
HGLB.US,D,20210601,000000,8.8346,8.854,8.7095,8.7864,375656,0
HGLB.US,D,20210602,000000,8.8057,8.854,8.6997,8.7961,277594,0
HGLB.US,D,20210603,000000,8.7961,8.8925,8.7624,8.8442,91192,0
HGLB.US,D,20210604,000000,8.8925,8.9116,8.8442,8.8925,81337,0
HGLB.US,D,20210607,000000,8.8731,8.9984,8.825,8.9599,162467,0
HGLB.US,D,20210608,000000,8.9599,9.0081,8.8866,8.9599,268902,0
HGLB.US,D,20210609,000000,8.9599,9.1526,8.8442,8.9455,169059,0
HGLB.US,D,20210610,000000,8.9406,9.0369,8.8635,8.9695,221686,0
HGLB.US,D,20210611,000000,8.9888,9.0081,8.9303,9.0081,88666,0
HGLB.US,D,20210614,000000,9.0369,9.1429,9.0329,9.0658,230920,0
HGLB.US,D,20210615,000000,9.0658,9.1429,8.7864,8.9695,402869,0
HGLB.US,D,20210616,000000,9.0081,9.0081,8.854,8.8925,217261,0
HGLB.US,D,20210617,000000,8.8925,8.9791,8.7286,8.7768,207642,0
HGLB.US,D,20210618,000000,8.7382,8.7671,8.6226,8.6805,160451,0
HGLB.US,D,20210621,000000,8.7671,8.9406,8.7191,8.854,267417,0
HGLB.US,D,20210622,000000,8.8646,8.8839,8.7353,8.7966,116605,0
HGLB.US,D,20210623,000000,8.7966,8.9326,8.5927,8.7481,434317,0
HGLB.US,D,20210624,000000,8.7869,8.7966,8.6801,8.7869,183817,0
HGLB.US,D,20210625,000000,8.7869,8.9326,8.6801,8.8258,202521,0
HGLB.US,D,20210628,000000,8.8258,8.9519,8.7258,8.8258,118677,0
HGLB.US,D,20210629,000000,8.7869,8.9423,8.6606,8.7286,199735,0
HGLB.US,D,20210630,000000,8.7869,8.8938,8.7384,8.7966,159402,0
HGLB.US,D,20210701,000000,8.8258,8.9811,8.8258,8.9131,224569,0
HGLB.US,D,20210702,000000,8.8938,8.9519,8.8839,8.8938,137297,0
HGLB.US,D,20210706,000000,8.9617,8.9811,8.8258,8.8839,172513,0
HGLB.US,D,20210707,000000,8.8743,9.0296,8.8743,8.9326,83392,0
HGLB.US,D,20210708,000000,8.8063,8.8839,8.7383,8.8451,117625,0
HGLB.US,D,20210709,000000,8.9227,9.0296,8.8856,8.9908,39975,0
HGLB.US,D,20210712,000000,9.0199,9.0685,8.9869,9.0588,58039,0
HGLB.US,D,20210713,000000,9.0879,9.0879,8.9811,9.0296,57869,0
HGLB.US,D,20210714,000000,9.0199,9.1073,9.0005,9.0976,54971,0
HGLB.US,D,20210715,000000,9.1268,9.1268,8.9812,9.117,114177,0
HGLB.US,D,20210716,000000,9.1849,9.1849,9.0403,9.0879,56667,0
HGLB.US,D,20210719,000000,9.0879,9.1268,8.7966,9.0781,327069,0
HGLB.US,D,20210720,000000,9.1073,9.369,9.0976,9.282,275739,0
HGLB.US,D,20210721,000000,9.282,9.369,9.1364,9.2529,251988,0
HGLB.US,D,20210722,000000,9.3126,9.3126,9.2147,9.2441,107925,0
HGLB.US,D,20210723,000000,9.2246,9.2735,9.2147,9.2246,66729,0
HGLB.US,D,20210726,000000,9.2246,9.3223,9.2246,9.3029,139893,0
HGLB.US,D,20210727,000000,9.3223,9.3223,9.2441,9.2735,77337,0
HGLB.US,D,20210728,000000,9.293,9.3614,9.2539,9.2638,57066,0
HGLB.US,D,20210729,000000,9.3029,9.3906,9.2638,9.3614,64185,0
HGLB.US,D,20210730,000000,9.371,9.371,9.3029,9.3223,60861,0
HGLB.US,D,20210802,000000,9.3223,9.3906,9.293,9.3614,125053,0
HGLB.US,D,20210803,000000,9.3906,9.3906,9.2441,9.3223,134535,0
HGLB.US,D,20210804,000000,9.3223,9.3223,9.2441,9.2832,62129,0
HGLB.US,D,20210805,000000,9.3323,9.342,9.2641,9.3126,38750,0
HGLB.US,D,20210806,000000,9.3126,9.3323,9.2735,9.293,49201,0
HGLB.US,D,20210809,000000,9.293,9.4886,9.293,9.4697,104268,0
HGLB.US,D,20210810,000000,9.527,9.527,9.293,9.3517,62584,0
HGLB.US,D,20210811,000000,9.3808,9.587,9.3223,9.567,131978,0
HGLB.US,D,20210812,000000,9.607,9.626,9.577,9.626,82836,0
HGLB.US,D,20210813,000000,9.626,9.79,9.626,9.694,148198,0
HGLB.US,D,20210816,000000,9.724,9.753,9.587,9.744,107424,0
HGLB.US,D,20210817,000000,9.772,9.801,9.647,9.744,149448,0
HGLB.US,D,20210818,000000,9.744,9.753,9.44,9.617,99104,0
HGLB.US,D,20210819,000000,9.577,9.626,9.4985,9.537,82119,0
HGLB.US,D,20210820,000000,9.527,9.684,9.4006,9.4202,95384,0
HGLB.US,D,20210823,000000,9.3818,9.687,9.3621,9.629,90666,0
HGLB.US,D,20210824,000000,9.629,9.629,9.3424,9.529,168017,0
HGLB.US,D,20210825,000000,9.539,9.687,9.434,9.4707,107394,0
HGLB.US,D,20210826,000000,9.4707,9.657,9.4519,9.549,66364,0
HGLB.US,D,20210827,000000,9.619,9.767,9.511,9.767,59965,0
HGLB.US,D,20210830,000000,9.717,9.805,9.717,9.747,137021,0
HGLB.US,D,20210831,000000,9.767,9.805,9.697,9.727,65250,0
HGLB.US,D,20210901,000000,9.737,9.805,9.707,9.757,41816,0
HGLB.US,D,20210902,000000,9.805,9.805,9.707,9.747,46297,0
HGLB.US,D,20210903,000000,9.707,9.774,9.687,9.687,52891,0
HGLB.US,D,20210907,000000,9.609,9.679,9.579,9.609,89882,0
HGLB.US,D,20210908,000000,9.638,9.727,9.609,9.638,25673,0
HGLB.US,D,20210909,000000,9.647,9.757,9.579,9.757,56406,0
HGLB.US,D,20210910,000000,9.805,9.854,9.717,9.767,72883,0
HGLB.US,D,20210913,000000,9.845,9.845,9.776,9.805,51431,0
HGLB.US,D,20210914,000000,9.815,9.855,9.776,9.815,69613,0
HGLB.US,D,20210915,000000,9.805,9.815,9.757,9.805,60246,0
HGLB.US,D,20210916,000000,9.776,9.825,9.707,9.707,66936,0
HGLB.US,D,20210917,000000,9.747,9.8,9.662,9.747,97078,0
HGLB.US,D,20210920,000000,9.727,9.737,9.4608,9.4906,91558,0
HGLB.US,D,20210921,000000,9.647,9.707,9.4608,9.569,121225,0
HGLB.US,D,20210922,000000,9.63,9.64,9.552,9.64,43851,0
HGLB.US,D,20210923,000000,9.61,9.828,9.55,9.55,95976,0
HGLB.US,D,20210924,000000,9.55,9.729,9.431,9.4807,23856,0
HGLB.US,D,20210927,000000,9.52,9.56,8.7659,9.0836,355720,0
HGLB.US,D,20210928,000000,9.0042,9.163,8.8652,9.0042,161071,0
HGLB.US,D,20210929,000000,9.0042,9.024,8.9247,8.9545,91046,0
HGLB.US,D,20210930,000000,9.0836,9.1033,8.9942,9.024,44724,0
HGLB.US,D,20211001,000000,9.0538,9.0935,8.9942,9.0637,62655,0
HGLB.US,D,20211004,000000,9.0439,9.3119,8.9946,9.2226,130129,0
HGLB.US,D,20211005,000000,9.3218,9.3615,9.2859,9.3119,66566,0
HGLB.US,D,20211006,000000,9.2821,9.3516,9.2126,9.2623,48941,0
HGLB.US,D,20211007,000000,9.3119,9.431,9.302,9.3913,46620,0
HGLB.US,D,20211008,000000,9.2821,9.3715,9.2821,9.3119,53180,0
HGLB.US,D,20211011,000000,9.2821,9.431,9.2722,9.4112,74738,0
HGLB.US,D,20211012,000000,9.431,9.431,9.2028,9.3417,40606,0
HGLB.US,D,20211013,000000,9.3318,9.4309,9.3318,9.4013,30902,0
HGLB.US,D,20211014,000000,9.4211,9.57,9.4211,9.431,58531,0
HGLB.US,D,20211015,000000,9.54,9.59,9.4707,9.54,43311,0
HGLB.US,D,20211018,000000,9.54,9.709,9.54,9.709,75247,0
HGLB.US,D,20211019,000000,9.679,9.739,9.659,9.679,70894,0
HGLB.US,D,20211020,000000,9.709,9.709,9.63,9.709,101765,0
HGLB.US,D,20211021,000000,9.7,9.7201,9.63,9.69,42389,0
HGLB.US,D,20211022,000000,9.57,9.6763,9.5,9.59,96088,0
HGLB.US,D,20211025,000000,9.58,9.72,9.48,9.56,97571,0
HGLB.US,D,20211026,000000,9.56,9.7035,9.52,9.57,33209,0
HGLB.US,D,20211027,000000,9.53,9.63,9.49,9.52,30511,0
HGLB.US,D,20211028,000000,9.55,9.6,9.5,9.56,68668,0
HGLB.US,D,20211029,000000,9.63,9.67,9.45,9.6,81166,0
HGLB.US,D,20211101,000000,9.48,9.578,9.4201,9.49,167371,0
HGLB.US,D,20211102,000000,9.49,9.51,9.47,9.51,44550,0
HGLB.US,D,20211103,000000,9.52,9.5299,9.45,9.47,55611,0
HGLB.US,D,20211104,000000,9.48,9.48,9.32,9.43,76227,0
HGLB.US,D,20211105,000000,9.33,9.4942,9.33,9.43,107285,0
HGLB.US,D,20211108,000000,9.42,9.4498,9.4,9.41,74081,0
HGLB.US,D,20211109,000000,9.44,9.44,9.36,9.4,49754,0
HGLB.US,D,20211110,000000,9.4,9.5,9.37,9.42,27615,0
HGLB.US,D,20211111,000000,9.4,9.5,9.4,9.44,56652,0
HGLB.US,D,20211112,000000,9.48,9.5,9.41,9.46,66135,0
HGLB.US,D,20211115,000000,9.5,9.52,9.45,9.51,102718,0
HGLB.US,D,20211116,000000,9.47,9.5486,9.45,9.52,88544,0
HGLB.US,D,20211117,000000,9.5,9.5,9.34,9.37,51216,0
HGLB.US,D,20211118,000000,9.35,9.4029,9.23,9.26,85470,0
HGLB.US,D,20211119,000000,9.18,9.5,9.18,9.22,64806,0
HGLB.US,D,20211122,000000,9.16,9.17,9.07,9.12,72869,0
HGLB.US,D,20211123,000000,9.07,9.12,9.0601,9.07,64095,0
HGLB.US,D,20211124,000000,9,9.0788,8.99,9.07,129631,0
HGLB.US,D,20211126,000000,9.06,9.075,8.85,8.93,123617,0
HGLB.US,D,20211129,000000,9.01,9.02,8.9002,8.97,90787,0
HGLB.US,D,20211130,000000,9.07,9.07,8.78,8.9,85145,0
HGLB.US,D,20211201,000000,8.92,8.96,8.69,8.83,176757,0
HGLB.US,D,20211202,000000,8.72,8.8494,8.72,8.8,137604,0
HGLB.US,D,20211203,000000,8.82,8.91,8.68,8.74,40072,0
HGLB.US,D,20211206,000000,8.75,8.8299,8.7206,8.74,85752,0
HGLB.US,D,20211207,000000,8.78,8.89,8.71,8.77,158101,0
HGLB.US,D,20211208,000000,8.75,8.88,8.68,8.69,88030,0
HGLB.US,D,20211209,000000,8.68,8.7286,8.46,8.54,166791,0
HGLB.US,D,20211210,000000,8.63,8.7,8.53,8.58,142923,0
HGLB.US,D,20211213,000000,8.51,8.6185,8.45,8.51,220097,0
HGLB.US,D,20211214,000000,8.62,8.75,8.45,8.73,229056,0
HGLB.US,D,20211215,000000,8.9,8.9299,8.75,8.86,255286,0
HGLB.US,D,20211216,000000,9.07,9.1,8.94,9.02,200499,0
HGLB.US,D,20211217,000000,9.1,9.31,9.02,9.27,147396,0
HGLB.US,D,20211220,000000,9.22,9.27,9.15,9.23,138235,0
HGLB.US,D,20211221,000000,9.27,9.39,9.255,9.35,91507,0
HGLB.US,D,20211222,000000,9.25,9.41,9.2491,9.37,103170,0
HGLB.US,D,20211223,000000,9.37,9.38,9.3229,9.35,67665,0
HGLB.US,D,20211227,000000,9.32,9.4621,9.26,9.26,89662,0
HGLB.US,D,20211228,000000,9.25,9.35,9.12,9.12,73254,0
HGLB.US,D,20211229,000000,9.19,9.27,9.1,9.24,79799,0
HGLB.US,D,20211230,000000,9.27,9.33,9.02,9.1,60620,0
HGLB.US,D,20211231,000000,9.1,9.18,9.0489,9.07,73240,0
HGLB.US,D,20220103,000000,8.97,9.255,8.93,9.04,289152,0
HGLB.US,D,20220104,000000,9.21,9.29,9.1178,9.2,72786,0
HGLB.US,D,20220105,000000,9.27,9.44,9.21,9.36,122833,0
HGLB.US,D,20220106,000000,9.43,9.55,9.36,9.55,80366,0
HGLB.US,D,20220107,000000,9.61,9.71,9.4506,9.61,115177,0
HGLB.US,D,20220110,000000,9.52,9.7851,9.3106,9.64,126392,0
HGLB.US,D,20220111,000000,9.81,9.81,9.56,9.75,114327,0
HGLB.US,D,20220112,000000,9.78,10,9.72,9.76,86970,0
HGLB.US,D,20220113,000000,9.79,9.9,9.76,9.83,117084,0
HGLB.US,D,20220114,000000,9.9,9.93,9.76,9.82,96160,0
HGLB.US,D,20220118,000000,9.83,9.91,9.77,9.81,158086,0
HGLB.US,D,20220119,000000,9.87,9.92,9.8001,9.85,89681,0
HGLB.US,D,20220120,000000,9.89,9.95,9.86,9.87,125234,0
HGLB.US,D,20220121,000000,9.67,9.8197,9.45,9.6,132303,0
