<TICKER>,<PER>,<DATE>,<TIME>,<OPEN>,<HIGH>,<LOW>,<CLOSE>,<VOL>,<OPENINT>
HIPO-WS.US,D,20210804,000000,1.6,1.68,1.56,1.56,22098,0
HIPO-WS.US,D,20210805,000000,1.37,1.63,1.07,1.4,88426,0
HIPO-WS.US,D,20210806,000000,1.4001,1.51,1.3,1.43,50049,0
HIPO-WS.US,D,20210809,000000,1.7,1.7,1.49,1.5,5430,0
HIPO-WS.US,D,20210810,000000,1.3201,1.35,1.21,1.27,13185,0
HIPO-WS.US,D,20210811,000000,1.17,1.2026,1.06,1.08,54296,0
HIPO-WS.US,D,20210812,000000,1.19,1.21,1.04,1.07,20597,0
HIPO-WS.US,D,20210813,000000,1.15,1.15,1.01,1.05,15935,0
HIPO-WS.US,D,20210816,000000,1.15,1.15,1.05,1.05,14812,0
HIPO-WS.US,D,20210817,000000,1,1,0.839999,0.964999,106875,0
HIPO-WS.US,D,20210818,000000,1.02,1.02,0.8492,0.995,203590,0
HIPO-WS.US,D,20210819,000000,0.8802,0.9,0.8,0.875,37808,0
HIPO-WS.US,D,20210820,000000,0.95,0.9799,0.82,0.82,120364,0
HIPO-WS.US,D,20210823,000000,0.84,0.87,0.82,0.85,50576,0
HIPO-WS.US,D,20210824,000000,0.9,0.95,0.77,0.9401,36522,0
HIPO-WS.US,D,20210825,000000,0.985,0.985,0.812,0.822,108197,0
HIPO-WS.US,D,20210826,000000,0.81,0.85,0.799,0.81,21206,0
HIPO-WS.US,D,20210827,000000,0.81,0.9072,0.81,0.9072,4064,0
HIPO-WS.US,D,20210830,000000,0.8243,0.924099,0.8243,0.877599,11826,0
HIPO-WS.US,D,20210831,000000,0.835,0.85,0.8202,0.8202,19578,0
HIPO-WS.US,D,20210901,000000,0.9,0.9,0.89,0.895051,13932,0
HIPO-WS.US,D,20210902,000000,0.8501,0.949699,0.8501,0.9201,25303,0
HIPO-WS.US,D,20210903,000000,0.95,0.97,0.9002,0.95,55910,0
HIPO-WS.US,D,20210907,000000,1.06,1.35,1.06,1.1601,184732,0
HIPO-WS.US,D,20210908,000000,1.2401,1.2401,1.1,1.21,27518,0
HIPO-WS.US,D,20210909,000000,1.13,1.385,1.13,1.22,54336,0
HIPO-WS.US,D,20210910,000000,1.11,1.15,1.05,1.1499,38798,0
HIPO-WS.US,D,20210913,000000,1.04,1.15,1.04,1.13,6121,0
HIPO-WS.US,D,20210914,000000,1.0627,1.15,1.04,1.04,20841,0
HIPO-WS.US,D,20210915,000000,1.1,1.1,1,1,26161,0
HIPO-WS.US,D,20210916,000000,1.045,1.045,0.8902,0.8902,37985,0
HIPO-WS.US,D,20210917,000000,0.996699,0.996699,0.9,0.9599,35525,0
HIPO-WS.US,D,20210920,000000,0.94,1.05,0.87,0.96,56042,0
HIPO-WS.US,D,20210922,000000,0.99,1,0.9801,1,14746,0
HIPO-WS.US,D,20210923,000000,1.0501,1.0501,1.03,1.03,3684,0
HIPO-WS.US,D,20210924,000000,1.04,1.05,0.9802,1.04,24650,0
HIPO-WS.US,D,20210927,000000,1.0399,1.0399,1,1,1876,0
HIPO-WS.US,D,20210928,000000,0.9601,1.02,0.96,1.007,18050,0
HIPO-WS.US,D,20210929,000000,0.9554,0.97,0.9109,0.9303,16142,0
HIPO-WS.US,D,20210930,000000,0.95,0.9751,0.9202,0.9203,75642,0
HIPO-WS.US,D,20211001,000000,0.8601,0.9099,0.86,0.88,7650,0
HIPO-WS.US,D,20211004,000000,0.8801,0.8801,0.8211,0.8211,8022,0
HIPO-WS.US,D,20211005,000000,0.8798,0.8798,0.8401,0.8401,1235,0
HIPO-WS.US,D,20211006,000000,0.8301,0.8301,0.7702,0.7711,65236,0
HIPO-WS.US,D,20211007,000000,0.84,0.84,0.711,0.77,29749,0
HIPO-WS.US,D,20211008,000000,0.8623,1.04,0.81,0.81,82643,0
HIPO-WS.US,D,20211011,000000,0.93,0.95,0.93,0.93,17958,0
HIPO-WS.US,D,20211012,000000,0.9299,0.93,0.8799,0.88,3901,0
HIPO-WS.US,D,20211013,000000,0.9599,0.9599,0.9001,0.9002,7376,0
HIPO-WS.US,D,20211014,000000,0.8901,0.9298,0.81,0.8534,243121,0
HIPO-WS.US,D,20211015,000000,0.7766,0.8799,0.7766,0.83,15380,0
HIPO-WS.US,D,20211018,000000,0.75,0.829799,0.75,0.7901,1920,0
HIPO-WS.US,D,20211019,000000,0.75,0.830101,0.75,0.83,14536,0
HIPO-WS.US,D,20211021,000000,0.8005,0.85,0.74,0.82,46621,0
HIPO-WS.US,D,20211022,000000,0.800001,0.800001,0.8,0.8,685,0
HIPO-WS.US,D,20211025,000000,0.7501,0.785,0.6876,0.7848,14194,0
HIPO-WS.US,D,20211026,000000,0.79,0.79005,0.7601,0.78,9901,0
HIPO-WS.US,D,20211027,000000,0.85,0.85,0.82,0.83,17583,0
HIPO-WS.US,D,20211028,000000,0.8,0.801,0.8,0.8,22336,0
HIPO-WS.US,D,20211029,000000,0.8,0.847799,0.8,0.8002,11421,0
HIPO-WS.US,D,20211101,000000,0.800101,0.800101,0.7701,0.8,6030,0
HIPO-WS.US,D,20211102,000000,0.77,0.8199,0.77,0.8199,9301,0
HIPO-WS.US,D,20211103,000000,0.7954,0.817916,0.771,0.8,4545,0
HIPO-WS.US,D,20211104,000000,0.799301,0.85,0.799301,0.8,17746,0
HIPO-WS.US,D,20211105,000000,0.7873,0.820709,0.7224,0.748776,19226,0
HIPO-WS.US,D,20211108,000000,0.7112,0.765,0.7112,0.76,18087,0
HIPO-WS.US,D,20211109,000000,0.749899,0.75,0.715,0.7399,17747,0
HIPO-WS.US,D,20211110,000000,0.8,0.8186,0.7,0.75,13142,0
HIPO-WS.US,D,20211111,000000,0.7001,0.7714,0.7,0.7714,9866,0
HIPO-WS.US,D,20211112,000000,0.7214,0.73,0.7,0.7198,19112,0
HIPO-WS.US,D,20211115,000000,0.7,0.7,0.63,0.63,81827,0
HIPO-WS.US,D,20211116,000000,0.7,0.7016,0.5701,0.5702,114750,0
HIPO-WS.US,D,20211117,000000,0.591,0.6098,0.53,0.5897,73579,0
HIPO-WS.US,D,20211118,000000,0.5997,0.5997,0.51,0.55,25379,0
HIPO-WS.US,D,20211119,000000,0.64,0.7198,0.5,0.66,44979,0
HIPO-WS.US,D,20211122,000000,0.69,0.69,0.6399,0.65,46326,0
HIPO-WS.US,D,20211123,000000,0.75,0.75,0.51,0.7,23864,0
HIPO-WS.US,D,20211124,000000,0.7,0.7,0.6178,0.6701,31693,0
HIPO-WS.US,D,20211126,000000,0.82,0.8299,0.67,0.68,23716,0
HIPO-WS.US,D,20211129,000000,0.74,0.74,0.67,0.68,14712,0
HIPO-WS.US,D,20211130,000000,0.65,0.65,0.6006,0.62,65640,0
HIPO-WS.US,D,20211201,000000,0.71,0.7199,0.58,0.6499,56822,0
HIPO-WS.US,D,20211202,000000,0.74,0.74,0.65,0.672159,2886,0
HIPO-WS.US,D,20211203,000000,0.65,0.7199,0.65,0.650099,45570,0
HIPO-WS.US,D,20211206,000000,0.65,0.6799,0.6101,0.6101,55900,0
HIPO-WS.US,D,20211207,000000,0.6832,0.6832,0.59515,0.609799,20310,0
HIPO-WS.US,D,20211208,000000,0.6316,0.7,0.6097,0.643,30144,0
HIPO-WS.US,D,20211209,000000,0.5658,0.6498,0.5111,0.6401,8999,0
HIPO-WS.US,D,20211210,000000,0.5733,0.6401,0.5733,0.64,88399,0
HIPO-WS.US,D,20211213,000000,0.5902,0.60515,0.5111,0.5111,6916,0
HIPO-WS.US,D,20211214,000000,0.5724,0.6499,0.5513,0.610101,7909,0
HIPO-WS.US,D,20211215,000000,0.6699,0.6699,0.578501,0.5803,18363,0
HIPO-WS.US,D,20211216,000000,0.57,0.57,0.5601,0.5601,1055,0
HIPO-WS.US,D,20211217,000000,0.5401,0.5401,0.45,0.4702,73786,0
HIPO-WS.US,D,20211220,000000,0.45,0.52,0.399848,0.4902,24771,0
HIPO-WS.US,D,20211221,000000,0.5301,0.5301,0.5069,0.515,11452,0
HIPO-WS.US,D,20211222,000000,0.51368,0.515,0.4801,0.5,122295,0
HIPO-WS.US,D,20211223,000000,0.5199,0.6533,0.5,0.584949,14503,0
HIPO-WS.US,D,20211227,000000,0.6,0.6,0.54,0.5497,5170,0
HIPO-WS.US,D,20211228,000000,0.55,0.56,0.5011,0.5011,32124,0
HIPO-WS.US,D,20211229,000000,0.525,0.525,0.5,0.500001,7056,0
HIPO-WS.US,D,20211230,000000,0.460201,0.51,0.4601,0.4602,19870,0
HIPO-WS.US,D,20211231,000000,0.472959,0.495,0.472959,0.4776,12492,0
HIPO-WS.US,D,20220103,000000,0.4799,0.48,0.4201,0.4592,30723,0
HIPO-WS.US,D,20220104,000000,0.47,0.51,0.47,0.51,31531,0
HIPO-WS.US,D,20220105,000000,0.514901,0.514901,0.5,0.5139,3406,0
HIPO-WS.US,D,20220106,000000,0.5,0.519699,0.4851,0.4851,41480,0
HIPO-WS.US,D,20220107,000000,0.485101,0.5099,0.485,0.5099,35019,0
HIPO-WS.US,D,20220111,000000,0.47,0.5199,0.4401,0.4797,23099,0
HIPO-WS.US,D,20220112,000000,0.48,0.4901,0.47,0.4901,22086,0
HIPO-WS.US,D,20220113,000000,0.4901,0.51,0.4602,0.4604,37107,0
HIPO-WS.US,D,20220114,000000,0.4201,0.4501,0.39169,0.4,22954,0
HIPO-WS.US,D,20220118,000000,0.400001,0.400001,0.3001,0.3451,16960,0
HIPO-WS.US,D,20220119,000000,0.3304,0.3305,0.3304,0.3305,1255,0
HIPO-WS.US,D,20220120,000000,0.350101,0.393,0.350101,0.37,9905,0
HIPO-WS.US,D,20220121,000000,0.4298,0.52,0.3,0.3123,157992,0
