<TICKER>,<PER>,<DATE>,<TIME>,<OPEN>,<HIGH>,<LOW>,<CLOSE>,<VOL>,<OPENINT>
HWM.US,D,20161101,000000,17.286,17.596,14.572,14.704,23035720,0
HWM.US,D,20161102,000000,14.658,14.743,13.701,13.945,21062266,0
HWM.US,D,20161103,000000,13.779,14.025,13.54,13.594,10877117,0
HWM.US,D,20161104,000000,13.677,13.835,13.609,13.74,12164460,0
HWM.US,D,20161107,000000,13.913,13.992,13.43,13.477,11907835,0
HWM.US,D,20161108,000000,13.563,13.71,13.453,13.603,8366055,0
HWM.US,D,20161109,000000,13.242,13.824,13.086,13.694,9593568,0
HWM.US,D,20161110,000000,13.71,14.477,13.71,14.416,15908514,0
HWM.US,D,20161111,000000,14.4,14.796,14.306,14.734,6855743,0
HWM.US,D,20161114,000000,14.796,14.939,14.71,14.915,6775381,0
HWM.US,D,20161115,000000,14.97,15.596,14.97,15.556,6216420,0
HWM.US,D,20161116,000000,15.431,15.47,15.197,15.32,5312148,0
HWM.US,D,20161117,000000,15.273,15.328,15.126,15.234,5385643,0
HWM.US,D,20161118,000000,15.205,15.556,15.134,15.556,6217789,0
HWM.US,D,20161121,000000,15.541,15.773,15.486,15.766,4622723,0
HWM.US,D,20161122,000000,15.68,15.846,15.47,15.541,6154004,0
HWM.US,D,20161123,000000,15.478,15.938,15.4,15.846,4694398,0
HWM.US,D,20161125,000000,15.878,16.132,15.814,16.038,3296072,0
HWM.US,D,20161128,000000,15.938,15.962,15.564,15.743,5798020,0
HWM.US,D,20161129,000000,15.658,15.658,15.242,15.368,7527416,0
HWM.US,D,20161130,000000,15.305,15.509,15.038,15.062,8202978,0
HWM.US,D,20161201,000000,15.109,15.486,15.046,15.234,10024043,0
HWM.US,D,20161202,000000,15.149,15.408,15.117,15.384,3978094,0
HWM.US,D,20161205,000000,15.344,15.846,15.32,15.83,5828831,0
HWM.US,D,20161206,000000,15.541,15.892,15.392,15.878,5625377,0
HWM.US,D,20161207,000000,15.946,16.328,15.924,16.312,5758283,0
HWM.US,D,20161208,000000,16.415,16.571,16.32,16.336,4890143,0
HWM.US,D,20161209,000000,16.509,17.048,16.493,17.033,8099380,0
HWM.US,D,20161212,000000,16.976,17.345,16.806,16.859,6368597,0
HWM.US,D,20161213,000000,16.851,17.001,16.336,16.556,5771781,0
HWM.US,D,20161214,000000,16.336,16.708,16.172,16.21,7516353,0
HWM.US,D,20161215,000000,16.179,16.415,15.962,16.062,5903587,0
HWM.US,D,20161216,000000,16.006,16.301,15.727,15.83,20697600,0
HWM.US,D,20161219,000000,15.666,15.781,15.509,15.642,5769465,0
HWM.US,D,20161220,000000,15.626,15.914,15.626,15.704,4380628,0
HWM.US,D,20161221,000000,15.642,15.781,15.572,15.642,3728257,0
HWM.US,D,20161222,000000,15.564,15.727,15.478,15.68,4456994,0
HWM.US,D,20161223,000000,15.626,15.696,15.368,15.454,2746232,0
HWM.US,D,20161227,000000,15.47,15.727,15.336,15.454,3103436,0
HWM.US,D,20161228,000000,15.384,15.517,15.023,15.038,4129426,0
HWM.US,D,20161229,000000,15.046,15.077,14.589,14.609,5951265,0
HWM.US,D,20161230,000000,14.672,14.907,14.43,14.485,6467999,0
HWM.US,D,20170103,000000,14.641,14.999,14.563,14.99,5485391,0
HWM.US,D,20170104,000000,14.999,15.417,14.851,15.392,5676133,0
HWM.US,D,20170105,000000,15.392,15.781,15.313,15.704,6921777,0
HWM.US,D,20170106,000000,15.743,16.172,15.634,16.117,7083806,0
HWM.US,D,20170109,000000,16.086,16.109,15.854,15.931,6248676,0
HWM.US,D,20170110,000000,15.766,16.348,15.766,16.179,5518630,0
HWM.US,D,20170111,000000,16.195,16.484,16.132,16.484,5374955,0
HWM.US,D,20170112,000000,16.352,16.427,16.014,16.406,7102108,0
HWM.US,D,20170113,000000,16.36,16.583,16.32,16.509,5833939,0
HWM.US,D,20170117,000000,16.172,16.331,16.074,16.202,3896603,0
HWM.US,D,20170118,000000,16.195,16.375,16.117,16.312,3298902,0
HWM.US,D,20170119,000000,16.243,16.681,16.243,16.648,4715342,0
HWM.US,D,20170120,000000,16.64,16.907,16.518,16.633,7197523,0
HWM.US,D,20170123,000000,16.609,16.696,16.477,16.665,5352198,0
HWM.US,D,20170124,000000,16.783,17.502,16.736,17.321,10633793,0
HWM.US,D,20170125,000000,17.471,17.749,17.369,17.725,4867491,0
HWM.US,D,20170126,000000,17.618,17.877,17.431,17.861,4190627,0
HWM.US,D,20170127,000000,17.853,17.877,17.587,17.655,3444055,0
HWM.US,D,20170130,000000,17.67,17.701,17.313,17.579,4849430,0
HWM.US,D,20170131,000000,17.423,17.805,17.29,17.805,7230825,0
HWM.US,D,20170201,000000,18.228,19.975,18.088,19.803,20878550,0
HWM.US,D,20170202,000000,19.59,19.975,19.442,19.739,10317239,0
HWM.US,D,20170203,000000,19.715,20.305,19.715,20.289,7613265,0
HWM.US,D,20170206,000000,19.755,20.61,19.755,20.525,13083307,0
HWM.US,D,20170207,000000,20.525,20.929,20.423,20.851,9590460,0
HWM.US,D,20170208,000000,20.741,21.472,20.625,21.386,9785926,0
HWM.US,D,20170209,000000,21.314,22.044,21.267,21.903,11576471,0
HWM.US,D,20170210,000000,22.113,23.383,22.089,23.203,14729681,0
HWM.US,D,20170213,000000,23.085,23.399,22.758,23.226,12968997,0
HWM.US,D,20170214,000000,23.069,23.624,22.981,23.124,15168674,0
HWM.US,D,20170215,000000,22.985,23.124,22.779,22.881,6476920,0
HWM.US,D,20170216,000000,22.825,23.101,22.761,23.101,6423630,0
HWM.US,D,20170217,000000,23,23.564,22.912,23.431,5938091,0
HWM.US,D,20170221,000000,23.241,23.798,23.226,23.727,4955451,0
HWM.US,D,20170222,000000,23.407,23.933,23.407,23.929,5765641,0
HWM.US,D,20170223,000000,23.953,24.04,23.124,23.164,8871283,0
HWM.US,D,20170224,000000,22.71,23.136,22.513,22.968,5757286,0
HWM.US,D,20170227,000000,22.952,23.218,22.798,22.904,3915839,0
HWM.US,D,20170228,000000,22.794,23.015,22.435,22.551,5289189,0
HWM.US,D,20170301,000000,22.952,23.415,22.952,23.14,4619267,0
HWM.US,D,20170302,000000,22.904,23.077,22.339,22.355,3827991,0
HWM.US,D,20170303,000000,22.371,22.547,21.739,22.003,4652414,0
HWM.US,D,20170306,000000,21.941,21.956,21.589,21.699,4531476,0
HWM.US,D,20170307,000000,21.621,21.652,20.875,21.134,7992944,0
HWM.US,D,20170308,000000,21.126,21.299,20.871,21.033,5223763,0
HWM.US,D,20170309,000000,20.945,21.15,20.579,20.749,5145330,0
HWM.US,D,20170310,000000,20.827,21.087,20.703,21.017,4496172,0
HWM.US,D,20170313,000000,20.985,21.172,20.812,20.993,4053378,0
HWM.US,D,20170314,000000,20.82,20.961,20.718,20.89,2436663,0
HWM.US,D,20170315,000000,21.017,21.488,20.977,21.355,2901917,0
HWM.US,D,20170316,000000,21.448,21.581,21.13,21.401,3408025,0
HWM.US,D,20170317,000000,21.417,21.787,21.378,21.543,7652025,0
HWM.US,D,20170320,000000,21.573,22.074,21.464,21.834,4834056,0
HWM.US,D,20170321,000000,21.88,21.926,20.89,20.953,8180623,0
HWM.US,D,20170322,000000,20.906,21.204,20.696,20.757,4450905,0
HWM.US,D,20170323,000000,20.757,21.025,20.718,20.898,5103733,0
HWM.US,D,20170324,000000,20.898,21.064,20.656,20.898,3741930,0
HWM.US,D,20170327,000000,20.455,20.883,20.375,20.804,3602887,0
HWM.US,D,20170328,000000,20.718,21.244,20.718,21.18,3250155,0
HWM.US,D,20170329,000000,20.961,21.154,20.463,20.525,4117909,0
HWM.US,D,20170330,000000,20.455,20.82,20.39,20.804,3257492,0
HWM.US,D,20170331,000000,20.734,20.797,20.525,20.633,3209271,0
HWM.US,D,20170403,000000,20.741,20.914,20.262,20.51,2994099,0
HWM.US,D,20170404,000000,20.486,20.741,20.431,20.664,6751461,0
HWM.US,D,20170405,000000,20.797,21.033,20.251,20.281,4767588,0
HWM.US,D,20170406,000000,20.235,20.556,20.196,20.494,2025084,0
HWM.US,D,20170407,000000,20.367,20.753,20.367,20.688,2313818,0
HWM.US,D,20170410,000000,20.688,21.025,20.688,20.781,3338289,0
HWM.US,D,20170411,000000,20.789,21.025,20.415,20.827,4104667,0
HWM.US,D,20170412,000000,20.757,20.757,20.136,20.251,6940315,0
HWM.US,D,20170413,000000,20.227,20.359,20.116,20.289,5925907,0
HWM.US,D,20170417,000000,21.347,22.277,20.757,20.906,16126581,0
HWM.US,D,20170418,000000,20.61,20.61,19.271,20.211,11801700,0
HWM.US,D,20170419,000000,20.227,20.741,20.227,20.345,6520651,0
HWM.US,D,20170420,000000,20.518,20.617,20.415,20.455,2945857,0
HWM.US,D,20170421,000000,20.486,20.532,20.345,20.367,3800957,0
HWM.US,D,20170424,000000,20.649,20.797,20.345,20.447,5843177,0
HWM.US,D,20170425,000000,20.602,21.15,20.548,21.134,6332679,0
HWM.US,D,20170426,000000,21.187,21.926,21.165,21.543,7287300,0
HWM.US,D,20170427,000000,21.512,21.543,21.072,21.323,4648700,0
HWM.US,D,20170428,000000,21.409,21.536,21.291,21.409,5569130,0
HWM.US,D,20170501,000000,21.488,21.564,21.056,21.347,4114824,0
HWM.US,D,20170502,000000,21.142,21.46,21.142,21.267,3495677,0
HWM.US,D,20170503,000000,21.18,21.18,20.827,21.024,3278149,0
HWM.US,D,20170504,000000,20.944,21.016,20.608,20.897,3751999,0
HWM.US,D,20170505,000000,20.905,21.433,20.835,21.433,3020395,0
HWM.US,D,20170508,000000,21.363,21.421,21.192,21.259,2373352,0
HWM.US,D,20170509,000000,21.275,21.505,21.204,21.401,2687792,0
HWM.US,D,20170510,000000,21.323,21.473,21.291,21.417,2543718,0
HWM.US,D,20170511,000000,21.314,21.401,21.102,21.363,2409538,0
HWM.US,D,20170512,000000,21.299,21.803,21.236,21.748,3632974,0
HWM.US,D,20170515,000000,21.803,22.218,21.803,22.059,3789147,0
HWM.US,D,20170516,000000,22.059,22.131,21.516,21.52,3091888,0
HWM.US,D,20170517,000000,21.204,21.275,21.012,21.071,4304821,0
HWM.US,D,20170518,000000,20.952,21.236,20.843,21.134,2457001,0
HWM.US,D,20170519,000000,21.267,21.815,21.204,21.652,2557338,0
HWM.US,D,20170522,000000,21.827,22.494,21.629,21.692,3429456,0
HWM.US,D,20170523,000000,21.724,22.005,21.524,21.881,2524565,0
HWM.US,D,20170524,000000,21.942,22.129,21.842,22.044,2517753,0
HWM.US,D,20170525,000000,22.068,22.155,21.259,21.363,3818760,0
HWM.US,D,20170526,000000,21.363,21.637,21.275,21.528,2791130,0
HWM.US,D,20170530,000000,21.552,21.559,21.168,21.37,5242950,0
HWM.US,D,20170531,000000,21.347,21.597,20.976,21.566,10319979,0
HWM.US,D,20170601,000000,21.559,22.029,21.425,21.958,7191312,0
HWM.US,D,20170602,000000,22.021,22.226,21.905,22.107,3087382,0
HWM.US,D,20170605,000000,22.083,22.188,21.559,21.566,3280563,0
HWM.US,D,20170606,000000,21.433,21.684,21.228,21.566,2324997,0
HWM.US,D,20170607,000000,21.692,21.692,21.06,21.118,3638159,0
HWM.US,D,20170608,000000,21.048,21.645,20.992,21.552,2054731,0
HWM.US,D,20170609,000000,21.589,21.736,21.339,21.481,2526011,0
HWM.US,D,20170612,000000,21.267,21.566,21,21.056,2664881,0
HWM.US,D,20170613,000000,21.079,21.724,21.056,21.716,2857192,0
HWM.US,D,20170614,000000,21.708,21.708,21.048,21.118,2660278,0
HWM.US,D,20170615,000000,20.889,21.134,20.756,20.96,3670749,0
HWM.US,D,20170616,000000,21,21.056,20.477,20.748,4126354,0
HWM.US,D,20170619,000000,20.851,20.944,20.694,20.889,3098244,0
HWM.US,D,20170620,000000,20.78,20.858,20.6,20.733,1789520,0
HWM.US,D,20170621,000000,20.741,20.792,19.831,19.878,4042932,0
HWM.US,D,20170622,000000,19.878,20.063,19.672,19.862,3603653,0
HWM.US,D,20170623,000000,19.784,20.138,19.712,20.051,6529138,0
HWM.US,D,20170626,000000,17.797,19.36,17.781,18.851,25743819,0
HWM.US,D,20170627,000000,18.582,18.772,17.08,17.146,26906391,0
HWM.US,D,20170628,000000,17.311,18.409,17.296,18.137,13831426,0
HWM.US,D,20170629,000000,18.097,18.285,17.9,17.916,7675813,0
HWM.US,D,20170630,000000,17.916,18.008,17.375,17.781,9754236,0
HWM.US,D,20170703,000000,17.853,18.206,17.813,17.931,4309536,0
HWM.US,D,20170705,000000,17.97,18.089,17.797,18.048,7187738,0
HWM.US,D,20170706,000000,18.016,18.253,17.861,17.992,5660460,0
HWM.US,D,20170707,000000,18,18.307,17.893,18.16,3923610,0
HWM.US,D,20170710,000000,18.433,18.96,18.253,18.708,6888054,0
HWM.US,D,20170711,000000,18.779,19.006,18.606,18.859,5519034,0
HWM.US,D,20170712,000000,19.014,19.195,18.905,18.992,3553818,0
HWM.US,D,20170713,000000,19.203,19.268,18.968,19.195,5677736,0
HWM.US,D,20170714,000000,19.055,19.281,18.921,19.149,3342360,0
HWM.US,D,20170717,000000,19.157,19.808,19.095,19.586,5473216,0
HWM.US,D,20170718,000000,19.556,19.657,19.376,19.534,3573887,0
HWM.US,D,20170719,000000,19.624,19.784,19.485,19.72,2851713,0
HWM.US,D,20170720,000000,19.672,19.874,19.423,19.431,7648877,0
HWM.US,D,20170721,000000,19.454,19.792,19.367,19.792,4837832,0
HWM.US,D,20170724,000000,20.233,20.413,19.47,19.76,7244226,0
HWM.US,D,20170725,000000,20.02,20.493,19.949,20.349,5930860,0
HWM.US,D,20170726,000000,20.373,20.373,20.075,20.091,3827825,0
HWM.US,D,20170727,000000,20.185,20.255,19.657,19.72,4261957,0
HWM.US,D,20170728,000000,19.657,19.93,19.534,19.586,2397137,0
HWM.US,D,20170731,000000,19.672,19.744,19.313,19.462,3117645,0
HWM.US,D,20170801,000000,19.578,19.752,19.211,19.704,4130758,0
HWM.US,D,20170802,000000,19.648,19.8,19.517,19.578,6396045,0
HWM.US,D,20170803,000000,19.548,19.957,19.398,19.934,6221187,0
HWM.US,D,20170804,000000,20.052,20.052,19.728,19.776,2875752,0
HWM.US,D,20170807,000000,19.776,20.123,19.728,19.942,3656981,0
HWM.US,D,20170808,000000,19.847,20.111,19.648,19.665,4544990,0
HWM.US,D,20170809,000000,19.64,19.696,19.266,19.398,3268424,0
HWM.US,D,20170810,000000,19.336,19.398,18.864,18.903,3500399,0
HWM.US,D,20170811,000000,18.832,19.081,18.805,18.879,2923855,0
HWM.US,D,20170814,000000,19.021,19.398,18.943,19.328,2365144,0
HWM.US,D,20170815,000000,19.351,19.501,19.21,19.476,3922270,0
HWM.US,D,20170816,000000,19.602,19.823,19.501,19.548,4479411,0
HWM.US,D,20170817,000000,19.406,19.648,19.093,19.108,2069924,0
HWM.US,D,20170818,000000,19.045,19.304,18.903,19.116,3312864,0
HWM.US,D,20170821,000000,19.139,19.472,19.123,19.266,3409496,0
HWM.US,D,20170822,000000,19.672,20.257,19.556,20.218,4503753,0
HWM.US,D,20170823,000000,20.068,20.39,20.028,20.123,2563281,0
HWM.US,D,20170824,000000,20.226,20.398,20.009,20.044,2897806,0
HWM.US,D,20170825,000000,20.139,20.186,19.87,19.87,2339998,0
HWM.US,D,20170828,000000,19.95,20.021,19.732,19.808,2069894,0
HWM.US,D,20170829,000000,19.632,20.005,19.296,19.95,2139106,0
HWM.US,D,20170830,000000,19.95,20.068,19.776,19.989,1837312,0
HWM.US,D,20170831,000000,20.052,20.226,19.942,20.044,4078285,0
HWM.US,D,20170901,000000,20.107,20.29,20.068,20.076,3716925,0
HWM.US,D,20170905,000000,20.052,20.052,19.045,19.194,6609094,0
HWM.US,D,20170906,000000,19.28,19.517,19.139,19.155,5750973,0
HWM.US,D,20170907,000000,19.194,19.242,18.974,19.093,3166901,0
HWM.US,D,20170908,000000,19.069,19.276,18.895,19.218,5307661,0
HWM.US,D,20170911,000000,19.336,19.815,19.316,19.657,3928839,0
HWM.US,D,20170912,000000,19.704,19.839,19.648,19.8,2467570,0
HWM.US,D,20170913,000000,19.8,20.005,19.657,19.87,2898498,0
HWM.US,D,20170914,000000,19.776,20.021,19.578,19.957,3006984,0
HWM.US,D,20170915,000000,19.964,20.068,19.792,19.942,13894481,0
HWM.US,D,20170918,000000,19.972,20.06,19.839,19.942,2414326,0
HWM.US,D,20170919,000000,19.95,20.431,19.8,20.415,5404032,0
HWM.US,D,20170920,000000,20.423,20.618,20.28,20.618,3869856,0
HWM.US,D,20170921,000000,20.611,21.122,20.431,21.082,4846217,0
HWM.US,D,20170922,000000,20.932,21.051,20.541,20.626,4762802,0
HWM.US,D,20170925,000000,20.626,20.845,20.351,20.564,5759538,0
HWM.US,D,20170926,000000,20.673,20.735,20.525,20.673,4305750,0
HWM.US,D,20170927,000000,20.814,20.901,20.525,20.758,3720206,0
HWM.US,D,20170928,000000,20.758,20.758,20.471,20.479,2472752,0
HWM.US,D,20170929,000000,20.494,20.494,19.321,19.578,10700513,0
HWM.US,D,20171002,000000,19.632,20.398,19.616,20.398,7210633,0
HWM.US,D,20171003,000000,20.337,20.901,20.257,20.564,7712165,0
HWM.US,D,20171004,000000,20.58,21.149,20.58,21.067,4940703,0
HWM.US,D,20171005,000000,20.971,21.327,20.971,21.13,4645113,0
HWM.US,D,20171006,000000,20.995,21.367,20.885,21.327,3573353,0
HWM.US,D,20171009,000000,21.382,21.761,21.335,21.556,4763612,0
HWM.US,D,20171010,000000,21.753,21.917,21.469,21.556,3240441,0
HWM.US,D,20171011,000000,21.469,21.913,21.343,21.525,8778033,0
HWM.US,D,20171012,000000,21.461,21.789,21.311,21.689,4628669,0
HWM.US,D,20171013,000000,21.777,21.785,21.275,21.374,11481426,0
HWM.US,D,20171016,000000,21.437,21.594,21.248,21.382,4332181,0
HWM.US,D,20171017,000000,21.248,21.429,21.067,21.122,2784740,0
HWM.US,D,20171018,000000,21.105,21.208,20.987,21.16,3080989,0
HWM.US,D,20171019,000000,20.971,21.003,20.719,20.995,3657421,0
HWM.US,D,20171020,000000,21.2,21.493,21.114,21.382,5383942,0
HWM.US,D,20171023,000000,21.579,21.681,19.085,19.162,16107483,0
HWM.US,D,20171024,000000,19.351,19.846,18.828,19.147,10040858,0
HWM.US,D,20171025,000000,19.139,19.648,18.982,19.556,5320931,0
HWM.US,D,20171026,000000,19.665,19.736,19.116,19.351,6412992,0
HWM.US,D,20171027,000000,19.288,19.414,19.155,19.366,3719784,0
HWM.US,D,20171030,000000,19.258,19.54,19.139,19.501,3715710,0
HWM.US,D,20171031,000000,19.484,19.792,19.386,19.768,3810521,0
HWM.US,D,20171101,000000,19.87,20.171,19.672,19.768,5335976,0
HWM.US,D,20171102,000000,19.736,19.973,19.555,19.911,4222827,0
HWM.US,D,20171103,000000,19.847,20.151,19.734,19.989,3441781,0
HWM.US,D,20171106,000000,19.997,20.33,19.903,20.203,5484701,0
HWM.US,D,20171107,000000,20.18,20.211,19.686,19.784,4802733,0
HWM.US,D,20171108,000000,19.696,19.792,19.358,19.547,5281146,0
HWM.US,D,20171109,000000,19.405,19.405,19.035,19.288,3775052,0
HWM.US,D,20171110,000000,19.24,19.378,19.092,19.121,3024836,0
HWM.US,D,20171113,000000,19.035,19.162,18.687,18.767,3591019,0
HWM.US,D,20171114,000000,18.64,18.767,18.246,18.301,5690529,0
HWM.US,D,20171115,000000,18.222,18.675,17.938,18.427,5387045,0
HWM.US,D,20171116,000000,18.482,18.862,18.482,18.72,2809557,0
HWM.US,D,20171117,000000,18.655,18.989,18.617,18.814,2422778,0
HWM.US,D,20171120,000000,18.782,18.862,18.625,18.846,2549842,0
HWM.US,D,20171121,000000,19.027,19.129,18.64,18.728,3493511,0
HWM.US,D,20171122,000000,18.767,18.925,18.704,18.735,2121836,0
HWM.US,D,20171124,000000,18.814,19.059,18.806,18.925,2466173,0
HWM.US,D,20171127,000000,18.87,18.933,18.176,18.625,5800018,0
HWM.US,D,20171128,000000,18.704,19.184,18.601,19.114,4419147,0
HWM.US,D,20171129,000000,19.129,19.3,18.957,18.989,4102894,0
HWM.US,D,20171130,000000,19.1,19.429,18.933,19.413,4189404,0
HWM.US,D,20171201,000000,19.429,19.547,18.941,19.327,3343226,0
HWM.US,D,20171204,000000,19.616,19.935,19.484,19.508,5165929,0
HWM.US,D,20171205,000000,19.508,19.508,19.035,19.114,3015385,0
HWM.US,D,20171206,000000,19.076,19.212,18.941,19.035,6430505,0
HWM.US,D,20171207,000000,19.004,19.512,18.884,19.397,2717021,0
HWM.US,D,20171208,000000,19.484,19.5,19.2,19.304,2017216,0
HWM.US,D,20171211,000000,19.288,19.374,19.043,19.271,2997425,0
HWM.US,D,20171212,000000,19.28,19.46,19.208,19.444,2688387,0
HWM.US,D,20171213,000000,19.444,20.148,19.413,19.862,4949975,0
HWM.US,D,20171214,000000,19.894,19.989,19.601,19.712,3890775,0
HWM.US,D,20171215,000000,19.854,20.037,19.784,19.958,8449430,0
HWM.US,D,20171218,000000,20.092,20.29,20.084,20.203,3641819,0
HWM.US,D,20171219,000000,20.251,20.251,19.839,20.219,3268117,0
HWM.US,D,20171220,000000,20.314,20.688,20.274,20.613,4063604,0
HWM.US,D,20171221,000000,20.737,21.155,20.574,21.141,4131709,0
HWM.US,D,20171222,000000,21.062,21.263,20.839,21.163,3483788,0
HWM.US,D,20171226,000000,21.141,21.489,21.069,21.355,2519570,0
HWM.US,D,20171227,000000,21.355,21.587,21.267,21.567,2375053,0
HWM.US,D,20171228,000000,21.537,21.813,21.457,21.79,3073087,0
HWM.US,D,20171229,000000,21.79,21.829,21.481,21.497,3397623,0
HWM.US,D,20180102,000000,21.544,21.907,21.537,21.9,3798125,0
HWM.US,D,20180103,000000,21.782,22.086,21.299,22.071,7095163,0
HWM.US,D,20180104,000000,22.244,23.231,22.095,23.128,8364852,0
HWM.US,D,20180105,000000,23.073,23.374,22.956,23.358,4691053,0
HWM.US,D,20180108,000000,23.414,23.54,23.208,23.477,5305725,0
HWM.US,D,20180109,000000,23.509,23.656,23.231,23.516,3032244,0
HWM.US,D,20180110,000000,23.326,23.61,23.216,23.501,2628455,0
HWM.US,D,20180111,000000,23.594,24.011,23.557,23.98,3946632,0
HWM.US,D,20180112,000000,24.06,24.376,23.948,24.328,4362037,0
HWM.US,D,20180116,000000,24.391,24.588,23.736,23.988,6197712,0
HWM.US,D,20180117,000000,23.988,24.209,23.916,24.092,4087647,0
HWM.US,D,20180118,000000,23.847,24.123,23.632,23.94,4192706,0
HWM.US,D,20180119,000000,23.902,24.02,23.524,23.839,5746908,0
HWM.US,D,20180122,000000,23.839,24.003,23.696,24.003,4516528,0
HWM.US,D,20180123,000000,24.003,24.003,23.748,23.902,2868086,0
HWM.US,D,20180124,000000,23.932,24.194,23.862,24.044,3215366,0
HWM.US,D,20180125,000000,24.179,24.297,23.782,24.036,2485241,0
HWM.US,D,20180126,000000,24.108,24.344,23.924,24.328,2898927,0
HWM.US,D,20180129,000000,24.32,24.384,23.794,23.87,3121773,0
HWM.US,D,20180130,000000,23.68,23.806,23.177,23.602,5616786,0
HWM.US,D,20180131,000000,23.664,24.068,23.485,23.712,4314236,0
HWM.US,D,20180201,000000,23.516,24.02,23.493,23.798,3550959,0
HWM.US,D,20180202,000000,23.524,23.524,22.786,23.01,9640945,0
HWM.US,D,20180205,000000,21.658,21.903,20.426,20.961,13767308,0
HWM.US,D,20180206,000000,20.7,20.866,19.76,19.982,12673660,0
HWM.US,D,20180207,000000,19.839,20.124,19.657,19.839,7017331,0
HWM.US,D,20180208,000000,19.862,19.911,19.121,19.326,9424089,0
HWM.US,D,20180209,000000,19.483,19.68,18.433,19.491,10391108,0
HWM.US,D,20180212,000000,19.608,19.903,19.388,19.632,6247878,0
HWM.US,D,20180213,000000,19.452,19.657,19.337,19.585,6860422,0
HWM.US,D,20180214,000000,19.404,20.315,19.404,20.14,5745036,0
HWM.US,D,20180215,000000,20.346,20.362,19.688,19.935,5682676,0
HWM.US,D,20180216,000000,19.903,20.45,19.815,20.046,6936196,0
HWM.US,D,20180220,000000,19.648,20.132,19.648,19.648,4215074,0
HWM.US,D,20180221,000000,19.688,20.085,19.483,19.491,3364767,0
HWM.US,D,20180222,000000,19.624,19.756,19.315,19.396,3190908,0
HWM.US,D,20180223,000000,19.436,19.87,19.388,19.862,4654368,0
HWM.US,D,20180226,000000,19.935,19.99,19.756,19.862,3191475,0
HWM.US,D,20180227,000000,19.87,20.03,19.531,19.554,3485872,0
HWM.US,D,20180228,000000,19.616,19.78,19.279,19.279,6663396,0
HWM.US,D,20180301,000000,19.334,19.491,18.836,18.987,4379309,0
HWM.US,D,20180302,000000,18.844,19.05,18.495,18.899,3546359,0
HWM.US,D,20180305,000000,18.732,19.315,18.677,19.231,4767057,0
HWM.US,D,20180306,000000,19.326,19.562,19.271,19.404,4360158,0
HWM.US,D,20180307,000000,19.191,19.546,19.144,19.46,2491773,0
HWM.US,D,20180308,000000,19.562,19.657,19.251,19.601,2878654,0
HWM.US,D,20180309,000000,19.712,19.911,19.577,19.911,2953113,0
HWM.US,D,20180312,000000,19.935,19.951,19.538,19.704,4000543,0
HWM.US,D,20180313,000000,19.8,19.935,19.632,19.72,4341855,0
HWM.US,D,20180314,000000,19.768,19.839,18.883,19.018,6501088,0
HWM.US,D,20180315,000000,19.074,19.223,18.852,19.16,4901948,0
HWM.US,D,20180316,000000,19.231,19.507,19.058,19.412,6743996,0
HWM.US,D,20180319,000000,19.341,19.401,18.813,18.995,4473547,0
HWM.US,D,20180320,000000,19.026,19.167,18.828,19.042,6029694,0
HWM.US,D,20180321,000000,19.042,19.404,18.931,19.098,2670600,0
HWM.US,D,20180322,000000,18.907,18.955,17.907,17.926,5795426,0
HWM.US,D,20180323,000000,18.109,18.362,17.839,17.981,5385360,0
HWM.US,D,20180326,000000,18.258,18.487,18.029,18.479,3861896,0
HWM.US,D,20180327,000000,18.574,18.59,18.118,18.219,4465072,0
HWM.US,D,20180328,000000,18.266,18.421,17.851,17.942,2829865,0
HWM.US,D,20180329,000000,17.981,18.37,17.884,18.211,3098566,0
HWM.US,D,20180402,000000,18.134,18.195,17.375,17.453,5774492,0
HWM.US,D,20180403,000000,17.532,17.712,17.379,17.664,6653806,0
HWM.US,D,20180404,000000,17.335,17.896,17.271,17.888,3403220,0
HWM.US,D,20180405,000000,18.037,18.35,18.021,18.243,4217525,0
HWM.US,D,20180406,000000,18.053,18.173,17.627,17.815,4351259,0
HWM.US,D,20180409,000000,18.037,18.386,17.93,17.997,4311161,0
HWM.US,D,20180410,000000,18.266,18.409,18.101,18.203,3161054,0
HWM.US,D,20180411,000000,18.045,18.314,18.021,18.149,1943837,0
HWM.US,D,20180412,000000,18.282,18.582,18.195,18.558,2788139,0
HWM.US,D,20180413,000000,18.717,18.872,18.29,18.362,2894305,0
HWM.US,D,20180416,000000,18.551,18.709,18.409,18.622,2088016,0
HWM.US,D,20180417,000000,18.693,18.971,18.685,18.773,2191614,0
HWM.US,D,20180418,000000,18.891,19.026,18.717,18.717,3449867,0
HWM.US,D,20180419,000000,18.709,18.797,18.33,18.598,4526129,0
HWM.US,D,20180420,000000,18.63,18.709,18.322,18.386,3469027,0
HWM.US,D,20180423,000000,17.469,18.157,17.367,17.429,7751684,0
HWM.US,D,20180424,000000,17.627,17.907,17.01,17.375,7814298,0
HWM.US,D,20180425,000000,17.335,17.552,17.026,17.508,4257962,0
HWM.US,D,20180426,000000,17.54,17.724,17.351,17.579,6093243,0
HWM.US,D,20180427,000000,17.587,17.787,17.469,17.735,5840436,0
HWM.US,D,20180430,000000,16.036,16.337,13.911,14.078,34230721,0
HWM.US,D,20180501,000000,14.237,14.543,13.895,13.976,18717554,0
HWM.US,D,20180502,000000,14.07,14.303,13.673,13.729,14565218,0
HWM.US,D,20180503,000000,13.681,13.745,13.214,13.428,10900504,0
HWM.US,D,20180504,000000,13.404,13.768,13.34,13.657,7227067,0
HWM.US,D,20180507,000000,13.649,14.031,13.602,13.928,6814300,0
HWM.US,D,20180508,000000,13.88,14.155,13.808,14.119,6830791,0
HWM.US,D,20180509,000000,14.398,14.546,14.262,14.294,6854907,0
HWM.US,D,20180510,000000,14.341,14.523,14.206,14.39,8275970,0
HWM.US,D,20180511,000000,14.317,14.467,14.163,14.451,7131646,0
HWM.US,D,20180514,000000,14.467,14.565,14.428,14.531,3789702,0
HWM.US,D,20180515,000000,14.459,14.475,14.178,14.262,6179974,0
HWM.US,D,20180516,000000,14.398,14.414,14.238,14.286,4031743,0
HWM.US,D,20180517,000000,14.317,14.428,14.174,14.398,3813724,0
HWM.US,D,20180518,000000,14.365,14.436,14.262,14.341,3655399,0
HWM.US,D,20180521,000000,14.406,14.677,14.39,14.625,4526349,0
HWM.US,D,20180522,000000,14.681,14.839,14.562,14.728,4281620,0
HWM.US,D,20180523,000000,14.665,15.014,14.665,14.783,5582974,0
HWM.US,D,20180524,000000,14.783,14.807,14.601,14.657,4374129,0
HWM.US,D,20180525,000000,14.633,14.736,14.539,14.617,3500895,0
HWM.US,D,20180529,000000,14.483,14.546,14.174,14.222,4395620,0
HWM.US,D,20180530,000000,14.238,14.428,14.063,14.374,4962475,0
HWM.US,D,20180531,000000,14.238,14.382,13.976,14.001,6352825,0
HWM.US,D,20180601,000000,14.031,14.167,13.944,14.079,6112212,0
HWM.US,D,20180604,000000,14.119,14.333,14.071,14.071,3561051,0
HWM.US,D,20180605,000000,14.079,14.136,13.936,14.055,5222684,0
HWM.US,D,20180606,000000,14.103,14.262,14.001,14.222,4129612,0
HWM.US,D,20180607,000000,14.254,14.444,14.206,14.238,3684085,0
HWM.US,D,20180608,000000,14.247,14.309,14.063,14.23,4005211,0
HWM.US,D,20180611,000000,14.262,14.491,14.214,14.406,5613166,0
HWM.US,D,20180612,000000,14.39,14.455,14.254,14.278,4310662,0
HWM.US,D,20180613,000000,14.254,14.309,14.128,14.254,6233543,0
HWM.US,D,20180614,000000,14.294,14.313,13.984,14.278,6380971,0
HWM.US,D,20180615,000000,14.111,14.238,13.816,13.904,9564286,0
HWM.US,D,20180618,000000,13.768,14.063,13.768,13.992,3500342,0
HWM.US,D,20180619,000000,13.824,13.916,13.617,13.8,6035137,0
HWM.US,D,20180620,000000,13.808,13.833,13.706,13.737,3324558,0
HWM.US,D,20180621,000000,13.722,13.776,13.412,13.451,3691428,0
HWM.US,D,20180622,000000,13.546,13.633,13.456,13.516,3767755,0
HWM.US,D,20180625,000000,13.404,13.443,13.063,13.38,4928455,0
HWM.US,D,20180626,000000,13.356,13.594,13.246,13.508,3137464,0
HWM.US,D,20180627,000000,13.539,13.845,13.447,13.451,3910051,0
HWM.US,D,20180628,000000,13.436,13.5,13.297,13.476,3329534,0
HWM.US,D,20180629,000000,13.523,13.714,13.492,13.492,3204885,0
HWM.US,D,20180702,000000,13.356,13.451,13.201,13.372,3951071,0
HWM.US,D,20180703,000000,13.476,13.607,13.38,13.404,1613737,0
HWM.US,D,20180705,000000,13.484,13.629,13.404,13.539,2932605,0
HWM.US,D,20180706,000000,13.57,13.753,13.396,13.665,2573988,0
HWM.US,D,20180709,000000,13.768,14.128,13.714,14.111,5542166,0
HWM.US,D,20180710,000000,14.111,14.167,13.88,14.071,3288288,0
HWM.US,D,20180711,000000,13.857,13.865,13.527,13.554,2819077,0
HWM.US,D,20180712,000000,13.681,13.792,13.484,13.722,3506342,0
HWM.US,D,20180713,000000,13.706,13.828,13.621,13.784,2383629,0
HWM.US,D,20180716,000000,15.706,15.706,14.974,15.228,20154405,0
HWM.US,D,20180717,000000,15.093,15.36,15.014,15.26,8701048,0
HWM.US,D,20180718,000000,15.244,15.634,15.165,15.61,8082325,0
HWM.US,D,20180719,000000,15.515,15.634,15.177,15.205,6880076,0
HWM.US,D,20180720,000000,15.109,15.228,15.045,15.093,3324973,0
HWM.US,D,20180723,000000,15.069,15.134,14.974,15.061,2792698,0
HWM.US,D,20180724,000000,15.205,15.475,15.142,15.413,3880549,0
HWM.US,D,20180725,000000,15.388,15.404,15.037,15.276,3112652,0
HWM.US,D,20180726,000000,16.411,17.094,16.251,16.957,8928896,0
HWM.US,D,20180727,000000,16.919,17.046,16.759,16.989,5481882,0
HWM.US,D,20180730,000000,16.919,17.116,16.498,16.546,6684963,0
HWM.US,D,20180731,000000,16.894,17.292,16.546,17.203,5059375,0
HWM.US,D,20180801,000000,17.195,17.203,16.816,16.981,8749651,0
HWM.US,D,20180802,000000,16.87,16.957,16.672,16.759,4649563,0
HWM.US,D,20180803,000000,16.719,16.927,16.664,16.886,2407997,0
HWM.US,D,20180806,000000,16.831,16.973,16.767,16.846,2236704,0
HWM.US,D,20180807,000000,16.839,16.902,16.636,16.664,3081465,0
HWM.US,D,20180808,000000,16.703,16.711,16.533,16.632,2891599,0
HWM.US,D,20180809,000000,16.529,16.858,16.513,16.521,2602299,0
HWM.US,D,20180810,000000,16.393,16.611,16.289,16.552,2640782,0
HWM.US,D,20180813,000000,16.537,16.591,16.177,16.233,2930732,0
HWM.US,D,20180814,000000,16.304,16.521,16.257,16.456,2286458,0
HWM.US,D,20180815,000000,16.353,16.353,15.978,16.177,3960051,0
HWM.US,D,20180816,000000,16.345,16.556,16.313,16.464,2091244,0
HWM.US,D,20180817,000000,16.441,16.68,16.409,16.607,1964772,0
HWM.US,D,20180820,000000,16.695,16.911,16.664,16.862,2466937,0
HWM.US,D,20180821,000000,16.831,17.18,16.827,17.148,2842342,0
HWM.US,D,20180822,000000,17.165,17.212,17.029,17.046,2806561,0
HWM.US,D,20180823,000000,17.046,17.046,16.735,16.886,2661952,0
HWM.US,D,20180824,000000,16.941,17.78,16.902,17.679,9282556,0
HWM.US,D,20180827,000000,17.531,17.768,17.491,17.547,5056885,0
HWM.US,D,20180828,000000,17.656,17.663,17.176,17.419,2703137,0
HWM.US,D,20180829,000000,17.46,17.691,17.357,17.633,3438811,0
HWM.US,D,20180830,000000,17.554,17.864,17.419,17.554,4390327,0
HWM.US,D,20180831,000000,17.491,17.84,17.491,17.8,3340881,0
HWM.US,D,20180904,000000,17.626,17.659,17.468,17.57,3181451,0
HWM.US,D,20180905,000000,17.578,17.652,17.46,17.626,2226465,0
HWM.US,D,20180906,000000,17.594,17.824,17.384,17.435,2228920,0
HWM.US,D,20180907,000000,17.365,17.578,17.292,17.435,2277887,0
HWM.US,D,20180910,000000,17.491,17.656,17.452,17.491,2795517,0
HWM.US,D,20180911,000000,17.484,17.784,17.357,17.671,3047577,0
HWM.US,D,20180912,000000,17.712,18.096,17.704,18.048,2643985,0
HWM.US,D,20180913,000000,18.096,18.262,17.888,17.896,4804472,0
HWM.US,D,20180914,000000,17.88,18.112,17.88,18.048,3163527,0
HWM.US,D,20180917,000000,17.736,18.175,17.649,18.072,4795665,0
HWM.US,D,20180918,000000,18.167,18.294,17.868,18.286,3182694,0
HWM.US,D,20180919,000000,18.294,18.397,18.112,18.151,2924144,0
HWM.US,D,20180920,000000,18.23,18.286,17.908,17.975,3121335,0
HWM.US,D,20180921,000000,18.007,18.37,17.983,18.198,7720484,0
HWM.US,D,20180924,000000,18.072,18.072,17.124,17.196,5439377,0
HWM.US,D,20180925,000000,17.3,17.679,17.234,17.562,4327443,0
HWM.US,D,20180926,000000,17.578,17.633,17.054,17.132,3312980,0
HWM.US,D,20180927,000000,17.148,17.499,17.11,17.435,2729508,0
HWM.US,D,20180928,000000,17.396,17.695,17.3,17.507,2941864,0
HWM.US,D,20181001,000000,17.578,17.663,17.388,17.61,4004568,0
HWM.US,D,20181002,000000,17.656,17.679,17.484,17.649,1990152,0
HWM.US,D,20181003,000000,17.671,17.816,17.531,17.72,1928208,0
HWM.US,D,20181004,000000,17.712,17.824,17.539,17.663,2063611,0
HWM.US,D,20181005,000000,17.626,17.84,17.316,17.373,5045274,0
HWM.US,D,20181008,000000,17.776,18.771,17.776,18.612,8663298,0
HWM.US,D,20181009,000000,18.612,18.651,17.959,18.167,5814253,0
HWM.US,D,20181010,000000,18.112,18.159,17.268,17.3,4882520,0
HWM.US,D,20181011,000000,17.18,17.404,16.783,16.839,5636086,0
HWM.US,D,20181012,000000,17.22,17.244,16.831,17.188,4604154,0
HWM.US,D,20181015,000000,17.228,17.388,17.07,17.086,4392314,0
HWM.US,D,20181016,000000,17.228,17.671,17.165,17.649,4327768,0
HWM.US,D,20181017,000000,17.679,17.962,17.484,17.912,4448679,0
HWM.US,D,20181018,000000,17.832,18.056,17.499,17.523,4137116,0
HWM.US,D,20181019,000000,17.539,17.61,17.038,17.404,5145738,0
HWM.US,D,20181022,000000,17.412,17.412,16.727,17.062,5708079,0
HWM.US,D,20181023,000000,16.727,16.853,16.209,16.425,8198637,0
HWM.US,D,20181024,000000,16.441,16.529,15.781,15.805,4790265,0
HWM.US,D,20181025,000000,15.885,16.002,15.671,15.869,3855242,0
HWM.US,D,20181026,000000,15.598,15.892,15.327,15.781,3314609,0
HWM.US,D,20181029,000000,16.066,16.066,15,15.287,5217275,0
HWM.US,D,20181030,000000,15.574,15.821,15.024,15.671,7065704,0
HWM.US,D,20181031,000000,16.743,16.743,16.133,16.169,10973886,0
HWM.US,D,20181101,000000,16.273,17.072,16.121,16.968,9245232,0
HWM.US,D,20181102,000000,17.104,17.328,16.752,16.881,5252701,0
HWM.US,D,20181105,000000,16.689,16.776,16.058,16.561,8287850,0
HWM.US,D,20181106,000000,16.569,16.947,16.513,16.689,9762517,0
HWM.US,D,20181107,000000,16.784,17.024,16.649,16.865,7023412,0
HWM.US,D,20181108,000000,16.833,16.935,16.569,16.792,11428100,0
HWM.US,D,20181109,000000,16.617,16.775,16.305,16.569,4251989,0
HWM.US,D,20181112,000000,16.473,16.497,15.969,16.018,5063080,0
HWM.US,D,20181113,000000,16.042,16.465,15.892,16.042,6363835,0
HWM.US,D,20181114,000000,16.281,16.521,16.038,16.225,6692957,0
HWM.US,D,20181115,000000,16.026,16.538,15.812,16.481,4739620,0
HWM.US,D,20181116,000000,16.353,16.449,15.962,16.074,6657393,0
HWM.US,D,20181119,000000,16.074,16.992,15.876,16.225,10194247,0
HWM.US,D,20181120,000000,15.939,16.233,15.756,15.828,5647143,0
HWM.US,D,20181121,000000,15.939,16.386,15.804,16.345,6247801,0
HWM.US,D,20181123,000000,16.241,16.394,16.185,16.353,1749949,0
HWM.US,D,20181126,000000,16.521,16.57,16.205,16.321,3359062,0
HWM.US,D,20181127,000000,16.161,16.281,15.962,16.257,6163664,0
HWM.US,D,20181128,000000,16.313,16.729,16.209,16.609,4050042,0
HWM.US,D,20181129,000000,16.553,17.304,16.394,17.024,10201597,0
HWM.US,D,20181130,000000,16.96,17.144,16.697,17.136,5659105,0
HWM.US,D,20181203,000000,17.215,17.344,16.8,17.168,7737061,0
HWM.US,D,20181204,000000,17.168,17.288,16.426,16.633,5751874,0
HWM.US,D,20181206,000000,16.257,16.521,16.09,16.378,6474646,0
HWM.US,D,20181207,000000,16.394,16.577,16.121,16.185,5088169,0
HWM.US,D,20181210,000000,16.137,16.233,15.541,15.868,7001547,0
HWM.US,D,20181211,000000,16.209,16.489,15.808,16.066,4681853,0
HWM.US,D,20181212,000000,16.353,16.446,16.09,16.161,5388038,0
HWM.US,D,20181213,000000,16.193,16.345,15.808,15.908,3639551,0
HWM.US,D,20181214,000000,15.796,16.097,15.676,15.748,8008980,0
HWM.US,D,20181217,000000,15.684,15.998,15.125,15.277,7467086,0
HWM.US,D,20181218,000000,15.462,15.597,14.845,14.917,5739047,0
HWM.US,D,20181219,000000,14.893,15.149,14.241,14.296,6686763,0
HWM.US,D,20181220,000000,14.432,14.487,13.792,14.009,7540015,0
HWM.US,D,20181221,000000,13.961,14.32,13.49,13.545,13398417,0
HWM.US,D,20181224,000000,13.345,13.434,12.844,12.876,3094017,0
HWM.US,D,20181226,000000,12.996,13.434,12.469,13.434,5968138,0
HWM.US,D,20181227,000000,13.226,13.592,12.96,13.584,4805275,0
HWM.US,D,20181228,000000,13.64,13.768,13.313,13.369,3596363,0
HWM.US,D,20181231,000000,13.386,13.49,13.042,13.45,6392510,0
HWM.US,D,20190102,000000,13.282,14.837,13.194,14.805,14008220,0
HWM.US,D,20190103,000000,14.829,14.853,14.361,14.702,7664156,0
HWM.US,D,20190104,000000,14.893,15.437,14.853,15.125,7321393,0
HWM.US,D,20190107,000000,15.101,15.556,14.981,15.485,5879237,0
HWM.US,D,20190108,000000,15.661,15.764,15.501,15.533,5120991,0
HWM.US,D,20190109,000000,15.732,15.812,15.533,15.572,3964487,0
HWM.US,D,20190110,000000,15.501,15.732,15.117,15.645,4825041,0
HWM.US,D,20190111,000000,15.437,15.788,15.437,15.7,3462875,0
HWM.US,D,20190114,000000,15.389,15.581,15.189,15.454,4791610,0
HWM.US,D,20190115,000000,15.421,16.193,15.181,16.01,15853140,0
HWM.US,D,20190116,000000,16.034,16.249,15.82,16.034,6968788,0
HWM.US,D,20190117,000000,15.954,16.249,15.954,16.097,6744353,0
HWM.US,D,20190118,000000,16.249,16.441,16.129,16.225,7876958,0
HWM.US,D,20190122,000000,13.321,13.953,12.86,13.632,53082006,0
HWM.US,D,20190123,000000,13.784,14.597,13.784,14.401,16363621,0
HWM.US,D,20190124,000000,14.401,14.805,14.033,14.678,9219426,0
HWM.US,D,20190125,000000,14.837,15.077,14.757,14.789,9881156,0
HWM.US,D,20190128,000000,14.597,14.773,14.405,14.565,4737404,0
HWM.US,D,20190129,000000,14.678,14.9,14.609,14.67,6966975,0
HWM.US,D,20190130,000000,14.877,15.101,14.597,14.925,5756134,0
HWM.US,D,20190131,000000,14.869,15.117,14.855,15.013,4667151,0
HWM.US,D,20190201,000000,15.06,15.149,14.682,14.757,6652189,0
HWM.US,D,20190204,000000,14.765,14.949,14.63,14.941,5882874,0
HWM.US,D,20190205,000000,14.966,15.149,14.897,15.005,4076948,0
HWM.US,D,20190206,000000,14.646,15.052,14.241,14.613,13214961,0
HWM.US,D,20190207,000000,14.589,14.63,13.878,14.152,8679100,0
HWM.US,D,20190208,000000,14.487,14.565,13.333,13.685,12473164,0
HWM.US,D,20190211,000000,13.846,14.36,13.846,13.999,11278667,0
HWM.US,D,20190212,000000,14.087,14.446,14.087,14.344,7501584,0
HWM.US,D,20190213,000000,14.408,14.605,14.312,14.32,5922549,0
HWM.US,D,20190214,000000,14.279,14.308,13.975,13.999,4969694,0
HWM.US,D,20190215,000000,14.111,14.279,14.015,14.047,6135348,0
HWM.US,D,20190219,000000,14.183,14.605,14.168,14.455,8222081,0
HWM.US,D,20190220,000000,14.455,14.854,14.392,14.718,6438399,0
HWM.US,D,20190221,000000,14.686,14.858,14.546,14.597,5608995,0
HWM.US,D,20190222,000000,14.686,14.726,14.352,14.63,5086524,0
HWM.US,D,20190225,000000,14.686,14.806,14.597,14.734,6247720,0
HWM.US,D,20190226,000000,14.686,14.958,14.605,14.742,6718196,0
HWM.US,D,20190227,000000,14.71,15.027,14.71,14.91,5046969,0
HWM.US,D,20190228,000000,14.838,14.95,14.734,14.798,4124154,0
HWM.US,D,20190301,000000,14.894,14.99,14.71,14.966,5930309,0
HWM.US,D,20190304,000000,15.11,15.335,14.765,14.798,4922441,0
HWM.US,D,20190305,000000,14.838,15.062,14.765,14.894,6024698,0
HWM.US,D,20190306,000000,14.894,15.163,14.822,14.894,6028138,0
HWM.US,D,20190307,000000,14.854,14.901,14.431,14.662,5566943,0
HWM.US,D,20190308,000000,14.573,14.982,14.495,14.798,5769947,0
HWM.US,D,20190311,000000,14.597,15.148,14.581,15.054,6243216,0
HWM.US,D,20190312,000000,15.046,15.167,14.914,15.102,6373855,0
HWM.US,D,20190313,000000,15.142,15.291,15.086,15.167,5016931,0
HWM.US,D,20190314,000000,15.134,15.372,15.134,15.167,4666402,0
HWM.US,D,20190315,000000,15.15,15.301,15.094,15.199,7811613,0
HWM.US,D,20190318,000000,15.231,15.48,15.167,15.392,5387271,0
HWM.US,D,20190319,000000,15.432,15.588,15.219,15.303,5433727,0
HWM.US,D,20190320,000000,15.271,15.376,15.175,15.271,4463814,0
HWM.US,D,20190321,000000,15.167,15.448,15.167,15.367,4893339,0
HWM.US,D,20190322,000000,15.255,15.384,14.753,14.982,5453095,0
HWM.US,D,20190325,000000,14.95,15.199,14.87,14.886,4886947,0
HWM.US,D,20190326,000000,15.03,15.15,14.882,15.046,4269131,0
HWM.US,D,20190327,000000,15.086,15.263,14.99,15.142,3956579,0
HWM.US,D,20190328,000000,15.191,15.376,15.122,15.311,3653145,0
HWM.US,D,20190329,000000,15.408,15.6,15.255,15.295,5828394,0
HWM.US,D,20190401,000000,15.488,15.752,15.424,15.736,8369416,0
HWM.US,D,20190402,000000,15.72,15.92,15.664,15.808,4349981,0
HWM.US,D,20190403,000000,15.912,15.943,15.576,15.672,5476635,0
HWM.US,D,20190404,000000,15.648,15.935,15.64,15.904,4640375,0
HWM.US,D,20190405,000000,15.959,16.142,15.928,16.095,11119992,0
HWM.US,D,20190408,000000,15.974,16.271,15.824,16.214,5371359,0
HWM.US,D,20190409,000000,16.079,16.087,15.844,16.006,5153779,0
HWM.US,D,20190410,000000,16.006,16.23,15.998,16.071,5002653,0
HWM.US,D,20190411,000000,16.095,16.383,16.071,16.303,5214755,0
HWM.US,D,20190412,000000,16.439,16.644,16.399,16.575,4528998,0
HWM.US,D,20190415,000000,16.567,16.648,16.434,16.447,4983112,0
HWM.US,D,20190416,000000,16.551,16.68,16.452,16.551,4347051,0
HWM.US,D,20190417,000000,16.006,16.15,15.752,15.943,12941623,0
HWM.US,D,20190418,000000,15.99,16.134,15.959,16.039,5554411,0
HWM.US,D,20190422,000000,15.951,16.279,15.92,16.23,4211242,0
HWM.US,D,20190423,000000,16.327,16.632,16.303,16.551,5010069,0
HWM.US,D,20190424,000000,16.624,17.016,16.591,16.888,6725051,0
HWM.US,D,20190425,000000,16.808,16.852,16.496,16.52,4682912,0
HWM.US,D,20190426,000000,16.488,16.583,16.415,16.551,3678330,0
HWM.US,D,20190429,000000,16.551,16.72,16.536,16.567,3559189,0
HWM.US,D,20190430,000000,17.048,17.224,16.583,17.192,8903018,0
HWM.US,D,20190501,000000,17.208,17.731,17.16,17.176,9191661,0
HWM.US,D,20190502,000000,17.56,17.792,17.441,17.553,7293231,0
HWM.US,D,20190503,000000,17.608,17.977,17.441,17.953,5685553,0
HWM.US,D,20190506,000000,17.528,17.997,17.473,17.937,4068639,0
HWM.US,D,20190507,000000,17.84,18.049,17.655,17.856,4301703,0
HWM.US,D,20190508,000000,17.816,18.162,17.728,17.937,3726243,0
HWM.US,D,20190509,000000,17.76,17.816,17.524,17.695,4318663,0
HWM.US,D,20190510,000000,17.576,18.081,17.433,18.009,4689855,0
HWM.US,D,20190513,000000,17.545,17.691,17.172,17.232,4775930,0
HWM.US,D,20190514,000000,17.337,17.704,17.256,17.512,3493888,0
HWM.US,D,20190515,000000,17.337,17.712,17.337,17.631,4515765,0
HWM.US,D,20190516,000000,17.72,17.909,17.655,17.72,4135902,0
HWM.US,D,20190517,000000,17.481,17.88,17.425,17.592,5494932,0
HWM.US,D,20190520,000000,17.553,17.759,17.481,17.631,4581229,0
HWM.US,D,20190521,000000,17.712,17.929,17.687,17.929,4439665,0
HWM.US,D,20190522,000000,17.945,18.134,17.905,17.921,4080903,0
HWM.US,D,20190523,000000,17.679,17.898,17.612,17.792,3434189,0
HWM.US,D,20190524,000000,17.888,18.041,17.736,17.824,4003516,0
HWM.US,D,20190528,000000,17.816,17.957,17.728,17.736,3976228,0
HWM.US,D,20190529,000000,17.576,17.736,17.385,17.647,4080619,0
HWM.US,D,20190530,000000,17.639,17.76,17.56,17.624,2438431,0
HWM.US,D,20190531,000000,17.496,17.659,17.488,17.545,4169046,0
HWM.US,D,20190603,000000,17.528,17.744,17.429,17.72,6130861,0
HWM.US,D,20190604,000000,17.8,18.097,17.736,18.065,4583294,0
HWM.US,D,20190605,000000,18.105,18.409,18.093,18.409,3782533,0
HWM.US,D,20190606,000000,18.425,18.722,18.337,18.65,4853948,0
HWM.US,D,20190607,000000,18.682,18.915,18.642,18.859,4781614,0
HWM.US,D,20190610,000000,18.995,19.135,18.634,18.658,4140087,0
HWM.US,D,20190611,000000,18.778,18.827,18.217,18.433,4541244,0
HWM.US,D,20190612,000000,18.425,18.458,18.073,18.154,4721067,0
HWM.US,D,20190613,000000,18.265,18.585,18.174,18.577,3190862,0
HWM.US,D,20190614,000000,18.522,18.522,18.349,18.409,3956747,0
HWM.US,D,20190617,000000,18.401,18.425,18.17,18.329,2533656,0
HWM.US,D,20190618,000000,18.425,18.907,18.361,18.851,3339346,0
HWM.US,D,20190619,000000,18.875,19.035,18.802,18.979,4403227,0
HWM.US,D,20190620,000000,19.21,19.355,19.123,19.347,6851251,0
HWM.US,D,20190621,000000,19.331,19.787,19.291,19.49,9543538,0
HWM.US,D,20190624,000000,19.538,19.682,19.439,19.467,4003325,0
HWM.US,D,20190625,000000,19.538,19.71,19.355,19.538,4844657,0
HWM.US,D,20190626,000000,19.642,20.004,19.557,19.939,3620948,0
HWM.US,D,20190627,000000,19.939,20.366,19.823,20.341,4993555,0
HWM.US,D,20190628,000000,20.366,20.692,20.317,20.684,6694481,0
HWM.US,D,20190701,000000,20.988,21.149,20.86,20.892,6583744,0
HWM.US,D,20190702,000000,20.916,21.097,20.779,20.948,3561488,0
HWM.US,D,20190703,000000,21.02,21.02,20.699,20.723,2782781,0
HWM.US,D,20190705,000000,20.637,20.916,20.494,20.908,4095554,0
HWM.US,D,20190708,000000,20.771,20.864,20.593,20.684,4210339,0
HWM.US,D,20190709,000000,20.605,20.727,20.529,20.699,2997155,0
HWM.US,D,20190710,000000,20.827,20.907,20.629,20.66,1966747,0
HWM.US,D,20190711,000000,20.653,20.684,20.541,20.605,1466087,0
HWM.US,D,20190712,000000,20.692,20.835,20.605,20.827,2010629,0
HWM.US,D,20190715,000000,20.827,20.868,20.482,20.684,2623603,0
HWM.US,D,20190716,000000,20.653,20.803,20.591,20.653,2801525,0
HWM.US,D,20190717,000000,20.645,20.645,20.213,20.269,2448906,0
HWM.US,D,20190718,000000,20.14,20.14,19.843,20.14,2478511,0
HWM.US,D,20190719,000000,20.333,20.341,20.132,20.173,2374128,0
HWM.US,D,20190722,000000,20.148,20.281,20.1,20.132,2360610,0
HWM.US,D,20190723,000000,20.285,20.309,20.044,20.157,2903508,0
HWM.US,D,20190724,000000,20.108,20.597,20.036,20.549,3931116,0
HWM.US,D,20190725,000000,20.541,20.605,20.289,20.518,2624007,0
HWM.US,D,20190726,000000,20.462,20.653,20.462,20.621,2123809,0
HWM.US,D,20190729,000000,20.621,20.66,20.124,20.148,3236889,0
HWM.US,D,20190730,000000,20.108,20.165,19.859,20.14,2738702,0
HWM.US,D,20190731,000000,20.157,20.374,19.907,20.06,2637603,0
HWM.US,D,20190801,000000,19.972,19.972,19.473,19.53,4693350,0
HWM.US,D,20190802,000000,20.653,20.844,18.585,19.05,6122140,0
HWM.US,D,20190805,000000,18.705,19.258,18.56,18.89,5017177,0
HWM.US,D,20190806,000000,19.098,19.792,18.922,19.698,4138153,0
HWM.US,D,20190807,000000,19.73,20.229,19.33,20.213,5571191,0
HWM.US,D,20190808,000000,20.39,20.708,20.144,20.39,5115580,0
HWM.US,D,20190809,000000,20.454,20.614,20.112,20.221,2700187,0
HWM.US,D,20190812,000000,20.052,20.349,19.956,20.197,2258952,0
HWM.US,D,20190813,000000,20.1,20.606,19.996,20.357,3462415,0
HWM.US,D,20190814,000000,20.068,20.181,19.768,19.859,3844728,0
HWM.US,D,20190815,000000,19.899,19.899,19.562,19.698,3602659,0
HWM.US,D,20190816,000000,19.811,20.017,19.718,19.915,2310824,0
HWM.US,D,20190819,000000,20.1,20.197,19.98,20.068,3488078,0
HWM.US,D,20190820,000000,19.988,20.265,19.819,20.229,2133764,0
HWM.US,D,20190821,000000,20.494,20.494,20.181,20.205,1807694,0
HWM.US,D,20190822,000000,20.213,20.39,20.012,20.124,1991028,0
HWM.US,D,20190823,000000,19.964,20.261,19.33,19.489,9768183,0
HWM.US,D,20190826,000000,19.698,20.197,19.554,20.084,9120321,0
HWM.US,D,20190827,000000,20.116,20.43,20.024,20.189,11466470,0
HWM.US,D,20190828,000000,20.197,20.518,19.859,20.39,8452262,0
HWM.US,D,20190829,000000,20.646,20.844,20.494,20.693,3451033,0
HWM.US,D,20190830,000000,20.844,20.909,20.598,20.716,3784088,0
HWM.US,D,20190903,000000,20.614,20.844,20.454,20.828,3729070,0
HWM.US,D,20190904,000000,20.917,20.957,20.74,20.828,3122525,0
HWM.US,D,20190905,000000,20.901,21.005,20.74,20.852,4311720,0
HWM.US,D,20190906,000000,20.941,21.045,20.716,20.836,3652425,0
HWM.US,D,20190909,000000,20.925,21.19,20.836,21.085,3817000,0
HWM.US,D,20190910,000000,21.061,21.439,21.005,21.415,3000028,0
HWM.US,D,20190911,000000,21.319,21.572,21.166,21.56,3774440,0
HWM.US,D,20190912,000000,21.648,21.785,21.519,21.664,2794878,0
HWM.US,D,20190913,000000,21.793,21.844,21.593,21.72,3086031,0
HWM.US,D,20190916,000000,21.648,21.945,21.648,21.809,2575344,0
HWM.US,D,20190917,000000,21.728,21.937,21.503,21.84,3578038,0
HWM.US,D,20190918,000000,21.777,21.921,21.584,21.896,3921043,0
HWM.US,D,20190919,000000,21.913,21.972,21.704,21.761,3542908,0
HWM.US,D,20190920,000000,21.833,21.892,21.238,21.423,7428305,0
HWM.US,D,20190923,000000,21.327,21.487,21.214,21.463,5753327,0
HWM.US,D,20190924,000000,21.487,21.656,21.238,21.27,4411294,0
HWM.US,D,20190925,000000,21.23,21.367,21.029,21.238,5065963,0
HWM.US,D,20190926,000000,21.286,21.327,21.021,21.085,2800519,0
HWM.US,D,20190927,000000,21.11,21.23,20.888,20.933,3115085,0
HWM.US,D,20190930,000000,20.925,20.997,20.764,20.844,6215296,0
HWM.US,D,20191001,000000,20.868,20.941,20.076,20.253,6577213,0
HWM.US,D,20191002,000000,20.044,20.084,19.218,19.403,5271185,0
HWM.US,D,20191003,000000,19.378,19.462,19.034,19.442,4210755,0
HWM.US,D,20191004,000000,19.411,19.642,19.206,19.634,2813554,0
HWM.US,D,20191007,000000,19.923,20.024,19.674,19.843,3710844,0
HWM.US,D,20191008,000000,19.763,20.181,19.682,19.939,4655011,0
HWM.US,D,20191009,000000,20.157,20.598,20.044,20.518,2233649,0
HWM.US,D,20191010,000000,20.374,20.925,20.374,20.86,2182197,0
HWM.US,D,20191011,000000,21.126,21.479,21.126,21.206,3123600,0
HWM.US,D,20191014,000000,21.479,21.64,21.399,21.519,2756309,0
HWM.US,D,20191015,000000,21.648,22.384,21.576,22.336,4060839,0
HWM.US,D,20191016,000000,22.32,22.384,22.024,22.055,3588104,0
HWM.US,D,20191017,000000,22.152,22.272,22,22.208,2897880,0
HWM.US,D,20191018,000000,22.192,22.192,21.648,21.656,3785292,0
HWM.US,D,20191021,000000,21.753,21.937,21.608,21.68,3052491,0
HWM.US,D,20191022,000000,21.704,21.84,21.552,21.712,2479630,0
HWM.US,D,20191023,000000,21.68,21.937,21.584,21.84,3153127,0
HWM.US,D,20191024,000000,21.896,22.008,21.696,21.992,2904589,0
HWM.US,D,20191025,000000,21.992,22.192,21.945,22.16,2215783,0
HWM.US,D,20191028,000000,22.208,22.392,22.124,22.176,3771806,0
HWM.US,D,20191029,000000,22.096,22.392,22.047,22.2,2380891,0
HWM.US,D,20191030,000000,22.128,22.166,21.809,22.072,2357385,0
HWM.US,D,20191031,000000,22.04,22.04,21.757,22.024,2534106,0
HWM.US,D,20191101,000000,22.239,22.882,22.144,22.882,4970309,0
HWM.US,D,20191104,000000,23.115,23.179,22.955,23.075,5439834,0
HWM.US,D,20191105,000000,22.665,23.692,22.08,23.66,7889425,0
HWM.US,D,20191106,000000,23.66,23.66,23.299,23.603,4598421,0
HWM.US,D,20191107,000000,23.619,23.684,23.131,23.195,3769074,0
HWM.US,D,20191108,000000,23.226,23.347,23.071,23.243,2603851,0
HWM.US,D,20191111,000000,23.267,23.708,23.187,23.676,4372811,0
HWM.US,D,20191112,000000,23.619,23.763,23.516,23.668,3801697,0
HWM.US,D,20191113,000000,23.492,23.795,23.427,23.668,2106023,0
HWM.US,D,20191114,000000,23.748,24.326,23.641,24.245,4855532,0
HWM.US,D,20191115,000000,24.382,24.787,24.229,24.759,6543772,0
HWM.US,D,20191118,000000,24.695,25.052,24.582,24.92,6034046,0
HWM.US,D,20191119,000000,24.904,24.944,24.799,24.88,4497487,0
HWM.US,D,20191120,000000,24.775,24.896,24.574,24.735,4810617,0
HWM.US,D,20191121,000000,24.63,24.96,24.518,24.558,2743093,0
HWM.US,D,20191122,000000,24.614,24.724,24.43,24.51,3488789,0
HWM.US,D,20191125,000000,24.614,24.856,24.578,24.839,2837026,0
HWM.US,D,20191126,000000,24.856,25.112,24.727,25.104,4830605,0
HWM.US,D,20191127,000000,25.104,25.192,24.936,25.081,2227687,0
HWM.US,D,20191129,000000,25.032,25.056,24.815,24.839,2910515,0
HWM.US,D,20191202,000000,24.936,25.024,24.518,24.518,2692175,0
HWM.US,D,20191203,000000,24.278,24.719,24.077,24.63,3901005,0
HWM.US,D,20191204,000000,24.759,24.807,24.31,24.326,3232911,0
HWM.US,D,20191205,000000,24.462,24.506,24.286,24.454,2146526,0
HWM.US,D,20191206,000000,24.679,24.912,24.566,24.888,2798729,0
HWM.US,D,20191209,000000,24.719,24.912,24.606,24.703,2100807,0
HWM.US,D,20191210,000000,24.831,24.988,24.799,24.88,3235126,0
HWM.US,D,20191211,000000,25.024,25.12,24.92,25.056,2030806,0
HWM.US,D,20191212,000000,25.081,25.468,24.992,25.368,3645372,0
HWM.US,D,20191213,000000,25.296,25.505,25.192,25.392,2689643,0
HWM.US,D,20191216,000000,25.344,25.661,25.344,25.513,4928525,0
HWM.US,D,20191217,000000,25.472,25.517,25.028,25.256,3345832,0
HWM.US,D,20191218,000000,25.136,25.152,24.679,24.687,5379193,0
HWM.US,D,20191219,000000,24.711,24.927,24.582,24.872,6005932,0
HWM.US,D,20191220,000000,25.056,25.184,24.88,25.184,8050602,0
HWM.US,D,20191223,000000,25.128,25.4,25.12,25.296,4272935,0
HWM.US,D,20191224,000000,25.328,25.336,25.096,25.12,697422,0
HWM.US,D,20191226,000000,25.168,25.208,24.888,25.032,5395440,0
HWM.US,D,20191227,000000,25.056,25.144,24.896,24.984,4932580,0
HWM.US,D,20191230,000000,24.968,25.052,24.683,24.767,1822220,0
HWM.US,D,20191231,000000,24.751,24.811,24.57,24.687,1859263,0
HWM.US,D,20200102,000000,24.799,25.304,24.727,25.304,3575054,0
HWM.US,D,20200103,000000,24.952,25.296,24.807,25.264,2475270,0
HWM.US,D,20200106,000000,25.152,25.304,24.872,25.04,3007284,0
HWM.US,D,20200107,000000,25.096,25.281,24.831,25.2,2417816,0
HWM.US,D,20200108,000000,25.088,25.112,24.63,24.647,3449204,0
HWM.US,D,20200109,000000,24.478,24.59,23.74,23.884,5568475,0
HWM.US,D,20200110,000000,23.851,23.851,23.063,23.147,4967754,0
HWM.US,D,20200113,000000,23.275,23.668,23.075,23.627,3778983,0
HWM.US,D,20200114,000000,23.54,23.847,23.484,23.732,4621552,0
HWM.US,D,20200115,000000,23.587,23.795,23.267,23.419,3068892,0
HWM.US,D,20200116,000000,23.226,24.077,23.226,24.069,5857806,0
HWM.US,D,20200117,000000,24.157,24.173,23.444,23.524,5406718,0
HWM.US,D,20200121,000000,23.323,23.732,23.299,23.587,10676119,0
HWM.US,D,20200122,000000,22.761,23.323,22.592,23.139,9171743,0
HWM.US,D,20200123,000000,23.042,23.748,22.938,23.692,4959018,0
HWM.US,D,20200124,000000,23.819,23.916,23.075,23.355,6611617,0
HWM.US,D,20200127,000000,22.922,24.864,22.858,24.606,12492147,0
HWM.US,D,20200128,000000,24.896,25.328,24.872,25.248,6763353,0
HWM.US,D,20200129,000000,25.176,25.289,24.59,24.992,4660334,0
HWM.US,D,20200130,000000,24.727,24.872,24.101,24.43,7408303,0
HWM.US,D,20200131,000000,24.31,24.382,23.952,24.028,3586363,0
HWM.US,D,20200203,000000,24.181,24.366,24.044,24.117,3209168,0
HWM.US,D,20200204,000000,24.374,24.522,24.278,24.454,3052140,0
HWM.US,D,20200205,000000,24.614,25.144,24.574,25.081,3337018,0
HWM.US,D,20200206,000000,25.144,25.312,24.715,25.208,3235288,0
HWM.US,D,20200207,000000,25.168,25.176,24.859,25.128,2285350,0
HWM.US,D,20200210,000000,25.128,25.432,24.976,25.408,5305834,0
HWM.US,D,20200211,000000,25.553,26.168,25.489,25.706,3220122,0
HWM.US,D,20200212,000000,25.722,26.457,25.722,26.341,4516189,0
HWM.US,D,20200213,000000,26.26,26.853,26.091,26.453,4572626,0
HWM.US,D,20200214,000000,26.373,26.798,26.292,26.782,4574155,0
HWM.US,D,20200218,000000,26.75,26.75,26.421,26.637,2791248,0
HWM.US,D,20200219,000000,26.734,27.512,26.709,27.352,5122046,0
HWM.US,D,20200220,000000,27.376,27.376,26.397,27.054,4721622,0
HWM.US,D,20200221,000000,26.869,27.014,26.661,26.869,4137442,0
HWM.US,D,20200224,000000,26.011,26.677,25.882,26.55,5863815,0
HWM.US,D,20200225,000000,26.653,26.734,25.192,25.456,12742590,0
HWM.US,D,20200226,000000,25.561,26.172,25.408,25.569,9076191,0
HWM.US,D,20200227,000000,24.751,25.2,24.277,24.389,11639277,0
HWM.US,D,20200228,000000,23.499,23.899,23.041,23.563,15409750,0
HWM.US,D,20200302,000000,23.667,24.044,23.266,24.044,9182784,0
HWM.US,D,20200303,000000,23.979,24.638,23.065,23.113,7943635,0
HWM.US,D,20200304,000000,23.586,23.659,22.928,23.411,5132517,0
HWM.US,D,20200305,000000,22.759,22.776,21.395,21.475,6176243,0
HWM.US,D,20200306,000000,20.704,21.371,20.312,20.832,5712188,0
HWM.US,D,20200309,000000,19.371,19.524,18.344,18.497,5203855,0
HWM.US,D,20200310,000000,19.251,19.677,18.674,19.508,5581290,0
HWM.US,D,20200311,000000,18.802,18.931,17.399,17.749,5048358,0
HWM.US,D,20200312,000000,16.304,16.907,15.776,15.961,10666299,0
HWM.US,D,20200313,000000,16.988,17.012,15.603,16.473,7661700,0
HWM.US,D,20200316,000000,14.45,15.398,13.776,14.001,7431012,0
HWM.US,D,20200317,000000,14.355,14.795,13.535,14.17,6578836,0
HWM.US,D,20200318,000000,12.989,13.117,10.939,12.589,5421142,0
HWM.US,D,20200319,000000,12.267,12.957,11.351,12.725,7183035,0
HWM.US,D,20200320,000000,12.749,12.846,10.436,10.637,10259886,0
HWM.US,D,20200323,000000,10.597,10.621,9.1359,9.626,8582555,0
HWM.US,D,20200324,000000,10.219,12.307,10.115,12.162,9235531,0
HWM.US,D,20200325,000000,12.251,13.551,11.881,12.981,10282556,0
HWM.US,D,20200326,000000,13.181,14.315,12.749,14.226,13743972,0
HWM.US,D,20200327,000000,13.382,13.808,12.669,13.39,7969568,0
HWM.US,D,20200330,000000,13.447,13.487,12.572,13.165,5380869,0
HWM.US,D,20200331,000000,13.03,13.262,12.581,12.894,6323021,0
HWM.US,D,20200401,000000,15.38,15.38,12.694,13.182,2634747,0
HWM.US,D,20200402,000000,12.953,13.692,11.984,12.484,4437703,0
HWM.US,D,20200403,000000,12.084,12.674,11.834,12.524,4058418,0
HWM.US,D,20200406,000000,13.023,13.982,12.314,12.674,6043346,0
HWM.US,D,20200407,000000,13.442,13.952,11.994,12.094,5693613,0
HWM.US,D,20200408,000000,12.484,13.372,12.294,13.062,6599552,0
HWM.US,D,20200409,000000,13.872,14.142,13.192,13.232,3297758,0
HWM.US,D,20200413,000000,13.142,13.362,12.194,12.584,4065019,0
HWM.US,D,20200414,000000,12.814,13.042,11.954,12.184,4932418,0
HWM.US,D,20200415,000000,12.054,12.084,10.321,11.356,7542009,0
HWM.US,D,20200416,000000,10.916,11.336,10.386,10.726,8203800,0
HWM.US,D,20200417,000000,11.236,11.684,11.076,11.634,10301866,0
HWM.US,D,20200420,000000,11.604,12.554,11.376,11.624,6330848,0
HWM.US,D,20200421,000000,11.356,11.485,10.566,10.576,3309186,0
HWM.US,D,20200422,000000,10.926,11.286,10.646,10.816,2781398,0
HWM.US,D,20200423,000000,10.796,11.376,10.756,10.986,4687086,0
HWM.US,D,20200424,000000,11.056,11.316,10.566,10.796,6725577,0
HWM.US,D,20200427,000000,10.886,11.539,10.846,11.396,2780471,0
HWM.US,D,20200428,000000,11.664,12.234,11.554,11.974,2880694,0
HWM.US,D,20200429,000000,12.384,13.912,12.314,13.872,4147192,0
HWM.US,D,20200430,000000,13.542,13.632,12.794,13.052,3245030,0
HWM.US,D,20200501,000000,12.904,12.943,12.184,12.524,2458997,0
HWM.US,D,20200504,000000,12.284,12.344,11.405,11.934,3019679,0
HWM.US,D,20200505,000000,12.434,13.023,12.144,12.194,3123033,0
HWM.US,D,20200506,000000,12.254,12.334,11.435,11.475,2306959,0
HWM.US,D,20200507,000000,11.485,12.284,11.485,11.854,3476490,0
HWM.US,D,20200508,000000,11.944,12.624,11.944,12.604,2157592,0
HWM.US,D,20200511,000000,12.244,12.464,11.694,11.744,1771788,0
HWM.US,D,20200512,000000,11.954,12.084,11.096,11.106,2567587,0
HWM.US,D,20200513,000000,10.986,11.046,10.496,10.636,2264546,0
HWM.US,D,20200514,000000,10.386,11.286,9.858,11.236,3403751,0
HWM.US,D,20200515,000000,11.046,11.186,10.726,10.756,2886022,0
HWM.US,D,20200518,000000,11.286,12.404,11.281,12.324,3469503,0
HWM.US,D,20200519,000000,12.274,12.454,11.884,12.034,1632911,0
HWM.US,D,20200520,000000,12.264,12.983,12.244,12.734,2597950,0
HWM.US,D,20200521,000000,12.604,12.953,12.349,12.414,2372655,0
HWM.US,D,20200522,000000,12.434,12.654,12.054,12.354,2004733,0
HWM.US,D,20200526,000000,13.152,13.382,12.924,13.042,2553875,0
HWM.US,D,20200527,000000,13.312,14.142,12.884,14.002,6221546,0
HWM.US,D,20200528,000000,14.332,14.342,13.252,13.262,2958843,0
HWM.US,D,20200529,000000,13.212,13.417,12.784,13.062,6806360,0
HWM.US,D,20200601,000000,13.142,13.742,13.082,13.392,2305168,0
HWM.US,D,20200602,000000,13.392,14.182,13.342,13.972,2836169,0
HWM.US,D,20200603,000000,14.422,15.17,14.292,15.15,2702358,0
HWM.US,D,20200604,000000,15.15,15.63,14.99,15.51,4159721,0
HWM.US,D,20200605,000000,16.788,17.238,16.308,17.138,4232318,0
HWM.US,D,20200608,000000,17.996,18.356,17.636,17.706,5251138,0
HWM.US,D,20200609,000000,17.008,17.178,16.034,16.198,3313813,0
HWM.US,D,20200610,000000,16.009,16.009,14.71,14.95,4745605,0
HWM.US,D,20200611,000000,13.852,14.252,12.963,12.963,3180214,0
HWM.US,D,20200612,000000,14.032,14.142,13.262,13.982,4056580,0
HWM.US,D,20200615,000000,13.122,14.64,13.062,14.501,3001488,0
HWM.US,D,20200616,000000,15.36,15.607,14.78,15.21,4135142,0
HWM.US,D,20200617,000000,15.38,15.44,14.77,14.78,5773218,0
HWM.US,D,20200618,000000,14.511,14.9,14.402,14.561,4544125,0
HWM.US,D,20200619,000000,14.98,15.23,13.802,13.922,9267979,0
HWM.US,D,20200622,000000,13.892,14.68,13.547,14.63,3855685,0
HWM.US,D,20200623,000000,14.64,15.14,14.072,15.02,4992926,0
HWM.US,D,20200624,000000,14.75,14.94,14.312,14.6,6642896,0
HWM.US,D,20200625,000000,14.272,15.24,14.172,15.18,4390378,0
HWM.US,D,20200626,000000,15.34,15.47,14.951,15.4,9091207,0
HWM.US,D,20200629,000000,15.76,16.283,15.49,16.198,4915142,0
HWM.US,D,20200630,000000,15.999,16.263,15.72,15.83,5502561,0
HWM.US,D,20200701,000000,15.91,16.218,15.22,15.26,4373555,0
HWM.US,D,20200702,000000,15.61,15.85,15.14,15.29,4623283,0
HWM.US,D,20200706,000000,15.75,15.86,15.395,15.72,2365210,0
HWM.US,D,20200707,000000,15.54,15.6,15.04,15.12,3198753,0
HWM.US,D,20200708,000000,15.02,15.41,14.94,15.31,3237010,0
HWM.US,D,20200709,000000,15.03,15.2,14.72,14.75,2795461,0
HWM.US,D,20200710,000000,14.75,15.33,14.62,15.31,1491175,0
HWM.US,D,20200713,000000,15.36,15.68,15.043,15.21,2586628,0
HWM.US,D,20200714,000000,15.06,15.68,15.03,15.67,2023383,0
HWM.US,D,20200715,000000,16.098,16.708,15.95,16.678,3049264,0
HWM.US,D,20200716,000000,16.588,16.588,16.029,16.178,2674682,0
HWM.US,D,20200717,000000,16.188,16.518,15.92,16.428,3022645,0
HWM.US,D,20200720,000000,16.198,16.328,15.35,15.66,2830470,0
HWM.US,D,20200721,000000,15.88,16.233,15.78,16.079,2665118,0
HWM.US,D,20200722,000000,15.9,16.158,15.755,16.118,2028780,0
HWM.US,D,20200723,000000,16.029,16.158,15.6,15.73,2548224,0
HWM.US,D,20200724,000000,15.78,15.84,15.425,15.53,1844350,0
HWM.US,D,20200727,000000,15.44,15.515,15.1,15.22,3081843,0
HWM.US,D,20200728,000000,15.18,15.7,15.17,15.3,2407151,0
HWM.US,D,20200729,000000,15.24,15.33,14.74,15.25,2692223,0
HWM.US,D,20200730,000000,14.97,15.34,14.64,15.11,3389598,0
HWM.US,D,20200731,000000,15.03,15.1,14.501,14.76,3008564,0
HWM.US,D,20200803,000000,14.78,15.275,14.59,15.11,3051039,0
HWM.US,D,20200804,000000,15.1,15.27,14.9,15,2167288,0
HWM.US,D,20200805,000000,15.12,16.128,15.12,16.059,2681305,0
HWM.US,D,20200806,000000,15.3,17.338,15.3,17.258,3931883,0
HWM.US,D,20200807,000000,17.108,17.108,16.498,16.938,2397968,0
HWM.US,D,20200810,000000,16.948,17.926,16.948,17.886,2936726,0
HWM.US,D,20200811,000000,18.316,18.966,18.191,18.256,4814060,0
HWM.US,D,20200812,000000,18.576,18.636,17.806,18.066,3097006,0
HWM.US,D,20200813,000000,17.766,17.996,17.448,17.458,1715741,0
HWM.US,D,20200814,000000,17.448,17.816,17.258,17.527,1328205,0
HWM.US,D,20200817,000000,17.557,17.617,17.17,17.328,1852202,0
HWM.US,D,20200818,000000,17.058,17.268,16.868,16.908,2484413,0
HWM.US,D,20200819,000000,17.118,17.418,16.968,17.098,1424060,0
HWM.US,D,20200820,000000,16.828,17.148,16.664,16.918,1391655,0
HWM.US,D,20200821,000000,16.858,17.108,16.748,16.888,1261912,0
HWM.US,D,20200824,000000,16.908,17.478,16.898,17.418,2352431,0
HWM.US,D,20200825,000000,17.478,17.567,16.968,17.418,2237515,0
HWM.US,D,20200826,000000,17.448,17.517,17.158,17.168,2431604,0
HWM.US,D,20200827,000000,17.338,17.706,17.243,17.408,1976422,0
HWM.US,D,20200828,000000,17.537,18.016,17.478,17.986,1458855,0
HWM.US,D,20200831,000000,17.846,17.971,17.338,17.497,2656756,0
HWM.US,D,20200901,000000,17.348,17.791,17.228,17.517,1642351,0
HWM.US,D,20200902,000000,17.547,18.336,17.408,18.316,2108290,0
HWM.US,D,20200903,000000,18.296,18.686,17.547,17.706,2319589,0
HWM.US,D,20200904,000000,18.046,18.346,17.458,17.676,2450250,0
HWM.US,D,20200908,000000,17.557,17.651,17.093,17.278,2393983,0
HWM.US,D,20200909,000000,17.478,17.567,16.978,17.098,2982620,0
HWM.US,D,20200910,000000,18.086,18.086,16.908,16.958,5120299,0
HWM.US,D,20200911,000000,17.008,18.051,16.988,17.776,4059484,0
HWM.US,D,20200914,000000,17.946,18.406,17.696,18.366,3728829,0
HWM.US,D,20200915,000000,18.336,18.461,17.976,18.186,2476834,0
HWM.US,D,20200916,000000,18.126,18.996,17.866,18.756,3710273,0
HWM.US,D,20200917,000000,18.486,19.045,18.286,18.466,6227730,0
HWM.US,D,20200918,000000,18.276,18.711,17.547,17.676,7157680,0
HWM.US,D,20200921,000000,17.178,17.188,16.718,16.858,3743250,0
HWM.US,D,20200922,000000,16.758,17.218,16.608,17.058,2757112,0
HWM.US,D,20200923,000000,17.088,17.542,16.408,16.418,2673278,0
HWM.US,D,20200924,000000,16.368,16.758,16.128,16.448,2352787,0
HWM.US,D,20200925,000000,16.278,16.758,16.238,16.648,1938362,0
HWM.US,D,20200928,000000,16.908,17.537,16.908,17.168,1823292,0
HWM.US,D,20200929,000000,17.487,17.547,17.128,17.278,1821818,0
HWM.US,D,20200930,000000,17.268,17.368,16.573,16.698,2487049,0
HWM.US,D,20201001,000000,16.918,17.218,16.803,17.208,2581414,0
HWM.US,D,20201002,000000,16.618,17.946,16.488,17.856,1927834,0
HWM.US,D,20201005,000000,18.006,18.286,17.976,18.156,2334542,0
HWM.US,D,20201006,000000,18.346,18.406,17.468,17.507,2491401,0
HWM.US,D,20201007,000000,17.906,18.286,17.587,18.086,1955634,0
HWM.US,D,20201008,000000,18.216,18.766,18.156,18.706,1482745,0
HWM.US,D,20201009,000000,18.846,18.876,18.246,18.276,1824977,0
HWM.US,D,20201012,000000,18.176,18.356,17.786,18.166,2001687,0
HWM.US,D,20201013,000000,17.916,17.926,17.512,17.826,1890124,0
HWM.US,D,20201014,000000,17.916,18.326,17.856,18.236,1330231,0
HWM.US,D,20201015,000000,17.986,18.476,17.716,18.476,1695150,0
HWM.US,D,20201016,000000,18.726,18.801,18.476,18.566,2244431,0
HWM.US,D,20201019,000000,18.576,18.821,18.226,18.586,2068106,0
HWM.US,D,20201020,000000,18.736,18.736,18.186,18.196,2513013,0
HWM.US,D,20201021,000000,18.116,18.291,17.901,18.116,1316545,0
HWM.US,D,20201022,000000,18.216,18.856,18.166,18.826,2290984,0
HWM.US,D,20201023,000000,18.976,19.13,18.621,18.926,1612944,0
HWM.US,D,20201026,000000,18.536,18.596,17.976,18.256,1957090,0
HWM.US,D,20201027,000000,18.096,18.216,17.438,17.507,1922783,0
HWM.US,D,20201028,000000,16.988,17.198,16.568,16.658,2488959,0
HWM.US,D,20201029,000000,16.638,17.318,16.548,17.188,2075141,0
HWM.US,D,20201030,000000,17.118,17.278,16.818,17.228,2736319,0
HWM.US,D,20201102,000000,17.517,17.946,17.313,17.826,2240657,0
HWM.US,D,20201103,000000,18.236,18.726,18.046,18.606,2979370,0
HWM.US,D,20201104,000000,18.366,18.681,17.906,18.146,1881893,0
HWM.US,D,20201105,000000,18.356,19.085,18.026,18.816,4709319,0
HWM.US,D,20201106,000000,18.816,19.035,18.646,18.826,2837066,0
HWM.US,D,20201109,000000,20.054,24.428,19.974,22.4,9792168,0
HWM.US,D,20201110,000000,22.52,24.113,22.42,22.97,7648729,0
HWM.US,D,20201111,000000,23.858,23.858,22.037,22.25,4894247,0
HWM.US,D,20201112,000000,21.802,22.071,21.122,21.412,4716231,0
HWM.US,D,20201113,000000,21.812,22.52,21.802,22.33,3388554,0
HWM.US,D,20201116,000000,23.41,23.908,22.85,23.15,6384475,0
HWM.US,D,20201117,000000,22.7,23.619,22.678,23.47,4100286,0
HWM.US,D,20201118,000000,23.868,23.988,23.14,23.16,4470251,0
HWM.US,D,20201119,000000,22.91,23.589,22.645,23.54,4366839,0
HWM.US,D,20201120,000000,23.445,23.928,23.28,23.918,4937195,0
HWM.US,D,20201123,000000,24.258,24.668,24.018,24.288,4440743,0
HWM.US,D,20201124,000000,24.968,25.366,24.718,25.207,4052767,0
HWM.US,D,20201125,000000,24.718,25.326,24.418,24.518,4587024,0
HWM.US,D,20201127,000000,24.588,24.758,24.288,24.568,1797396,0
HWM.US,D,20201130,000000,24.328,24.528,23.4,23.43,6972200,0
HWM.US,D,20201201,000000,24.308,24.508,23.639,23.739,6330228,0
HWM.US,D,20201202,000000,23.579,24.318,23.49,24.228,3350247,0
HWM.US,D,20201203,000000,24.238,25.486,24.228,25.018,6158344,0
HWM.US,D,20201204,000000,25.316,25.616,25.157,25.336,5246207,0
HWM.US,D,20201207,000000,25.336,25.766,25.088,25.546,2837690,0
HWM.US,D,20201208,000000,25.197,25.476,24.878,25.416,2384641,0
HWM.US,D,20201209,000000,25.526,25.786,25.048,25.416,2476947,0
HWM.US,D,20201210,000000,25.107,26.404,25.107,26.096,3441427,0
HWM.US,D,20201211,000000,25.826,26.635,25.736,26.396,3827401,0
HWM.US,D,20201214,000000,27.294,27.374,26.481,26.775,3588171,0
HWM.US,D,20201215,000000,27.114,27.234,26.406,26.904,2458140,0
HWM.US,D,20201216,000000,26.904,27.014,26.006,26.795,3202305,0
HWM.US,D,20201217,000000,26.844,26.934,25.976,26.924,4044328,0
HWM.US,D,20201218,000000,26.815,27.334,26.745,27.234,7417787,0
HWM.US,D,20201221,000000,26.516,26.735,26.156,26.426,3676979,0
HWM.US,D,20201222,000000,26.476,26.581,26.147,26.426,1874488,0
HWM.US,D,20201223,000000,26.675,27.874,26.665,27.734,3270999,0
HWM.US,D,20201224,000000,27.724,27.784,27.074,27.344,879738,0
HWM.US,D,20201228,000000,27.434,28.034,27.434,27.694,1592887,0
HWM.US,D,20201229,000000,27.784,28.034,27.444,27.934,2721881,0
HWM.US,D,20201230,000000,27.834,28.717,27.834,28.323,2687752,0
HWM.US,D,20201231,000000,28.422,28.642,28.203,28.502,2292137,0
HWM.US,D,20210104,000000,28.452,28.462,26.795,26.834,3207340,0
HWM.US,D,20210105,000000,26.934,27.974,26.785,27.874,3663899,0
HWM.US,D,20210106,000000,28.054,28.602,27.624,27.994,3141145,0
HWM.US,D,20210107,000000,28.124,28.183,27.659,27.704,2324698,0
HWM.US,D,20210108,000000,27.804,27.944,27.284,27.874,2029774,0
HWM.US,D,20210111,000000,27.434,28.328,27.364,28.173,3094458,0
HWM.US,D,20210112,000000,28.173,29.062,27.964,28.832,2371028,0
HWM.US,D,20210113,000000,28.702,28.842,28.054,28.094,1668929,0
HWM.US,D,20210114,000000,28.492,28.962,28.124,28.552,6037836,0
HWM.US,D,20210115,000000,28.223,28.223,27.586,27.914,2120824,0
HWM.US,D,20210119,000000,28.213,28.213,27.489,27.714,2662389,0
HWM.US,D,20210120,000000,27.904,27.954,27.304,27.364,4961877,0
HWM.US,D,20210121,000000,27.174,27.314,26.596,26.884,7588721,0
HWM.US,D,20210122,000000,26.675,26.994,26.336,26.725,2342882,0
HWM.US,D,20210125,000000,26.446,26.576,25.307,25.796,7605904,0
HWM.US,D,20210126,000000,26.106,26.246,24.878,24.968,7268234,0
HWM.US,D,20210127,000000,24.358,24.418,22.88,23.569,8154655,0
HWM.US,D,20210128,000000,24.058,24.843,23.968,24.728,4730801,0
HWM.US,D,20210129,000000,24.608,25.376,24.068,24.548,5868899,0
HWM.US,D,20210201,000000,24.938,25.306,24.508,25.018,2454019,0
HWM.US,D,20210202,000000,25.496,26.526,25.197,26.076,4363765,0
HWM.US,D,20210203,000000,25.267,27.194,25.068,26.825,4084840,0
HWM.US,D,20210204,000000,27.014,27.914,26.775,27.304,5257956,0
HWM.US,D,20210205,000000,27.644,27.754,26.964,27.094,2433532,0
HWM.US,D,20210208,000000,27.314,27.734,27.214,27.704,1919839,0
HWM.US,D,20210209,000000,27.464,27.884,27.334,27.724,2926089,0
HWM.US,D,20210210,000000,27.864,28.412,27.614,28.293,2985011,0
HWM.US,D,20210211,000000,28.223,28.782,27.874,28.712,3038173,0
HWM.US,D,20210212,000000,28.382,28.672,28.064,28.243,1852832,0
HWM.US,D,20210216,000000,28.362,28.732,28.074,28.343,2777277,0
HWM.US,D,20210217,000000,28.712,28.712,28.313,28.602,1592638,0
HWM.US,D,20210218,000000,28.183,28.512,27.624,27.774,1997144,0
HWM.US,D,20210219,000000,28.024,28.772,27.944,28.642,1928247,0
HWM.US,D,20210222,000000,28.193,29.162,28.193,28.612,2595801,0
HWM.US,D,20210223,000000,28.672,29.132,28.173,29.042,1767580,0
HWM.US,D,20210224,000000,29.032,30.48,28.862,30.1,3636045,0
HWM.US,D,20210225,000000,29.96,30.12,28.124,28.313,2890534,0
HWM.US,D,20210226,000000,28.323,28.547,27.753,28.074,3190384,0
HWM.US,D,20210301,000000,28.872,29.362,28.782,28.912,2870080,0
HWM.US,D,20210302,000000,28.822,29.302,28.572,28.942,2275812,0
HWM.US,D,20210303,000000,29.142,30.52,28.962,30.26,4471940,0
HWM.US,D,20210304,000000,30.33,30.805,28.672,29.512,6988085,0
HWM.US,D,20210305,000000,29.98,30.48,28.482,30.33,3596886,0
HWM.US,D,20210308,000000,30.82,31.083,29.711,29.771,3673923,0
HWM.US,D,20210309,000000,30.03,30.45,29.192,29.721,5619767,0
HWM.US,D,20210310,000000,30.04,31.738,29.94,31.409,4042869,0
HWM.US,D,20210311,000000,31.458,32.428,31.458,31.588,5609314,0
HWM.US,D,20210312,000000,31.518,31.818,31.05,31.508,3356692,0
HWM.US,D,20210315,000000,31.678,31.898,31.005,31.778,2041041,0
HWM.US,D,20210316,000000,31.908,31.998,30.99,31.1,3653903,0
HWM.US,D,20210317,000000,31.1,32.158,31,32.118,3273375,0
HWM.US,D,20210318,000000,31.968,32.917,31.693,31.718,4667630,0
HWM.US,D,20210319,000000,31.768,32.133,30.61,31.778,3540508,0
HWM.US,D,20210322,000000,31.768,31.948,31.1,31.508,3976374,0
HWM.US,D,20210323,000000,30.99,31.518,30.17,30.33,3855243,0
HWM.US,D,20210324,000000,30.76,31.339,30.31,30.31,2700979,0
HWM.US,D,20210325,000000,29.92,31.428,29.552,31.309,2652507,0
HWM.US,D,20210326,000000,31.428,32.208,31.269,31.948,2894695,0
HWM.US,D,20210329,000000,31.968,32.308,31.319,31.478,2423364,0
HWM.US,D,20210330,000000,31.598,32.028,31.219,31.718,4110034,0
HWM.US,D,20210331,000000,32.118,32.508,31.678,32.088,3189826,0
HWM.US,D,20210401,000000,31.968,32.258,31.608,31.778,3014939,0
HWM.US,D,20210405,000000,32.248,32.458,31.928,32.028,3313588,0
HWM.US,D,20210406,000000,31.848,32.078,31.11,31.359,4116912,0
HWM.US,D,20210407,000000,31.498,31.993,31.364,31.758,2679892,0
HWM.US,D,20210408,000000,31.578,31.858,31.03,31.768,1820705,0
HWM.US,D,20210409,000000,31.868,32.258,31.458,32.188,1539390,0
HWM.US,D,20210412,000000,32.248,32.368,31.748,32.278,2358606,0
HWM.US,D,20210413,000000,32.148,32.328,31.728,32.098,1904875,0
HWM.US,D,20210414,000000,32.268,33.376,32.268,32.508,4288178,0
HWM.US,D,20210415,000000,32.608,32.608,31.878,32.308,2145028,0
HWM.US,D,20210416,000000,32.767,32.857,32.208,32.658,1786536,0
HWM.US,D,20210419,000000,32.498,32.747,32.158,32.528,1829434,0
HWM.US,D,20210420,000000,32.248,32.308,30.74,30.96,3707991,0
HWM.US,D,20210421,000000,30.82,31.913,30.51,31.888,1544830,0
HWM.US,D,20210422,000000,32.058,32.248,31.379,31.379,3123328,0
HWM.US,D,20210423,000000,31.518,32.128,31.399,31.918,2652846,0
HWM.US,D,20210426,000000,32.228,32.428,31.978,32.178,3872402,0
HWM.US,D,20210427,000000,32.348,32.408,31.768,31.988,1617416,0
HWM.US,D,20210428,000000,31.778,32.248,31.648,32.078,4483001,0
HWM.US,D,20210429,000000,32.388,32.548,31.708,32.098,1816509,0
HWM.US,D,20210430,000000,31.958,32.258,31.738,31.918,1855481,0
HWM.US,D,20210503,000000,32.058,32.388,31.878,31.988,2265094,0
HWM.US,D,20210504,000000,32.028,32.478,31.608,32.148,2490501,0
HWM.US,D,20210505,000000,32.368,32.727,32.163,32.308,2774217,0
HWM.US,D,20210506,000000,32.078,32.298,30.77,32.168,4172384,0
HWM.US,D,20210507,000000,32.258,33.646,31.798,33.526,4703385,0
HWM.US,D,20210510,000000,33.816,33.848,32.508,32.538,2596674,0
HWM.US,D,20210511,000000,32.058,33.056,31.828,32.358,3901193,0
HWM.US,D,20210512,000000,32.158,32.438,31.468,31.838,4514616,0
HWM.US,D,20210513,000000,32.108,32.847,32.048,32.308,3091280,0
HWM.US,D,20210514,000000,32.618,33.386,32.328,33.206,5167940,0
HWM.US,D,20210517,000000,32.947,33.726,32.678,33.666,4124404,0
HWM.US,D,20210518,000000,33.826,34.146,33.466,33.676,6705095,0
HWM.US,D,20210519,000000,33.286,33.566,32.767,33.546,4496271,0
HWM.US,D,20210520,000000,33.496,33.866,33.216,33.746,3148979,0
HWM.US,D,20210521,000000,34.156,34.504,33.636,33.716,4486521,0
HWM.US,D,20210524,000000,34.016,34.106,33.606,33.996,4791377,0
HWM.US,D,20210525,000000,34.006,34.425,33.706,33.726,3310970,0
HWM.US,D,20210526,000000,33.826,34.156,33.786,33.976,2904705,0
HWM.US,D,20210527,000000,35.144,35.499,34.624,35.434,7800856,0
HWM.US,D,20210528,000000,35.409,35.464,34.974,35.434,2589223,0
HWM.US,D,20210601,000000,35.933,35.963,35.444,35.564,3495866,0
HWM.US,D,20210602,000000,35.604,35.714,35.064,35.364,2765364,0
HWM.US,D,20210603,000000,35.084,35.214,34.604,34.784,3114031,0
HWM.US,D,20210604,000000,34.944,35.194,34.684,35.154,2519474,0
HWM.US,D,20210607,000000,35.204,35.384,34.934,35.254,2049039,0
HWM.US,D,20210608,000000,35.264,35.983,35.264,35.684,3708152,0
HWM.US,D,20210609,000000,35.444,35.644,34.974,34.984,2053680,0
HWM.US,D,20210610,000000,35.344,35.509,34.884,34.964,4654546,0
HWM.US,D,20210611,000000,35.224,35.504,34.914,35.324,2028492,0
HWM.US,D,20210614,000000,35.254,35.424,34.704,34.914,1654455,0
HWM.US,D,20210615,000000,34.819,35.111,34.684,34.964,2013653,0
HWM.US,D,20210616,000000,34.894,35.534,34.634,34.884,2762349,0
HWM.US,D,20210617,000000,34.794,34.854,33.466,33.976,3175618,0
HWM.US,D,20210618,000000,33.396,33.876,33.081,33.146,4723112,0
HWM.US,D,20210621,000000,33.476,34.086,33.436,34.026,3657493,0
HWM.US,D,20210622,000000,33.946,34.046,33.146,33.766,3657020,0
HWM.US,D,20210623,000000,33.766,34.046,33.576,33.766,1878969,0
HWM.US,D,20210624,000000,34.126,34.549,33.727,34.534,1978825,0
HWM.US,D,20210625,000000,34.694,35.014,34.494,34.794,5236547,0
HWM.US,D,20210628,000000,34.634,34.844,33.566,33.836,2251901,0
HWM.US,D,20210629,000000,34.036,34.305,33.566,33.626,3343597,0
HWM.US,D,20210630,000000,33.716,34.485,33.716,34.425,2647987,0
HWM.US,D,20210701,000000,34.534,34.744,34.325,34.574,2133384,0
HWM.US,D,20210702,000000,34.744,34.754,34.265,34.395,1693680,0
HWM.US,D,20210706,000000,34.196,34.305,33.051,33.466,3331435,0
HWM.US,D,20210707,000000,33.256,33.736,32.603,33.196,3082058,0
HWM.US,D,20210708,000000,32.548,33.371,32.168,32.897,2820828,0
HWM.US,D,20210709,000000,33.426,33.926,33.256,33.906,1805156,0
HWM.US,D,20210712,000000,33.546,34.011,33.296,33.826,2555665,0
HWM.US,D,20210713,000000,33.466,33.686,32.797,32.847,2298077,0
HWM.US,D,20210714,000000,33.066,33.581,32.628,32.757,1942658,0
HWM.US,D,20210715,000000,32.348,33.036,32.068,32.368,4093202,0
HWM.US,D,20210716,000000,32.688,32.847,31.532,31.618,6116418,0
HWM.US,D,20210719,000000,30.85,30.9,29.891,30.45,4674578,0
HWM.US,D,20210720,000000,30.47,32.078,30.309,31.848,3310974,0
HWM.US,D,20210721,000000,32.168,32.996,32.133,32.827,1905828,0
HWM.US,D,20210722,000000,32.727,32.737,32.148,32.288,3801197,0
HWM.US,D,20210723,000000,32.678,32.787,32.193,32.338,2192744,0
HWM.US,D,20210726,000000,32.318,32.797,32.223,32.468,2343855,0
HWM.US,D,20210727,000000,32.278,32.792,32.108,32.688,2402468,0
HWM.US,D,20210728,000000,33.416,33.526,32.458,32.767,3410544,0
HWM.US,D,20210729,000000,33.166,33.496,32.887,33.056,1841455,0
HWM.US,D,20210730,000000,32.757,33.056,32.458,32.777,1731774,0
HWM.US,D,20210802,000000,33.186,33.966,32.578,32.688,1856037,0
HWM.US,D,20210803,000000,32.797,33.026,31.668,32.957,2426872,0
HWM.US,D,20210804,000000,31.958,32.647,30.64,30.66,5563828,0
HWM.US,D,20210805,000000,30.86,31.924,30.83,31.629,5526718,0
HWM.US,D,20210806,000000,32.129,32.469,31.629,31.719,4709232,0
HWM.US,D,20210809,000000,31.449,31.799,30.997,31.539,2842025,0
HWM.US,D,20210810,000000,31.609,32.649,31.479,32.279,2003022,0
HWM.US,D,20210811,000000,32.249,33.008,31.789,32.988,2047380,0
HWM.US,D,20210812,000000,32.898,32.958,32.459,32.659,1304503,0
HWM.US,D,20210813,000000,32.698,32.758,32.089,32.099,994968,0
HWM.US,D,20210816,000000,31.749,32.169,31.349,31.959,1765655,0
HWM.US,D,20210817,000000,31.539,31.719,31.09,31.459,1716245,0
HWM.US,D,20210818,000000,31.799,32.903,31.359,32.209,3639535,0
HWM.US,D,20210819,000000,31.719,32.164,31.09,31.729,3761226,0
HWM.US,D,20210820,000000,31.619,31.969,31.449,31.789,1688639,0
HWM.US,D,20210823,000000,32.129,32.419,32.069,32.179,1809965,0
HWM.US,D,20210824,000000,32.409,32.948,32.404,32.499,1686852,0
HWM.US,D,20210825,000000,32.659,33.138,32.479,32.918,1806875,0
HWM.US,D,20210826,000000,32.908,32.908,32.169,32.189,1223776,0
HWM.US,D,20210827,000000,32.429,33.058,32.369,32.768,2085089,0
HWM.US,D,20210830,000000,32.788,32.878,31.749,31.759,1523116,0
HWM.US,D,20210831,000000,31.659,32.339,31.559,31.729,3456256,0
HWM.US,D,20210901,000000,31.949,32.099,31.389,31.879,2007664,0
HWM.US,D,20210902,000000,31.929,32.349,31.749,31.869,1339377,0
HWM.US,D,20210903,000000,31.719,31.859,31.105,31.349,1412496,0
HWM.US,D,20210907,000000,31.16,31.499,30.88,31.239,1635190,0
HWM.US,D,20210908,000000,31.06,31.299,30.85,31.07,1289306,0
HWM.US,D,20210909,000000,31.08,31.879,30.97,31.649,1536626,0
HWM.US,D,20210910,000000,31.889,31.979,31.179,31.199,1510565,0
HWM.US,D,20210913,000000,31.539,32.379,31.419,32.229,2406226,0
HWM.US,D,20210914,000000,32.429,32.429,31.479,31.569,1694399,0
HWM.US,D,20210915,000000,31.469,32.024,31.339,31.989,1397571,0
HWM.US,D,20210916,000000,32.009,32.179,31.359,31.419,1318954,0
HWM.US,D,20210917,000000,31.229,31.539,30.73,30.97,4283160,0
HWM.US,D,20210920,000000,30.19,30.95,30.022,30.92,2587174,0
HWM.US,D,20210921,000000,31.189,31.334,30.39,30.58,2637115,0
HWM.US,D,20210922,000000,31.03,31.469,30.54,31.09,3356960,0
HWM.US,D,20210923,000000,31.329,32.059,31.299,31.689,3019272,0
HWM.US,D,20210924,000000,31.549,31.929,31.379,31.509,3185525,0
HWM.US,D,20210927,000000,31.789,33.168,31.739,32.978,4633851,0
HWM.US,D,20210928,000000,33.188,33.598,32.224,32.389,3730635,0
HWM.US,D,20210929,000000,32.569,32.728,31.849,31.889,2549178,0
HWM.US,D,20210930,000000,31.979,32.034,31.16,31.179,2627871,0
HWM.US,D,20211001,000000,31.409,32.634,31.309,32.409,5087835,0
HWM.US,D,20211004,000000,32.359,32.579,31.794,31.859,4335905,0
HWM.US,D,20211005,000000,31.939,32.345,31.529,32.089,1991370,0
HWM.US,D,20211006,000000,31.729,32.049,30.795,31.939,2060279,0
HWM.US,D,20211007,000000,32.169,32.698,32.069,32.119,1579864,0
HWM.US,D,20211008,000000,32.199,32.319,31.579,31.619,1121533,0
HWM.US,D,20211011,000000,31.529,32.109,31.309,31.399,2317011,0
HWM.US,D,20211012,000000,31.379,31.819,31.339,31.389,1115700,0
HWM.US,D,20211013,000000,31.369,31.589,30.71,31.329,1603811,0
HWM.US,D,20211014,000000,31.669,31.669,30.84,30.87,3265319,0
HWM.US,D,20211015,000000,31.574,31.839,31.249,31.309,2914940,0
HWM.US,D,20211018,000000,31.03,31.409,30.83,30.88,2340683,0
HWM.US,D,20211019,000000,30.98,31.189,30.54,30.86,1577137,0
HWM.US,D,20211020,000000,30.61,31.285,30.43,30.92,2047177,0
HWM.US,D,20211021,000000,30.78,30.91,30.36,30.7,1082458,0
HWM.US,D,20211022,000000,30.74,30.98,30.26,30.44,2548190,0
HWM.US,D,20211025,000000,30.42,30.5,29.8,30.35,2903811,0
HWM.US,D,20211026,000000,30.22,30.68,29.93,29.94,4588473,0
HWM.US,D,20211027,000000,30.04,30.6,29.336,29.361,3618954,0
HWM.US,D,20211028,000000,29.321,29.88,29.271,29.68,4468115,0
HWM.US,D,20211029,000000,29.66,29.989,29.401,29.67,2977373,0
HWM.US,D,20211101,000000,29.66,30.56,29.611,30.48,2480626,0
HWM.US,D,20211102,000000,30.46,30.93,30.21,30.66,3216327,0
HWM.US,D,20211103,000000,30.36,30.82,30.11,30.41,3420808,0
HWM.US,D,20211104,000000,30.16,31.66,29.69,31,4901261,0
HWM.US,D,20211105,000000,31.9,33.63,31.75,33.4,4394897,0
HWM.US,D,20211108,000000,33.55,33.84,32.52,32.76,3035768,0
HWM.US,D,20211109,000000,32.97,33.355,32.71,33.09,2611393,0
HWM.US,D,20211110,000000,32.97,33.43,32.27,32.29,1718574,0
HWM.US,D,20211111,000000,32.29,32.51,31.99,32,1517279,0
HWM.US,D,20211112,000000,32.06,32.24,31.84,31.97,1584996,0
HWM.US,D,20211115,000000,32.41,33.16,32.17,33.05,4153994,0
HWM.US,D,20211116,000000,33.01,33.035,31.52,31.71,3593584,0
HWM.US,D,20211117,000000,31.95,32.08,31.35,31.48,1602697,0
HWM.US,D,20211118,000000,31.6,31.61,30.89,31.32,1490385,0
HWM.US,D,20211119,000000,31.02,31.085,29.92,30.18,3956377,0
HWM.US,D,20211122,000000,30.38,30.555,30.02,30.28,2228016,0
HWM.US,D,20211123,000000,30.58,30.9,30.435,30.78,1577672,0
HWM.US,D,20211124,000000,30.51,30.98,30.34,30.73,2231648,0
HWM.US,D,20211126,000000,29,29.04,27.945,28.75,2382908,0
HWM.US,D,20211129,000000,29.19,29.32,28.35,28.5,3218204,0
HWM.US,D,20211130,000000,28.09,28.44,27.78,28.13,4977856,0
HWM.US,D,20211201,000000,28.86,28.99,27.41,27.41,3771048,0
HWM.US,D,20211202,000000,27.81,28.98,27.69,28.8,3673366,0
HWM.US,D,20211203,000000,29,29.365,28.735,29.06,4616972,0
HWM.US,D,20211206,000000,29.32,30.919,29.24,30.43,4473461,0
HWM.US,D,20211207,000000,30.91,31.47,30.69,30.83,3942456,0
HWM.US,D,20211208,000000,30.99,31.65,30.82,31.08,2024579,0
HWM.US,D,20211209,000000,30.52,31.19,30.45,30.85,2294037,0
HWM.US,D,20211210,000000,31.12,31.18,30.71,30.86,1807511,0
HWM.US,D,20211213,000000,30.71,30.86,29.37,30.08,2953549,0
HWM.US,D,20211214,000000,29.96,30.68,29.61,29.68,2089312,0
HWM.US,D,20211215,000000,29.85,30.03,29.34,29.99,2049482,0
HWM.US,D,20211216,000000,30.27,30.65,29.38,29.48,2002599,0
HWM.US,D,20211217,000000,29.5,30.08,28.98,29.96,4168962,0
HWM.US,D,20211220,000000,29.16,29.3285,28.51,29.26,1752092,0
HWM.US,D,20211221,000000,29.41,31.06,29.29,30.59,2950138,0
HWM.US,D,20211222,000000,30.59,30.75,30.045,30.3,3817181,0
HWM.US,D,20211223,000000,30.39,31.23,30.32,31.13,2557603,0
HWM.US,D,20211227,000000,31,31.405,30.77,31.35,1125887,0
HWM.US,D,20211228,000000,31.16,31.71,31.16,31.64,1293061,0
HWM.US,D,20211229,000000,31.42,31.73,31.24,31.63,1225999,0
HWM.US,D,20211230,000000,31.55,32.02,31.5279,31.64,1127406,0
HWM.US,D,20211231,000000,31.65,31.955,31.42,31.83,1270429,0
HWM.US,D,20220103,000000,32,32.77,31.99,32.33,2015649,0
HWM.US,D,20220104,000000,32.69,33.69,32.45,33.53,2892123,0
HWM.US,D,20220105,000000,33.81,34.3,33.28,33.32,3357181,0
HWM.US,D,20220106,000000,33.78,34.085,33.36,33.65,2997933,0
HWM.US,D,20220107,000000,33.78,34.62,33.34,34.01,3594960,0
HWM.US,D,20220110,000000,34.11,34.39,33.44,33.98,5001426,0
HWM.US,D,20220111,000000,33.96,34.36,33.34,33.92,2696510,0
HWM.US,D,20220112,000000,34.18,34.49,33.81,33.91,1861834,0
HWM.US,D,20220113,000000,34.06,34.915,34.03,34.38,2598849,0
HWM.US,D,20220114,000000,34.01,35.09,33.81,35.07,2453534,0
HWM.US,D,20220118,000000,34.8,35.05,34.025,34.32,2414709,0
HWM.US,D,20220119,000000,34.34,34.35,33.67,33.83,2097289,0
HWM.US,D,20220120,000000,33.87,34.38,33.54,33.58,2650271,0
HWM.US,D,20220121,000000,32.63,32.63,32.34,32.63,2815950,0
