<TICKER>,<PER>,<DATE>,<TIME>,<OPEN>,<HIGH>,<LOW>,<CLOSE>,<VOL>,<OPENINT>
IDME.US,D,20210726,000000,24.87,24.8718,24.8699,24.8718,402,0
IDME.US,D,20210727,000000,24.691,24.691,24.691,24.691,71,0
IDME.US,D,20210728,000000,24.77,24.96,24.77,24.92,41355,0
IDME.US,D,20210729,000000,25.1049,25.12,25.0731,25.0731,40403,0
IDME.US,D,20210730,000000,25,25,24.91,24.97,462763,0
IDME.US,D,20210802,000000,25.07,25.08,25.0269,25.0269,237068,0
IDME.US,D,20210803,000000,25.13,25.2,25.1292,25.161,572961,0
IDME.US,D,20210804,000000,25.27,25.28,25.16,25.1681,67735,0
IDME.US,D,20210805,000000,25.21,25.22,25.1882,25.2006,51722,0
IDME.US,D,20210806,000000,25.18,25.18,25.07,25.09,164203,0
IDME.US,D,20210809,000000,25.09,25.13,25.09,25.0984,161243,0
IDME.US,D,20210810,000000,25.11,25.15,25.11,25.1294,61322,0
IDME.US,D,20210811,000000,25.205,25.29,25.205,25.2606,248372,0
IDME.US,D,20210812,000000,25.13,25.2,25.13,25.2,166705,0
IDME.US,D,20210813,000000,25.22,25.24,25.18,25.2151,486019,0
IDME.US,D,20210816,000000,25.01,25.09,24.99,25.085,17783,0
IDME.US,D,20210817,000000,24.86,24.87,24.75,24.8254,90597,0
IDME.US,D,20210818,000000,24.92,24.94,24.8068,24.8068,190133,0
IDME.US,D,20210819,000000,24.59,24.61,24.54,24.5727,11487,0
IDME.US,D,20210820,000000,24.54,24.61,24.54,24.61,30846,0
IDME.US,D,20210823,000000,24.82,24.85,24.8175,24.8175,35655,0
IDME.US,D,20210824,000000,25.0199,25.07,25.0199,25.0363,10435,0
IDME.US,D,20210825,000000,25.01,25.08,25.01,25.075,90737,0
IDME.US,D,20210826,000000,24.9614,24.9614,24.9222,24.9222,4388,0
IDME.US,D,20210827,000000,25.1113,25.16,25.1,25.1355,37261,0
IDME.US,D,20210830,000000,25.121,25.2099,25.121,25.16,14231,0
IDME.US,D,20210831,000000,25.2999,25.2999,25.23,25.27,10890,0
IDME.US,D,20210901,000000,25.425,25.51,25.425,25.465,14266,0
IDME.US,D,20210902,000000,25.57,25.57,25.5,25.5125,14500,0
IDME.US,D,20210903,000000,25.59,25.67,25.59,25.6548,23153,0
IDME.US,D,20210907,000000,25.69,25.7349,25.6838,25.6838,17277,0
IDME.US,D,20210908,000000,25.555,25.555,25.405,25.4361,27861,0
IDME.US,D,20210909,000000,25.45,25.5,25.4,25.44,23935,0
IDME.US,D,20210910,000000,25.59,25.59,25.39,25.39,32521,0
IDME.US,D,20210913,000000,25.57,25.57,25.47,25.52,30983,0
IDME.US,D,20210914,000000,25.5,25.5,25.3496,25.3795,11456,0
IDME.US,D,20210915,000000,25.335,25.4293,25.31,25.4293,40774,0
IDME.US,D,20210916,000000,25.31,25.3104,25.2,25.3104,6799,0
IDME.US,D,20210917,000000,25.235,25.235,25.065,25.0984,11441,0
IDME.US,D,20210920,000000,24.82,24.82,24.5,24.65,24532,0
IDME.US,D,20210921,000000,24.85,24.905,24.83,24.8386,17259,0
IDME.US,D,20210922,000000,25.035,25.1,25,25.0092,14470,0
IDME.US,D,20210923,000000,25.18,25.24,25.18,25.212,17094,0
IDME.US,D,20210924,000000,25.01,25.02,24.97,24.99,9180,0
IDME.US,D,20210927,000000,25.01,25.025,25,25.0075,9678,0
IDME.US,D,20210928,000000,24.76,24.76,24.5337,24.5568,21680,0
IDME.US,D,20210929,000000,24.56,24.6,24.4787,24.4787,26027,0
IDME.US,D,20210930,000000,24.605,24.605,24.48,24.4915,15328,0
IDME.US,D,20211001,000000,24.44,24.55,24.37,24.5246,8528,0
IDME.US,D,20211004,000000,24.31,24.31,24.24,24.2981,24328,0
IDME.US,D,20211005,000000,24.41,24.4786,24.41,24.4343,5789,0
IDME.US,D,20211006,000000,24.16,24.3299,24.14,24.3161,15825,0
IDME.US,D,20211007,000000,24.5869,24.5869,24.5374,24.5374,2329,0
IDME.US,D,20211008,000000,24.55,24.57,24.52,24.5384,4319,0
IDME.US,D,20211011,000000,24.65,24.65,24.46,24.46,13767,0
IDME.US,D,20211012,000000,24.4773,24.52,24.4524,24.4524,4748,0
IDME.US,D,20211013,000000,24.58,24.71,24.58,24.7009,6560,0
IDME.US,D,20211014,000000,24.83,24.88,24.83,24.87,53957,0
IDME.US,D,20211015,000000,24.985,25.07,24.985,25.0532,37664,0
IDME.US,D,20211018,000000,24.9288,25.04,24.9288,25.005,73066,0
IDME.US,D,20211019,000000,25.18,25.22,25.15,25.17,20987,0
IDME.US,D,20211020,000000,25.25,25.27,25.23,25.24,37930,0
IDME.US,D,20211021,000000,25.13,25.16,25.07,25.07,35339,0
IDME.US,D,20211022,000000,25.24,25.24,25.08,25.1586,48427,0
IDME.US,D,20211025,000000,25.15,25.19,25.15,25.1718,14371,0
IDME.US,D,20211026,000000,25.3,25.6,25.1145,25.143,33815,0
IDME.US,D,20211027,000000,25.13,25.13,25,25,15793,0
IDME.US,D,20211028,000000,25.005,25.14,25.005,25.115,15366,0
IDME.US,D,20211029,000000,24.8899,24.9377,24.86,24.9377,32327,0
IDME.US,D,20211101,000000,25.065,25.1552,25.05,25.1552,12642,0
IDME.US,D,20211102,000000,25.07,25.09,25.0388,25.0388,8542,0
IDME.US,D,20211103,000000,25.005,25.235,25.005,25.216,10889,0
IDME.US,D,20211104,000000,25.1846,25.2196,25.1039,25.165,13873,0
IDME.US,D,20211105,000000,25.18,25.2,25.14,25.1924,58794,0
IDME.US,D,20211108,000000,25.2887,25.32,25.27,25.3,14249,0
IDME.US,D,20211109,000000,25.2189,25.24,25.185,25.23,116294,0
IDME.US,D,20211110,000000,25.13,25.206,24.96,24.98,105431,0
IDME.US,D,20211111,000000,25.19,25.19,25.16,25.1613,32522,0
IDME.US,D,20211112,000000,25.23,25.29,25.19,25.26,112624,0
IDME.US,D,20211115,000000,25.3493,25.3493,25.2,25.2,32592,0
IDME.US,D,20211116,000000,25.03,25.325,25,25.325,36217,0
IDME.US,D,20211117,000000,25.17,25.5262,25.0932,25.4998,25380,0
IDME.US,D,20211118,000000,25.03,25.06,24.9,25.02,57097,0
IDME.US,D,20211119,000000,24.9,24.965,24.8782,24.8913,73160,0
IDME.US,D,20211122,000000,24.845,24.89,24.7341,24.7341,18571,0
IDME.US,D,20211123,000000,24.75,24.75,24.6434,24.7225,30287,0
IDME.US,D,20211124,000000,24.53,24.745,24.53,24.745,22115,0
IDME.US,D,20211126,000000,24.17,24.42,24.115,24.1409,9152,0
IDME.US,D,20211129,000000,23.94,24.27,23.925,24.15,25837,0
IDME.US,D,20211130,000000,24.1988,24.2201,23.9558,24.12,37199,0
IDME.US,D,20211201,000000,24.29,24.36,23.97,23.97,8335,0
IDME.US,D,20211202,000000,24.22,24.39,24.19,24.21,100439,0
IDME.US,D,20211203,000000,24.2277,24.23,24.01,24.11,9548,0
IDME.US,D,20211206,000000,24.14,24.34,24.14,24.22,607738,0
IDME.US,D,20211207,000000,24.54,24.66,24.54,24.66,30855,0
IDME.US,D,20211208,000000,24.6337,24.6868,24.62,24.66,78747,0
IDME.US,D,20211209,000000,24.54,24.57,24.525,24.5416,12858,0
IDME.US,D,20211210,000000,24.56,24.5799,24.48,24.54,15052,0
IDME.US,D,20211213,000000,24.48,24.48,24.31,24.31,27400,0
IDME.US,D,20211214,000000,24.29,24.29,24.16,24.23,36452,0
IDME.US,D,20211215,000000,24.175,24.39,24.06,24.39,29329,0
IDME.US,D,20211216,000000,24.525,24.54,24.3599,24.39,81368,0
IDME.US,D,20211217,000000,24.2458,24.4,24.21,24.22,26112,0
IDME.US,D,20211220,000000,23.95,24.09,23.91,24.03,18403,0
IDME.US,D,20211221,000000,24.19,24.31,24.1712,24.28,16181,0
IDME.US,D,20211222,000000,24.3093,24.51,24.3093,24.51,41706,0
IDME.US,D,20211223,000000,24.51,24.63,24.51,24.59,38511,0
IDME.US,D,20211227,000000,24.57,24.705,24.57,24.69,90119,0
IDME.US,D,20211228,000000,27.01,27.01,24.68,24.8,33667,0
IDME.US,D,20211229,000000,24.27,24.37,24.26,24.28,13341,0
IDME.US,D,20211230,000000,24.35,24.3607,24.3,24.34,108722,0
IDME.US,D,20211231,000000,24.25,24.43,24.25,24.33,82364,0
IDME.US,D,20220103,000000,24.345,24.45,24.345,24.44,19443,0
IDME.US,D,20220104,000000,24.5,24.5,24.4264,24.44,24014,0
IDME.US,D,20220105,000000,24.525,24.53,24.24,24.24,34308,0
IDME.US,D,20220106,000000,24.21,24.2345,24.16,24.17,26365,0
IDME.US,D,20220107,000000,24.2343,24.28,24.16,24.27,14024,0
IDME.US,D,20220110,000000,24.06,24.14,24,24.1,27162,0
IDME.US,D,20220111,000000,24.22,24.45,24.21,24.43,58190,0
IDME.US,D,20220112,000000,24.66,24.7028,24.61,24.67,44177,0
IDME.US,D,20220113,000000,24.65,24.66,24.45,24.45,40573,0
IDME.US,D,20220114,000000,24.4088,24.48,24.3192,24.42,42583,0
IDME.US,D,20220118,000000,24.1463,24.25,24.0201,24.07,47361,0
IDME.US,D,20220119,000000,24.255,24.255,24.11,24.115,51242,0
IDME.US,D,20220120,000000,24.31,24.39,24.06,24.11,23653,0
IDME.US,D,20220121,000000,24.03,24.04,23.75,23.75,80808,0
