<TICKER>,<PER>,<DATE>,<TIME>,<OPEN>,<HIGH>,<LOW>,<CLOSE>,<VOL>,<OPENINT>
IIPR.US,D,20161201,000000,17.413,17.645,16.336,16.467,1384658,0
IIPR.US,D,20161202,000000,16.5,16.767,15.718,15.866,348248,0
IIPR.US,D,20161205,000000,15.866,16.054,12.469,13.244,1065875,0
IIPR.US,D,20161206,000000,13.707,14.576,13.284,14.315,402614,0
IIPR.US,D,20161207,000000,15.14,15.14,14.315,14.524,284316,0
IIPR.US,D,20161208,000000,14.524,14.873,14.344,14.79,127535,0
IIPR.US,D,20161209,000000,15.047,15.047,14.496,14.573,84592,0
IIPR.US,D,20161212,000000,14.79,14.886,14.402,14.462,82621,0
IIPR.US,D,20161213,000000,14.62,14.62,14.364,14.402,43925,0
IIPR.US,D,20161214,000000,14.62,14.62,14.048,14.101,90601,0
IIPR.US,D,20161215,000000,13.991,14.62,13.783,14.506,147582,0
IIPR.US,D,20161216,000000,14.53,14.66,13.931,14.162,150423,0
IIPR.US,D,20161219,000000,14.315,14.53,14.186,14.387,128484,0
IIPR.US,D,20161220,000000,14.54,15.279,14.452,15.194,85614,0
IIPR.US,D,20161221,000000,15.279,15.563,14.843,15.529,120153,0
IIPR.US,D,20161222,000000,15.65,15.906,15.486,15.588,49436,0
IIPR.US,D,20161223,000000,15.785,16.21,15.718,15.95,46955,0
IIPR.US,D,20161227,000000,16.191,16.431,15.906,15.95,46140,0
IIPR.US,D,20161228,000000,16.208,16.431,15.959,16.057,108641,0
IIPR.US,D,20161229,000000,16.336,16.337,14.887,15.392,90319,0
IIPR.US,D,20161230,000000,15.271,15.906,15.116,15.641,40489,0
IIPR.US,D,20170103,000000,16.001,16.5,15.959,16.078,71086,0
IIPR.US,D,20170104,000000,16.321,16.321,16.122,16.191,31568,0
IIPR.US,D,20170105,000000,16.328,17.042,16.288,16.95,62767,0
IIPR.US,D,20170106,000000,17.127,17.145,16.336,16.552,180821,0
IIPR.US,D,20170109,000000,16.619,16.619,16.191,16.44,21332,0
IIPR.US,D,20170110,000000,16.552,16.552,15.563,16.106,70438,0
IIPR.US,D,20170111,000000,16.138,16.257,15.477,15.812,88601,0
IIPR.US,D,20170112,000000,16.071,16.071,15.528,15.605,32570,0
IIPR.US,D,20170113,000000,15.993,16.194,15.82,15.959,105022,0
IIPR.US,D,20170117,000000,16.164,16.328,16.089,16.293,32366,0
IIPR.US,D,20170118,000000,16.336,16.423,16.036,16.062,33937,0
IIPR.US,D,20170119,000000,15.95,16.569,15.95,16.39,35781,0
IIPR.US,D,20170120,000000,16.638,16.664,16.036,16.216,33237,0
IIPR.US,D,20170123,000000,16.483,16.483,16.078,16.174,18378,0
IIPR.US,D,20170124,000000,16.303,16.43,15.977,16.078,22685,0
IIPR.US,D,20170125,000000,16.174,16.328,16.137,16.328,30675,0
IIPR.US,D,20170126,000000,16.328,16.336,16.104,16.122,24804,0
IIPR.US,D,20170127,000000,16.25,16.38,16.122,16.133,17634,0
IIPR.US,D,20170130,000000,16.243,16.243,16.126,16.166,17561,0
IIPR.US,D,20170131,000000,16.164,16.213,15.906,15.983,21063,0
IIPR.US,D,20170201,000000,16.071,16.137,15.65,15.65,22665,0
IIPR.US,D,20170202,000000,15.623,15.802,15.262,15.392,32414,0
IIPR.US,D,20170203,000000,15.571,15.675,15.431,15.597,15639,0
IIPR.US,D,20170206,000000,15.605,15.631,15.431,15.449,19660,0
IIPR.US,D,20170207,000000,15.402,15.54,15.392,15.416,13324,0
IIPR.US,D,20170208,000000,15.402,15.547,15.365,15.501,41418,0
IIPR.US,D,20170209,000000,15.392,15.57,15.291,15.496,35479,0
IIPR.US,D,20170210,000000,15.521,15.521,15.298,15.521,32688,0
IIPR.US,D,20170213,000000,15.605,15.605,15.34,15.431,11172,0
IIPR.US,D,20170214,000000,15.392,15.392,15.047,15.287,25174,0
IIPR.US,D,20170215,000000,15.477,15.594,15.287,15.431,12927,0
IIPR.US,D,20170216,000000,15.392,15.431,15.1,15.133,4650,0
IIPR.US,D,20170217,000000,15.271,15.366,15.09,15.262,17458,0
IIPR.US,D,20170221,000000,15.402,15.412,15.181,15.313,16118,0
IIPR.US,D,20170222,000000,15.392,15.529,15.202,15.477,20871,0
IIPR.US,D,20170223,000000,15.605,15.684,15.313,15.521,11468,0
IIPR.US,D,20170224,000000,15.33,15.422,13.756,14.704,82769,0
IIPR.US,D,20170227,000000,14.582,14.754,14.234,14.524,19696,0
IIPR.US,D,20170228,000000,14.452,14.517,14.101,14.195,47055,0
IIPR.US,D,20170301,000000,14.007,14.256,13.96,14.042,27161,0
IIPR.US,D,20170302,000000,14.101,14.273,13.928,14.145,35537,0
IIPR.US,D,20170303,000000,14.153,14.315,13.972,13.972,14525,0
IIPR.US,D,20170306,000000,14.205,14.394,13.884,13.999,30288,0
IIPR.US,D,20170307,000000,14.084,14.084,13.457,13.669,31149,0
IIPR.US,D,20170308,000000,13.669,13.669,13.362,13.413,39676,0
IIPR.US,D,20170309,000000,13.37,13.543,13.336,13.369,22298,0
IIPR.US,D,20170310,000000,13.327,13.47,13.284,13.326,20110,0
IIPR.US,D,20170313,000000,13.284,13.756,13.284,13.489,30975,0
IIPR.US,D,20170314,000000,13.654,13.688,13.37,13.637,33003,0
IIPR.US,D,20170315,000000,13.837,14.977,13.711,14.54,53427,0
IIPR.US,D,20170316,000000,14.573,15.047,14.556,14.573,23903,0
IIPR.US,D,20170317,000000,14.452,14.79,14.444,14.65,182266,0
IIPR.US,D,20170320,000000,14.911,15.133,14.627,15.047,22918,0
IIPR.US,D,20170321,000000,15.013,15.073,14.423,14.62,22089,0
IIPR.US,D,20170322,000000,14.506,15.021,14.222,14.911,24099,0
IIPR.US,D,20170323,000000,15.1,15.1,14.186,14.186,15010,0
IIPR.US,D,20170324,000000,14.169,14.282,13.968,14.057,56879,0
IIPR.US,D,20170327,000000,13.921,14.659,13.921,14.273,51866,0
IIPR.US,D,20170328,000000,14.387,14.488,14.262,14.315,13699,0
IIPR.US,D,20170329,000000,14.351,14.849,14.351,14.738,95009,0
IIPR.US,D,20170330,000000,14.952,15.025,14.62,14.745,51297,0
IIPR.US,D,20170331,000000,14.849,14.97,14.54,14.669,24143,0
IIPR.US,D,20170403,000000,14.97,14.97,14.782,14.945,30294,0
IIPR.US,D,20170404,000000,15.047,15.906,15.003,15.133,140966,0
IIPR.US,D,20170405,000000,15.383,15.891,15.133,15.22,73949,0
IIPR.US,D,20170406,000000,15.431,15.605,15.367,15.486,21675,0
IIPR.US,D,20170407,000000,15.477,15.69,15.468,15.477,23144,0
IIPR.US,D,20170410,000000,15.597,15.69,15.468,15.563,68039,0
IIPR.US,D,20170411,000000,15.684,15.802,15.477,15.588,73555,0
IIPR.US,D,20170412,000000,15.605,15.82,15.605,15.605,11557,0
IIPR.US,D,20170413,000000,15.708,15.794,15.605,15.69,11683,0
IIPR.US,D,20170417,000000,15.563,15.82,15.468,15.82,96103,0
IIPR.US,D,20170418,000000,15.941,16.122,15.468,15.554,80704,0
IIPR.US,D,20170419,000000,15.69,15.785,15.073,15.69,126291,0
IIPR.US,D,20170420,000000,15.837,16.243,15.486,15.486,67739,0
IIPR.US,D,20170421,000000,15.605,15.923,15.513,15.856,132299,0
IIPR.US,D,20170424,000000,16.114,16.293,14.79,15.055,133701,0
IIPR.US,D,20170425,000000,15.082,15.554,14.898,15.411,89366,0
IIPR.US,D,20170426,000000,15.321,15.736,15.061,15.176,46131,0
IIPR.US,D,20170427,000000,15.333,15.45,15.14,15.33,26454,0
IIPR.US,D,20170428,000000,15.439,15.477,15.047,15.477,29929,0
IIPR.US,D,20170501,000000,15.477,15.477,15.14,15.202,5936,0
IIPR.US,D,20170502,000000,15.202,15.202,14.92,14.952,18494,0
IIPR.US,D,20170503,000000,14.873,14.873,14.497,14.54,25147,0
IIPR.US,D,20170504,000000,14.61,14.8,14.444,14.745,73225,0
IIPR.US,D,20170505,000000,14.745,15.476,14.497,14.497,105604,0
IIPR.US,D,20170508,000000,14.936,15.202,14.62,14.79,51512,0
IIPR.US,D,20170509,000000,14.79,15.392,14.79,15.392,7795,0
IIPR.US,D,20170510,000000,15.431,15.496,15.021,15.22,21625,0
IIPR.US,D,20170511,000000,15.039,15.491,15.039,15.311,40565,0
IIPR.US,D,20170512,000000,15.529,15.558,15.107,15.477,18707,0
IIPR.US,D,20170515,000000,15.513,15.513,15.073,15.15,18405,0
IIPR.US,D,20170516,000000,15.047,15.402,15.047,15.305,11155,0
IIPR.US,D,20170517,000000,15.416,15.416,15.063,15.133,11536,0
IIPR.US,D,20170518,000000,15.243,15.243,14.676,15.15,9940,0
IIPR.US,D,20170519,000000,15.055,15.357,14.695,15.357,20581,0
IIPR.US,D,20170522,000000,15.271,15.477,14.752,14.921,32741,0
IIPR.US,D,20170523,000000,15.124,15.279,14.92,14.92,25911,0
IIPR.US,D,20170524,000000,15.047,15.477,14.97,15.202,18243,0
IIPR.US,D,20170525,000000,15.229,15.631,14.65,14.65,32388,0
IIPR.US,D,20170526,000000,14.987,15.003,14.627,14.824,19440,0
IIPR.US,D,20170530,000000,14.833,15.313,14.833,15.305,14647,0
IIPR.US,D,20170531,000000,15.271,15.33,14.79,15.279,21667,0
IIPR.US,D,20170601,000000,15.281,15.281,15.055,15.159,15455,0
IIPR.US,D,20170602,000000,15.133,15.33,14.873,15.175,17289,0
IIPR.US,D,20170605,000000,15.262,15.477,14.772,15.099,19174,0
IIPR.US,D,20170606,000000,14.97,15.07,14.804,14.882,7495,0
IIPR.US,D,20170607,000000,14.882,15.107,14.79,14.833,6004,0
IIPR.US,D,20170608,000000,14.864,15.392,14.628,15.383,29281,0
IIPR.US,D,20170609,000000,15.425,15.425,15.047,15.047,28832,0
IIPR.US,D,20170612,000000,14.927,14.961,14.696,14.92,27153,0
IIPR.US,D,20170613,000000,14.864,15.016,14.704,14.738,17465,0
IIPR.US,D,20170614,000000,14.815,14.945,14.741,14.745,12334,0
IIPR.US,D,20170615,000000,14.679,14.79,14.627,14.627,32241,0
IIPR.US,D,20170616,000000,14.627,14.882,14.627,14.882,28306,0
IIPR.US,D,20170619,000000,15.039,15.245,14.669,14.772,11489,0
IIPR.US,D,20170620,000000,14.695,14.892,14.659,14.695,11970,0
IIPR.US,D,20170621,000000,14.837,14.961,14.687,14.936,20094,0
IIPR.US,D,20170622,000000,14.911,15.287,14.798,15.021,20987,0
IIPR.US,D,20170623,000000,14.952,15.305,14.711,15.305,20030,0
IIPR.US,D,20170626,000000,15.222,15.229,14.732,15.047,26460,0
IIPR.US,D,20170627,000000,15.176,15.339,14.679,14.679,30452,0
IIPR.US,D,20170628,000000,14.808,14.999,14.547,14.65,34025,0
IIPR.US,D,20170629,000000,14.704,14.816,14.433,14.433,17020,0
IIPR.US,D,20170630,000000,14.565,14.572,14.348,14.529,35832,0
IIPR.US,D,20170703,000000,14.529,14.717,14.417,14.417,15226,0
IIPR.US,D,20170705,000000,14.417,14.687,14.417,14.687,50636,0
IIPR.US,D,20170706,000000,14.791,15.006,14.329,14.478,91264,0
IIPR.US,D,20170707,000000,14.523,14.557,14.026,14.486,46838,0
IIPR.US,D,20170710,000000,14.599,14.816,14.165,14.4,38236,0
IIPR.US,D,20170711,000000,14.312,14.513,14.174,14.174,19111,0
IIPR.US,D,20170712,000000,14.181,14.322,13.82,14.009,53671,0
IIPR.US,D,20170713,000000,14.141,14.249,13.985,14.141,26896,0
IIPR.US,D,20170714,000000,14.2,14.296,14.052,14.225,30210,0
IIPR.US,D,20170717,000000,14.114,14.296,13.886,14.114,74740,0
IIPR.US,D,20170718,000000,14.262,14.547,14.094,14.271,111629,0
IIPR.US,D,20170719,000000,14.384,14.443,14.141,14.141,18900,0
IIPR.US,D,20170720,000000,14.124,14.348,14.075,14.338,8546,0
IIPR.US,D,20170721,000000,14.312,14.45,14.2,14.45,21293,0
IIPR.US,D,20170724,000000,14.226,14.358,13.905,14.026,55441,0
IIPR.US,D,20170725,000000,14.026,14.421,13.637,14.287,77828,0
IIPR.US,D,20170726,000000,14.356,14.915,14.356,14.823,78350,0
IIPR.US,D,20170727,000000,14.922,15.137,14.922,15.067,35372,0
IIPR.US,D,20170728,000000,15.181,15.311,15.181,15.311,26535,0
IIPR.US,D,20170731,000000,15.456,15.984,15.4,15.832,85353,0
IIPR.US,D,20170801,000000,16.048,16.063,15.466,15.641,50953,0
IIPR.US,D,20170802,000000,15.65,15.876,15.226,15.233,18006,0
IIPR.US,D,20170803,000000,15.181,15.181,14.835,15.058,26752,0
IIPR.US,D,20170804,000000,15.094,15.503,15.086,15.373,32119,0
IIPR.US,D,20170807,000000,15.456,15.67,15.43,15.546,15608,0
IIPR.US,D,20170808,000000,15.553,15.618,15.316,15.614,25699,0
IIPR.US,D,20170809,000000,15.614,15.657,15.239,15.345,22980,0
IIPR.US,D,20170810,000000,15.233,15.423,14.287,15.389,51336,0
IIPR.US,D,20170811,000000,15.389,15.389,14.746,15.034,12834,0
IIPR.US,D,20170814,000000,15.006,15.529,14.922,15.515,12999,0
IIPR.US,D,20170815,000000,15.275,15.494,14.858,14.939,11393,0
IIPR.US,D,20170816,000000,15.058,15.181,14.543,14.599,17881,0
IIPR.US,D,20170817,000000,14.599,14.825,14.356,14.77,26754,0
IIPR.US,D,20170818,000000,14.825,14.999,14.312,14.486,19499,0
IIPR.US,D,20170821,000000,14.523,14.688,14.296,14.36,6685,0
IIPR.US,D,20170822,000000,14.356,14.572,14.181,14.572,54161,0
IIPR.US,D,20170823,000000,14.572,15.389,14.45,15.025,78395,0
IIPR.US,D,20170824,000000,15.199,15.374,14.929,15.129,15444,0
IIPR.US,D,20170825,000000,15.103,15.389,14.945,15.319,12995,0
IIPR.US,D,20170828,000000,15.512,15.512,15.123,15.145,15140,0
IIPR.US,D,20170829,000000,15.181,15.399,14.619,14.755,67280,0
IIPR.US,D,20170830,000000,14.929,15.119,14.627,14.679,35548,0
IIPR.US,D,20170831,000000,14.799,15.171,14.746,14.816,36348,0
IIPR.US,D,20170901,000000,14.894,14.894,14.65,14.773,12240,0
IIPR.US,D,20170905,000000,14.687,14.746,14.555,14.555,16528,0
IIPR.US,D,20170906,000000,14.547,14.765,14.4,14.4,9378,0
IIPR.US,D,20170907,000000,14.523,14.708,14.32,14.384,11489,0
IIPR.US,D,20170908,000000,14.469,15.109,14.4,15.05,29594,0
IIPR.US,D,20170911,000000,15.293,15.468,15.154,15.199,53763,0
IIPR.US,D,20170912,000000,15.328,15.399,15.226,15.311,32109,0
IIPR.US,D,20170913,000000,15.494,15.494,15.328,15.354,54401,0
IIPR.US,D,20170914,000000,15.415,15.415,15.034,15.301,44291,0
IIPR.US,D,20170915,000000,15.399,15.7,14.931,15.7,77865,0
IIPR.US,D,20170918,000000,15.657,15.832,15.249,15.512,67144,0
IIPR.US,D,20170919,000000,15.587,15.596,15.314,15.456,26333,0
IIPR.US,D,20170920,000000,15.284,15.284,15.025,15.233,30827,0
IIPR.US,D,20170921,000000,15.311,15.475,15.182,15.249,22914,0
IIPR.US,D,20170922,000000,15.456,15.737,15.334,15.667,17703,0
IIPR.US,D,20170925,000000,15.737,15.762,15.69,15.7,23812,0
IIPR.US,D,20170926,000000,15.657,16.359,15.641,16.048,38707,0
IIPR.US,D,20170927,000000,16.005,16.005,15.781,15.917,27048,0
IIPR.US,D,20170928,000000,16.04,16.399,15.692,16.084,19904,0
IIPR.US,D,20170929,000000,16.214,16.391,16.114,16.354,21178,0
IIPR.US,D,20171002,000000,16.391,16.418,16.295,16.345,33511,0
IIPR.US,D,20171003,000000,16.426,16.426,16.324,16.363,14456,0
IIPR.US,D,20171004,000000,16.442,16.802,16.364,16.504,40102,0
IIPR.US,D,20171005,000000,16.617,16.747,16.53,16.6,23068,0
IIPR.US,D,20171006,000000,16.669,16.707,16.38,16.469,24909,0
IIPR.US,D,20171009,000000,16.608,16.967,16.549,16.705,69797,0
IIPR.US,D,20171010,000000,16.81,16.943,16.705,16.705,34381,0
IIPR.US,D,20171011,000000,16.795,16.88,16.747,16.756,44041,0
IIPR.US,D,20171012,000000,16.924,16.967,16.661,16.698,41482,0
IIPR.US,D,20171013,000000,16.81,17.116,16.795,16.896,53337,0
IIPR.US,D,20171016,000000,16.976,17.335,16.399,16.418,49626,0
IIPR.US,D,20171017,000000,16.679,16.74,15.689,15.893,95001,0
IIPR.US,D,20171018,000000,15.926,16.426,15.893,16.426,22988,0
IIPR.US,D,20171019,000000,16.434,16.452,15.917,15.962,24425,0
IIPR.US,D,20171020,000000,16.094,16.113,15.917,16.059,15526,0
IIPR.US,D,20171023,000000,16.434,16.753,16.181,16.409,80166,0
IIPR.US,D,20171024,000000,16.574,16.826,16.574,16.766,41910,0
IIPR.US,D,20171025,000000,16.872,17.446,16.836,16.967,77672,0
IIPR.US,D,20171026,000000,17.055,17.345,16.762,16.967,34593,0
IIPR.US,D,20171027,000000,16.934,17.093,16.896,16.959,36089,0
IIPR.US,D,20171030,000000,17.186,17.36,17.01,17.307,46606,0
IIPR.US,D,20171031,000000,17.446,17.446,17.176,17.238,58442,0
IIPR.US,D,20171101,000000,17.439,17.439,17.055,17.09,24928,0
IIPR.US,D,20171102,000000,17.09,17.23,17.055,17.055,20897,0
IIPR.US,D,20171103,000000,17.203,17.212,17.055,17.168,22806,0
IIPR.US,D,20171106,000000,17.29,17.429,16.845,16.987,37810,0
IIPR.US,D,20171107,000000,17.064,17.161,17.064,17.107,17386,0
IIPR.US,D,20171108,000000,17.168,17.275,17.064,17.099,19779,0
IIPR.US,D,20171109,000000,17.161,17.275,17.084,17.142,14992,0
IIPR.US,D,20171110,000000,17.298,17.298,17.107,17.132,24212,0
IIPR.US,D,20171113,000000,17.248,17.267,17.123,17.195,22362,0
IIPR.US,D,20171114,000000,17.282,17.282,16.984,17.221,17371,0
IIPR.US,D,20171115,000000,17.203,17.214,16.993,17.09,11037,0
IIPR.US,D,20171116,000000,17.107,17.203,17.02,17.203,8765,0
IIPR.US,D,20171117,000000,17.132,17.186,16.993,17.047,25209,0
IIPR.US,D,20171120,000000,17.047,17.047,16.442,16.485,43792,0
IIPR.US,D,20171121,000000,16.485,16.836,16.447,16.608,26179,0
IIPR.US,D,20171122,000000,16.635,16.845,16.635,16.747,16924,0
IIPR.US,D,20171124,000000,16.826,16.836,16.679,16.73,22749,0
IIPR.US,D,20171127,000000,16.705,16.798,16.617,16.661,15400,0
IIPR.US,D,20171128,000000,16.608,16.652,16.442,16.465,15158,0
IIPR.US,D,20171129,000000,16.399,16.521,16.074,16.103,56422,0
IIPR.US,D,20171130,000000,16.268,16.268,15.809,15.876,77220,0
IIPR.US,D,20171201,000000,15.794,16.53,15.794,16.53,31901,0
IIPR.US,D,20171204,000000,16.626,16.872,16.617,16.756,45784,0
IIPR.US,D,20171205,000000,16.852,16.967,16.826,16.862,51037,0
IIPR.US,D,20171206,000000,16.943,16.984,16.896,16.934,27295,0
IIPR.US,D,20171207,000000,17,17.492,16.91,17.432,74238,0
IIPR.US,D,20171208,000000,17.492,17.492,17.221,17.387,40171,0
IIPR.US,D,20171211,000000,17.387,18.847,17.387,18.192,445374,0
IIPR.US,D,20171212,000000,18.55,18.664,17.073,17.387,332154,0
IIPR.US,D,20171213,000000,17.517,18.052,17.492,17.772,99590,0
IIPR.US,D,20171214,000000,17.861,20.098,17.861,19.766,334212,0
IIPR.US,D,20171215,000000,20.116,21.839,19.503,21.69,258254,0
IIPR.US,D,20171218,000000,22.721,23.052,21.087,21.656,195041,0
IIPR.US,D,20171219,000000,21.839,21.839,20.378,20.527,166041,0
IIPR.US,D,20171220,000000,20.527,21.952,20.527,21.776,167516,0
IIPR.US,D,20171221,000000,21.952,22.521,21.096,21.113,77991,0
IIPR.US,D,20171222,000000,21.282,21.577,20.466,21.577,128784,0
IIPR.US,D,20171226,000000,21.865,23.841,21.69,22.793,211918,0
IIPR.US,D,20171227,000000,23.168,24.789,22.822,24.49,265341,0
IIPR.US,D,20171228,000000,26.191,26.191,24.524,25.274,267615,0
IIPR.US,D,20171229,000000,25.813,28.697,25.681,28.512,377857,0
IIPR.US,D,20180102,000000,29.783,32.545,28.626,32.272,494528,0
IIPR.US,D,20180103,000000,32.317,32.379,26.748,28.31,730588,0
IIPR.US,D,20180104,000000,26.854,26.916,22.224,22.956,774434,0
IIPR.US,D,20180105,000000,22.618,26.36,22.609,25.962,571406,0
IIPR.US,D,20180108,000000,26.801,27.772,25.379,25.989,230229,0
IIPR.US,D,20180109,000000,26.094,27.664,26.08,27.032,263384,0
IIPR.US,D,20180110,000000,27.349,28.046,26.636,27.984,207758,0
IIPR.US,D,20180111,000000,29.386,29.414,27.359,28.681,506731,0
IIPR.US,D,20180112,000000,29.122,29.122,25.584,26.693,412706,0
IIPR.US,D,20180116,000000,28.178,30.006,27.648,29.819,417476,0
IIPR.US,D,20180117,000000,30.006,31.24,26.703,27.623,514664,0
IIPR.US,D,20180118,000000,24.277,25.856,23.429,25.035,2439548,0
IIPR.US,D,20180119,000000,25.424,25.724,24.099,24.861,523753,0
IIPR.US,D,20180122,000000,25.203,25.751,24.771,24.913,243170,0
IIPR.US,D,20180123,000000,25.081,26.907,25.081,26.448,315341,0
IIPR.US,D,20180124,000000,26.653,27.992,26.597,27.296,334049,0
IIPR.US,D,20180125,000000,27.296,28.01,25.759,26.578,264273,0
IIPR.US,D,20180126,000000,26.457,26.587,25.246,25.778,292808,0
IIPR.US,D,20180129,000000,25.787,26.034,24.736,25.098,212794,0
IIPR.US,D,20180130,000000,24.711,25.195,24.066,24.374,285542,0
IIPR.US,D,20180131,000000,24.374,25.274,24.267,25.212,146902,0
IIPR.US,D,20180201,000000,25.239,25.465,23.526,23.599,227635,0
IIPR.US,D,20180202,000000,23.386,23.898,22.987,23.429,216340,0
IIPR.US,D,20180205,000000,23.42,24.267,23.016,23.253,267052,0
IIPR.US,D,20180206,000000,22.947,23.762,22.546,23.007,207027,0
IIPR.US,D,20180207,000000,23.025,23.729,22.777,23.633,152010,0
IIPR.US,D,20180208,000000,23.721,24.074,22.961,23.2,74157,0
IIPR.US,D,20180209,000000,22.947,23.429,22.24,23.378,195659,0
IIPR.US,D,20180212,000000,23.624,23.689,22.372,22.846,116002,0
IIPR.US,D,20180213,000000,22.697,23.738,22.697,23.465,95246,0
IIPR.US,D,20180214,000000,23.077,23.36,22.662,22.796,129402,0
IIPR.US,D,20180215,000000,23.043,23.043,22.574,22.961,72641,0
IIPR.US,D,20180216,000000,22.978,23.05,22.796,22.873,78485,0
IIPR.US,D,20180220,000000,22.855,22.865,22.512,22.723,97163,0
IIPR.US,D,20180221,000000,22.602,22.723,22.264,22.381,123492,0
IIPR.US,D,20180222,000000,22.381,22.873,22.28,22.768,74281,0
IIPR.US,D,20180223,000000,22.777,22.899,22.667,22.846,67211,0
IIPR.US,D,20180226,000000,23.007,23.025,22.28,22.355,104182,0
IIPR.US,D,20180227,000000,22.318,22.327,20.853,21.551,150111,0
IIPR.US,D,20180228,000000,21.444,22.28,21.038,22.027,165811,0
IIPR.US,D,20180301,000000,22.027,22.132,21.515,21.736,80082,0
IIPR.US,D,20180302,000000,21.762,22.148,21.604,22.044,89693,0
IIPR.US,D,20180305,000000,22.053,23.825,22.053,23.016,186254,0
IIPR.US,D,20180306,000000,23.173,24.149,22.97,23.863,186970,0
IIPR.US,D,20180307,000000,23.871,24.219,23.208,23.438,125011,0
IIPR.US,D,20180308,000000,23.341,24.258,22.987,23.776,100153,0
IIPR.US,D,20180309,000000,23.693,23.994,23.077,23.429,94945,0
IIPR.US,D,20180312,000000,23.386,24.233,23.227,24.127,125627,0
IIPR.US,D,20180313,000000,24.137,24.267,23.627,23.967,121573,0
IIPR.US,D,20180314,000000,24.091,24.885,23.253,24.575,143486,0
IIPR.US,D,20180315,000000,24.603,25.009,23.721,23.863,199722,0
IIPR.US,D,20180316,000000,23.8,25.283,23.607,24.745,206782,0
IIPR.US,D,20180319,000000,24.693,24.693,23.395,23.395,94201,0
IIPR.US,D,20180320,000000,23.395,23.743,23.297,23.494,80348,0
IIPR.US,D,20180321,000000,23.494,23.553,22.777,22.961,61424,0
IIPR.US,D,20180322,000000,22.723,23.633,22.723,23.263,76714,0
IIPR.US,D,20180323,000000,23.323,23.351,22.723,22.961,53643,0
IIPR.US,D,20180326,000000,22.947,23.474,22.594,23.14,69036,0
IIPR.US,D,20180327,000000,23.043,23.535,22.829,23.007,54104,0
IIPR.US,D,20180328,000000,23.229,23.63,22.835,23.45,79555,0
IIPR.US,D,20180329,000000,25.394,28.788,23.834,23.834,976716,0
IIPR.US,D,20180402,000000,24.369,26.926,24.157,25.981,248372,0
IIPR.US,D,20180403,000000,26.214,26.251,25.269,25.68,100456,0
IIPR.US,D,20180404,000000,25.467,27.177,25.403,26.899,150452,0
IIPR.US,D,20180405,000000,27.122,28.005,26.776,27.338,132651,0
IIPR.US,D,20180406,000000,27.49,27.748,26.839,27.016,75324,0
IIPR.US,D,20180409,000000,27.318,27.435,26.74,27.318,80922,0
IIPR.US,D,20180410,000000,27.265,27.623,26.856,27.568,55005,0
IIPR.US,D,20180411,000000,27.623,27.817,27.15,27.675,64672,0
IIPR.US,D,20180412,000000,27.665,28.771,27.417,28.531,106213,0
IIPR.US,D,20180413,000000,28.441,31.454,28.425,31.141,262353,0
IIPR.US,D,20180416,000000,32.167,32.167,29.233,29.61,184916,0
IIPR.US,D,20180417,000000,29.52,30.072,28.789,29.805,110894,0
IIPR.US,D,20180418,000000,29.885,30.652,29.233,29.423,72612,0
IIPR.US,D,20180419,000000,29.688,29.853,28.754,28.913,65718,0
IIPR.US,D,20180420,000000,29.066,29.317,27.715,28.076,101275,0
IIPR.US,D,20180423,000000,28.361,29.536,28.289,29.145,96892,0
IIPR.US,D,20180424,000000,29.537,29.537,27.979,29.2,96827,0
IIPR.US,D,20180425,000000,29.2,29.528,28.343,29.3,56150,0
IIPR.US,D,20180426,000000,29.28,31.054,29.28,30.126,219568,0
IIPR.US,D,20180427,000000,30.991,31.141,29.414,29.878,96684,0
IIPR.US,D,20180430,000000,30.293,30.828,29.859,30.419,107469,0
IIPR.US,D,20180501,000000,30.741,30.758,29.929,30.527,64177,0
IIPR.US,D,20180502,000000,30.704,30.962,30.348,30.714,88457,0
IIPR.US,D,20180503,000000,30.894,30.894,29.627,30.003,66472,0
IIPR.US,D,20180504,000000,29.956,30.596,29.251,30.41,109264,0
IIPR.US,D,20180507,000000,30.474,31.187,30.302,31.078,115549,0
IIPR.US,D,20180508,000000,31.045,31.187,30.054,30.606,67791,0
IIPR.US,D,20180509,000000,30.606,31.052,29.524,30.293,80856,0
IIPR.US,D,20180510,000000,30.262,30.962,28.512,28.807,187283,0
IIPR.US,D,20180511,000000,28.71,29.868,28.593,29.654,65430,0
IIPR.US,D,20180514,000000,29.485,30.118,28.788,29.111,107767,0
IIPR.US,D,20180515,000000,29.102,29.495,28.521,29.208,80436,0
IIPR.US,D,20180516,000000,29.118,29.502,28.337,28.88,143104,0
IIPR.US,D,20180517,000000,28.824,29.939,28.824,29.851,53132,0
IIPR.US,D,20180518,000000,29.716,30.225,29.182,29.965,65101,0
IIPR.US,D,20180521,000000,29.751,30.58,29.001,30.384,119097,0
IIPR.US,D,20180522,000000,30.587,30.758,29.885,30.635,139344,0
IIPR.US,D,20180523,000000,30.678,32.302,30.517,31.141,274918,0
IIPR.US,D,20180524,000000,31.177,32.647,31.177,32.024,334527,0
IIPR.US,D,20180525,000000,32.513,33.392,32.37,32.657,273112,0
IIPR.US,D,20180529,000000,32.968,33.361,31.88,32.594,182616,0
IIPR.US,D,20180530,000000,32.7,33.12,32.155,32.816,128211,0
IIPR.US,D,20180531,000000,32.881,34.394,32.825,33.475,242166,0
IIPR.US,D,20180601,000000,33.931,34.303,33.429,33.753,167894,0
IIPR.US,D,20180604,000000,34.484,34.652,32.434,33.376,269272,0
IIPR.US,D,20180605,000000,33.521,33.645,32.264,33.191,159947,0
IIPR.US,D,20180606,000000,33.393,33.547,31.792,32.692,149457,0
IIPR.US,D,20180607,000000,32.798,33.957,32.666,33.816,200231,0
IIPR.US,D,20180608,000000,33.86,34.248,33.172,33.852,121578,0
IIPR.US,D,20180611,000000,34.215,35.418,34.215,34.573,307150,0
IIPR.US,D,20180612,000000,34.583,34.785,32.987,34.047,175143,0
IIPR.US,D,20180613,000000,34.127,34.512,32.844,32.959,144132,0
IIPR.US,D,20180614,000000,32.95,33.172,32.084,32.647,130881,0
IIPR.US,D,20180615,000000,32.747,32.852,31.592,31.853,233044,0
IIPR.US,D,20180618,000000,31.694,32.218,30.993,31.187,128474,0
IIPR.US,D,20180619,000000,31.054,31.463,30.446,31.293,134365,0
IIPR.US,D,20180620,000000,31.479,31.737,30.446,30.82,152233,0
IIPR.US,D,20180621,000000,31.008,31.497,30.547,30.875,151475,0
IIPR.US,D,20180622,000000,31.018,31.87,30.597,31.239,828462,0
IIPR.US,D,20180625,000000,31.444,32.522,31.444,32.522,276611,0
IIPR.US,D,20180626,000000,32.568,32.913,31.935,32.728,187157,0
IIPR.US,D,20180627,000000,32.755,33.618,32.459,32.978,195207,0
IIPR.US,D,20180628,000000,33.014,33.201,31.47,31.703,131351,0
IIPR.US,D,20180629,000000,31.954,33.113,31.803,32.851,102121,0
IIPR.US,D,20180702,000000,33.03,33.192,32.336,32.555,88451,0
IIPR.US,D,20180703,000000,32.306,32.645,31.618,32.277,108007,0
IIPR.US,D,20180705,000000,32.546,32.68,31.362,31.768,126246,0
IIPR.US,D,20180706,000000,31.811,31.999,31.3,31.829,100023,0
IIPR.US,D,20180709,000000,31.971,32.188,31.524,31.748,106866,0
IIPR.US,D,20180710,000000,31.846,32.565,31.776,31.946,106795,0
IIPR.US,D,20180711,000000,32.18,32.529,31.505,31.739,70227,0
IIPR.US,D,20180712,000000,31.533,31.739,31.049,31.389,75383,0
IIPR.US,D,20180713,000000,31.398,31.748,30.906,30.957,97501,0
IIPR.US,D,20180716,000000,31.28,31.496,29.066,29.352,249097,0
IIPR.US,D,20180717,000000,29.397,30.546,29.04,30,172615,0
IIPR.US,D,20180718,000000,30.009,30.034,29.213,29.882,98749,0
IIPR.US,D,20180719,000000,29.783,30.322,29.397,29.81,95060,0
IIPR.US,D,20180720,000000,29.882,29.945,29.214,29.524,65517,0
IIPR.US,D,20180723,000000,29.567,30.588,29.531,30.367,148348,0
IIPR.US,D,20180724,000000,30.518,30.556,29.524,29.962,131432,0
IIPR.US,D,20180725,000000,29.991,30.133,29.515,29.739,134157,0
IIPR.US,D,20180726,000000,29.693,30.447,29.614,30.151,79436,0
IIPR.US,D,20180727,000000,30.142,30.302,28.85,28.968,82316,0
IIPR.US,D,20180730,000000,29.021,29.211,28.356,28.76,108323,0
IIPR.US,D,20180731,000000,28.823,29.592,28.764,29.048,64172,0
IIPR.US,D,20180801,000000,29.155,29.531,28.708,29.425,57261,0
IIPR.US,D,20180802,000000,29.567,30.207,29.549,30.017,58083,0
IIPR.US,D,20180803,000000,30.233,30.233,29.472,29.73,50644,0
IIPR.US,D,20180806,000000,29.847,29.917,29.516,29.739,46911,0
IIPR.US,D,20180807,000000,29.712,29.996,29.451,29.632,41199,0
IIPR.US,D,20180808,000000,29.577,30.033,29.489,29.623,45821,0
IIPR.US,D,20180809,000000,29.623,30.233,29.623,30.133,59876,0
IIPR.US,D,20180810,000000,30.375,31.711,30.186,31.568,159000,0
IIPR.US,D,20180813,000000,32.616,34.768,31.892,33.462,300002,0
IIPR.US,D,20180814,000000,33.928,33.928,32.297,32.347,157464,0
IIPR.US,D,20180815,000000,32.529,33.013,31.398,31.524,96424,0
IIPR.US,D,20180816,000000,31.417,31.702,30.761,30.888,80508,0
IIPR.US,D,20180817,000000,30.878,31.398,30.725,31.165,93423,0
IIPR.US,D,20180820,000000,31.398,32.592,31.398,32.529,83225,0
IIPR.US,D,20180821,000000,32.509,33.857,32.485,33.525,131338,0
IIPR.US,D,20180822,000000,33.774,34.395,33.69,34.214,140830,0
IIPR.US,D,20180823,000000,34.494,35.607,34.185,34.439,197524,0
IIPR.US,D,20180824,000000,34.439,36.781,34.439,36.547,185664,0
IIPR.US,D,20180827,000000,37.363,38.09,36.781,37.014,400441,0
IIPR.US,D,20180828,000000,37.14,38.555,35.91,38.34,219051,0
IIPR.US,D,20180829,000000,38.708,39.373,38.397,38.736,247616,0
IIPR.US,D,20180830,000000,39.158,39.517,38.616,38.842,130401,0
IIPR.US,D,20180831,000000,38.629,40.819,38.629,40.728,155090,0
IIPR.US,D,20180904,000000,41.267,41.507,38.307,38.698,243493,0
IIPR.US,D,20180905,000000,38.69,38.747,34.825,37.301,333927,0
IIPR.US,D,20180906,000000,37.284,38.574,36.586,38.298,122926,0
IIPR.US,D,20180907,000000,38.036,38.923,37.678,38.539,145443,0
IIPR.US,D,20180910,000000,39.526,39.597,38.782,39.274,156123,0
IIPR.US,D,20180911,000000,39.83,40.289,39.302,39.544,173731,0
IIPR.US,D,20180912,000000,39.535,39.605,37.058,37.545,200669,0
IIPR.US,D,20180913,000000,37.901,38.923,37.173,38.127,150372,0
IIPR.US,D,20180914,000000,37.678,38.009,37.085,37.453,167817,0
IIPR.US,D,20180917,000000,37.545,38.727,37.095,38.555,157451,0
IIPR.US,D,20180918,000000,39.141,40.545,38.708,38.898,183524,0
IIPR.US,D,20180919,000000,40.038,40.448,38.907,39.471,449853,0
IIPR.US,D,20180920,000000,39.92,41.116,39.104,39.947,470700,0
IIPR.US,D,20180921,000000,40.87,44.397,40.754,42.584,671567,0
IIPR.US,D,20180924,000000,43.061,43.956,41.445,41.616,207787,0
IIPR.US,D,20180925,000000,41.822,42.441,41.742,42.127,151833,0
IIPR.US,D,20180926,000000,42.387,42.871,41.597,41.967,110192,0
IIPR.US,D,20180927,000000,42.417,42.761,41.811,42.064,317299,0
IIPR.US,D,20180928,000000,42.247,43.674,42.137,43.601,99600,0
IIPR.US,D,20181001,000000,44.486,44.958,42.028,42.435,146305,0
IIPR.US,D,20181002,000000,42.454,43.015,41.694,42.074,156662,0
IIPR.US,D,20181003,000000,42.103,42.273,38.189,39.263,500068,0
IIPR.US,D,20181004,000000,37.788,38.794,36.562,38.007,1742969,0
IIPR.US,D,20181005,000000,38.413,39.319,38.233,38.496,612295,0
IIPR.US,D,20181008,000000,38.856,40.276,38.368,38.539,486410,0
IIPR.US,D,20181009,000000,38.803,41.125,38.803,40.584,825800,0
IIPR.US,D,20181010,000000,41.289,41.613,39.995,40.067,329827,0
IIPR.US,D,20181011,000000,39.769,41.109,39.769,39.95,297229,0
IIPR.US,D,20181012,000000,40.302,40.516,37.779,38.513,413800,0
IIPR.US,D,20181015,000000,38.928,39.496,38.566,38.856,267909,0
IIPR.US,D,20181016,000000,38.866,39.625,38.513,39.228,276708,0
IIPR.US,D,20181017,000000,39.128,39.439,38.151,38.921,163637,0
IIPR.US,D,20181018,000000,38.956,38.993,37.231,37.817,182693,0
IIPR.US,D,20181019,000000,37.917,38.405,36.197,36.406,282228,0
IIPR.US,D,20181022,000000,36.552,37.51,36.425,36.904,173624,0
IIPR.US,D,20181023,000000,37.058,37.103,35.658,36.597,268242,0
IIPR.US,D,20181024,000000,36.605,37.298,35.955,36.497,194695,0
IIPR.US,D,20181025,000000,36.488,37.753,36.415,37.51,221909,0
IIPR.US,D,20181026,000000,37.962,37.972,36.832,37.446,142538,0
IIPR.US,D,20181029,000000,37.762,37.962,36.488,37.013,134217,0
IIPR.US,D,20181030,000000,36.605,37.672,36.514,37.328,105125,0
IIPR.US,D,20181031,000000,37.328,37.538,36.299,37.049,128574,0
IIPR.US,D,20181101,000000,37.121,37.401,35.761,37.068,161956,0
IIPR.US,D,20181102,000000,37.094,37.324,36.361,36.958,122976,0
IIPR.US,D,20181105,000000,37.058,37.76,36.166,36.343,242394,0
IIPR.US,D,20181106,000000,36.343,37.609,36.343,37.564,155147,0
IIPR.US,D,20181107,000000,38.204,40.384,37.6,38.359,307015,0
IIPR.US,D,20181108,000000,38.556,41.538,38.052,40.982,437333,0
IIPR.US,D,20181109,000000,40.827,41.109,39.371,40.228,177818,0
IIPR.US,D,20181112,000000,40.14,41.35,38.957,40.204,483387,0
IIPR.US,D,20181113,000000,40.22,41.397,39.137,40.781,194310,0
IIPR.US,D,20181114,000000,40.964,43.701,40.954,42.282,290312,0
IIPR.US,D,20181115,000000,42.164,43.329,41.577,43.06,253722,0
IIPR.US,D,20181116,000000,42.715,46.837,42.552,45.427,423784,0
IIPR.US,D,20181119,000000,45.78,47.886,44.856,46.069,454085,0
IIPR.US,D,20181120,000000,46.059,48.428,44.56,45.074,493183,0
IIPR.US,D,20181121,000000,45.011,47.284,44.334,47.073,440088,0
IIPR.US,D,20181123,000000,47.297,50.281,47.288,49.342,240301,0
IIPR.US,D,20181126,000000,49.342,49.92,41.694,42.256,780764,0
IIPR.US,D,20181127,000000,42.482,47.722,42.482,45.347,447057,0
IIPR.US,D,20181128,000000,44.995,46.223,43.891,44.885,260871,0
IIPR.US,D,20181129,000000,44.885,45.897,44.814,45.047,202256,0
IIPR.US,D,20181130,000000,45.173,46.484,44.505,44.606,654616,0
IIPR.US,D,20181203,000000,45.996,47.164,45.482,45.871,336318,0
IIPR.US,D,20181204,000000,45.871,46.523,44.171,44.741,250798,0
IIPR.US,D,20181206,000000,44.515,45.487,43.818,45.182,377400,0
IIPR.US,D,20181207,000000,46.523,47,44.786,45.14,255199,0
IIPR.US,D,20181210,000000,45.14,46.096,45.002,45.634,179268,0
IIPR.US,D,20181211,000000,45.616,46.377,45.2,45.616,135260,0
IIPR.US,D,20181212,000000,45.634,46.336,45.518,45.77,171547,0
IIPR.US,D,20181213,000000,45.861,47.797,45.861,46.774,196108,0
IIPR.US,D,20181214,000000,46.694,48.212,46.505,47.1,217959,0
IIPR.US,D,20181217,000000,47.281,48.79,44.934,45.22,337612,0
IIPR.US,D,20181218,000000,45.229,46.307,44.968,46.069,150119,0
IIPR.US,D,20181219,000000,46.096,46.15,44.857,45.292,199560,0
IIPR.US,D,20181220,000000,45.093,45.96,42.191,44.181,292440,0
IIPR.US,D,20181221,000000,44.171,44.688,40.65,40.655,453430,0
IIPR.US,D,20181224,000000,39.871,40.358,38.595,39.1,329934,0
IIPR.US,D,20181226,000000,39.046,42.5,38.459,41.909,303504,0
IIPR.US,D,20181227,000000,41.261,41.74,39.453,40.465,182065,0
IIPR.US,D,20181228,000000,40.875,42.461,40.857,41.805,142758,0
IIPR.US,D,20181231,000000,42.049,42.095,40.845,41.349,204739,0
IIPR.US,D,20190102,000000,40.948,42.004,40.45,41.823,150838,0
IIPR.US,D,20190103,000000,41.723,42.233,40.968,41.066,148662,0
IIPR.US,D,20190104,000000,41.458,42.714,41.458,42.179,145272,0
IIPR.US,D,20190107,000000,42.807,45.776,42.798,45.24,292832,0
IIPR.US,D,20190108,000000,45.814,47.187,45.038,46.942,232334,0
IIPR.US,D,20190109,000000,47.407,47.817,46.096,46.888,182849,0
IIPR.US,D,20190110,000000,46.55,47.346,45.695,46.55,129962,0
IIPR.US,D,20190111,000000,46.458,47.764,46.263,47.172,120129,0
IIPR.US,D,20190114,000000,48.271,50.646,48.108,49.339,358693,0
IIPR.US,D,20190115,000000,49.32,49.829,47.834,48.392,226518,0
IIPR.US,D,20190116,000000,48.49,49.175,47.006,48.135,171326,0
IIPR.US,D,20190117,000000,48.125,50.368,47.491,50.113,185575,0
IIPR.US,D,20190118,000000,50.105,50.105,48.872,49.485,130641,0
IIPR.US,D,20190122,000000,49.648,51.443,49.012,50.987,232983,0
IIPR.US,D,20190123,000000,51.289,53.282,51.161,51.862,300340,0
IIPR.US,D,20190124,000000,52.107,54.566,51.925,52.746,244898,0
IIPR.US,D,20190125,000000,53.309,54.64,53.265,54.604,265646,0
IIPR.US,D,20190128,000000,54.659,56.325,54.294,55.969,371827,0
IIPR.US,D,20190129,000000,56.025,56.354,52.846,53.611,346665,0
IIPR.US,D,20190130,000000,54.45,55.924,53.939,55.842,228542,0
IIPR.US,D,20190131,000000,56.025,57.873,55.965,56.407,272829,0
IIPR.US,D,20190201,000000,56.644,59.487,56.525,57.675,340568,0
IIPR.US,D,20190204,000000,58.082,59.955,58.082,59.716,322102,0
IIPR.US,D,20190205,000000,60.124,60.424,56.472,59.112,444037,0
IIPR.US,D,20190206,000000,59.112,59.546,56.68,57.356,231762,0
IIPR.US,D,20190207,000000,56.845,57.234,54.659,56.783,242950,0
IIPR.US,D,20190208,000000,56.754,59.284,56.754,58.584,211560,0
IIPR.US,D,20190211,000000,58.922,62.138,58.922,60.643,256209,0
IIPR.US,D,20190212,000000,61.428,61.653,59.539,60.087,232610,0
IIPR.US,D,20190213,000000,60.07,61.018,59.305,59.615,167163,0
IIPR.US,D,20190214,000000,58.302,58.321,54.258,55.112,1048314,0
IIPR.US,D,20190215,000000,57.947,59.942,57.037,59.203,1501899,0
IIPR.US,D,20190219,000000,59.76,60.863,59.25,59.54,747056,0
IIPR.US,D,20190220,000000,59.396,60.671,58.575,59.14,2466285,0
IIPR.US,D,20190221,000000,58.887,62.512,58.302,62.492,578042,0
IIPR.US,D,20190222,000000,63.314,66.538,63.314,66.492,653663,0
IIPR.US,D,20190225,000000,67.868,72.516,67.531,71.21,822495,0
IIPR.US,D,20190226,000000,70.473,71.428,67.202,71.247,613344,0
IIPR.US,D,20190227,000000,71.329,72.604,68.879,72.406,553873,0
IIPR.US,D,20190228,000000,72.406,74.334,71.357,71.957,474325,0
IIPR.US,D,20190301,000000,72.193,72.308,69.599,71.111,356275,0
IIPR.US,D,20190304,000000,71.329,72.112,68.322,70.062,423174,0
IIPR.US,D,20190305,000000,69.599,70.52,68.331,68.604,268376,0
IIPR.US,D,20190306,000000,68.551,68.598,64.443,64.999,690102,0
IIPR.US,D,20190307,000000,64.904,65.508,62.521,63.176,542384,0
IIPR.US,D,20190308,000000,61.918,63.921,60.626,63.085,363027,0
IIPR.US,D,20190311,000000,63.768,67.365,63.314,66.776,398959,0
IIPR.US,D,20190312,000000,67.793,71.03,67.793,68.807,547670,0
IIPR.US,D,20190313,000000,69.945,72.056,69.828,70.938,448313,0
IIPR.US,D,20190314,000000,73.078,75.605,69.77,70.819,693924,0
IIPR.US,D,20190315,000000,70.636,73.333,70.393,73.143,513352,0
IIPR.US,D,20190318,000000,73.287,78.608,73.197,78.534,576531,0
IIPR.US,D,20190319,000000,81.068,81.887,77.688,81.87,794654,0
IIPR.US,D,20190320,000000,80.074,82.416,78.39,80.492,593999,0
IIPR.US,D,20190321,000000,80.046,83.192,80.046,82.06,530163,0
IIPR.US,D,20190322,000000,82.608,84.939,78.618,79.937,648645,0
IIPR.US,D,20190325,000000,79.965,81.303,75.61,77.871,555167,0
IIPR.US,D,20190326,000000,78.343,82.598,78.124,81.095,447754,0
IIPR.US,D,20190327,000000,81.087,81.531,75.265,79.253,446832,0
IIPR.US,D,20190328,000000,79.777,80.572,77.196,77.551,400866,0
IIPR.US,D,20190329,000000,77.461,77.828,73.871,74.806,630439,0
IIPR.US,D,20190401,000000,75.555,76.649,71.564,73.202,647944,0
IIPR.US,D,20190402,000000,72.798,73.027,69.74,70.418,762854,0
IIPR.US,D,20190403,000000,70.052,72.305,69.19,70.492,568414,0
IIPR.US,D,20190404,000000,70.483,73.851,69.19,73.422,576045,0
IIPR.US,D,20190405,000000,73.732,77.148,73.732,75.619,768297,0
IIPR.US,D,20190408,000000,77.019,77.715,75.637,76.398,417346,0
IIPR.US,D,20190409,000000,76.049,76.947,73.835,75.078,538899,0
IIPR.US,D,20190410,000000,75.171,78.419,75.171,77.854,510457,0
IIPR.US,D,20190411,000000,77.681,79.073,75.555,76.947,396832,0
IIPR.US,D,20190412,000000,76.947,77.597,75.775,77.56,312742,0
IIPR.US,D,20190415,000000,77.524,77.689,73.267,76.325,477763,0
IIPR.US,D,20190416,000000,76.47,77.369,74.532,74.849,322159,0
IIPR.US,D,20190417,000000,75.28,75.738,72.634,73.605,430517,0
IIPR.US,D,20190418,000000,73.267,74.953,73.258,73.934,331325,0
IIPR.US,D,20190422,000000,73.988,75.274,72.661,73.826,328125,0
IIPR.US,D,20190423,000000,73.944,76.883,73.944,76.847,335934,0
IIPR.US,D,20190424,000000,76.892,78.174,75.742,77.129,285189,0
IIPR.US,D,20190425,000000,76.919,79.769,75.839,79.3,324042,0
IIPR.US,D,20190426,000000,79.759,80.573,78.528,79.53,281095,0
IIPR.US,D,20190429,000000,79.667,80.469,78.494,79.585,252098,0
IIPR.US,D,20190430,000000,79.575,80.17,75.867,77.964,368089,0
IIPR.US,D,20190501,000000,77.926,80.308,77.379,78.494,302703,0
IIPR.US,D,20190502,000000,78.312,80.49,76.919,77.413,268627,0
IIPR.US,D,20190503,000000,77.743,79.393,77.577,78.943,343697,0
IIPR.US,D,20190506,000000,77.689,78.473,76.508,76.974,270052,0
IIPR.US,D,20190507,000000,76.966,77.389,72.096,72.789,527074,0
IIPR.US,D,20190508,000000,72.855,74.832,72.846,73.704,288428,0
IIPR.US,D,20190509,000000,74.291,74.906,72.25,72.89,361634,0
IIPR.US,D,20190510,000000,72.34,77.166,72.296,74.385,652928,0
IIPR.US,D,20190513,000000,73.878,75.014,72.996,73.248,338189,0
IIPR.US,D,20190514,000000,74.172,75.736,73.712,75.218,371836,0
IIPR.US,D,20190515,000000,74.969,80.198,74.832,79.155,464971,0
IIPR.US,D,20190516,000000,80.033,82.735,79.428,81.508,448789,0
IIPR.US,D,20190517,000000,80.904,83.577,80.811,81.372,402607,0
IIPR.US,D,20190520,000000,80.994,81.295,76.471,76.654,365345,0
IIPR.US,D,20190521,000000,78.494,78.842,77.47,78.054,256566,0
IIPR.US,D,20190522,000000,78.054,81.323,77.835,80.043,257666,0
IIPR.US,D,20190523,000000,79.85,80.811,78.008,79.31,293435,0
IIPR.US,D,20190524,000000,79.805,81.672,79.676,79.931,231056,0
IIPR.US,D,20190528,000000,80.519,81.883,78.558,79.191,510890,0
IIPR.US,D,20190529,000000,78.752,78.88,74.383,74.813,425550,0
IIPR.US,D,20190530,000000,75.087,77.285,75.087,76.974,233733,0
IIPR.US,D,20190531,000000,76.947,77.801,74.813,76.947,192524,0
IIPR.US,D,20190603,000000,76.947,77.616,75.218,77.029,301783,0
IIPR.US,D,20190604,000000,77.341,78.293,76.058,77.56,358473,0
IIPR.US,D,20190605,000000,78.037,84.254,78.037,84.254,591913,0
IIPR.US,D,20190606,000000,84.337,88.458,81.59,84.851,827217,0
IIPR.US,D,20190607,000000,85.765,88.594,85.625,87.167,322537,0
IIPR.US,D,20190610,000000,89.446,91.454,87.615,90.188,488702,0
IIPR.US,D,20190611,000000,90.656,91.342,83.082,86.609,420533,0
IIPR.US,D,20190612,000000,87.066,90.7,87.066,90.161,252310,0
IIPR.US,D,20190613,000000,90.975,93.672,90.416,92.411,299231,0
IIPR.US,D,20190614,000000,93.414,101.09,93.356,99.329,561051,0
IIPR.US,D,20190617,000000,100.82,108.28,99.52,106.12,745784,0
IIPR.US,D,20190618,000000,109.99,115.07,108.16,109.51,1167131,0
IIPR.US,D,20190619,000000,110.25,114.75,106.38,114.75,732007,0
IIPR.US,D,20190620,000000,118.95,126.18,117.57,123.35,967509,0
IIPR.US,D,20190621,000000,122.14,122.24,106.68,107.62,1772278,0
IIPR.US,D,20190624,000000,111.71,115.22,106.12,113.89,714329,0
IIPR.US,D,20190625,000000,115.83,120.57,114.01,119.92,455481,0
IIPR.US,D,20190626,000000,121.31,123.4,108.45,114.65,804329,0
IIPR.US,D,20190627,000000,115.14,116.19,108.6,110.14,515138,0
IIPR.US,D,20190628,000000,110.41,114.45,110.15,113.69,727586,0
IIPR.US,D,20190701,000000,114.75,116.4,113.55,115.04,310479,0
IIPR.US,D,20190702,000000,115.02,115.29,109.8,110.89,358594,0
IIPR.US,D,20190703,000000,110.31,118.4,110.23,118.4,317028,0
IIPR.US,D,20190705,000000,117.78,120.38,113.47,119.77,448567,0
IIPR.US,D,20190708,000000,119.77,120.45,113.24,114.66,524591,0
IIPR.US,D,20190709,000000,114.1,122.77,113.82,121.72,460767,0
IIPR.US,D,20190710,000000,123.09,126.25,120.41,121.74,493984,0
IIPR.US,D,20190711,000000,122.17,128.39,121.74,126.62,482055,0
IIPR.US,D,20190712,000000,116.95,117.54,112.64,116,3241248,0
IIPR.US,D,20190715,000000,115.93,117.78,114.42,117.24,964825,0
IIPR.US,D,20190716,000000,116.85,119.57,116.85,118.21,624932,0
IIPR.US,D,20190717,000000,118.69,120.07,115.02,115.65,498894,0
IIPR.US,D,20190718,000000,115.11,116.79,113.47,113.73,457056,0
IIPR.US,D,20190719,000000,114.1,115.57,112.74,113.48,376312,0
IIPR.US,D,20190722,000000,113.63,113.95,101.28,104.11,1426290,0
IIPR.US,D,20190723,000000,103.5,104.03,90.806,94.751,1986483,0
IIPR.US,D,20190724,000000,93.672,99.2,90.631,96.546,879168,0
IIPR.US,D,20190725,000000,97.161,100.97,96.257,96.968,552361,0
IIPR.US,D,20190726,000000,99.041,100.73,97.997,99.11,405906,0
IIPR.US,D,20190729,000000,100.29,101.68,97.065,98.401,445285,0
IIPR.US,D,20190730,000000,97.576,100.99,97.529,100.2,316264,0
IIPR.US,D,20190731,000000,100.29,101.23,95.581,97.23,435780,0
IIPR.US,D,20190801,000000,97.035,98.342,93.127,93.7,496502,0
IIPR.US,D,20190802,000000,93.579,95.819,91.091,94.509,371873,0
IIPR.US,D,20190805,000000,92.791,93.006,89.508,91.064,438153,0
IIPR.US,D,20190806,000000,92.048,95.237,92.012,95.181,419573,0
IIPR.US,D,20190807,000000,95.466,99.061,93.487,97.499,556996,0
IIPR.US,D,20190808,000000,98.981,101.03,95.181,95.694,505220,0
IIPR.US,D,20190809,000000,95.237,97.429,93.616,94.312,304732,0
IIPR.US,D,20190812,000000,94.501,94.689,91.376,91.652,328343,0
IIPR.US,D,20190813,000000,91.902,99.08,91.67,98.825,579043,0
IIPR.US,D,20190814,000000,97.537,99.279,94.809,95.047,380143,0
IIPR.US,D,20190815,000000,94.771,97.586,93.569,94.369,369504,0
IIPR.US,D,20190816,000000,95.295,97.743,94.771,97.616,309223,0
IIPR.US,D,20190819,000000,99.478,102.06,98.757,101.4,316822,0
IIPR.US,D,20190820,000000,101.7,106.57,101.66,103.75,522835,0
IIPR.US,D,20190821,000000,104.24,106.36,102.16,103.7,430859,0
IIPR.US,D,20190822,000000,103.74,104.28,97.045,97.84,446112,0
IIPR.US,D,20190823,000000,97.211,99.239,93.136,93.395,417263,0
IIPR.US,D,20190826,000000,95.094,96.218,92.391,94.472,298512,0
IIPR.US,D,20190827,000000,95.171,95.684,92.727,92.988,264651,0
IIPR.US,D,20190828,000000,92.288,94.689,91.348,94.189,303492,0
IIPR.US,D,20190829,000000,95.01,95.305,93.468,93.543,205827,0
IIPR.US,D,20190830,000000,93.487,93.889,80.971,82.038,1344629,0
IIPR.US,D,20190903,000000,81.909,85.321,81.203,83.537,500667,0
IIPR.US,D,20190904,000000,85.11,85.22,77.079,78.348,1149181,0
IIPR.US,D,20190905,000000,78.042,82.442,76.378,81.2,946428,0
IIPR.US,D,20190906,000000,81.678,83.104,75.588,76.646,1082812,0
IIPR.US,D,20190909,000000,76.83,79.923,76.691,79.167,559294,0
IIPR.US,D,20190910,000000,78.458,79.636,76.149,79.038,432902,0
IIPR.US,D,20190911,000000,78.485,83.914,77.9,83.612,451031,0
IIPR.US,D,20190912,000000,84.559,85.479,80.75,81.328,461478,0
IIPR.US,D,20190913,000000,83.731,87.107,82.913,84.036,488496,0
IIPR.US,D,20190916,000000,84.191,87.32,83.795,83.795,448025,0
IIPR.US,D,20190917,000000,83.776,88.009,83.776,87.346,364423,0
IIPR.US,D,20190918,000000,87.412,87.99,85.618,87.778,246841,0
IIPR.US,D,20190919,000000,87.778,90.909,86.878,89.565,361995,0
IIPR.US,D,20190920,000000,90.438,90.931,85.212,87.605,1242128,0
IIPR.US,D,20190923,000000,86.242,89.011,86.032,87.9,236650,0
IIPR.US,D,20190924,000000,88.009,88.418,79.299,82.618,577995,0
IIPR.US,D,20190925,000000,81.771,84.642,81.698,84.089,231069,0
IIPR.US,D,20190926,000000,84.44,88.102,84.329,87.502,309373,0
IIPR.US,D,20190927,000000,87.977,89.763,87.448,88.82,369177,0
IIPR.US,D,20190930,000000,89.061,89.525,84.026,85.695,389204,0
IIPR.US,D,20191001,000000,84.841,85.399,81.742,82.169,385663,0
IIPR.US,D,20191002,000000,81.233,84.581,80.453,84.21,402963,0
IIPR.US,D,20191003,000000,84.228,85.462,81.191,83.42,312158,0
IIPR.US,D,20191004,000000,83.496,85.189,82.706,84.682,188610,0
IIPR.US,D,20191007,000000,84.219,86.12,82.735,82.922,242919,0
IIPR.US,D,20191008,000000,82.252,82.874,78.578,80.211,851748,0
IIPR.US,D,20191009,000000,80.378,82.281,79.599,79.924,310734,0
IIPR.US,D,20191010,000000,79.608,79.924,71.343,71.397,1153871,0
IIPR.US,D,20191011,000000,72.139,74.31,70.284,73.076,701455,0
IIPR.US,D,20191014,000000,72.75,74.265,70.375,72.187,311299,0
IIPR.US,D,20191015,000000,72.42,74.59,71.621,72.559,470960,0
IIPR.US,D,20191016,000000,72.362,73.625,70.619,71.435,258072,0
IIPR.US,D,20191017,000000,71.862,73.365,70.971,70.999,277031,0
IIPR.US,D,20191018,000000,70.581,71.091,65.999,67.299,663999,0
IIPR.US,D,20191021,000000,67.232,68.642,65.468,68.281,496899,0
IIPR.US,D,20191022,000000,69.626,69.736,65.971,66.908,264442,0
IIPR.US,D,20191023,000000,66.908,68.188,66.073,66.37,206919,0
IIPR.US,D,20191024,000000,66.416,68.055,64.523,67.26,352285,0
IIPR.US,D,20191025,000000,66.982,67.334,65.554,66.658,279681,0
IIPR.US,D,20191028,000000,66.749,67.102,61.795,62.8,651285,0
IIPR.US,D,20191029,000000,62.491,65.737,62.223,64.059,408218,0
IIPR.US,D,20191030,000000,65.627,68.35,64.941,67.39,477763,0
IIPR.US,D,20191031,000000,68.271,71.468,67.393,70.508,668360,0
IIPR.US,D,20191101,000000,72.735,73.105,68.18,70.081,467060,0
IIPR.US,D,20191104,000000,70.599,72.13,70.192,70.407,405946,0
IIPR.US,D,20191105,000000,70.738,73.178,70.276,71.556,373117,0
IIPR.US,D,20191106,000000,71.574,72.474,67.074,67.352,609695,0
IIPR.US,D,20191107,000000,73.143,76.538,69.801,74.06,822590,0
IIPR.US,D,20191108,000000,75.563,80.314,75.183,79.063,574873,0
IIPR.US,D,20191111,000000,79.005,79.135,74.029,75.739,493322,0
IIPR.US,D,20191112,000000,76.343,76.63,73.903,74.247,286853,0
IIPR.US,D,20191113,000000,74.228,76.51,72.873,76.054,752381,0
IIPR.US,D,20191114,000000,75.257,78.262,74.804,76.585,850485,0
IIPR.US,D,20191115,000000,77.205,79.953,75.841,79.302,511727,0
IIPR.US,D,20191118,000000,79.785,80.898,76.444,76.853,370550,0
IIPR.US,D,20191119,000000,77.001,77.767,75.86,76.769,294517,0
IIPR.US,D,20191120,000000,76.369,76.769,73.577,74.218,414202,0
IIPR.US,D,20191121,000000,74.218,74.682,73.207,74.08,324274,0
IIPR.US,D,20191122,000000,74.682,74.914,71.667,72.298,322540,0
IIPR.US,D,20191125,000000,72.391,73.846,72.086,72.334,232626,0
IIPR.US,D,20191126,000000,72.149,72.828,70.572,72.391,332858,0
IIPR.US,D,20191127,000000,72.492,73.076,70.601,71.471,299017,0
IIPR.US,D,20191129,000000,71.286,73.532,71.119,71.815,202541,0
IIPR.US,D,20191202,000000,71.955,72.455,70.637,71.898,313050,0
IIPR.US,D,20191203,000000,71.639,72.492,71.193,72.445,305507,0
IIPR.US,D,20191204,000000,71.649,72.423,70.693,70.806,289246,0
IIPR.US,D,20191205,000000,70.971,71.315,65.915,67.299,660513,0
IIPR.US,D,20191206,000000,67.307,69.293,66.117,67.807,478436,0
IIPR.US,D,20191209,000000,68.132,68.742,67.028,67.557,303493,0
IIPR.US,D,20191210,000000,69.367,69.951,68.103,68.742,426396,0
IIPR.US,D,20191211,000000,68.742,68.838,67.409,68.112,384667,0
IIPR.US,D,20191212,000000,68.652,68.829,67.223,68.327,329691,0
IIPR.US,D,20191213,000000,68.318,68.882,67.084,68.661,382255,0
IIPR.US,D,20191216,000000,68.699,69.117,68.304,68.652,438056,0
IIPR.US,D,20191217,000000,68.564,68.699,66.157,68.122,524021,0
IIPR.US,D,20191218,000000,68.652,68.882,67.863,68.652,354899,0
IIPR.US,D,20191219,000000,68.364,68.781,66.843,68.475,503177,0
IIPR.US,D,20191220,000000,68.475,68.69,64.58,65.842,1061108,0
IIPR.US,D,20191223,000000,65.961,70.397,65.832,69.821,499832,0
IIPR.US,D,20191224,000000,70.006,70.757,68.718,70.508,236256,0
IIPR.US,D,20191226,000000,71.491,73.93,70.971,72.688,567483,0
IIPR.US,D,20191227,000000,73.245,73.504,68.987,69.895,460982,0
IIPR.US,D,20191230,000000,70.281,70.281,68.634,69.048,375882,0
IIPR.US,D,20191231,000000,68.87,73.42,68.87,71.334,558549,0
IIPR.US,D,20200102,000000,72.912,73.73,68.641,69.227,659487,0
IIPR.US,D,20200103,000000,68.033,70.789,67.601,70.619,325559,0
IIPR.US,D,20200106,000000,70.214,73.411,69.688,72.894,461001,0
IIPR.US,D,20200107,000000,73.157,73.317,71.193,71.767,296003,0
IIPR.US,D,20200108,000000,71.737,73.007,71.547,72.416,347939,0
IIPR.US,D,20200109,000000,72.922,74.323,71.936,73.77,408479,0
IIPR.US,D,20200110,000000,74.276,75.705,73.985,75.498,428685,0
IIPR.US,D,20200113,000000,75.875,78.864,75.865,78.649,552886,0
IIPR.US,D,20200114,000000,78.976,79.814,77.23,79.288,359690,0
IIPR.US,D,20200115,000000,79.918,79.918,75.704,77.775,1535166,0
IIPR.US,D,20200116,000000,77.775,79.626,77.351,78.037,338834,0
IIPR.US,D,20200117,000000,78.923,79.363,77.284,77.566,437436,0
IIPR.US,D,20200121,000000,78.075,78.611,75.987,76.646,314008,0
IIPR.US,D,20200122,000000,76.646,77.425,76.466,76.796,228507,0
IIPR.US,D,20200123,000000,76.466,79.268,74.587,74.698,607892,0
IIPR.US,D,20200124,000000,73.336,75.996,71.982,75.931,2461861,0
IIPR.US,D,20200127,000000,75.151,80.077,74.503,79.889,934864,0
IIPR.US,D,20200128,000000,81.196,87.006,81.093,86.875,1515810,0
IIPR.US,D,20200129,000000,87.44,89.206,85.335,88.464,604773,0
IIPR.US,D,20200130,000000,88.397,89.561,87.382,87.902,545439,0
IIPR.US,D,20200131,000000,87.909,88.148,83.603,84.149,809213,0
IIPR.US,D,20200203,000000,85.154,88.135,85.154,86.885,487192,0
IIPR.US,D,20200204,000000,87.976,89.301,86.509,89.301,394330,0
IIPR.US,D,20200205,000000,89.32,90.026,88.605,89.489,313031,0
IIPR.US,D,20200206,000000,89.884,90.494,89.169,89.527,230878,0
IIPR.US,D,20200207,000000,89.527,90.1,86.03,86.989,714763,0
IIPR.US,D,20200210,000000,87.44,87.713,85.333,86.555,211983,0
IIPR.US,D,20200211,000000,87.006,87.43,85.648,87.045,381065,0
IIPR.US,D,20200212,000000,87.363,87.363,85.653,87.299,272415,0
IIPR.US,D,20200213,000000,87.591,89.762,86.704,88.793,303460,0
IIPR.US,D,20200214,000000,89.578,93.221,89.32,93.041,401851,0
IIPR.US,D,20200218,000000,94.021,98.125,93.833,96.189,600435,0
IIPR.US,D,20200219,000000,96.198,99.58,94.585,99.498,497945,0
IIPR.US,D,20200220,000000,99.66,101.75,98.273,100.61,497307,0
IIPR.US,D,20200221,000000,100.59,100.9,97.161,99.259,354045,0
IIPR.US,D,20200224,000000,95.094,97.978,94.03,96.17,507853,0
IIPR.US,D,20200225,000000,96.343,97.114,88.671,90.768,811588,0
IIPR.US,D,20200226,000000,89.959,93.818,89.065,90.374,468092,0
IIPR.US,D,20200227,000000,90.739,95.295,87.618,89.301,939352,0
IIPR.US,D,20200228,000000,83.443,86.838,81.327,86.443,999489,0
IIPR.US,D,20200302,000000,87.109,92.103,83.829,92.093,651734,0
IIPR.US,D,20200303,000000,92.31,94.96,86.64,89.744,474107,0
IIPR.US,D,20200304,000000,91.632,93.541,90.409,92.263,396454,0
IIPR.US,D,20200305,000000,90.035,92.111,88.615,90.401,409841,0
IIPR.US,D,20200306,000000,87.581,88.708,84.779,88.144,535430,0
IIPR.US,D,20200309,000000,80.557,82.056,74.747,78.168,629772,0
IIPR.US,D,20200310,000000,81.327,81.835,76.223,80.782,495076,0
IIPR.US,D,20200311,000000,78.404,78.976,71.644,72.357,685122,0
IIPR.US,D,20200312,000000,64.565,68.997,61.207,61.762,734375,0
IIPR.US,D,20200313,000000,65.927,68.222,61.115,67.252,658270,0
IIPR.US,D,20200316,000000,59.232,60.174,53.49,53.49,861571,0
IIPR.US,D,20200317,000000,54.183,57.55,50.941,55.473,767496,0
IIPR.US,D,20200318,000000,52.652,52.652,37.805,43.729,962819,0
IIPR.US,D,20200319,000000,43.542,50.856,39.968,48.552,904997,0
IIPR.US,D,20200320,000000,50.583,58.584,49.643,56.206,1964481,0
IIPR.US,D,20200323,000000,56.891,58.105,52.669,56.957,616633,0
IIPR.US,D,20200324,000000,62.392,64.102,59.232,62.355,586788,0
IIPR.US,D,20200325,000000,64.545,72.942,62.12,69.725,677156,0
IIPR.US,D,20200326,000000,70.863,80.426,70.714,79.064,743396,0
IIPR.US,D,20200327,000000,74.313,77.802,71.926,75.941,612295,0
IIPR.US,D,20200330,000000,74.114,76.373,69.972,76.274,459738,0
IIPR.US,D,20200331,000000,76.635,76.912,70.019,72.284,1097011,0
IIPR.US,D,20200401,000000,67.591,68.513,64.736,65.736,531325,0
IIPR.US,D,20200402,000000,65.593,69.287,64.259,65.612,329376,0
IIPR.US,D,20200403,000000,65.688,66.629,62.594,63.393,420149,0
IIPR.US,D,20200406,000000,67.401,69.019,65.078,67.515,537847,0
IIPR.US,D,20200407,000000,71.399,72.351,65.974,66.763,668274,0
IIPR.US,D,20200408,000000,69.057,69.483,64.831,65.831,856027,0
IIPR.US,D,20200409,000000,67.725,73.761,61.571,71.894,1773561,0
IIPR.US,D,20200413,000000,69.858,70.102,65.487,69.438,580801,0
IIPR.US,D,20200414,000000,71.352,73.786,70.924,72.779,457897,0
IIPR.US,D,20200415,000000,69.743,71.513,66.811,67.8,390523,0
IIPR.US,D,20200416,000000,67.8,69.799,66.048,69.657,384722,0
IIPR.US,D,20200417,000000,71.962,72.678,68.687,69.914,354392,0
IIPR.US,D,20200420,000000,68.239,69.905,66.878,68.287,237080,0
IIPR.US,D,20200421,000000,67.116,69.343,66.411,67.877,193669,0
IIPR.US,D,20200422,000000,69.277,69.515,68.104,68.182,155355,0
IIPR.US,D,20200423,000000,68.544,70.557,68.544,69.534,221923,0
IIPR.US,D,20200424,000000,69.534,70.971,67.591,70.58,232700,0
IIPR.US,D,20200427,000000,72.113,74.227,71.894,73.017,309761,0
IIPR.US,D,20200428,000000,75.836,76.455,72.799,73.303,341725,0
IIPR.US,D,20200429,000000,75.541,77.065,74.589,76.388,317372,0
IIPR.US,D,20200430,000000,76.064,76.293,73.39,74.693,283701,0
IIPR.US,D,20200501,000000,72.847,72.951,69.21,71.523,388285,0
IIPR.US,D,20200504,000000,70.097,73.065,69.639,72.724,192338,0
IIPR.US,D,20200505,000000,74.674,75.685,72.732,73.371,242900,0
IIPR.US,D,20200506,000000,74.559,75.426,73.409,74.36,301346,0
IIPR.US,D,20200507,000000,71.875,73.094,68.667,72.39,746616,0
IIPR.US,D,20200508,000000,72.456,73.303,70.304,71.885,448831,0
IIPR.US,D,20200511,000000,70.323,71.885,69.39,69.952,264524,0
IIPR.US,D,20200512,000000,70.411,72.744,68.895,70.761,338296,0
IIPR.US,D,20200513,000000,70.446,70.974,66.716,67.381,382851,0
IIPR.US,D,20200514,000000,66.64,68.439,63.65,68.429,314005,0
IIPR.US,D,20200515,000000,68.563,70.676,67.906,70.466,224365,0
IIPR.US,D,20200518,000000,72.475,74.864,71.904,72.571,294378,0
IIPR.US,D,20200519,000000,72.675,75.779,71.894,74.045,309368,0
IIPR.US,D,20200520,000000,75.597,76.579,73.771,75.407,239287,0
IIPR.US,D,20200521,000000,75.597,77.587,75.541,76.635,275981,0
IIPR.US,D,20200522,000000,77.112,79.005,76.488,78.902,235640,0
IIPR.US,D,20200526,000000,81.053,83.517,80.016,80.92,387988,0
IIPR.US,D,20200527,000000,79.045,80.538,77.587,80.205,1032064,0
IIPR.US,D,20200528,000000,80.482,82.035,79.967,81.662,418191,0
IIPR.US,D,20200529,000000,81.396,81.652,76.635,77.798,580275,0
IIPR.US,D,20200601,000000,78.435,83.452,78.32,83.137,503533,0
IIPR.US,D,20200602,000000,84.137,84.727,82.443,83.604,246113,0
IIPR.US,D,20200603,000000,84.679,86.342,84.599,85.89,315451,0
IIPR.US,D,20200604,000000,85.965,87.516,83.856,85.899,347480,0
IIPR.US,D,20200605,000000,86.879,91.077,86.165,88.984,388049,0
IIPR.US,D,20200608,000000,90.915,93.876,90.383,91.258,601856,0
IIPR.US,D,20200609,000000,90.164,90.43,86.869,88.401,300783,0
IIPR.US,D,20200610,000000,88.629,89.469,83.342,87.982,428800,0
IIPR.US,D,20200611,000000,83.319,84.661,81.872,83.063,406079,0
IIPR.US,D,20200612,000000,85.917,86.947,83.842,85.765,361972,0
IIPR.US,D,20200615,000000,84.364,91.258,83.775,91.238,772261,0
IIPR.US,D,20200616,000000,93.81,94.733,91.238,93.972,433941,0
IIPR.US,D,20200617,000000,94.171,95.522,92.765,93.533,405239,0
IIPR.US,D,20200618,000000,92.181,94.837,91.657,94.229,346380,0
IIPR.US,D,20200619,000000,94.162,96.603,90.915,91.058,1114017,0
IIPR.US,D,20200622,000000,91.371,92.124,89.963,91.287,269492,0
IIPR.US,D,20200623,000000,92.068,92.667,90.859,91.583,278330,0
IIPR.US,D,20200624,000000,90.659,91.191,85.508,87.545,375122,0
IIPR.US,D,20200625,000000,87.107,88.374,86.337,88.374,326633,0
IIPR.US,D,20200626,000000,87.945,88.259,84.47,84.976,549785,0
IIPR.US,D,20200629,000000,85.649,87.76,83.25,87.113,333593,0
IIPR.US,D,20200630,000000,82.615,85.351,82.277,84.801,2035480,0
IIPR.US,D,20200701,000000,85.891,91.604,85.466,90.332,2060248,0
IIPR.US,D,20200702,000000,91.951,93.819,88.77,89.398,1098462,0
IIPR.US,D,20200706,000000,92.633,93.79,91.526,92.903,459704,0
IIPR.US,D,20200707,000000,92.49,92.49,88.01,88.394,350409,0
IIPR.US,D,20200708,000000,88.54,89.84,87.599,88.588,166617,0
IIPR.US,D,20200709,000000,88.713,88.877,85.803,86.469,297625,0
IIPR.US,D,20200710,000000,86.517,87.875,86.045,87.461,214944,0
IIPR.US,D,20200713,000000,87.547,89.554,85.957,86.072,269424,0
IIPR.US,D,20200714,000000,86.681,88.25,85.833,88.155,247857,0
IIPR.US,D,20200715,000000,90.63,91.141,88.914,90.024,244275,0
IIPR.US,D,20200716,000000,89.147,90.216,88.394,89.282,206827,0
IIPR.US,D,20200717,000000,89.551,90.679,88.635,90.515,196285,0
IIPR.US,D,20200720,000000,91.044,92.49,90.901,91.199,280404,0
IIPR.US,D,20200721,000000,91.526,93.011,90.939,91.44,235904,0
IIPR.US,D,20200722,000000,90.813,92.876,90.572,92.693,169971,0
IIPR.US,D,20200723,000000,92.49,95.999,91.526,93.935,462628,0
IIPR.US,D,20200724,000000,92.653,92.922,88.645,89.656,375203,0
IIPR.US,D,20200727,000000,89.6,92.21,88.202,92.133,223111,0
IIPR.US,D,20200728,000000,92.49,96.762,92.163,95.389,530156,0
IIPR.US,D,20200729,000000,95.862,100.52,95.698,100.25,766619,0
IIPR.US,D,20200730,000000,99.52,103.07,99.17,101.47,429428,0
IIPR.US,D,20200731,000000,101.62,102.1,98.056,100.41,272896,0
IIPR.US,D,20200803,000000,100.92,101.16,98.786,99.94,338386,0
IIPR.US,D,20200804,000000,100.23,103.05,99.57,102.1,283655,0
IIPR.US,D,20200805,000000,103.18,103.55,101.73,103.12,368927,0
IIPR.US,D,20200806,000000,104.68,108.49,104.1,107.11,591507,0
IIPR.US,D,20200807,000000,107.42,113.04,107.41,110.43,427571,0
IIPR.US,D,20200810,000000,111.65,113.76,111.45,112.66,310760,0
IIPR.US,D,20200811,000000,113.74,114.05,107.61,109.77,329790,0
IIPR.US,D,20200812,000000,110.29,113.87,109.59,113.19,266930,0
IIPR.US,D,20200813,000000,113.07,116.3,112.89,114.53,325758,0
IIPR.US,D,20200814,000000,114.53,116.57,113.93,115.53,267232,0
IIPR.US,D,20200817,000000,115.53,116.82,114.84,116.82,251880,0
IIPR.US,D,20200818,000000,117.09,117.51,114.53,114.7,353177,0
IIPR.US,D,20200819,000000,114.84,116.58,113.88,115.18,266318,0
IIPR.US,D,20200820,000000,113.82,118.34,113.69,117.16,199071,0
IIPR.US,D,20200821,000000,117.16,118.46,114.84,116.43,221364,0
IIPR.US,D,20200824,000000,116.09,117.36,114.84,116.67,226942,0
IIPR.US,D,20200825,000000,117.31,118.89,116.44,118.78,208043,0
IIPR.US,D,20200826,000000,118.74,119.98,117.56,118.91,181471,0
IIPR.US,D,20200827,000000,119.3,120.76,119.17,120.06,151066,0
IIPR.US,D,20200828,000000,120.55,121.5,119.24,120.64,158407,0
IIPR.US,D,20200831,000000,120.43,120.5,117.79,118.59,344142,0
IIPR.US,D,20200901,000000,118.91,122.01,118.18,120.5,443655,0
IIPR.US,D,20200902,000000,120.67,122.27,118.78,121.31,262252,0
IIPR.US,D,20200903,000000,120.93,122.26,116.66,118.68,397076,0
IIPR.US,D,20200904,000000,118.17,119.17,104.53,113.42,920584,0
IIPR.US,D,20200908,000000,113.42,117.13,111.08,114.08,565712,0
IIPR.US,D,20200909,000000,116.08,119.92,115.96,118.92,1027689,0
IIPR.US,D,20200910,000000,118.88,120.96,117.95,118.76,348749,0
IIPR.US,D,20200911,000000,119.23,119.9,114.66,117.17,197139,0
IIPR.US,D,20200914,000000,118.74,118.99,115.04,115.9,383270,0
IIPR.US,D,20200915,000000,116.72,121.35,116.58,121.25,666553,0
IIPR.US,D,20200916,000000,122.49,125.49,121.97,123.39,869898,0
IIPR.US,D,20200917,000000,121.93,123.77,119.5,121.57,511655,0
IIPR.US,D,20200918,000000,123.01,123.4,117.87,120.22,1171722,0
IIPR.US,D,20200921,000000,117.82,119.02,114.87,118.75,612342,0
IIPR.US,D,20200922,000000,118.79,120.35,118.21,120.04,456104,0
IIPR.US,D,20200923,000000,119.43,119.69,113.47,113.81,414449,0
IIPR.US,D,20200924,000000,114.33,116.63,111.21,114.95,549008,0
IIPR.US,D,20200925,000000,115.82,119.52,115.37,118.85,571393,0
IIPR.US,D,20200928,000000,120.63,124.67,120.51,123.6,433076,0
IIPR.US,D,20200929,000000,123.53,124.66,120.8,121.3,518081,0
IIPR.US,D,20200930,000000,122.17,123.38,118.76,120.67,406168,0
IIPR.US,D,20201001,000000,121.54,122.01,119.2,121.66,274992,0
IIPR.US,D,20201002,000000,118.46,122.02,118.41,121.84,582763,0
IIPR.US,D,20201005,000000,122.75,123.9,121.87,123.1,313152,0
IIPR.US,D,20201006,000000,123.47,123.72,119.91,120.98,254776,0
IIPR.US,D,20201007,000000,122.46,127.77,121.37,126.35,895353,0
IIPR.US,D,20201008,000000,127.66,128.59,124.94,126.18,1007146,0
IIPR.US,D,20201009,000000,127.42,128.35,126.65,127.58,284680,0
IIPR.US,D,20201012,000000,129.02,130.8,127.34,130.47,299026,0
IIPR.US,D,20201013,000000,131.5,132.53,130.85,132.01,346581,0
IIPR.US,D,20201014,000000,131.83,132.85,126.5,127.76,367726,0
IIPR.US,D,20201015,000000,127,129.2,125.9,127.61,201597,0
IIPR.US,D,20201016,000000,126.99,128.42,123.8,125.92,332108,0
IIPR.US,D,20201019,000000,127.58,128.5,124.51,125.33,265559,0
IIPR.US,D,20201020,000000,125.7,126.99,124.29,125.09,239678,0
IIPR.US,D,20201021,000000,125.61,125.96,120.18,123.08,432726,0
IIPR.US,D,20201022,000000,123.84,125.68,121.98,123.65,248836,0
IIPR.US,D,20201023,000000,124.18,124.59,119.85,120.57,468333,0
IIPR.US,D,20201026,000000,119.59,119.59,113.88,118.38,606358,0
IIPR.US,D,20201027,000000,118.77,121.25,117.31,118.34,258736,0
IIPR.US,D,20201028,000000,116.44,119.54,114.97,118.13,360950,0
IIPR.US,D,20201029,000000,118.36,119.32,114.29,116.61,230715,0
IIPR.US,D,20201030,000000,116.42,116.42,109.14,113.4,625776,0
IIPR.US,D,20201102,000000,114.31,119.82,113.96,119.14,384243,0
IIPR.US,D,20201103,000000,119.64,120.08,116.19,119.52,292678,0
IIPR.US,D,20201104,000000,121.34,132.67,120.94,129.88,612487,0
IIPR.US,D,20201105,000000,137.37,152.09,136.4,151.55,1330001,0
IIPR.US,D,20201106,000000,152.97,156.1,146.74,148.16,564235,0
IIPR.US,D,20201109,000000,157,160.42,140.4,141.05,646837,0
IIPR.US,D,20201110,000000,141.58,151.7,141.06,149.24,719230,0
IIPR.US,D,20201111,000000,150.21,153.56,149.26,151.08,309745,0
IIPR.US,D,20201112,000000,150.65,151.45,147.89,151,434847,0
IIPR.US,D,20201113,000000,151.29,152.21,147.95,148.23,382529,0
IIPR.US,D,20201116,000000,150.65,154.2,146.34,149.24,444655,0
IIPR.US,D,20201117,000000,150.05,151.23,144.67,145.61,467030,0
IIPR.US,D,20201118,000000,146.39,149.01,145.03,145.91,530557,0
IIPR.US,D,20201119,000000,146.05,149.38,145.89,149.22,278193,0
IIPR.US,D,20201120,000000,149.74,150.44,145.85,147.75,209150,0
IIPR.US,D,20201123,000000,148.61,155.71,148.61,149.63,639381,0
IIPR.US,D,20201124,000000,152.65,154.35,148.27,150.34,630898,0
IIPR.US,D,20201125,000000,150.71,152.19,147.58,151.95,356229,0
IIPR.US,D,20201127,000000,153.22,153.61,149.74,152.45,200777,0
IIPR.US,D,20201130,000000,153.2,153.54,146.2,149.41,381930,0
IIPR.US,D,20201201,000000,150.3,150.65,146.82,149.96,711770,0
IIPR.US,D,20201202,000000,149.54,149.72,146.72,148.97,332544,0
IIPR.US,D,20201203,000000,149.48,149.65,142.73,143.57,996117,0
IIPR.US,D,20201204,000000,145.48,148.83,144.76,148.67,508667,0
IIPR.US,D,20201207,000000,149.3,151.97,149.07,150.17,487206,0
IIPR.US,D,20201208,000000,150.7,152.36,148.53,151.69,289343,0
IIPR.US,D,20201209,000000,152.67,159.87,152.04,153.52,884817,0
IIPR.US,D,20201210,000000,151.68,157.36,150.74,156.72,324023,0
IIPR.US,D,20201211,000000,155.57,158.52,153.9,156.61,332172,0
IIPR.US,D,20201214,000000,161.4,167.28,160.36,163.95,998313,0
IIPR.US,D,20201215,000000,166.75,172,163.95,172,648182,0
IIPR.US,D,20201216,000000,172.06,179.33,172.02,177.19,922012,0
IIPR.US,D,20201217,000000,178.58,183.93,177.15,183.51,633464,0
IIPR.US,D,20201218,000000,184.74,187.89,181.93,183.32,880004,0
IIPR.US,D,20201221,000000,180.36,187.74,178.97,187.64,515093,0
IIPR.US,D,20201222,000000,189.12,192.66,187.84,192.17,496215,0
IIPR.US,D,20201223,000000,190.57,193.83,180.92,183.53,704724,0
IIPR.US,D,20201224,000000,183.87,185.7,182.23,183.21,196951,0
IIPR.US,D,20201228,000000,185.55,186.42,178.14,180.87,436635,0
IIPR.US,D,20201229,000000,180.41,182.5,170.17,176.25,749385,0
IIPR.US,D,20201230,000000,177.11,181.11,176.59,179.83,277619,0
IIPR.US,D,20201231,000000,179.45,180.97,176.55,179.28,215795,0
IIPR.US,D,20210104,000000,180.13,182.35,170.36,173.77,425083,0
IIPR.US,D,20210105,000000,174.27,177.51,172.78,176.24,352277,0
IIPR.US,D,20210106,000000,182.33,183.05,173.38,175.23,835018,0
IIPR.US,D,20210107,000000,179.09,179.63,167.03,170.64,863922,0
IIPR.US,D,20210108,000000,171.26,174.82,168.88,174.69,631937,0
IIPR.US,D,20210111,000000,173.22,187.25,171.79,185.43,820793,0
IIPR.US,D,20210112,000000,186.26,192.48,176.72,181.54,728275,0
IIPR.US,D,20210113,000000,181.54,189.66,180.57,183.19,420170,0
IIPR.US,D,20210114,000000,183.61,187.48,183.45,185.78,355536,0
IIPR.US,D,20210115,000000,186.01,186.87,177.78,185.32,526398,0
IIPR.US,D,20210119,000000,187.83,188.83,176.87,185.26,495953,0
IIPR.US,D,20210120,000000,186.01,195.31,185.81,191.51,505275,0
IIPR.US,D,20210121,000000,191.33,194.09,184.17,192.52,559243,0
IIPR.US,D,20210122,000000,189.87,191.88,185.8,190.3,304752,0
IIPR.US,D,20210125,000000,191.39,202.11,187.17,189.86,530943,0
IIPR.US,D,20210126,000000,191.55,197.61,191.14,196.87,355570,0
IIPR.US,D,20210127,000000,190.83,193.4,183.08,184.04,501517,0
IIPR.US,D,20210128,000000,188.69,194.66,187.28,187.78,367755,0
IIPR.US,D,20210129,000000,186.2,189.42,180.68,183.19,380477,0
IIPR.US,D,20210201,000000,184.98,191.21,183.73,190.49,191409,0
IIPR.US,D,20210202,000000,192.59,203.23,191.09,199.97,480384,0
IIPR.US,D,20210203,000000,202.68,205.38,198.03,204.44,396552,0
IIPR.US,D,20210204,000000,204.63,206.3,200.15,204,309627,0
IIPR.US,D,20210205,000000,204.21,207.93,201.79,207.04,190534,0
IIPR.US,D,20210208,000000,212.55,212.93,204.62,210.66,375840,0
IIPR.US,D,20210209,000000,208.73,210.04,205.1,207.53,386103,0
IIPR.US,D,20210210,000000,209.3,213.55,203.73,205.71,346680,0
IIPR.US,D,20210211,000000,209.36,210.68,199.61,205.31,329898,0
IIPR.US,D,20210212,000000,205.39,212.32,202.34,209.9,306372,0
IIPR.US,D,20210216,000000,210.01,216.38,209.78,215.16,264930,0
IIPR.US,D,20210217,000000,212.92,213.96,206.09,209.92,325517,0
IIPR.US,D,20210218,000000,207.48,212.35,204.68,204.83,228596,0
IIPR.US,D,20210219,000000,204.62,211.45,203.44,210.06,229658,0
IIPR.US,D,20210222,000000,207.96,215.02,205.89,207.13,253060,0
IIPR.US,D,20210223,000000,204.16,206.05,186.07,204.12,560079,0
IIPR.US,D,20210224,000000,205.68,217.42,203.87,215.54,449347,0
IIPR.US,D,20210225,000000,204.43,204.67,171.32,184.68,2795390,0
IIPR.US,D,20210226,000000,181.99,193.84,180.14,190.91,787412,0
IIPR.US,D,20210301,000000,195.47,200.1,190.91,191.98,555950,0
IIPR.US,D,20210302,000000,192.87,194.06,186.39,187.02,316206,0
IIPR.US,D,20210303,000000,187.02,188.48,180.13,183.83,375343,0
IIPR.US,D,20210304,000000,180.08,183.01,172.53,178.34,673152,0
IIPR.US,D,20210305,000000,178.61,178.89,157.53,170.09,940084,0
IIPR.US,D,20210308,000000,170.34,179.37,161.79,162.16,652996,0
IIPR.US,D,20210309,000000,167.9,173.46,167.9,169.09,638712,0
IIPR.US,D,20210310,000000,171.11,175.75,166.73,168.41,719115,0
IIPR.US,D,20210311,000000,172.47,178.71,172.37,176.94,442491,0
IIPR.US,D,20210312,000000,176.75,184.72,173.26,184.52,355603,0
IIPR.US,D,20210315,000000,186.07,192.37,184.11,190.35,441195,0
IIPR.US,D,20210316,000000,193.63,195.8,184.57,188.11,408159,0
IIPR.US,D,20210317,000000,184.74,191.88,182.62,190.17,360197,0
IIPR.US,D,20210318,000000,185.46,189.32,174.02,174.99,703986,0
IIPR.US,D,20210319,000000,172.98,177.41,169.42,174.49,1218189,0
IIPR.US,D,20210322,000000,174.27,176.04,169.85,171.91,327865,0
IIPR.US,D,20210323,000000,171.9,176.64,167.91,168.71,315485,0
IIPR.US,D,20210324,000000,171,175.61,167.41,169.21,364132,0
IIPR.US,D,20210325,000000,168.08,175.22,166.67,174.32,332263,0
IIPR.US,D,20210326,000000,175.73,177.93,167.84,173.06,363743,0
IIPR.US,D,20210329,000000,173.06,176.16,168.94,170.4,241614,0
IIPR.US,D,20210330,000000,170.66,174.36,168.2,174.36,205941,0
IIPR.US,D,20210331,000000,175.47,181.11,175.17,177.72,349728,0
IIPR.US,D,20210401,000000,182.5,184.46,180.5,184.03,205950,0
IIPR.US,D,20210405,000000,186.69,187.28,182.72,186.57,229149,0
IIPR.US,D,20210406,000000,187.43,192.32,187.34,190.75,309126,0
IIPR.US,D,20210407,000000,191.7,192.37,185.95,186.95,213563,0
IIPR.US,D,20210408,000000,187.81,193.13,187.81,191.06,296829,0
IIPR.US,D,20210409,000000,188.59,190.2,184.15,186.44,236088,0
IIPR.US,D,20210412,000000,185.53,188.83,182.63,188.52,139408,0
IIPR.US,D,20210413,000000,189.29,190.69,185.88,188.07,193243,0
IIPR.US,D,20210414,000000,187.93,188.46,179.81,180.5,208668,0
IIPR.US,D,20210415,000000,181.67,185.19,180.56,181.06,221532,0
IIPR.US,D,20210416,000000,183,184.12,179.05,182.44,199487,0
IIPR.US,D,20210419,000000,182.44,184.67,177.81,178.36,187514,0
IIPR.US,D,20210420,000000,177.56,180.38,172.69,174.67,244595,0
IIPR.US,D,20210421,000000,174,178.53,171.65,177.49,168433,0
IIPR.US,D,20210422,000000,178.56,180.31,173.86,175.6,200565,0
IIPR.US,D,20210423,000000,177.17,180.29,175.59,179.5,130506,0
IIPR.US,D,20210426,000000,180.5,183.48,178.8,179.32,193666,0
IIPR.US,D,20210427,000000,180.3,181.66,178.16,180.9,113487,0
IIPR.US,D,20210428,000000,180.57,183.84,178.56,182.31,131171,0
IIPR.US,D,20210429,000000,183.71,183.71,178.16,180.51,122722,0
IIPR.US,D,20210430,000000,179.13,183.49,179.13,180.65,181347,0
IIPR.US,D,20210503,000000,180.68,181.13,175.67,176.27,260811,0
IIPR.US,D,20210504,000000,174.58,175.39,170.54,172.53,230966,0
IIPR.US,D,20210505,000000,172.53,172.53,169.17,170.73,91797,0
IIPR.US,D,20210506,000000,171.79,178.54,168.69,177.86,234573,0
IIPR.US,D,20210507,000000,180.64,183.36,179.54,182.23,186724,0
IIPR.US,D,20210510,000000,180.89,182.5,172.64,172.89,234828,0
IIPR.US,D,20210511,000000,168.54,172.08,165.48,167.8,430459,0
IIPR.US,D,20210512,000000,167.63,170.36,163.31,164.22,211038,0
IIPR.US,D,20210513,000000,164.24,167.74,160.61,164.63,231747,0
IIPR.US,D,20210514,000000,167.7,173.69,167.7,173.04,169080,0
IIPR.US,D,20210517,000000,172.97,172.97,167.21,170.41,191281,0
IIPR.US,D,20210518,000000,170.41,171.61,167.6,167.66,186203,0
IIPR.US,D,20210519,000000,165.73,167.4,161.41,166.96,261019,0
IIPR.US,D,20210520,000000,167.15,172.42,166.96,172.41,208226,0
IIPR.US,D,20210521,000000,173.58,173.77,170.01,170.67,101628,0
IIPR.US,D,20210524,000000,172.62,176.58,172.39,175,127916,0
IIPR.US,D,20210525,000000,176.38,178.49,175.07,176.57,208727,0
IIPR.US,D,20210526,000000,177.68,182.03,177.61,180.55,185867,0
IIPR.US,D,20210527,000000,180.54,180.54,175.88,179.05,252862,0
IIPR.US,D,20210528,000000,179.25,180.51,177.56,177.79,98493,0
IIPR.US,D,20210601,000000,178.92,182.45,177.51,181.45,180296,0
IIPR.US,D,20210602,000000,180.5,182.63,179.23,182.36,144597,0
IIPR.US,D,20210603,000000,181.81,181.84,176.58,177.79,237224,0
IIPR.US,D,20210604,000000,178.65,179.94,177.91,178.82,95309,0
IIPR.US,D,20210607,000000,179.2,187.22,178.83,186.29,186823,0
IIPR.US,D,20210608,000000,186.69,189.41,183.04,186.33,159124,0
IIPR.US,D,20210609,000000,188.21,188.41,184.06,186.43,151148,0
IIPR.US,D,20210610,000000,186.43,189.64,184.87,188.67,136924,0
IIPR.US,D,20210611,000000,188.04,189.28,186.45,189.14,99497,0
IIPR.US,D,20210614,000000,188.8,190.95,188.04,189.15,164079,0
IIPR.US,D,20210615,000000,188.41,189.94,186.42,186.69,128410,0
IIPR.US,D,20210616,000000,186.76,189.25,185.12,187.19,159746,0
IIPR.US,D,20210617,000000,185.64,189.86,185.64,187.2,169498,0
IIPR.US,D,20210618,000000,185.37,187.14,181.31,181.88,366434,0
IIPR.US,D,20210621,000000,182.86,187.43,180.14,186.06,160956,0
IIPR.US,D,20210622,000000,186.05,188.99,185.55,186.64,140823,0
IIPR.US,D,20210623,000000,187.04,189.26,187.04,187.41,111956,0
IIPR.US,D,20210624,000000,189.05,191.08,187.64,190.39,164205,0
IIPR.US,D,20210625,000000,190.74,192.66,189.89,192.6,346789,0
IIPR.US,D,20210628,000000,193.77,193.77,191.48,193.05,139087,0
IIPR.US,D,20210629,000000,192.55,193.26,191.27,192.75,90487,0
IIPR.US,D,20210630,000000,193.12,194.18,187.63,189.79,216487,0
IIPR.US,D,20210701,000000,190.77,192.57,189.25,192.35,121537,0
IIPR.US,D,20210702,000000,194.74,198.72,194.18,197.87,231336,0
IIPR.US,D,20210706,000000,197.87,201.58,195.89,200.87,254845,0
IIPR.US,D,20210707,000000,201.48,201.57,197.26,198.72,286664,0
IIPR.US,D,20210708,000000,193.75,198.87,190.65,195.76,199209,0
IIPR.US,D,20210709,000000,197.49,202.81,196.07,202.67,169357,0
IIPR.US,D,20210712,000000,203.69,208.26,202.02,206.47,200525,0
IIPR.US,D,20210713,000000,207.26,208.59,205.25,206.85,240734,0
IIPR.US,D,20210714,000000,207.81,209.22,200.06,200.98,221466,0
IIPR.US,D,20210715,000000,200.51,205.76,199.24,202.62,206928,0
IIPR.US,D,20210716,000000,204.61,208.19,202.99,207.7,259738,0
IIPR.US,D,20210719,000000,203.46,203.83,197.77,201.2,219959,0
IIPR.US,D,20210720,000000,202.54,210.5,201.7,206.66,267988,0
IIPR.US,D,20210721,000000,206.9,213.01,205.68,212.33,258559,0
IIPR.US,D,20210722,000000,211.63,212.25,208.47,209.74,121380,0
IIPR.US,D,20210723,000000,209.01,211.67,208.43,210.99,130343,0
IIPR.US,D,20210726,000000,211.63,214.73,209.08,211.24,155427,0
IIPR.US,D,20210727,000000,211.62,213.35,207.74,209.51,152599,0
IIPR.US,D,20210728,000000,209.04,214.54,209.04,212.47,164441,0
IIPR.US,D,20210729,000000,212.28,214.61,211.16,213.01,83939,0
IIPR.US,D,20210730,000000,213.62,216.16,212.24,213.61,151888,0
IIPR.US,D,20210802,000000,216.38,216.6,212.32,212.71,106320,0
IIPR.US,D,20210803,000000,213.62,215.26,209.65,212.17,131323,0
IIPR.US,D,20210804,000000,213.2,215.99,211.21,212.52,121012,0
IIPR.US,D,20210805,000000,217,227.93,215.3,215.55,308633,0
IIPR.US,D,20210806,000000,218.27,229.16,217.65,226.98,289761,0
IIPR.US,D,20210809,000000,227.53,229,221.95,226.4,173033,0
IIPR.US,D,20210810,000000,227.99,230.51,226.17,226.53,144324,0
IIPR.US,D,20210811,000000,227.96,230.07,224.86,228.09,112353,0
IIPR.US,D,20210812,000000,229.62,232.82,227.66,230.79,144217,0
IIPR.US,D,20210813,000000,231.51,235.4,230.95,231.8,131120,0
IIPR.US,D,20210816,000000,231.9,233.24,226.7,228.31,142144,0
IIPR.US,D,20210817,000000,226.54,227.31,220.17,226.98,161087,0
IIPR.US,D,20210818,000000,227.53,232.09,225.52,230.01,169235,0
IIPR.US,D,20210819,000000,225.55,229.01,223.61,227.61,117929,0
IIPR.US,D,20210820,000000,227.37,233.42,226.26,232.38,135902,0
IIPR.US,D,20210823,000000,233.48,236.78,233.48,235.63,165116,0
IIPR.US,D,20210824,000000,237.34,241.23,235.71,238.33,154154,0
IIPR.US,D,20210825,000000,237.26,239.9,235.83,236.16,109275,0
IIPR.US,D,20210826,000000,236.16,238.78,234.7,235.3,88514,0
IIPR.US,D,20210827,000000,237.53,242.64,236.47,238.97,182030,0
IIPR.US,D,20210830,000000,240.29,243.47,239.71,242.58,137028,0
IIPR.US,D,20210831,000000,242.67,247.09,242.67,244.33,197417,0
IIPR.US,D,20210901,000000,246.39,249.87,244.78,245.99,160152,0
IIPR.US,D,20210902,000000,246.14,247.83,241.15,247.61,149733,0
IIPR.US,D,20210903,000000,248.82,250.77,245.12,250.46,148599,0
IIPR.US,D,20210907,000000,250.42,251.98,247.09,248.31,104410,0
IIPR.US,D,20210908,000000,247.4,249.19,243.8,246.85,143953,0
IIPR.US,D,20210909,000000,244.14,248.29,242.06,242.24,120183,0
IIPR.US,D,20210910,000000,242.26,242.26,232.16,233.48,342150,0
IIPR.US,D,20210913,000000,233.36,233.49,224,226.83,345300,0
IIPR.US,D,20210914,000000,227.8,231.51,224.14,226.97,154609,0
IIPR.US,D,20210915,000000,228.53,237.71,227.61,236.9,277042,0
IIPR.US,D,20210916,000000,235.68,236.73,231.57,233.97,148680,0
IIPR.US,D,20210917,000000,236.38,236.43,228.79,231.25,428999,0
IIPR.US,D,20210920,000000,227.13,233.59,225.84,232.26,187742,0
IIPR.US,D,20210921,000000,235.08,235.7,230.66,231.64,124192,0
IIPR.US,D,20210922,000000,232.09,240.34,230.6,238.13,487618,0
IIPR.US,D,20210923,000000,241.44,246.09,239.33,244.12,200951,0
IIPR.US,D,20210924,000000,242.39,244.68,238.48,243.31,164970,0
IIPR.US,D,20210927,000000,246.42,246.55,239.46,239.98,151510,0
IIPR.US,D,20210928,000000,238.46,238.46,229.7,232.4,225026,0
IIPR.US,D,20210929,000000,234.46,237.17,229.642,231.19,133348,0
IIPR.US,D,20210930,000000,232.18,236.78,230.5429,231.17,135907,0
IIPR.US,D,20211001,000000,231.56,235.31,227.601,234.18,202597,0
IIPR.US,D,20211004,000000,232.28,232.28,227.195,228.48,182563,0
IIPR.US,D,20211005,000000,226.5,230.71,225.93,228.79,118877,0
IIPR.US,D,20211006,000000,227.96,231.55,221.03,230.84,175600,0
IIPR.US,D,20211007,000000,232.3,239.4,232.3,236.86,150815,0
IIPR.US,D,20211008,000000,236.5,238.3216,232.52,232.53,95807,0
IIPR.US,D,20211011,000000,231.24,234.5,230.01,231.07,90143,0
IIPR.US,D,20211012,000000,233.52,237.45,233.0138,234.27,85188,0
IIPR.US,D,20211013,000000,237.86,240.46,235.58,239.61,98385,0
IIPR.US,D,20211014,000000,242.09,244.56,241.7,242.84,110819,0
IIPR.US,D,20211015,000000,246.5,246.98,237.96,239.05,180491,0
IIPR.US,D,20211018,000000,238,243.47,238,240.82,176622,0
IIPR.US,D,20211019,000000,241.31,247.49,241.31,246.31,101992,0
IIPR.US,D,20211020,000000,248.01,254.52,243.5001,252.68,320117,0
IIPR.US,D,20211021,000000,254,260.11,252.6801,256.69,177416,0
IIPR.US,D,20211022,000000,257.66,262.3783,256.9,259.71,154455,0
IIPR.US,D,20211025,000000,262.76,265.68,260.5,265.14,172022,0
IIPR.US,D,20211026,000000,267.39,268.44,262.6101,264.77,156071,0
IIPR.US,D,20211027,000000,265.71,266.6046,253.3,254.66,161765,0
IIPR.US,D,20211028,000000,255.66,261.76,253.61,261.5,137385,0
IIPR.US,D,20211029,000000,260.59,266.23,260.3958,263.09,142974,0
IIPR.US,D,20211101,000000,263.59,269.1909,259.46,268.45,144644,0
IIPR.US,D,20211102,000000,268.85,268.85,263.975,266.36,96362,0
IIPR.US,D,20211103,000000,268,268,258.18,260.07,198297,0
IIPR.US,D,20211104,000000,264.97,274,262.81,267.68,264749,0
IIPR.US,D,20211105,000000,270.85,275.98,268.9811,274.42,197357,0
IIPR.US,D,20211108,000000,275.38,282.855,274.62,281.98,260645,0
IIPR.US,D,20211109,000000,280.86,284.3637,278.75,280.8,146007,0
IIPR.US,D,20211110,000000,280,284.2915,270.555,271.66,211231,0
IIPR.US,D,20211111,000000,272.75,279.2399,272.75,277.4,134462,0
IIPR.US,D,20211112,000000,279.06,282.99,277.6101,279.52,175578,0
IIPR.US,D,20211115,000000,280.27,286.44,280.27,286.21,175271,0
IIPR.US,D,20211116,000000,287.03,288.0161,281.83,283.77,174244,0
IIPR.US,D,20211117,000000,283.9,286.42,277.05,280.26,480934,0
IIPR.US,D,20211118,000000,281.39,282.9,274.67,277.01,183476,0
IIPR.US,D,20211119,000000,275.99,280,274.19,275.28,116659,0
IIPR.US,D,20211122,000000,275.28,279.49,265.87,268.66,201141,0
IIPR.US,D,20211123,000000,267.63,268.87,255.52,261.49,283418,0
IIPR.US,D,20211124,000000,259,270.86,254.41,269.08,139961,0
IIPR.US,D,20211126,000000,262,266.46,258.01,266.46,130274,0
IIPR.US,D,20211129,000000,269.5,270.8299,263.82,265.55,157861,0
IIPR.US,D,20211130,000000,263.72,266.73,256.83,256.83,169356,0
IIPR.US,D,20211201,000000,262.55,267,250.09,250.28,173229,0
IIPR.US,D,20211202,000000,251,258.73,247.71,255.86,225603,0
IIPR.US,D,20211203,000000,258,260,249.68,252.5,224719,0
IIPR.US,D,20211206,000000,251.8,259.54,249.3842,256.68,201609,0
IIPR.US,D,20211207,000000,261.3,269.85,260.08,265.76,142298,0
IIPR.US,D,20211208,000000,267.92,268.4899,263.3696,264.2,160181,0
IIPR.US,D,20211209,000000,262.02,263.96,256.41,256.64,114079,0
IIPR.US,D,20211210,000000,256.64,259.6099,251.2901,255.26,241350,0
IIPR.US,D,20211213,000000,253.93,254.8632,243.51,245.97,320518,0
IIPR.US,D,20211214,000000,242.5,244.06,233.7525,236.8,305740,0
IIPR.US,D,20211215,000000,238.1,246.1,232.14,245.14,268762,0
IIPR.US,D,20211216,000000,250,250,235.65,238.65,175514,0
IIPR.US,D,20211217,000000,237,243,233.02,241.27,401886,0
IIPR.US,D,20211220,000000,238.43,239.48,232.72,237.75,163251,0
IIPR.US,D,20211221,000000,239.71,244.78,239.0001,244.32,117429,0
IIPR.US,D,20211222,000000,244.68,252.77,243.46,252.18,570480,0
IIPR.US,D,20211223,000000,251.59,253.9999,249.47,250.91,103330,0
IIPR.US,D,20211227,000000,254.9,258.89,252.24,256.22,260087,0
IIPR.US,D,20211228,000000,260,265,259.545,261.46,181938,0
IIPR.US,D,20211229,000000,263.04,263.68,258.255,262.26,144658,0
IIPR.US,D,20211230,000000,260,265.975,260,261.1,120179,0
IIPR.US,D,20211231,000000,262.59,265.5,260.42,262.91,466601,0
IIPR.US,D,20220103,000000,264.25,265.28,245.865,248.9,318618,0
IIPR.US,D,20220104,000000,248.25,249.38,238.75,239.13,299191,0
IIPR.US,D,20220105,000000,238,238,223.95,224.74,434209,0
IIPR.US,D,20220106,000000,225.01,230.9787,217.01,227.33,265053,0
IIPR.US,D,20220107,000000,226.65,230,220.92,222.58,306129,0
IIPR.US,D,20220110,000000,216.31,218.54,210.63,212.9,374283,0
IIPR.US,D,20220111,000000,210.57,218.48,206.3868,215.84,250824,0
IIPR.US,D,20220112,000000,218.01,223.66,215.54,215.63,179187,0
IIPR.US,D,20220113,000000,216.66,219.9999,210.07,210.73,131763,0
IIPR.US,D,20220114,000000,208.12,211.73,205.41,209.88,204133,0
IIPR.US,D,20220118,000000,206.64,209.8299,202.3701,205.87,222144,0
IIPR.US,D,20220119,000000,205.87,208,198.81,199.37,256536,0
IIPR.US,D,20220120,000000,201.74,205.94,194.58,194.69,139492,0
IIPR.US,D,20220121,000000,190,194.56,187.53,188.1,342612,0
