<TICKER>,<PER>,<DATE>,<TIME>,<OPEN>,<HIGH>,<LOW>,<CLOSE>,<VOL>,<OPENINT>
IRNT-WS.US,D,20210830,000000,1.64,2.4,1.37,2.0303,845694,0
IRNT-WS.US,D,20210831,000000,1.74,2.04,1.74,1.84,802337,0
IRNT-WS.US,D,20210901,000000,2,2.26,1.67,1.67,567752,0
IRNT-WS.US,D,20210902,000000,1.7625,2.49,1.48,2.08,352876,0
IRNT-WS.US,D,20210903,000000,2.09,3.395,2.09,3,1990406,0
IRNT-WS.US,D,20210907,000000,5.68,5.68,3.45,3.6115,2002921,0
IRNT-WS.US,D,20210908,000000,3.6,3.75,3.03,3.47,459702,0
IRNT-WS.US,D,20210909,000000,3.7,3.75,3.2001,3.36,295447,0
IRNT-WS.US,D,20210910,000000,3.31,5.8,3.31,4.89,845663,0
IRNT-WS.US,D,20210913,000000,4.73,5.28,3.93,4.1501,389369,0
IRNT-WS.US,D,20210914,000000,4.6,5.4386,4.12,5,457897,0
IRNT-WS.US,D,20210915,000000,6.02,7.42,5.55,7.36,1871317,0
IRNT-WS.US,D,20210916,000000,9.8,11.9,7.8,9.98,2338662,0
IRNT-WS.US,D,20210917,000000,9.1,9.12,6.52,6.89,730041,0
IRNT-WS.US,D,20210920,000000,6.48,7.88,5.74,7.88,302594,0
IRNT-WS.US,D,20210921,000000,7.94,7.99,7.08,7.7,248852,0
IRNT-WS.US,D,20210922,000000,7.63,7.92,7.07,7.39,83459,0
IRNT-WS.US,D,20210923,000000,7.39,7.53,5.89,5.955,885942,0
IRNT-WS.US,D,20210924,000000,5.8,6.5,5.63,6.386,245709,0
IRNT-WS.US,D,20210927,000000,6.73,7.2,5.84,6.89,480830,0
IRNT-WS.US,D,20210928,000000,7,7.4,6.5,6.99,242623,0
IRNT-WS.US,D,20210929,000000,7,7.06,5.46,5.5,636535,0
IRNT-WS.US,D,20210930,000000,5.5,5.5,4.07,4.5718,1165171,0
IRNT-WS.US,D,20211001,000000,3.79,4.19,2.99,4.17,779431,0
IRNT-WS.US,D,20211004,000000,3.88,4.15,3.52,3.75,242199,0
IRNT-WS.US,D,20211005,000000,3.93,4.76,3.81,4.08,224572,0
IRNT-WS.US,D,20211006,000000,4,4.24,3.753,3.8001,139382,0
IRNT-WS.US,D,20211007,000000,3.95,4.07,3.3,3.4,149379,0
IRNT-WS.US,D,20211008,000000,3.68,3.68,3.07,3.07,102856,0
IRNT-WS.US,D,20211011,000000,3.11,3.37,2.9,2.95,122309,0
IRNT-WS.US,D,20211012,000000,3,3.05,2.8,2.8,47291,0
IRNT-WS.US,D,20211013,000000,2.8,2.8,2.5,2.5,81004,0
IRNT-WS.US,D,20211014,000000,2.59,2.59,2.31,2.45,103767,0
IRNT-WS.US,D,20211015,000000,2.5,2.74,2.44,2.55,32574,0
IRNT-WS.US,D,20211018,000000,2.65,2.65,2.09,2.15,275961,0
IRNT-WS.US,D,20211019,000000,2.12,2.86,2.1,2.685,618509,0
IRNT-WS.US,D,20211020,000000,2.81,2.82,2.43,2.57,172674,0
IRNT-WS.US,D,20211021,000000,2.48,2.9,2.45,2.72,254239,0
IRNT-WS.US,D,20211022,000000,2.56,2.68,2.43,2.43,178553,0
IRNT-WS.US,D,20211025,000000,2.5,2.74,2.4,2.74,83233,0
IRNT-WS.US,D,20211026,000000,2.77,3.0245,2.56,2.69,179591,0
IRNT-WS.US,D,20211027,000000,2.95,6.58,2.75,6.58,2768417,0
IRNT-WS.US,D,20211028,000000,4.49,4.64,3.5,4.07,963279,0
IRNT-WS.US,D,20211029,000000,4.09,4.8,4,4.25,225866,0
IRNT-WS.US,D,20211101,000000,4.25,4.5,3.85,4.03,139692,0
IRNT-WS.US,D,20211102,000000,4.08,4.38,3.81,4.04,154517,0
IRNT-WS.US,D,20211103,000000,3.95,4.6199,3.95,4.39,123803,0
IRNT-WS.US,D,20211104,000000,4.55,4.578,4.1,4.1797,53130,0
IRNT-WS.US,D,20211105,000000,4.18,4.18,3.8,3.97,122322,0
IRNT-WS.US,D,20211108,000000,3.97,3.97,3.75,3.88,16368,0
IRNT-WS.US,D,20211109,000000,3.99,3.9999,3.64,3.75,18519,0
IRNT-WS.US,D,20211110,000000,3.93,3.955,3.51,3.6299,59792,0
IRNT-WS.US,D,20211111,000000,3.62,3.62,3.49,3.55,17432,0
IRNT-WS.US,D,20211112,000000,3.535,3.585,3.44,3.52,68842,0
IRNT-WS.US,D,20211115,000000,3.4,3.5099,3.3999,3.42,53812,0
IRNT-WS.US,D,20211116,000000,3.61,3.61,3.39,3.59,21965,0
IRNT-WS.US,D,20211117,000000,3.59,3.7399,3.45,3.4601,39662,0
IRNT-WS.US,D,20211118,000000,3.445,3.55,3.1,3.2,119319,0
IRNT-WS.US,D,20211119,000000,3.29,3.37,3.18,3.19,56498,0
IRNT-WS.US,D,20211122,000000,3.05,3.13,2.65,2.7,71991,0
IRNT-WS.US,D,20211123,000000,2.76,2.82,2.45,2.53,58612,0
IRNT-WS.US,D,20211124,000000,2.55,2.6,2.5,2.5,52983,0
IRNT-WS.US,D,20211126,000000,2.51,2.5595,2.5,2.52,74287,0
IRNT-WS.US,D,20211129,000000,2.4399,2.47,2.28,2.2935,94771,0
IRNT-WS.US,D,20211130,000000,2.18,2.2505,2,2.14,201103,0
IRNT-WS.US,D,20211201,000000,2.1192,2.14,1.87,1.935,79202,0
IRNT-WS.US,D,20211202,000000,1.9,2.03,1.9,1.99,16218,0
IRNT-WS.US,D,20211203,000000,2,2,1.73,1.7899,66980,0
IRNT-WS.US,D,20211206,000000,1.82,1.82,1.54,1.6601,36266,0
IRNT-WS.US,D,20211207,000000,1.82,2.1,1.82,2,61003,0
IRNT-WS.US,D,20211208,000000,2.18,2.18,1.9,1.97,37829,0
IRNT-WS.US,D,20211209,000000,1.91,1.91,1.69,1.75,42851,0
IRNT-WS.US,D,20211210,000000,1.79,1.79,1.62,1.6799,32819,0
IRNT-WS.US,D,20211213,000000,1.67,1.67,1.5299,1.56,46702,0
IRNT-WS.US,D,20211214,000000,1.5001,1.58,1.5,1.51,39800,0
IRNT-WS.US,D,20211215,000000,1.46,1.7,1.46,1.62,73721,0
IRNT-WS.US,D,20211216,000000,1.09,1.18,0.972499,1,771372,0
IRNT-WS.US,D,20211217,000000,1,1.01,0.9001,0.922,198115,0
IRNT-WS.US,D,20211220,000000,0.9802,1.01,0.8201,0.91,102411,0
IRNT-WS.US,D,20211221,000000,0.985,1.0999,0.9,1.04,50777,0
IRNT-WS.US,D,20211222,000000,1.04,1.16,1.02,1.0794,24997,0
IRNT-WS.US,D,20211223,000000,1.0226,1.11,1.015,1.0426,17524,0
IRNT-WS.US,D,20211227,000000,1.09,1.09,0.8907,0.965,118698,0
IRNT-WS.US,D,20211228,000000,0.9601,0.9601,0.8399,0.95,33756,0
IRNT-WS.US,D,20211229,000000,0.851101,0.92,0.8106,0.92,86229,0
IRNT-WS.US,D,20211230,000000,0.85,0.95,0.85,0.95,10559,0
IRNT-WS.US,D,20211231,000000,0.9111,1.11,0.911,1.07,92546,0
IRNT-WS.US,D,20220103,000000,0.96,0.96,0.8913,0.959899,14471,0
IRNT-WS.US,D,20220104,000000,0.939908,0.939908,0.8899,0.89,11858,0
IRNT-WS.US,D,20220105,000000,0.915,0.915,0.85,0.85,18718,0
IRNT-WS.US,D,20220106,000000,0.8001,0.8001,0.72,0.72,71864,0
IRNT-WS.US,D,20220107,000000,0.76,0.76,0.6321,0.7,29508,0
IRNT-WS.US,D,20220110,000000,0.71,0.71,0.6301,0.699899,27846,0
IRNT-WS.US,D,20220111,000000,0.7,0.8,0.6801,0.74,53693,0
IRNT-WS.US,D,20220112,000000,0.7999,0.8,0.6701,0.71,10044,0
IRNT-WS.US,D,20220113,000000,0.72,0.72,0.6301,0.67,25319,0
IRNT-WS.US,D,20220114,000000,0.6301,0.672,0.6301,0.660399,8245,0
IRNT-WS.US,D,20220118,000000,0.6301,0.6899,0.62,0.65,9520,0
IRNT-WS.US,D,20220119,000000,0.67,0.7079,0.630401,0.68,10878,0
IRNT-WS.US,D,20220120,000000,0.706,0.74,0.6402,0.6402,45512,0
IRNT-WS.US,D,20220121,000000,0.69,0.71,0.6369,0.65,26778,0
