<TICKER>,<PER>,<DATE>,<TIME>,<OPEN>,<HIGH>,<LOW>,<CLOSE>,<VOL>,<OPENINT>
JCO.US,D,20170329,000000,7.5164,7.5325,7.5164,7.5242,2226191,0
JCO.US,D,20170330,000000,7.5164,7.5696,7.5164,7.5164,531648,0
JCO.US,D,20170331,000000,7.5242,7.5398,7.5164,7.5242,169393,0
JCO.US,D,20170403,000000,7.5164,7.5325,7.5164,7.5242,63244,0
JCO.US,D,20170404,000000,7.5325,7.5483,7.5242,7.5242,91841,0
JCO.US,D,20170405,000000,7.5242,7.5483,7.5164,7.5398,74669,0
JCO.US,D,20170406,000000,7.5483,7.5552,7.5365,7.5552,46553,0
JCO.US,D,20170407,000000,7.5552,7.5626,7.5325,7.5552,57126,0
JCO.US,D,20170410,000000,7.5626,7.5927,7.5552,7.5927,85689,0
JCO.US,D,20170411,000000,7.5846,7.6009,7.5846,7.6009,56244,0
JCO.US,D,20170412,000000,7.6082,7.6082,7.5869,7.6009,33497,0
JCO.US,D,20170413,000000,7.6009,7.6145,7.5927,7.6082,71887,0
JCO.US,D,20170417,000000,7.6082,7.6145,7.5696,7.6145,40760,0
JCO.US,D,20170418,000000,7.6009,7.6009,7.5696,7.5696,34398,0
JCO.US,D,20170419,000000,7.5696,7.5767,7.5696,7.5767,14929,0
JCO.US,D,20170420,000000,7.5767,7.5767,7.5552,7.5767,35758,0
JCO.US,D,20170421,000000,7.5767,7.6218,7.5743,7.6218,31238,0
JCO.US,D,20170424,000000,7.6218,7.6437,7.5927,7.6009,18272,0
JCO.US,D,20170425,000000,7.6218,7.6437,7.5846,7.5846,25411,0
JCO.US,D,20170426,000000,7.6145,7.6437,7.5696,7.6009,51743,0
JCO.US,D,20170427,000000,7.6437,7.6437,7.6176,7.6218,25002,0
JCO.US,D,20170428,000000,7.6293,7.6293,7.6082,7.6218,20385,0
JCO.US,D,20170501,000000,7.5552,7.5696,7.5483,7.5552,193437,0
JCO.US,D,20170502,000000,7.5696,7.5696,7.5242,7.5398,201953,0
JCO.US,D,20170503,000000,7.5398,7.5398,7.5242,7.5242,78383,0
JCO.US,D,20170504,000000,7.5398,7.5398,7.5164,7.5325,59897,0
JCO.US,D,20170505,000000,7.5242,7.5483,7.5242,7.5398,96906,0
JCO.US,D,20170508,000000,7.5483,7.5552,7.5405,7.5552,22279,0
JCO.US,D,20170509,000000,7.5483,7.5767,7.5405,7.5767,97973,0
JCO.US,D,20170510,000000,7.5696,7.5696,7.5552,7.5626,29730,0
JCO.US,D,20170511,000000,7.5599,7.5743,7.5538,7.567,54250,0
JCO.US,D,20170512,000000,7.5743,7.5987,7.571,7.5824,76726,0
JCO.US,D,20170515,000000,7.5824,7.5905,7.5457,7.5457,107358,0
JCO.US,D,20170516,000000,7.5599,7.5905,7.5538,7.5905,89787,0
JCO.US,D,20170517,000000,7.5743,7.5905,7.5538,7.5538,82715,0
JCO.US,D,20170518,000000,7.567,7.5824,7.5538,7.5743,36411,0
JCO.US,D,20170519,000000,7.5824,7.5824,7.5457,7.5599,73149,0
JCO.US,D,20170522,000000,7.567,7.5824,7.5457,7.5457,58385,0
JCO.US,D,20170523,000000,7.5743,7.5743,7.5538,7.5651,58417,0
JCO.US,D,20170524,000000,7.5743,7.5905,7.5538,7.5743,129092,0
JCO.US,D,20170525,000000,7.5743,7.5905,7.5743,7.5905,47681,0
JCO.US,D,20170526,000000,7.5905,7.6726,7.5743,7.6192,113461,0
JCO.US,D,20170530,000000,7.5969,7.7123,7.5824,7.7123,82359,0
JCO.US,D,20170531,000000,7.6648,7.7258,7.6274,7.7258,176169,0
JCO.US,D,20170601,000000,7.6971,7.6971,7.5905,7.6192,30020,0
JCO.US,D,20170602,000000,7.6067,7.6648,7.6067,7.6623,21179,0
JCO.US,D,20170605,000000,7.6648,7.6726,7.5599,7.5824,65974,0
JCO.US,D,20170606,000000,7.5987,7.6192,7.5846,7.5987,21851,0
JCO.US,D,20170607,000000,7.6274,7.6274,7.5743,7.5905,63793,0
JCO.US,D,20170608,000000,7.5905,7.6067,7.5743,7.5987,24086,0
JCO.US,D,20170609,000000,7.5824,7.6192,7.5743,7.6192,27621,0
JCO.US,D,20170612,000000,7.6119,7.6971,7.6067,7.6351,49893,0
JCO.US,D,20170613,000000,7.6249,7.6865,7.5802,7.5962,122380,0
JCO.US,D,20170614,000000,7.6166,7.6481,7.5839,7.6166,70626,0
JCO.US,D,20170615,000000,7.6103,7.6161,7.5878,7.5969,38086,0
JCO.US,D,20170616,000000,7.6043,7.6103,7.5878,7.6043,38220,0
JCO.US,D,20170619,000000,7.5962,7.6166,7.5878,7.5962,98119,0
JCO.US,D,20170620,000000,7.6043,7.6249,7.6025,7.6249,73074,0
JCO.US,D,20170621,000000,7.6043,7.6249,7.5962,7.6249,62799,0
JCO.US,D,20170622,000000,7.6201,7.6249,7.6043,7.6249,30084,0
JCO.US,D,20170623,000000,7.6249,7.6266,7.6043,7.6166,29522,0
JCO.US,D,20170626,000000,7.6326,7.6326,7.5962,7.6249,88370,0
JCO.US,D,20170627,000000,7.6043,7.6249,7.5802,7.5878,129035,0
JCO.US,D,20170628,000000,7.6128,7.6166,7.5962,7.6043,26551,0
JCO.US,D,20170629,000000,7.6103,7.6103,7.5878,7.5962,31668,0
JCO.US,D,20170630,000000,7.6043,7.6249,7.5953,7.6166,62865,0
JCO.US,D,20170703,000000,7.6166,7.6218,7.6043,7.6218,17096,0
JCO.US,D,20170705,000000,7.6166,7.6166,7.6096,7.6166,8565,0
JCO.US,D,20170706,000000,7.605,7.6326,7.5962,7.6103,167518,0
JCO.US,D,20170707,000000,7.5962,7.6166,7.5962,7.6103,38665,0
JCO.US,D,20170710,000000,7.6113,7.6326,7.6009,7.6249,50441,0
JCO.US,D,20170711,000000,7.631,7.6326,7.6103,7.6326,39227,0
JCO.US,D,20170712,000000,7.6481,7.6865,7.6481,7.6781,79465,0
JCO.US,D,20170713,000000,7.6781,7.6865,7.6623,7.6865,42875,0
JCO.US,D,20170714,000000,7.6551,7.6648,7.6398,7.6481,78814,0
JCO.US,D,20170717,000000,7.6481,7.725,7.6455,7.719,57718,0
JCO.US,D,20170718,000000,7.6781,7.6781,7.6455,7.6551,27274,0
JCO.US,D,20170719,000000,7.6623,7.719,7.6249,7.6623,79904,0
JCO.US,D,20170720,000000,7.6623,7.6943,7.6623,7.6943,31020,0
JCO.US,D,20170721,000000,7.6873,7.7028,7.6873,7.7028,12746,0
JCO.US,D,20170724,000000,7.6943,7.6943,7.6623,7.6781,18426,0
JCO.US,D,20170725,000000,7.6704,7.6943,7.6398,7.6865,39997,0
JCO.US,D,20170726,000000,7.686,7.7028,7.6551,7.7028,45835,0
JCO.US,D,20170727,000000,7.6865,7.6943,7.6481,7.6865,54798,0
JCO.US,D,20170728,000000,7.6551,7.7627,7.6551,7.7627,92257,0
JCO.US,D,20170731,000000,7.7627,7.7698,7.7335,7.7335,48714,0
JCO.US,D,20170801,000000,7.7627,7.7698,7.719,7.7698,37699,0
JCO.US,D,20170802,000000,7.7104,7.7574,7.6943,7.7028,82068,0
JCO.US,D,20170803,000000,7.719,7.7698,7.7028,7.7698,44465,0
JCO.US,D,20170804,000000,7.7606,7.7663,7.7574,7.7574,10098,0
JCO.US,D,20170807,000000,7.7566,7.7566,7.6781,7.7028,58447,0
JCO.US,D,20170808,000000,7.7028,7.719,7.7028,7.7028,15900,0
JCO.US,D,20170809,000000,7.6865,7.719,7.6551,7.6551,50474,0
JCO.US,D,20170810,000000,7.6704,7.675,7.6249,7.6398,39338,0
JCO.US,D,20170811,000000,7.6623,7.6865,7.6398,7.6551,79145,0
JCO.US,D,20170814,000000,7.6704,7.6781,7.6398,7.6429,73677,0
JCO.US,D,20170815,000000,7.6481,7.6623,7.6398,7.6623,35338,0
JCO.US,D,20170816,000000,7.6865,7.7342,7.6623,7.6704,87269,0
JCO.US,D,20170817,000000,7.6704,7.7104,7.6631,7.6943,23059,0
JCO.US,D,20170818,000000,7.6781,7.6865,7.6704,7.6704,14691,0
JCO.US,D,20170821,000000,7.6842,7.6943,7.6623,7.6781,39156,0
JCO.US,D,20170822,000000,7.6865,7.719,7.6756,7.6781,57721,0
JCO.US,D,20170823,000000,7.6842,7.6943,7.6704,7.6781,27169,0
JCO.US,D,20170824,000000,7.6943,7.6943,7.6623,7.6704,34136,0
JCO.US,D,20170825,000000,7.6631,7.6674,7.6398,7.6481,27800,0
JCO.US,D,20170828,000000,7.6551,7.6865,7.5332,7.6103,217038,0
JCO.US,D,20170829,000000,7.5727,7.5962,7.5173,7.5651,114618,0
JCO.US,D,20170830,000000,7.549,7.6103,7.5247,7.5569,114606,0
JCO.US,D,20170831,000000,7.5727,7.6103,7.549,7.5727,45706,0
JCO.US,D,20170901,000000,7.6103,7.6161,7.4805,7.5256,90240,0
JCO.US,D,20170905,000000,7.5802,7.6166,7.5332,7.5332,87886,0
JCO.US,D,20170906,000000,7.5405,7.6166,7.5405,7.6103,48426,0
JCO.US,D,20170907,000000,7.6043,7.6623,7.6025,7.6103,47486,0
JCO.US,D,20170908,000000,7.6623,7.6623,7.5405,7.6103,76514,0
JCO.US,D,20170911,000000,7.5569,7.6704,7.5569,7.6481,49749,0
JCO.US,D,20170912,000000,7.6398,7.6398,7.5802,7.5878,74440,0
JCO.US,D,20170913,000000,7.5878,7.6043,7.549,7.5878,69151,0
JCO.US,D,20170914,000000,7.6103,7.6481,7.5651,7.6249,66653,0
JCO.US,D,20170915,000000,7.5878,7.6257,7.5727,7.5878,78941,0
JCO.US,D,20170918,000000,7.6631,7.6687,7.5878,7.6249,36272,0
JCO.US,D,20170919,000000,7.6398,7.6398,7.549,7.5651,150445,0
JCO.US,D,20170920,000000,7.5802,7.5962,7.549,7.549,126387,0
JCO.US,D,20170921,000000,7.5878,7.6711,7.5878,7.6551,100269,0
JCO.US,D,20170922,000000,7.6481,7.679,7.5878,7.6481,48909,0
JCO.US,D,20170925,000000,7.6398,7.6481,7.5569,7.6154,64305,0
JCO.US,D,20170926,000000,7.6249,7.679,7.6154,7.6631,53080,0
JCO.US,D,20170927,000000,7.6711,7.6873,7.5878,7.5962,77560,0
JCO.US,D,20170928,000000,7.6103,7.6166,7.5878,7.6043,48645,0
JCO.US,D,20170929,000000,7.6249,7.6481,7.549,7.5878,137747,0
JCO.US,D,20171002,000000,7.6103,7.6326,7.5727,7.6043,85971,0
JCO.US,D,20171003,000000,7.6166,7.6326,7.5962,7.6043,87886,0
JCO.US,D,20171004,000000,7.6166,7.6551,7.6043,7.6551,63101,0
JCO.US,D,20171005,000000,7.6631,7.6953,7.6249,7.6551,31373,0
JCO.US,D,20171006,000000,7.6249,7.7114,7.6249,7.7071,38034,0
JCO.US,D,20171009,000000,7.6807,7.743,7.6807,7.7381,42897,0
JCO.US,D,20171010,000000,7.735,7.7517,7.679,7.7267,80307,0
JCO.US,D,20171011,000000,7.7267,7.7714,7.6711,7.6873,79895,0
JCO.US,D,20171012,000000,7.7574,7.7938,7.7035,7.7867,84081,0
JCO.US,D,20171013,000000,7.7867,7.818,7.7588,7.7588,64026,0
JCO.US,D,20171016,000000,7.7588,7.773,7.7517,7.7636,54643,0
JCO.US,D,20171017,000000,7.7517,7.7867,7.743,7.743,75469,0
JCO.US,D,20171018,000000,7.7517,7.7783,7.7035,7.7198,56474,0
JCO.US,D,20171019,000000,7.6953,7.7867,7.6953,7.7267,77680,0
JCO.US,D,20171020,000000,7.735,7.743,7.7267,7.735,30598,0
JCO.US,D,20171023,000000,7.743,7.743,7.6631,7.7035,113125,0
JCO.US,D,20171024,000000,7.7114,7.7267,7.679,7.679,23254,0
JCO.US,D,20171025,000000,7.7114,7.7114,7.6631,7.6711,96569,0
JCO.US,D,20171026,000000,7.6873,7.6873,7.6326,7.6326,67449,0
JCO.US,D,20171027,000000,7.686,7.7114,7.6631,7.6631,58246,0
JCO.US,D,20171030,000000,7.7517,7.7517,7.6631,7.6873,90303,0
JCO.US,D,20171031,000000,7.6953,7.7517,7.6873,7.735,86442,0
JCO.US,D,20171101,000000,7.7035,7.7588,7.7035,7.7588,55199,0
JCO.US,D,20171102,000000,7.7636,7.8023,7.7267,7.8023,63845,0
JCO.US,D,20171103,000000,7.735,7.7783,7.7267,7.7517,46416,0
JCO.US,D,20171106,000000,7.8023,7.8023,7.7636,7.8023,18096,0
JCO.US,D,20171107,000000,7.818,7.818,7.7517,7.7574,27195,0
JCO.US,D,20171108,000000,7.7721,7.7783,7.7267,7.735,41393,0
JCO.US,D,20171109,000000,7.735,7.7367,7.6326,7.7035,69959,0
JCO.US,D,20171110,000000,7.7114,7.743,7.6873,7.7309,75242,0
JCO.US,D,20171113,000000,7.719,7.7267,7.7114,7.7163,25922,0
JCO.US,D,20171114,000000,7.7104,7.7556,7.679,7.7114,15554,0
JCO.US,D,20171115,000000,7.7079,7.7198,7.6711,7.6711,58238,0
JCO.US,D,20171116,000000,7.6711,7.6711,7.5552,7.5552,158743,0
JCO.US,D,20171117,000000,7.5552,7.6242,7.5552,7.5943,69438,0
JCO.US,D,20171120,000000,7.6242,7.6398,7.5634,7.5634,57233,0
JCO.US,D,20171121,000000,7.586,7.7517,7.5318,7.735,101378,0
JCO.US,D,20171122,000000,7.7267,7.7267,7.6318,7.6631,39358,0
JCO.US,D,20171124,000000,7.6398,7.6551,7.6398,7.6398,15936,0
JCO.US,D,20171127,000000,7.6326,7.6631,7.6242,7.6551,47776,0
JCO.US,D,20171128,000000,7.7035,7.7114,7.679,7.6873,33479,0
JCO.US,D,20171129,000000,7.7636,7.7636,7.586,7.5943,67609,0
JCO.US,D,20171130,000000,7.586,7.6342,7.5476,7.6342,84824,0
JCO.US,D,20171201,000000,7.6631,7.7267,7.6631,7.7267,55646,0
JCO.US,D,20171204,000000,7.8352,7.8352,7.6631,7.6873,38632,0
JCO.US,D,20171205,000000,7.7035,7.7198,7.6096,7.6481,65960,0
JCO.US,D,20171206,000000,7.6398,7.7035,7.6398,7.7035,47169,0
JCO.US,D,20171207,000000,7.7335,7.7588,7.7335,7.7581,26579,0
JCO.US,D,20171208,000000,7.7792,7.81,7.7588,7.81,59893,0
JCO.US,D,20171211,000000,7.7875,7.7875,7.7481,7.7481,33841,0
JCO.US,D,20171212,000000,7.743,7.7588,7.7198,7.7198,29825,0
JCO.US,D,20171213,000000,7.7588,7.7588,7.7035,7.7267,22309,0
JCO.US,D,20171214,000000,7.7946,7.7946,7.5701,7.631,154694,0
JCO.US,D,20171215,000000,7.631,7.6472,7.6088,7.6154,67744,0
JCO.US,D,20171218,000000,7.6201,7.6201,7.5545,7.5608,92318,0
JCO.US,D,20171219,000000,7.5935,7.5935,7.4679,7.5078,261020,0
JCO.US,D,20171220,000000,7.5018,7.8031,7.4287,7.5852,117982,0
JCO.US,D,20171221,000000,7.6234,7.6472,7.4914,7.531,124748,0
JCO.US,D,20171222,000000,7.5545,7.5727,7.5072,7.5545,95953,0
JCO.US,D,20171226,000000,7.4914,7.5466,7.4369,7.531,118948,0
JCO.US,D,20171227,000000,7.5626,7.5839,7.5072,7.5385,139337,0
JCO.US,D,20171228,000000,7.5157,7.5545,7.4369,7.4905,402770,0
JCO.US,D,20171229,000000,7.4995,7.4995,7.3821,7.4211,966913,0
JCO.US,D,20180102,000000,7.3976,7.531,7.3976,7.4914,118242,0
JCO.US,D,20180103,000000,7.531,7.5545,7.4995,7.531,141980,0
JCO.US,D,20180104,000000,7.5385,7.5545,7.4914,7.5226,91259,0
JCO.US,D,20180105,000000,7.5385,7.5852,7.5385,7.5626,129628,0
JCO.US,D,20180108,000000,7.5545,7.5776,7.5385,7.5385,228500,0
JCO.US,D,20180109,000000,7.5385,7.5935,7.515,7.5157,147407,0
JCO.US,D,20180110,000000,7.5072,7.515,7.4603,7.4995,229994,0
JCO.US,D,20180111,000000,7.4914,7.531,7.4914,7.531,68200,0
JCO.US,D,20180112,000000,7.5226,7.5545,7.4914,7.4914,95064,0
JCO.US,D,20180116,000000,7.5226,7.5356,7.4756,7.4756,74061,0
JCO.US,D,20180117,000000,7.5072,7.5072,7.4756,7.4837,49048,0
JCO.US,D,20180118,000000,7.4283,7.4995,7.4283,7.46,150749,0
JCO.US,D,20180119,000000,7.46,7.4645,7.4284,7.4366,173360,0
JCO.US,D,20180122,000000,7.4128,7.5072,7.4128,7.46,157462,0
JCO.US,D,20180123,000000,7.4914,7.4995,7.4521,7.4521,58542,0
JCO.US,D,20180124,000000,7.4441,7.5072,7.4441,7.4756,168789,0
JCO.US,D,20180125,000000,7.4688,7.5385,7.4441,7.5385,92404,0
JCO.US,D,20180126,000000,7.5626,7.5701,7.5545,7.5701,70477,0
JCO.US,D,20180129,000000,7.5634,7.5786,7.4679,7.4679,81132,0
JCO.US,D,20180130,000000,7.4206,7.4702,7.4206,7.4441,156505,0
JCO.US,D,20180131,000000,7.4521,7.4914,7.4521,7.4756,65275,0
JCO.US,D,20180201,000000,7.4366,7.5072,7.4366,7.4679,54583,0
JCO.US,D,20180202,000000,7.4837,7.4914,7.4128,7.4128,57830,0
JCO.US,D,20180205,000000,7.4679,7.4679,7.3108,7.3185,116536,0
JCO.US,D,20180206,000000,7.3108,7.4128,7.3108,7.3577,105771,0
JCO.US,D,20180207,000000,7.4679,7.4985,7.3458,7.4049,126613,0
JCO.US,D,20180208,000000,7.4094,7.4094,7.3345,7.343,67177,0
JCO.US,D,20180209,000000,7.3892,7.3892,7.3108,7.3502,90043,0
JCO.US,D,20180212,000000,7.366,7.4237,7.3502,7.3969,43579,0
JCO.US,D,20180213,000000,7.3944,7.3944,7.3944,7.3944,35134,0
JCO.US,D,20180214,000000,7.4917,7.4917,7.342,7.3892,93061,0
JCO.US,D,20180215,000000,7.3585,7.3892,7.3575,7.3658,79743,0
JCO.US,D,20180216,000000,7.3499,7.3672,7.3182,7.3498,129444,0
JCO.US,D,20180220,000000,7.3813,7.3813,7.3505,7.3732,25366,0
JCO.US,D,20180221,000000,7.3658,7.3892,7.3657,7.3814,44622,0
JCO.US,D,20180222,000000,7.3814,7.3892,7.3732,7.3892,90210,0
JCO.US,D,20180223,000000,7.3892,7.3969,7.3892,7.3892,81921,0
JCO.US,D,20180226,000000,7.3891,7.3893,7.3666,7.3892,79478,0
JCO.US,D,20180227,000000,7.3892,7.3962,7.3575,7.3575,53530,0
JCO.US,D,20180228,000000,7.3732,7.405,7.342,7.3575,93078,0
JCO.US,D,20180301,000000,7.3814,7.3814,7.3457,7.3658,32004,0
JCO.US,D,20180302,000000,7.3814,7.3814,7.35,7.372,55774,0
JCO.US,D,20180305,000000,7.3605,7.3814,7.3575,7.3732,29888,0
JCO.US,D,20180306,000000,7.3892,7.405,7.3684,7.3969,82731,0
JCO.US,D,20180307,000000,7.4129,7.4684,7.4129,7.464,62547,0
JCO.US,D,20180308,000000,7.476,7.5078,7.404,7.4368,137482,0
JCO.US,D,20180309,000000,7.4843,7.4843,7.4604,7.4842,54208,0
JCO.US,D,20180312,000000,7.4842,7.4843,7.4419,7.4444,34385,0
JCO.US,D,20180313,000000,7.4684,7.4684,7.3732,7.3892,114224,0
JCO.US,D,20180314,000000,7.4607,7.4688,7.4287,7.4688,60921,0
JCO.US,D,20180315,000000,7.4602,7.4848,7.4446,7.4848,69440,0
JCO.US,D,20180316,000000,7.5006,7.5163,7.4688,7.4848,110214,0
JCO.US,D,20180319,000000,7.4923,7.4923,7.4394,7.4688,99632,0
JCO.US,D,20180320,000000,7.4874,7.5083,7.397,7.4287,141468,0
JCO.US,D,20180321,000000,7.4607,7.4848,7.4527,7.4848,198824,0
JCO.US,D,20180322,000000,7.4922,7.5083,7.4371,7.4848,113478,0
JCO.US,D,20180323,000000,7.489,7.5083,7.4765,7.5083,78616,0
JCO.US,D,20180326,000000,7.4923,7.4973,7.421,7.4446,131424,0
JCO.US,D,20180327,000000,7.4607,7.5006,7.4527,7.4688,92125,0
JCO.US,D,20180328,000000,7.4923,7.5878,7.4815,7.5719,246024,0
JCO.US,D,20180329,000000,7.5657,7.6429,7.5569,7.6429,329848,0
JCO.US,D,20180402,000000,7.6833,7.6833,7.405,7.4688,81126,0
JCO.US,D,20180403,000000,7.4688,7.6551,7.4688,7.5962,72920,0
JCO.US,D,20180404,000000,7.675,7.7309,7.5241,7.5398,84137,0
JCO.US,D,20180405,000000,7.5719,7.6113,7.5608,7.5878,36362,0
JCO.US,D,20180406,000000,7.5943,7.6514,7.5484,7.6234,68218,0
JCO.US,D,20180409,000000,7.6833,7.6909,7.5719,7.5962,59408,0
JCO.US,D,20180410,000000,7.5878,7.6588,7.4923,7.5398,89432,0
JCO.US,D,20180411,000000,7.5561,7.5801,7.5006,7.5325,71375,0
JCO.US,D,20180412,000000,7.5805,7.5881,7.524,7.5601,85401,0
JCO.US,D,20180413,000000,7.524,7.5554,7.5163,7.524,36177,0
JCO.US,D,20180416,000000,7.524,7.5805,7.524,7.5563,45714,0
JCO.US,D,20180417,000000,7.5721,7.6201,7.5563,7.6043,57692,0
JCO.US,D,20180418,000000,7.5987,7.6201,7.5969,7.6201,47953,0
JCO.US,D,20180419,000000,7.5881,7.6596,7.5881,7.6522,42933,0
JCO.US,D,20180420,000000,7.6522,7.6842,7.5881,7.5881,71059,0
JCO.US,D,20180423,000000,7.6161,7.7004,7.5881,7.6043,88749,0
JCO.US,D,20180424,000000,7.6278,7.6437,7.6043,7.6357,28854,0
JCO.US,D,20180425,000000,7.6043,7.6202,7.5524,7.5644,66894,0
JCO.US,D,20180426,000000,7.5484,7.6756,7.5484,7.6437,65104,0
JCO.US,D,20180427,000000,7.5721,7.5881,7.5644,7.5805,34232,0
JCO.US,D,20180430,000000,7.5962,7.6357,7.5881,7.6201,72719,0
JCO.US,D,20180501,000000,7.7004,7.7004,7.5881,7.6278,79753,0
JCO.US,D,20180502,000000,7.6681,7.6681,7.6119,7.6201,55096,0
JCO.US,D,20180503,000000,7.5805,7.6357,7.5644,7.6119,115934,0
JCO.US,D,20180504,000000,7.6522,7.6522,7.6043,7.6043,58556,0
JCO.US,D,20180507,000000,7.6278,7.6437,7.5962,7.6043,62853,0
JCO.US,D,20180508,000000,7.6357,7.6357,7.524,7.5399,70754,0
JCO.US,D,20180509,000000,7.5406,7.6596,7.5406,7.6357,81513,0
JCO.US,D,20180510,000000,7.6201,7.7004,7.6201,7.6596,82680,0
JCO.US,D,20180511,000000,7.7004,7.7004,7.6596,7.6842,28026,0
JCO.US,D,20180514,000000,7.6865,7.6916,7.6681,7.6842,49422,0
JCO.US,D,20180515,000000,7.6756,7.6756,7.5876,7.6115,75822,0
JCO.US,D,20180516,000000,7.6197,7.6437,7.6115,7.6115,61675,0
JCO.US,D,20180517,000000,7.6115,7.6357,7.6036,7.6115,38091,0
JCO.US,D,20180518,000000,7.6115,7.6445,7.6039,7.6357,34848,0
JCO.US,D,20180521,000000,7.6115,7.6414,7.5798,7.5798,47568,0
JCO.US,D,20180522,000000,7.5798,7.6039,7.5074,7.5477,211207,0
JCO.US,D,20180523,000000,7.5637,7.5651,7.5074,7.5477,175001,0
JCO.US,D,20180524,000000,7.5637,7.5637,7.5074,7.5393,77603,0
JCO.US,D,20180525,000000,7.5555,7.5555,7.5154,7.5154,44732,0
JCO.US,D,20180529,000000,7.5318,7.5318,7.475,7.4835,68812,0
JCO.US,D,20180530,000000,7.5154,7.5318,7.475,7.4912,93260,0
JCO.US,D,20180531,000000,7.5318,7.5318,7.4672,7.4835,113415,0
JCO.US,D,20180601,000000,7.5232,7.5232,7.475,7.5074,63044,0
JCO.US,D,20180604,000000,7.5232,7.5232,7.4835,7.4911,54397,0
JCO.US,D,20180605,000000,7.4835,7.5074,7.475,7.4835,42285,0
JCO.US,D,20180606,000000,7.4912,7.5232,7.4835,7.4995,35485,0
JCO.US,D,20180607,000000,7.5393,7.5477,7.4995,7.4995,60366,0
JCO.US,D,20180608,000000,7.5318,7.5393,7.5074,7.5154,19462,0
JCO.US,D,20180611,000000,7.5393,7.5393,7.4672,7.475,77210,0
JCO.US,D,20180612,000000,7.4835,7.5232,7.4835,7.4912,69063,0
JCO.US,D,20180613,000000,7.5232,7.5562,7.4995,7.5477,74266,0
JCO.US,D,20180614,000000,7.5717,7.5717,7.5477,7.5637,56470,0
JCO.US,D,20180615,000000,7.5556,7.6042,7.5556,7.6042,65871,0
JCO.US,D,20180618,000000,7.5904,7.5904,7.5717,7.58,35450,0
JCO.US,D,20180619,000000,7.58,7.5879,7.5309,7.5318,88292,0
JCO.US,D,20180620,000000,7.5556,7.5716,7.5318,7.5392,83243,0
JCO.US,D,20180621,000000,7.5392,7.5954,7.5392,7.5392,70236,0
JCO.US,D,20180622,000000,7.5959,7.5959,7.523,7.5477,101093,0
JCO.US,D,20180625,000000,7.5556,7.58,7.4832,7.4909,139504,0
JCO.US,D,20180626,000000,7.5071,7.5317,7.5071,7.5154,82354,0
JCO.US,D,20180627,000000,7.5318,7.5717,7.5154,7.5717,50278,0
JCO.US,D,20180628,000000,7.5879,7.5879,7.5582,7.5879,32651,0
JCO.US,D,20180629,000000,7.6042,7.6202,7.5717,7.6202,89170,0
JCO.US,D,20180702,000000,7.725,7.725,7.6202,7.7012,62063,0
JCO.US,D,20180703,000000,7.7084,7.7084,7.6765,7.6924,18954,0
JCO.US,D,20180705,000000,7.7084,7.7496,7.7084,7.7414,31999,0
JCO.US,D,20180706,000000,7.7084,7.7496,7.6687,7.7173,22507,0
JCO.US,D,20180709,000000,7.7496,7.7496,7.7095,7.7335,34764,0
JCO.US,D,20180710,000000,7.6687,7.7012,7.6363,7.6603,116453,0
JCO.US,D,20180711,000000,7.685,7.7447,7.6612,7.7012,22246,0
JCO.US,D,20180712,000000,7.7085,7.79,7.7085,7.79,34092,0
JCO.US,D,20180713,000000,7.7574,7.7653,7.5548,7.6764,24508,0
JCO.US,D,20180716,000000,7.6037,7.6675,7.6037,7.6525,63090,0
JCO.US,D,20180717,000000,7.66,7.66,7.6197,7.6278,50791,0
JCO.US,D,20180718,000000,7.6672,7.6672,7.6197,7.66,40684,0
JCO.US,D,20180719,000000,7.6599,7.7012,7.6525,7.66,46134,0
JCO.US,D,20180720,000000,7.66,7.6923,7.6525,7.6923,42724,0
JCO.US,D,20180723,000000,7.6336,7.7496,7.6336,7.7496,70905,0
JCO.US,D,20180724,000000,7.7335,7.7738,7.6849,7.6849,85113,0
JCO.US,D,20180725,000000,7.6439,7.6764,7.6114,7.6114,85612,0
JCO.US,D,20180726,000000,7.6923,7.6923,7.6037,7.6439,61421,0
JCO.US,D,20180727,000000,7.6359,7.6359,7.6122,7.6278,36022,0
JCO.US,D,20180730,000000,7.6525,7.6525,7.6114,7.6439,76030,0
JCO.US,D,20180731,000000,7.6278,7.6764,7.6278,7.6686,65938,0
JCO.US,D,20180801,000000,7.7414,7.7414,7.6764,7.7085,35850,0
JCO.US,D,20180802,000000,7.7012,7.7173,7.5953,7.6439,86500,0
JCO.US,D,20180803,000000,7.6278,7.6525,7.5953,7.6438,84827,0
JCO.US,D,20180806,000000,7.6453,7.6686,7.6394,7.66,62311,0
JCO.US,D,20180807,000000,7.65,7.65,7.6037,7.6037,89515,0
JCO.US,D,20180808,000000,7.6278,7.6389,7.6197,7.6346,39562,0
JCO.US,D,20180809,000000,7.6524,7.6764,7.6439,7.6764,55718,0
JCO.US,D,20180810,000000,7.6923,7.7085,7.6694,7.6849,27931,0
JCO.US,D,20180813,000000,7.6794,7.6887,7.6526,7.6808,51921,0
JCO.US,D,20180814,000000,7.6437,7.7418,7.6437,7.7252,37031,0
JCO.US,D,20180815,000000,7.7335,7.8648,7.7013,7.848,183699,0
JCO.US,D,20180816,000000,7.8316,7.8648,7.7907,7.8648,51582,0
JCO.US,D,20180817,000000,7.8648,7.8648,7.7663,7.7663,47539,0
JCO.US,D,20180820,000000,7.7858,7.8565,7.7744,7.8565,31736,0
JCO.US,D,20180821,000000,7.8068,7.8648,7.7907,7.7907,63051,0
JCO.US,D,20180822,000000,7.8233,7.8233,7.7663,7.7744,37157,0
JCO.US,D,20180823,000000,7.8233,7.8565,7.7907,7.7907,48386,0
JCO.US,D,20180824,000000,7.8648,7.8648,7.7744,7.8316,81060,0
JCO.US,D,20180827,000000,7.848,7.8648,7.8316,7.848,46603,0
JCO.US,D,20180828,000000,7.8648,7.8895,7.8068,7.848,86053,0
JCO.US,D,20180829,000000,7.848,7.848,7.75,7.75,114162,0
JCO.US,D,20180830,000000,7.7986,7.7986,7.7418,7.7725,43848,0
JCO.US,D,20180831,000000,7.75,7.7986,7.75,7.7986,43034,0
JCO.US,D,20180904,000000,7.8233,7.8233,7.7823,7.8233,52494,0
JCO.US,D,20180905,000000,7.8151,7.8316,7.7986,7.8151,24737,0
JCO.US,D,20180906,000000,7.8233,7.9379,7.8109,7.8648,68239,0
JCO.US,D,20180907,000000,7.8688,7.8895,7.8316,7.8728,22522,0
JCO.US,D,20180910,000000,7.8399,8.0196,7.7986,7.9694,93399,0
JCO.US,D,20180911,000000,7.9545,7.9545,7.8316,7.8316,34910,0
JCO.US,D,20180912,000000,7.8974,7.8974,7.7907,7.8233,63367,0
JCO.US,D,20180913,000000,7.8565,7.8648,7.8233,7.8565,36236,0
JCO.US,D,20180914,000000,7.8565,7.9142,7.8565,7.9142,12830,0
JCO.US,D,20180917,000000,7.8809,7.8809,7.7907,7.8316,75162,0
JCO.US,D,20180918,000000,7.8316,7.8399,7.8151,7.8399,28140,0
JCO.US,D,20180919,000000,7.8197,7.8316,7.8069,7.8316,35472,0
JCO.US,D,20180920,000000,7.8565,7.8648,7.7907,7.7986,75829,0
JCO.US,D,20180921,000000,7.8334,7.9703,7.7984,7.7986,54440,0
JCO.US,D,20180924,000000,7.8086,7.8648,7.7907,7.8648,34581,0
JCO.US,D,20180925,000000,7.9133,7.9301,7.8648,7.9052,46342,0
JCO.US,D,20180926,000000,7.987,7.987,7.9301,7.9786,50677,0
JCO.US,D,20180927,000000,7.987,7.987,7.9133,7.9133,20723,0
JCO.US,D,20180928,000000,7.9668,7.9786,7.8316,7.8316,46284,0
JCO.US,D,20181001,000000,7.9217,7.9217,7.7821,7.8068,71762,0
JCO.US,D,20181002,000000,7.7821,7.8068,7.7821,7.7821,68689,0
JCO.US,D,20181003,000000,7.7907,7.8318,7.7579,7.7702,51877,0
JCO.US,D,20181004,000000,7.7612,7.7612,7.6427,7.6514,71625,0
JCO.US,D,20181005,000000,7.6917,7.6917,7.6427,7.6427,32601,0
JCO.US,D,20181008,000000,7.6677,7.7158,7.6568,7.6842,64915,0
JCO.US,D,20181009,000000,7.7248,7.7248,7.6727,7.6917,45917,0
JCO.US,D,20181010,000000,7.678,7.7332,7.6755,7.6755,46106,0
JCO.US,D,20181011,000000,7.6755,7.7743,7.6514,7.6677,117600,0
JCO.US,D,20181012,000000,7.7583,7.7583,7.6385,7.6677,90781,0
JCO.US,D,20181015,000000,7.6677,7.7083,7.6677,7.7008,62857,0
JCO.US,D,20181016,000000,7.6918,7.7336,7.6851,7.7171,41639,0
JCO.US,D,20181017,000000,7.7336,7.7746,7.7008,7.7008,45716,0
JCO.US,D,20181018,000000,7.6825,7.7306,7.6263,7.6677,71012,0
JCO.US,D,20181019,000000,7.6628,7.6843,7.6181,7.6395,88612,0
JCO.US,D,20181022,000000,7.6346,7.7008,7.6263,7.6677,59921,0
JCO.US,D,20181023,000000,7.6263,7.7008,7.6263,7.6514,44523,0
JCO.US,D,20181024,000000,7.6918,7.6918,7.6514,7.6843,60244,0
JCO.US,D,20181025,000000,7.6677,7.8572,7.6425,7.8572,105021,0
JCO.US,D,20181026,000000,7.7828,7.7828,7.6756,7.7083,25452,0
JCO.US,D,20181029,000000,7.7171,7.7912,7.6426,7.7828,57672,0
JCO.US,D,20181030,000000,7.7994,7.8076,7.6635,7.75,105447,0
JCO.US,D,20181031,000000,7.7244,7.8489,7.7244,7.7828,24974,0
JCO.US,D,20181101,000000,7.8489,7.8572,7.7664,7.8572,27419,0
JCO.US,D,20181102,000000,7.9069,7.9152,7.7892,7.8819,22100,0
JCO.US,D,20181105,000000,7.9069,7.9069,7.8253,7.8539,38096,0
JCO.US,D,20181106,000000,7.8326,7.8697,7.8161,7.8161,43311,0
JCO.US,D,20181107,000000,7.8409,7.9069,7.8241,7.8366,69360,0
JCO.US,D,20181108,000000,7.8285,7.8368,7.725,7.7583,52340,0
JCO.US,D,20181109,000000,7.7418,7.8241,7.7171,7.7418,39367,0
JCO.US,D,20181112,000000,7.7405,7.75,7.7171,7.7418,40919,0
JCO.US,D,20181113,000000,7.7496,7.7664,7.7171,7.725,84044,0
JCO.US,D,20181114,000000,7.7585,7.8141,7.7585,7.7866,73282,0
JCO.US,D,20181115,000000,7.7915,7.9569,7.7915,7.7997,54055,0
JCO.US,D,20181116,000000,7.8578,7.8578,7.7502,7.8081,42440,0
JCO.US,D,20181119,000000,7.7915,7.7915,7.609,7.6754,68268,0
JCO.US,D,20181120,000000,7.6257,7.6257,7.344,7.3487,136230,0
JCO.US,D,20181121,000000,7.3855,7.6175,7.3785,7.6175,86358,0
JCO.US,D,20181123,000000,7.6011,7.6032,7.4599,7.5843,8981,0
JCO.US,D,20181126,000000,7.5563,7.5593,7.3855,7.5347,174441,0
JCO.US,D,20181127,000000,7.5181,7.5262,7.4353,7.5181,77013,0
JCO.US,D,20181128,000000,7.4765,7.5426,7.4684,7.5426,106500,0
JCO.US,D,20181129,000000,7.5426,7.6175,7.4684,7.5228,65218,0
JCO.US,D,20181130,000000,7.5262,7.5593,7.4765,7.5262,76369,0
JCO.US,D,20181203,000000,7.6175,7.6194,7.5676,7.6175,86270,0
JCO.US,D,20181204,000000,7.6257,7.6257,7.5262,7.5774,122845,0
JCO.US,D,20181206,000000,7.6011,7.7419,7.4599,7.6754,167486,0
JCO.US,D,20181207,000000,7.7419,7.7832,7.609,7.717,48597,0
JCO.US,D,20181210,000000,7.775,7.775,7.5593,7.6754,95650,0
JCO.US,D,20181211,000000,7.7083,7.7337,7.5096,7.609,96842,0
JCO.US,D,20181212,000000,7.5928,7.6257,7.5426,7.5843,98308,0
JCO.US,D,20181213,000000,7.5675,7.576,7.4758,7.5011,105345,0
JCO.US,D,20181214,000000,7.5092,7.5511,7.4592,7.4592,163758,0
JCO.US,D,20181217,000000,7.5011,7.5011,7.2929,7.3259,152133,0
JCO.US,D,20181218,000000,7.3679,7.3845,7.2843,7.3679,203788,0
JCO.US,D,20181219,000000,7.2843,7.3845,7.2508,7.3009,158361,0
JCO.US,D,20181220,000000,7.2508,7.3426,6.9674,7.0341,234874,0
JCO.US,D,20181221,000000,7.0341,7.2342,6.984,7.0925,154133,0
JCO.US,D,20181224,000000,7.0925,7.2008,7.0092,7.1927,80125,0
JCO.US,D,20181226,000000,7.1177,7.3679,7.1177,7.2594,108335,0
JCO.US,D,20181227,000000,7.2759,7.3259,6.9761,7.126,213535,0
JCO.US,D,20181228,000000,7.1176,7.1269,6.8592,7.0841,438192,0
JCO.US,D,20181231,000000,7.101,7.3346,6.9925,7.051,380745,0
JCO.US,D,20190102,000000,7.0174,7.1427,7.0174,7.126,45271,0
JCO.US,D,20190103,000000,7.159,7.1757,7.026,7.1424,68854,0
JCO.US,D,20190104,000000,7.2008,7.3425,7.1842,7.1842,91457,0
JCO.US,D,20190107,000000,7.2428,7.3426,7.2428,7.3346,101491,0
JCO.US,D,20190108,000000,7.3346,7.4925,7.226,7.4511,141255,0
JCO.US,D,20190109,000000,7.4676,7.5258,7.3926,7.5092,108218,0
JCO.US,D,20190110,000000,7.5423,7.6678,7.4758,7.4845,156254,0
JCO.US,D,20190111,000000,7.5591,7.5591,7.4346,7.5258,84717,0
JCO.US,D,20190114,000000,7.4755,7.6934,7.4755,7.5513,41633,0
JCO.US,D,20190115,000000,7.5258,7.7439,7.5258,7.7269,93401,0
JCO.US,D,20190116,000000,7.6768,7.7772,7.6432,7.7523,84550,0
JCO.US,D,20190117,000000,7.7693,7.7693,7.6463,7.7439,40923,0
JCO.US,D,20190118,000000,7.7474,7.7474,7.6266,7.6266,85483,0
JCO.US,D,20190122,000000,7.6519,7.6686,7.635,7.6599,103359,0
JCO.US,D,20190123,000000,7.6537,7.719,7.635,7.6934,106208,0
JCO.US,D,20190124,000000,7.7523,7.7523,7.6275,7.7205,88679,0
JCO.US,D,20190125,000000,7.7101,7.7941,7.6686,7.7608,97146,0
JCO.US,D,20190128,000000,7.7523,7.8944,7.7356,7.8698,81227,0
JCO.US,D,20190129,000000,7.8361,7.8944,7.8361,7.853,77817,0
JCO.US,D,20190130,000000,7.8944,8.0625,7.8108,7.928,128530,0
JCO.US,D,20190131,000000,7.8865,7.9199,7.8571,7.9145,81635,0
JCO.US,D,20190201,000000,7.962,8.0457,7.8732,8.0291,61941,0
JCO.US,D,20190204,000000,7.962,8.0037,7.9113,7.987,101562,0
JCO.US,D,20190205,000000,8.0037,8.0864,7.9199,8.0798,160065,0
JCO.US,D,20190206,000000,8.0457,8.0625,7.962,7.9953,70996,0
JCO.US,D,20190207,000000,8.0954,8.0954,7.8944,7.9033,100073,0
JCO.US,D,20190208,000000,7.945,7.945,7.8865,7.8865,50916,0
JCO.US,D,20190211,000000,7.9536,8.0864,7.9027,7.9033,81536,0
JCO.US,D,20190212,000000,7.928,8.1124,7.928,8.0373,80350,0
JCO.US,D,20190213,000000,7.9786,8.0864,7.945,8.0037,52132,0
JCO.US,D,20190214,000000,8.0962,8.1383,7.9784,8.0291,32403,0
JCO.US,D,20190215,000000,8.0625,8.1243,7.9617,7.9701,42490,0
JCO.US,D,20190219,000000,8.0342,8.0342,7.9278,7.9278,40730,0
JCO.US,D,20190220,000000,8.0037,8.0457,7.9784,8.0457,38906,0
JCO.US,D,20190221,000000,8.0245,8.0625,7.9784,7.9784,69391,0
JCO.US,D,20190222,000000,8.0873,8.1556,7.9533,7.9617,93316,0
JCO.US,D,20190225,000000,8.0291,8.0291,7.9701,7.9952,37275,0
JCO.US,D,20190226,000000,8.0204,8.0457,7.9701,8.0457,45608,0
JCO.US,D,20190227,000000,8.0873,8.0873,7.9365,7.9784,52904,0
JCO.US,D,20190228,000000,7.9701,8.0122,7.9701,8.0037,37972,0
JCO.US,D,20190301,000000,8.0541,8.1005,7.987,8.0146,51996,0
JCO.US,D,20190304,000000,8.0291,8.0541,7.9952,7.9952,31587,0
JCO.US,D,20190305,000000,8.0116,8.0367,7.987,7.9952,47421,0
JCO.US,D,20190306,000000,8.0291,8.0291,7.9966,8.0291,45458,0
JCO.US,D,20190307,000000,8.0798,8.0798,7.9784,8.0798,46858,0
JCO.US,D,20190308,000000,8.0798,8.1131,8.0551,8.1047,77359,0
JCO.US,D,20190311,000000,8.0873,8.1556,7.9784,7.987,68681,0
JCO.US,D,20190312,000000,8.0534,8.0709,8.0217,8.0426,32592,0
JCO.US,D,20190313,000000,8.0373,8.0798,8.0373,8.0798,25695,0
JCO.US,D,20190314,000000,8.1981,8.1981,8.0614,8.1556,48005,0
JCO.US,D,20190315,000000,8.1468,8.1556,8.0372,8.0798,43905,0
JCO.US,D,20190318,000000,8.0635,8.1981,8.0625,8.1383,48893,0
JCO.US,D,20190319,000000,8.1723,8.1723,8.0709,8.0873,73118,0
JCO.US,D,20190320,000000,8.1131,8.1468,8.0541,8.0541,50179,0
JCO.US,D,20190321,000000,8.0962,8.1089,8.0625,8.0625,30779,0
JCO.US,D,20190322,000000,8.0625,8.0787,8.0457,8.0541,58814,0
JCO.US,D,20190325,000000,8.0625,8.0709,8.0288,8.0372,32151,0
JCO.US,D,20190326,000000,8.0457,8.0625,8.0288,8.0476,42142,0
JCO.US,D,20190327,000000,8.0625,8.0873,8.0457,8.0873,40561,0
JCO.US,D,20190328,000000,8.0541,8.0798,8.0457,8.0625,62920,0
JCO.US,D,20190329,000000,8.0798,8.1981,8.0625,8.1639,46602,0
JCO.US,D,20190401,000000,8.1981,8.1981,8.127,8.1808,21347,0
JCO.US,D,20190402,000000,8.1808,8.1895,8.1639,8.1895,32103,0
JCO.US,D,20190403,000000,8.1895,8.2816,8.1733,8.1981,74679,0
JCO.US,D,20190404,000000,8.2243,8.2415,8.1383,8.1808,59144,0
JCO.US,D,20190405,000000,8.2154,8.4271,8.1981,8.3077,50317,0
JCO.US,D,20190408,000000,8.2989,8.3464,8.1639,8.3421,44232,0
JCO.US,D,20190409,000000,8.2989,8.3852,8.2989,8.3163,42499,0
JCO.US,D,20190410,000000,8.3683,8.3683,8.3163,8.3329,32710,0
JCO.US,D,20190411,000000,8.3421,8.3683,8.3171,8.3329,34717,0
JCO.US,D,20190412,000000,8.331,8.3329,8.2573,8.2741,38578,0
JCO.US,D,20190415,000000,8.3594,8.3594,8.3245,8.3245,37404,0
JCO.US,D,20190416,000000,8.2989,8.3504,8.2741,8.2973,49034,0
JCO.US,D,20190417,000000,8.3594,8.4443,8.2931,8.4029,65839,0
JCO.US,D,20190418,000000,8.3759,8.5031,8.2789,8.411,64921,0
JCO.US,D,20190422,000000,8.3852,8.3852,8.2741,8.2741,39181,0
JCO.US,D,20190423,000000,8.2816,8.3077,8.2573,8.2662,64391,0
JCO.US,D,20190424,000000,8.3329,8.3329,8.2662,8.2662,25112,0
JCO.US,D,20190425,000000,8.2989,8.318,8.2494,8.2536,61027,0
JCO.US,D,20190426,000000,8.2494,8.2826,8.2144,8.2282,44046,0
JCO.US,D,20190429,000000,8.2907,8.2907,8.2662,8.2741,31707,0
JCO.US,D,20190430,000000,8.2573,8.3077,8.2144,8.3077,91174,0
JCO.US,D,20190501,000000,8.3421,8.3421,8.2816,8.2816,69514,0
JCO.US,D,20190502,000000,8.2989,8.3852,8.275,8.3421,41212,0
JCO.US,D,20190503,000000,8.3421,8.411,8.3421,8.3594,15795,0
JCO.US,D,20190506,000000,8.3421,8.3683,8.2816,8.3683,37215,0
JCO.US,D,20190507,000000,8.3933,8.3933,8.2989,8.3245,43976,0
JCO.US,D,20190508,000000,8.3245,8.419,8.2907,8.2989,66896,0
JCO.US,D,20190509,000000,8.2573,8.3852,8.1877,8.3329,44008,0
JCO.US,D,20190510,000000,8.3683,8.4101,8.3146,8.3852,16408,0
JCO.US,D,20190513,000000,8.3245,8.3852,8.3245,8.364,23772,0
JCO.US,D,20190514,000000,8.3504,8.504,8.3474,8.4952,84692,0
JCO.US,D,20190515,000000,8.4863,8.4952,8.4299,8.4528,52431,0
JCO.US,D,20190516,000000,8.4443,8.4693,8.3504,8.3594,31663,0
JCO.US,D,20190517,000000,8.3594,8.4207,8.3594,8.3852,15618,0
JCO.US,D,20190520,000000,8.3504,8.4528,8.3504,8.3933,33335,0
JCO.US,D,20190521,000000,8.3933,8.411,8.2907,8.3163,66675,0
JCO.US,D,20190522,000000,8.3274,8.3512,8.269,8.2734,44286,0
JCO.US,D,20190523,000000,8.1623,8.3101,8.1623,8.2989,70156,0
JCO.US,D,20190524,000000,8.2989,8.3759,8.2989,8.2989,40957,0
JCO.US,D,20190528,000000,8.3146,8.3504,8.2557,8.2734,53178,0
JCO.US,D,20190529,000000,8.3683,8.3683,8.1707,8.1877,83682,0
JCO.US,D,20190530,000000,8.2398,8.3683,8.2136,8.2484,46000,0
JCO.US,D,20190531,000000,8.2227,8.3077,8.2227,8.3077,26498,0
JCO.US,D,20190603,000000,8.3077,8.3077,8.2398,8.2398,61449,0
JCO.US,D,20190604,000000,8.2484,8.3077,8.2484,8.2734,21925,0
JCO.US,D,20190605,000000,8.2734,8.3421,8.2734,8.3421,19114,0
JCO.US,D,20190606,000000,8.3329,8.411,8.3302,8.4019,30656,0
JCO.US,D,20190607,000000,8.3751,8.411,8.3751,8.411,7060,0
JCO.US,D,20190610,000000,8.3852,8.4101,8.3852,8.3852,14743,0
JCO.US,D,20190611,000000,8.3852,8.4101,8.3852,8.3924,18794,0
JCO.US,D,20190612,000000,8.3852,8.4019,8.3504,8.4019,26808,0
JCO.US,D,20190613,000000,8.4281,8.4518,8.3943,8.411,30988,0
JCO.US,D,20190614,000000,8.3594,8.505,8.3594,8.505,42915,0
JCO.US,D,20190617,000000,8.4351,8.4693,8.3852,8.411,29844,0
JCO.US,D,20190618,000000,8.411,8.5406,8.411,8.4693,81389,0
JCO.US,D,20190619,000000,8.436,8.505,8.4271,8.4784,30932,0
JCO.US,D,20190620,000000,8.4873,8.5141,8.436,8.4443,42864,0
JCO.US,D,20190621,000000,8.4281,8.4693,8.411,8.4443,27973,0
JCO.US,D,20190624,000000,8.419,8.496,8.419,8.4281,31264,0
JCO.US,D,20190625,000000,8.419,8.436,8.3852,8.411,46411,0
JCO.US,D,20190626,000000,8.4019,8.4873,8.4019,8.4873,27637,0
JCO.US,D,20190627,000000,8.411,8.461,8.3683,8.4019,78531,0
JCO.US,D,20190628,000000,8.4693,8.4693,8.2127,8.2127,318707,0
JCO.US,D,20190701,000000,8.3329,8.3421,8.2982,8.2982,73558,0
JCO.US,D,20190702,000000,8.2898,8.3154,8.2898,8.3154,46036,0
JCO.US,D,20190703,000000,8.3068,8.3594,8.3068,8.3154,19382,0
JCO.US,D,20190705,000000,8.3245,8.3421,8.2557,8.2557,53567,0
JCO.US,D,20190708,000000,8.2643,8.3329,8.2643,8.2898,54305,0
JCO.US,D,20190709,000000,8.3245,8.4101,8.2915,8.3421,89707,0
JCO.US,D,20190710,000000,8.411,8.411,8.3421,8.3852,80051,0
JCO.US,D,20190711,000000,8.3852,8.3852,8.3421,8.3504,32032,0
JCO.US,D,20190712,000000,8.3594,8.4129,8.3594,8.3759,39396,0
JCO.US,D,20190715,000000,8.3899,8.419,8.3504,8.3852,27432,0
JCO.US,D,20190716,000000,8.4281,8.4281,8.3594,8.3683,46979,0
JCO.US,D,20190717,000000,8.3852,8.4281,8.3852,8.3933,32034,0
JCO.US,D,20190718,000000,8.3683,8.4281,8.3683,8.411,59087,0
JCO.US,D,20190719,000000,8.445,8.462,8.3933,8.3933,51195,0
JCO.US,D,20190722,000000,8.3852,8.437,8.3759,8.3759,30120,0
JCO.US,D,20190723,000000,8.3933,8.4793,8.3933,8.4701,76298,0
JCO.US,D,20190724,000000,8.4793,8.5667,8.4701,8.4793,120902,0
JCO.US,D,20190725,000000,8.445,8.5165,8.419,8.4883,74232,0
JCO.US,D,20190726,000000,8.497,8.5415,8.4536,8.4883,62435,0
JCO.US,D,20190729,000000,8.4811,8.506,8.445,8.445,60536,0
JCO.US,D,20190730,000000,8.506,8.5495,8.445,8.5495,52327,0
JCO.US,D,20190731,000000,8.5236,8.5236,8.4281,8.4536,67520,0
JCO.US,D,20190801,000000,8.437,8.4892,8.4019,8.4019,39472,0
JCO.US,D,20190802,000000,8.411,8.4379,8.3852,8.4281,40923,0
JCO.US,D,20190805,000000,8.3594,8.4701,8.3594,8.4701,27248,0
JCO.US,D,20190806,000000,8.4019,8.462,8.3594,8.419,29176,0
JCO.US,D,20190807,000000,8.4019,8.4883,8.4019,8.419,27931,0
JCO.US,D,20190808,000000,8.411,8.4784,8.411,8.4701,12412,0
JCO.US,D,20190809,000000,8.4701,8.506,8.4546,8.4909,38974,0
JCO.US,D,20190812,000000,8.4793,8.5579,8.4536,8.496,64480,0
JCO.US,D,20190813,000000,8.5149,8.5149,8.4281,8.497,61731,0
JCO.US,D,20190814,000000,8.437,8.5236,8.3788,8.4281,104408,0
JCO.US,D,20190815,000000,8.4405,8.4405,8.3412,8.3412,96776,0
JCO.US,D,20190816,000000,8.3496,8.3751,8.2716,8.2799,146279,0
JCO.US,D,20190819,000000,8.2973,8.3674,8.2973,8.3412,71642,0
JCO.US,D,20190820,000000,8.2888,8.3319,8.2888,8.3319,50721,0
JCO.US,D,20190821,000000,8.3674,8.3842,8.3235,8.3751,54152,0
JCO.US,D,20190822,000000,8.3842,8.4055,8.3709,8.3924,89502,0
JCO.US,D,20190823,000000,8.3496,8.401,8.3496,8.3751,18363,0
JCO.US,D,20190826,000000,8.3842,8.437,8.2799,8.2799,118200,0
JCO.US,D,20190827,000000,8.2888,8.3319,8.2888,8.3319,57567,0
JCO.US,D,20190828,000000,8.3319,8.3751,8.3058,8.3586,82750,0
JCO.US,D,20190829,000000,8.3674,8.419,8.3568,8.3751,71154,0
JCO.US,D,20190830,000000,8.3674,8.419,8.3674,8.3842,40010,0
JCO.US,D,20190903,000000,8.445,8.445,8.3531,8.3586,45938,0
JCO.US,D,20190904,000000,8.3834,8.3842,8.3319,8.3751,70321,0
JCO.US,D,20190905,000000,8.3674,8.401,8.3496,8.3751,74453,0
JCO.US,D,20190906,000000,8.4101,8.462,8.3751,8.4536,67702,0
JCO.US,D,20190909,000000,8.4536,8.5236,8.4475,8.5236,55413,0
JCO.US,D,20190910,000000,8.5103,8.5236,8.4536,8.5236,42712,0
JCO.US,D,20190911,000000,8.5149,8.5543,8.5149,8.5415,33350,0
JCO.US,D,20190912,000000,8.5495,8.5849,8.462,8.497,22326,0
JCO.US,D,20190913,000000,8.506,8.5667,8.4091,8.5667,85392,0
JCO.US,D,20190916,000000,8.5849,8.5939,8.5301,8.5495,41350,0
JCO.US,D,20190917,000000,8.5758,8.6029,8.5415,8.5667,44324,0
JCO.US,D,20190918,000000,8.6113,8.6113,8.5326,8.5415,42439,0
JCO.US,D,20190919,000000,8.556,8.6113,8.5543,8.6113,62358,0
JCO.US,D,20190920,000000,8.5667,8.6236,8.5667,8.6201,31387,0
JCO.US,D,20190923,000000,8.5589,8.6201,8.5589,8.6201,17255,0
JCO.US,D,20190924,000000,8.5758,8.6201,8.5758,8.6113,31208,0
JCO.US,D,20190925,000000,8.6029,8.6201,8.6029,8.6201,22898,0
JCO.US,D,20190926,000000,8.6029,8.6201,8.6029,8.6201,8214,0
JCO.US,D,20190927,000000,8.6029,8.6201,8.6029,8.6201,11116,0
JCO.US,D,20190930,000000,8.6029,8.6201,8.5849,8.6201,58681,0
JCO.US,D,20191001,000000,8.6201,8.6201,8.6029,8.6201,30171,0
JCO.US,D,20191002,000000,8.5667,8.6201,8.5589,8.6201,24450,0
JCO.US,D,20191003,000000,8.5939,8.6201,8.5667,8.5849,40786,0
JCO.US,D,20191004,000000,8.5849,8.6201,8.5667,8.5758,32765,0
JCO.US,D,20191007,000000,8.5589,8.6113,8.5589,8.5758,31129,0
JCO.US,D,20191008,000000,8.5667,8.6201,8.5667,8.6201,45191,0
JCO.US,D,20191009,000000,8.5758,8.6113,8.5758,8.6113,24686,0
JCO.US,D,20191010,000000,8.5849,8.6447,8.5849,8.6266,23572,0
JCO.US,D,20191011,000000,8.6029,8.6447,8.6029,8.6447,21250,0
JCO.US,D,20191014,000000,8.6266,8.6889,8.5667,8.6447,115837,0
JCO.US,D,20191015,000000,8.6447,8.6889,8.6356,8.6627,24416,0
JCO.US,D,20191016,000000,8.6447,8.6889,8.6113,8.6627,68697,0
JCO.US,D,20191017,000000,8.6201,8.6889,8.6113,8.6889,65858,0
JCO.US,D,20191018,000000,8.6266,8.6889,8.6201,8.6889,43870,0
JCO.US,D,20191021,000000,8.6029,8.7257,8.6029,8.7074,28041,0
JCO.US,D,20191022,000000,8.6537,8.7074,8.6537,8.6889,48402,0
JCO.US,D,20191023,000000,8.6266,8.6889,8.6201,8.6889,33759,0
JCO.US,D,20191024,000000,8.6537,8.6889,8.6537,8.6627,36391,0
JCO.US,D,20191025,000000,8.6447,8.7074,8.6447,8.6715,58239,0
JCO.US,D,20191028,000000,8.6715,8.6735,8.6266,8.6266,54295,0
JCO.US,D,20191029,000000,8.6356,8.6627,8.6113,8.6356,17522,0
JCO.US,D,20191030,000000,8.6983,8.6983,8.6266,8.6266,33216,0
JCO.US,D,20191031,000000,8.6428,8.6715,8.6113,8.6537,35772,0
JCO.US,D,20191101,000000,8.7165,8.7165,8.6201,8.6266,36025,0
JCO.US,D,20191104,000000,8.6266,8.7513,8.6113,8.6889,100984,0
JCO.US,D,20191105,000000,8.7165,8.7165,8.6266,8.6447,33127,0
JCO.US,D,20191106,000000,8.6201,8.6889,8.6113,8.6312,50736,0
JCO.US,D,20191107,000000,8.6356,8.6563,8.6356,8.6447,16082,0
JCO.US,D,20191108,000000,8.6356,8.7513,8.6266,8.7165,75357,0
JCO.US,D,20191111,000000,8.6715,8.7505,8.6715,8.7165,36429,0
JCO.US,D,20191112,000000,8.6537,8.6889,8.6356,8.6447,49242,0
JCO.US,D,20191113,000000,8.6682,8.7778,8.6447,8.6447,91512,0
JCO.US,D,20191114,000000,8.7438,8.7438,8.6266,8.6312,59903,0
JCO.US,D,20191115,000000,8.6356,8.7074,8.6356,8.6889,28586,0
JCO.US,D,20191118,000000,8.6802,8.6973,8.6537,8.6889,18117,0
JCO.US,D,20191119,000000,8.6889,8.7165,8.6537,8.6627,27656,0
JCO.US,D,20191120,000000,8.6715,8.7257,8.6447,8.7257,48144,0
JCO.US,D,20191121,000000,8.7165,8.7257,8.504,8.5131,164877,0
JCO.US,D,20191122,000000,8.6029,8.6201,8.504,8.5939,88660,0
JCO.US,D,20191125,000000,8.5939,8.5939,8.522,8.5667,39624,0
JCO.US,D,20191126,000000,8.522,8.5939,8.5122,8.5758,88069,0
JCO.US,D,20191127,000000,8.5758,8.6029,8.5486,8.5758,102999,0
JCO.US,D,20191129,000000,8.5758,8.5758,8.4863,8.5667,15495,0
JCO.US,D,20191202,000000,8.5667,8.5939,8.5397,8.5579,68792,0
JCO.US,D,20191203,000000,8.5486,8.7602,8.5486,8.7303,275104,0
JCO.US,D,20191204,000000,8.6889,8.8125,8.6537,8.752,131880,0
JCO.US,D,20191205,000000,8.7878,8.8199,8.7157,8.7888,152896,0
JCO.US,D,20191206,000000,8.8199,8.8199,8.752,8.7694,84129,0
JCO.US,D,20191209,000000,8.775,8.775,8.6889,8.7257,69440,0
JCO.US,D,20191210,000000,8.7347,8.8045,8.7347,8.752,55704,0
JCO.US,D,20191211,000000,8.764,8.8199,8.6889,8.7165,170245,0
JCO.US,D,20191212,000000,8.7321,8.7667,8.7321,8.7667,88877,0
JCO.US,D,20191213,000000,8.7574,8.7667,8.7321,8.7667,27594,0
JCO.US,D,20191216,000000,8.7667,8.8638,8.7547,8.8459,96327,0
JCO.US,D,20191217,000000,8.8019,8.8459,8.7667,8.818,63131,0
JCO.US,D,20191218,000000,8.7943,8.8638,8.7852,8.8638,63036,0
JCO.US,D,20191219,000000,8.8272,9.0186,8.8142,8.9003,87887,0
JCO.US,D,20191220,000000,8.9003,8.9003,8.7759,8.7759,64215,0
JCO.US,D,20191223,000000,8.7759,8.8019,8.7495,8.7574,56894,0
JCO.US,D,20191224,000000,8.7574,8.8133,8.7574,8.7852,15326,0
JCO.US,D,20191226,000000,8.8459,8.8459,8.7972,8.8019,6073,0
JCO.US,D,20191227,000000,8.8638,8.8638,8.7574,8.7667,23856,0
JCO.US,D,20191230,000000,8.818,8.843,8.7852,8.8019,24347,0
JCO.US,D,20191231,000000,8.9003,8.9003,8.8382,8.8909,42390,0
JCO.US,D,20200102,000000,8.9003,8.9003,8.7574,8.7759,63872,0
JCO.US,D,20200103,000000,8.7852,8.8459,8.7667,8.7852,43906,0
JCO.US,D,20200106,000000,8.7759,8.818,8.7759,8.8019,40461,0
JCO.US,D,20200107,000000,8.818,8.8909,8.7852,8.8272,97184,0
JCO.US,D,20200108,000000,8.7943,8.8732,8.7943,8.8459,64835,0
JCO.US,D,20200109,000000,8.8272,8.8816,8.8272,8.8788,43846,0
JCO.US,D,20200110,000000,8.8816,8.8909,8.8272,8.8272,40258,0
JCO.US,D,20200113,000000,8.8366,8.8909,8.8366,8.8909,40837,0
JCO.US,D,20200114,000000,8.9166,8.9354,8.8638,8.8638,73140,0
JCO.US,D,20200115,000000,8.8732,8.926,8.8732,8.9047,39815,0
JCO.US,D,20200116,000000,8.8816,8.9541,8.8816,8.9087,90952,0
JCO.US,D,20200117,000000,8.9087,8.9799,8.8816,8.9541,87465,0
JCO.US,D,20200121,000000,8.9541,9.0061,8.8816,8.8816,67728,0
JCO.US,D,20200122,000000,8.8816,8.9087,8.8638,8.8638,83589,0
JCO.US,D,20200123,000000,8.8638,8.8732,8.8548,8.8548,51648,0
JCO.US,D,20200124,000000,8.8548,8.9087,8.8548,8.8638,46637,0
JCO.US,D,20200127,000000,8.8459,8.8909,8.8459,8.8816,33049,0
JCO.US,D,20200128,000000,8.8638,8.8816,8.8548,8.8548,60834,0
JCO.US,D,20200129,000000,8.8548,8.9087,8.8459,8.9003,77042,0
JCO.US,D,20200130,000000,8.8638,8.9087,8.8638,8.9087,96402,0
JCO.US,D,20200131,000000,8.8909,9.0603,8.8732,8.9087,68097,0
JCO.US,D,20200203,000000,8.9087,8.9541,8.8909,8.8909,29336,0
JCO.US,D,20200204,000000,8.8638,8.8966,8.8459,8.8459,68032,0
JCO.US,D,20200205,000000,8.8816,8.926,8.8628,8.9087,70511,0
JCO.US,D,20200206,000000,8.9087,8.9214,8.9003,8.9166,79357,0
JCO.US,D,20200207,000000,8.9231,8.9704,8.8909,8.9003,72250,0
JCO.US,D,20200210,000000,8.9799,8.9799,8.8732,8.9087,33775,0
JCO.US,D,20200211,000000,9.0241,9.0241,8.8816,8.8816,107162,0
JCO.US,D,20200212,000000,8.9003,8.9087,8.8816,8.9087,46024,0
JCO.US,D,20200213,000000,8.9138,8.9231,8.8788,8.8788,66170,0
JCO.US,D,20200214,000000,8.9419,8.9419,8.8704,8.8788,60477,0
JCO.US,D,20200218,000000,8.8788,8.9512,8.8611,8.8611,71207,0
JCO.US,D,20200219,000000,8.8611,8.9231,8.843,8.8524,110412,0
JCO.US,D,20200220,000000,8.8524,8.8976,8.843,8.8611,49639,0
JCO.US,D,20200221,000000,8.8524,8.8806,8.843,8.843,95211,0
JCO.US,D,20200224,000000,8.843,8.8788,8.8244,8.8338,104582,0
JCO.US,D,20200225,000000,8.8788,8.8788,8.8338,8.8338,54061,0
JCO.US,D,20200226,000000,8.8704,8.8704,8.843,8.8563,54399,0
JCO.US,D,20200227,000000,8.8244,8.8524,8.8244,8.8291,54163,0
JCO.US,D,20200228,000000,8.8151,8.8151,8.7092,8.7529,77023,0
JCO.US,D,20200302,000000,8.7363,8.8,8.7002,8.7021,34949,0
JCO.US,D,20200303,000000,8.7002,8.7191,8.6373,8.6725,93839,0
JCO.US,D,20200304,000000,8.7183,8.7183,8.6284,8.6463,65902,0
JCO.US,D,20200305,000000,8.6463,8.8244,8.6463,8.7191,140751,0
JCO.US,D,20200306,000000,8.6819,8.6819,8.6554,8.6725,63967,0
JCO.US,D,20200309,000000,8.6284,8.6284,8.4583,8.4583,103302,0
JCO.US,D,20200310,000000,8.4493,8.6492,8.3688,8.6113,51827,0
JCO.US,D,20200311,000000,8.593,8.7677,8.4224,8.4451,84838,0
JCO.US,D,20200312,000000,8.2792,8.3362,7.1873,8.2527,124716,0
JCO.US,D,20200313,000000,8.1004,8.2613,7.9749,8.2167,46808,0
JCO.US,D,20200316,000000,7.608,8.0466,7.5545,7.6709,75997,0
JCO.US,D,20200317,000000,7.5185,7.7693,7.1784,7.1784,108286,0
JCO.US,D,20200318,000000,6.8919,6.9816,5.3076,5.3972,125817,0
JCO.US,D,20200319,000000,5.3167,6.3373,4.8422,6.1133,182823,0
JCO.US,D,20200320,000000,5.8539,6.5394,5.8539,5.9611,111788,0
JCO.US,D,20200323,000000,5.8358,5.8851,5.3703,5.4153,107943,0
JCO.US,D,20200324,000000,5.6388,5.9971,5.6279,5.8807,94136,0
JCO.US,D,20200325,000000,6.1489,7.0711,6.0417,6.9905,97463,0
JCO.US,D,20200326,000000,6.8116,7.1966,6.695,6.9278,76016,0
JCO.US,D,20200327,000000,6.5698,6.8201,6.5428,6.8201,59361,0
JCO.US,D,20200330,000000,7.0084,7.0264,6.713,7.0264,42626,0
JCO.US,D,20200331,000000,7.062,7.1604,6.9635,7.1516,55579,0
JCO.US,D,20200401,000000,7.0533,7.1337,6.9278,7.1337,105375,0
JCO.US,D,20200402,000000,7.1337,7.1604,6.9367,6.9456,80214,0
JCO.US,D,20200403,000000,6.8472,6.9726,6.8472,6.9549,23982,0
JCO.US,D,20200406,000000,7.1604,7.1604,6.9099,6.9816,77174,0
JCO.US,D,20200407,000000,7.1425,7.1516,6.9816,7.1158,79680,0
JCO.US,D,20200408,000000,7.1158,7.1604,6.9816,7.0264,85319,0
JCO.US,D,20200409,000000,7.1604,7.3933,7.1337,7.1425,57333,0
JCO.US,D,20200413,000000,7.0351,7.062,6.7321,7.0351,52274,0
JCO.US,D,20200414,000000,7.1405,7.2205,6.9604,6.9964,76092,0
JCO.US,D,20200415,000000,6.9425,7.0414,6.788,7.0237,40394,0
JCO.US,D,20200416,000000,7.0685,7.1383,6.8435,6.9694,63207,0
JCO.US,D,20200417,000000,6.9874,7.0864,6.8435,6.9245,67115,0
JCO.US,D,20200420,000000,6.8703,6.9603,6.7985,6.8883,64990,0
JCO.US,D,20200421,000000,6.7175,6.8252,6.6274,6.7444,48188,0
JCO.US,D,20200422,000000,6.7985,7.2034,6.7444,7.2034,75115,0
JCO.US,D,20200423,000000,7.1315,7.3928,7.0237,7.3389,44980,0
JCO.US,D,20200424,000000,7.3838,7.4737,7.3117,7.4737,22772,0
JCO.US,D,20200427,000000,7.4197,7.4197,7.2494,7.2756,37266,0
JCO.US,D,20200428,000000,7.2756,7.3567,7.0325,7.0957,57654,0
JCO.US,D,20200429,000000,7.1948,7.3389,7.0506,7.2262,77777,0
JCO.US,D,20200430,000000,7.2304,7.2341,6.9874,7.1405,53923,0
JCO.US,D,20200501,000000,7.0864,7.2217,6.6905,6.8351,60574,0
JCO.US,D,20200504,000000,6.7263,6.8516,6.6812,6.7084,10133,0
JCO.US,D,20200505,000000,6.7355,6.8435,6.7355,6.8253,33875,0
JCO.US,D,20200506,000000,6.9624,6.9624,6.7723,6.7985,24767,0
JCO.US,D,20200507,000000,6.8615,6.8615,6.6273,6.6273,41917,0
JCO.US,D,20200508,000000,6.7444,6.8435,6.6544,6.8205,31248,0
JCO.US,D,20200511,000000,6.8524,7.0957,6.7363,6.8883,47933,0
JCO.US,D,20200512,000000,6.895,6.9934,6.8524,6.9064,31864,0
JCO.US,D,20200513,000000,6.9065,6.9065,6.6184,6.6273,73177,0
JCO.US,D,20200514,000000,6.6155,6.6608,6.6155,6.6383,38792,0
JCO.US,D,20200515,000000,6.6427,6.7063,6.5908,6.6065,79228,0
JCO.US,D,20200518,000000,6.7243,6.7514,6.6518,6.7514,54355,0
JCO.US,D,20200519,000000,6.7878,6.9556,6.5974,6.7878,49095,0
JCO.US,D,20200520,000000,6.7878,6.8964,6.7878,6.842,20607,0
JCO.US,D,20200521,000000,6.9281,6.9418,6.842,6.8514,22443,0
JCO.US,D,20200522,000000,6.8783,6.9282,6.842,6.9147,31699,0
JCO.US,D,20200526,000000,7.3678,7.3678,7.0291,7.1773,27380,0
JCO.US,D,20200527,000000,7.26,7.4401,7.2498,7.4271,85536,0
JCO.US,D,20200528,000000,7.3678,7.4131,7.2498,7.4039,55141,0
JCO.US,D,20200529,000000,7.5127,7.5127,7.1342,7.2137,59436,0
JCO.US,D,20200601,000000,7.3678,7.4673,7.1591,7.2045,36734,0
JCO.US,D,20200602,000000,7.2137,7.3223,7.2045,7.2835,18605,0
JCO.US,D,20200603,000000,7.3223,7.5127,7.2726,7.4312,43657,0
JCO.US,D,20200604,000000,7.4493,7.4493,7.2409,7.3223,34817,0
JCO.US,D,20200605,000000,7.3948,7.5941,7.3948,7.531,44413,0
JCO.US,D,20200608,000000,7.5219,7.7484,7.5219,7.7031,22377,0
JCO.US,D,20200609,000000,7.6849,7.6849,7.5941,7.6758,19379,0
JCO.US,D,20200610,000000,7.7378,7.7392,7.6124,7.7121,30244,0
JCO.US,D,20200611,000000,7.5039,7.7665,7.4856,7.5443,25387,0
JCO.US,D,20200612,000000,7.6919,7.7285,7.4004,7.5645,24020,0
JCO.US,D,20200615,000000,7.4642,7.8198,7.4095,7.5188,17849,0
JCO.US,D,20200616,000000,7.5736,7.6191,7.4459,7.4733,27167,0
JCO.US,D,20200617,000000,7.4277,7.5098,7.4277,7.4277,35691,0
JCO.US,D,20200618,000000,7.4186,7.4813,7.3588,7.4553,23655,0
JCO.US,D,20200619,000000,7.5401,7.6601,7.4186,7.5205,23462,0
JCO.US,D,20200622,000000,7.5736,7.6146,7.5645,7.5736,24317,0
JCO.US,D,20200623,000000,7.6099,7.6831,7.5357,7.5372,48904,0
JCO.US,D,20200624,000000,7.4097,7.5598,7.4097,7.5281,30548,0
JCO.US,D,20200625,000000,7.5006,7.5372,7.4186,7.4553,40127,0
JCO.US,D,20200626,000000,7.7145,7.7195,7.373,7.7195,57521,0
JCO.US,D,20200629,000000,7.7013,7.8836,7.5645,7.7102,60543,0
JCO.US,D,20200630,000000,7.7195,7.8379,7.7102,7.7558,48946,0
JCO.US,D,20200701,000000,7.9107,7.9563,7.7951,7.9472,34489,0
JCO.US,D,20200702,000000,7.8743,8.0112,7.364,7.5645,229378,0
JCO.US,D,20200706,000000,7.5556,7.6978,7.4826,7.4826,28295,0
JCO.US,D,20200707,000000,7.4826,7.7013,7.4826,7.6919,68708,0
JCO.US,D,20200708,000000,7.6555,7.7832,7.6555,7.7195,46126,0
JCO.US,D,20200709,000000,7.7102,7.7195,7.6555,7.6739,14809,0
JCO.US,D,20200710,000000,7.7102,7.7375,7.5917,7.5917,16847,0
JCO.US,D,20200713,000000,7.6555,7.7741,7.6554,7.6919,20120,0
JCO.US,D,20200714,000000,7.7878,7.8341,7.7791,7.8032,26848,0
JCO.US,D,20200715,000000,7.7971,7.8063,7.7786,7.7878,28830,0
JCO.US,D,20200716,000000,7.7786,7.7924,7.5574,7.5942,54897,0
JCO.US,D,20200717,000000,7.576,7.6321,7.5574,7.5942,47502,0
JCO.US,D,20200720,000000,7.5851,7.6304,7.4007,7.5023,65861,0
JCO.US,D,20200721,000000,7.5023,7.5483,7.4468,7.4745,66966,0
JCO.US,D,20200722,000000,7.4284,7.4885,7.3457,7.4284,70033,0
JCO.US,D,20200723,000000,7.364,7.4378,7.364,7.4378,57992,0
JCO.US,D,20200724,000000,7.4378,7.4653,7.3916,7.3916,59371,0
JCO.US,D,20200727,000000,7.4284,7.5483,7.4007,7.5391,54604,0
JCO.US,D,20200728,000000,7.5207,7.5851,7.4839,7.4839,39324,0
JCO.US,D,20200729,000000,7.5299,7.6403,7.5233,7.6403,24809,0
JCO.US,D,20200730,000000,7.6959,7.6959,7.6038,7.6681,33722,0
JCO.US,D,20200731,000000,7.6499,7.6499,7.6217,7.6221,6293,0
JCO.US,D,20200803,000000,7.7786,7.7786,7.6403,7.7142,33123,0
JCO.US,D,20200804,000000,7.7235,7.7786,7.6499,7.7142,35999,0
JCO.US,D,20200805,000000,7.7142,7.7142,7.6128,7.6128,51590,0
JCO.US,D,20200806,000000,7.6221,7.7142,7.6221,7.669,30083,0
JCO.US,D,20200807,000000,7.6128,7.6773,7.576,7.6773,35585,0
JCO.US,D,20200810,000000,7.6773,7.7142,7.6499,7.6681,21842,0
JCO.US,D,20200811,000000,7.6681,7.6902,7.6499,7.6681,16543,0
JCO.US,D,20200812,000000,7.7048,7.7418,7.6451,7.7327,39367,0
JCO.US,D,20200813,000000,7.6835,7.7113,7.6372,7.6649,41598,0
JCO.US,D,20200814,000000,7.8039,7.8039,7.5723,7.6001,37232,0
JCO.US,D,20200817,000000,7.7577,7.7577,7.5907,7.6092,67643,0
JCO.US,D,20200818,000000,7.6281,7.6649,7.554,7.5723,54793,0
JCO.US,D,20200819,000000,7.6185,7.6556,7.595,7.6281,42919,0
JCO.US,D,20200820,000000,7.5723,7.6092,7.5444,7.5444,50813,0
JCO.US,D,20200821,000000,7.5444,7.5907,7.5352,7.554,36746,0
JCO.US,D,20200824,000000,7.563,7.6185,7.554,7.563,24755,0
JCO.US,D,20200825,000000,7.5791,7.5791,7.5352,7.563,16671,0
JCO.US,D,20200826,000000,7.563,7.6185,7.4981,7.5075,64197,0
JCO.US,D,20200827,000000,7.5259,7.5444,7.4981,7.5442,47987,0
JCO.US,D,20200828,000000,7.563,7.563,7.4797,7.5444,43021,0
JCO.US,D,20200831,000000,7.5444,7.5444,7.4797,7.5352,43977,0
JCO.US,D,20200901,000000,7.5352,7.5723,7.5166,7.5723,44106,0
JCO.US,D,20200902,000000,7.5444,7.5723,7.5075,7.554,66666,0
JCO.US,D,20200903,000000,7.5352,7.5352,7.4611,7.4934,37936,0
JCO.US,D,20200904,000000,7.5075,7.5155,7.4148,7.508,41769,0
JCO.US,D,20200908,000000,7.4423,7.5259,7.4423,7.5259,30201,0
JCO.US,D,20200909,000000,7.563,7.563,7.5166,7.5166,25835,0
JCO.US,D,20200910,000000,7.5075,7.563,7.5075,7.554,17702,0
JCO.US,D,20200911,000000,7.6001,7.6001,7.4981,7.4981,22871,0
JCO.US,D,20200914,000000,7.6259,7.6259,7.5419,7.5513,17777,0
JCO.US,D,20200915,000000,7.5886,7.6445,7.5513,7.598,75147,0
JCO.US,D,20200916,000000,7.598,7.6259,7.5419,7.5513,41434,0
JCO.US,D,20200917,000000,7.5419,7.5886,7.4766,7.5139,47258,0
JCO.US,D,20200918,000000,7.5232,7.5607,7.5139,7.5373,16026,0
JCO.US,D,20200921,000000,7.4861,7.5699,7.4581,7.4581,49204,0
JCO.US,D,20200922,000000,7.4952,7.5,7.4393,7.4393,18977,0
JCO.US,D,20200923,000000,7.4673,7.487,7.4116,7.4116,44273,0
JCO.US,D,20200924,000000,7.4487,7.4487,7.2715,7.2807,61557,0
JCO.US,D,20200925,000000,7.309,7.3836,7.2717,7.3836,36904,0
JCO.US,D,20200928,000000,7.4952,7.4952,7.3183,7.4116,85847,0
JCO.US,D,20200929,000000,7.3928,7.4116,7.346,7.4116,39344,0
JCO.US,D,20200930,000000,7.4207,7.4393,7.3183,7.3555,77180,0
JCO.US,D,20201001,000000,7.4302,7.4302,7.3555,7.4021,58412,0
JCO.US,D,20201002,000000,7.3183,7.4116,7.3183,7.4116,36298,0
JCO.US,D,20201005,000000,7.4116,7.4581,7.3928,7.4487,88824,0
JCO.US,D,20201006,000000,7.4487,7.4861,7.3884,7.4581,81396,0
JCO.US,D,20201007,000000,7.4766,7.5139,7.4581,7.4861,79803,0
JCO.US,D,20201008,000000,7.4861,7.5328,7.4861,7.5048,29170,0
JCO.US,D,20201009,000000,7.4861,7.5195,7.4581,7.4581,37879,0
JCO.US,D,20201012,000000,7.4673,7.4673,7.4021,7.4581,65811,0
JCO.US,D,20201013,000000,7.4581,7.4735,7.374,7.4116,93488,0
JCO.US,D,20201014,000000,7.4369,7.4742,7.4369,7.4557,40898,0
JCO.US,D,20201015,000000,7.4369,7.4557,7.3805,7.4557,83706,0
JCO.US,D,20201016,000000,7.4273,7.4584,7.4087,7.4179,52013,0
JCO.US,D,20201019,000000,7.4273,7.4649,7.4087,7.4179,36695,0
JCO.US,D,20201020,000000,7.4179,7.4649,7.4087,7.4087,98528,0
JCO.US,D,20201021,000000,7.4087,7.4649,7.4087,7.4649,64342,0
JCO.US,D,20201022,000000,7.4369,7.4648,7.4369,7.4369,69328,0
JCO.US,D,20201023,000000,7.4369,7.4838,7.4369,7.4369,65182,0
JCO.US,D,20201026,000000,7.4369,7.464,7.4273,7.4273,56785,0
JCO.US,D,20201027,000000,7.4557,7.4742,7.4273,7.4369,26988,0
JCO.US,D,20201028,000000,7.4369,7.4415,7.3805,7.3899,71350,0
JCO.US,D,20201029,000000,7.4087,7.4557,7.3991,7.3991,36542,0
JCO.US,D,20201030,000000,7.4179,7.4312,7.3619,7.3619,35448,0
JCO.US,D,20201102,000000,7.4273,7.4369,7.315,7.3336,53968,0
JCO.US,D,20201103,000000,7.3431,7.4369,7.3431,7.3805,39580,0
JCO.US,D,20201104,000000,7.3711,7.4695,7.3522,7.3805,66279,0
JCO.US,D,20201105,000000,7.5586,7.599,7.4088,7.5775,133875,0
JCO.US,D,20201106,000000,7.5586,7.6526,7.5586,7.643,86697,0
JCO.US,D,20201109,000000,7.6995,7.8211,7.615,7.7555,89389,0
JCO.US,D,20201110,000000,7.7369,7.7838,7.5962,7.7555,97197,0
JCO.US,D,20201111,000000,7.7369,7.7838,7.615,7.7555,76577,0
JCO.US,D,20201112,000000,7.7245,7.7245,7.6395,7.6679,47498,0
JCO.US,D,20201113,000000,7.6773,7.6773,7.5264,7.5641,157795,0
JCO.US,D,20201116,000000,7.5641,7.6395,7.5565,7.583,73081,0
JCO.US,D,20201117,000000,7.583,7.7245,7.5359,7.7245,129320,0
JCO.US,D,20201118,000000,7.6963,7.7999,7.6963,7.7527,56076,0
JCO.US,D,20201119,000000,7.734,7.9651,7.734,7.8942,71226,0
JCO.US,D,20201120,000000,7.8565,7.8565,7.7717,7.8094,56216,0
JCO.US,D,20201123,000000,7.7999,7.8471,7.7245,7.7717,58091,0
JCO.US,D,20201124,000000,7.7433,7.8282,7.6773,7.6963,101348,0
JCO.US,D,20201125,000000,7.6773,7.734,7.6773,7.734,36197,0
JCO.US,D,20201127,000000,7.7245,7.7622,7.7054,7.7151,32331,0
JCO.US,D,20201130,000000,7.7054,7.7527,7.6963,7.734,108395,0
JCO.US,D,20201201,000000,7.7151,7.7811,7.7151,7.7527,56338,0
JCO.US,D,20201202,000000,7.7054,7.7811,7.7054,7.7527,97747,0
JCO.US,D,20201203,000000,7.7151,7.7696,7.7151,7.7245,60691,0
JCO.US,D,20201204,000000,7.734,7.7999,7.7151,7.7433,56588,0
JCO.US,D,20201207,000000,7.7245,7.7304,7.6679,7.6773,69895,0
JCO.US,D,20201208,000000,7.6773,7.7054,7.6492,7.6963,70072,0
JCO.US,D,20201209,000000,7.6679,7.7245,7.6679,7.6679,64822,0
JCO.US,D,20201210,000000,7.6583,7.7054,7.6208,7.6963,140361,0
JCO.US,D,20201211,000000,7.6492,7.701,7.6302,7.6963,138793,0
JCO.US,D,20201214,000000,7.7313,7.7313,7.6933,7.7075,62356,0
JCO.US,D,20201215,000000,7.7313,7.7977,7.7028,7.7408,137851,0
JCO.US,D,20201216,000000,7.7028,7.7123,7.6364,7.6553,182209,0
JCO.US,D,20201217,000000,7.6648,7.6745,7.6173,7.6364,122587,0
JCO.US,D,20201218,000000,7.6173,7.6553,7.6079,7.6271,79645,0
JCO.US,D,20201221,000000,7.6364,7.6364,7.5605,7.57,172635,0
JCO.US,D,20201222,000000,7.57,7.6173,7.5511,7.6079,171520,0
JCO.US,D,20201223,000000,7.5797,7.6553,7.5797,7.6173,147023,0
JCO.US,D,20201224,000000,7.6079,7.6459,7.6079,7.6173,41693,0
JCO.US,D,20201228,000000,7.6079,7.6553,7.589,7.6079,171967,0
JCO.US,D,20201229,000000,7.589,7.6271,7.57,7.589,232118,0
JCO.US,D,20201230,000000,7.6079,7.6459,7.589,7.6173,150958,0
JCO.US,D,20201231,000000,7.6173,7.6508,7.589,7.6271,251090,0
JCO.US,D,20210104,000000,7.6173,7.6553,7.5842,7.6459,108826,0
JCO.US,D,20210105,000000,7.6271,7.7123,7.6079,7.7123,65259,0
JCO.US,D,20210106,000000,7.6933,7.7219,7.6745,7.7028,51439,0
JCO.US,D,20210107,000000,7.6839,7.8357,7.6839,7.8071,176377,0
JCO.US,D,20210108,000000,7.7881,7.8357,7.7408,7.8261,154005,0
JCO.US,D,20210111,000000,7.7612,7.8168,7.7408,7.8168,62995,0
JCO.US,D,20210112,000000,7.7881,7.8071,7.7313,7.7786,151142,0
JCO.US,D,20210113,000000,7.7786,7.7977,7.7313,7.7786,81137,0
JCO.US,D,20210114,000000,7.7757,7.814,7.709,7.7664,219390,0
JCO.US,D,20210115,000000,7.795,7.795,7.728,7.7377,66790,0
JCO.US,D,20210119,000000,7.7757,7.8428,7.728,7.8234,140910,0
JCO.US,D,20210120,000000,7.8234,7.8712,7.8234,7.8428,93924,0
JCO.US,D,20210121,000000,7.8331,7.8615,7.8234,7.8428,51713,0
JCO.US,D,20210122,000000,7.8428,7.8617,7.7759,7.8428,75761,0
JCO.US,D,20210125,000000,7.8234,7.838,7.7855,7.8044,46848,0
JCO.US,D,20210126,000000,7.8522,7.8808,7.8044,7.8712,76344,0
JCO.US,D,20210127,000000,7.8617,7.8617,7.7855,7.8522,51871,0
JCO.US,D,20210128,000000,7.8234,7.8905,7.814,7.8712,83688,0
JCO.US,D,20210129,000000,7.8522,7.8712,7.8044,7.8617,139145,0
JCO.US,D,20210201,000000,7.8905,7.8905,7.8428,7.8905,33285,0
JCO.US,D,20210202,000000,7.8905,7.9095,7.8712,7.9095,27460,0
JCO.US,D,20210203,000000,7.8905,7.8905,7.8522,7.8617,64499,0
JCO.US,D,20210204,000000,7.8617,7.8868,7.8617,7.8617,27582,0
JCO.US,D,20210205,000000,7.8617,7.9095,7.8522,7.8905,57909,0
JCO.US,D,20210208,000000,7.8712,7.8905,7.8712,7.8808,51396,0
JCO.US,D,20210209,000000,7.8712,7.9284,7.8712,7.9189,48140,0
JCO.US,D,20210210,000000,7.9475,7.9475,7.9095,7.9189,72142,0
JCO.US,D,20210211,000000,7.8777,7.9545,7.8777,7.9354,52598,0
JCO.US,D,20210212,000000,7.9257,7.9927,7.9257,7.9833,56850,0
JCO.US,D,20210216,000000,7.9448,8.0217,7.9448,7.9736,64246,0
JCO.US,D,20210217,000000,7.9833,7.9833,7.8874,7.8968,52994,0
JCO.US,D,20210218,000000,7.8968,8.0075,7.8682,8.0025,122756,0
JCO.US,D,20210219,000000,7.9833,8.0025,7.9162,7.9969,52506,0
JCO.US,D,20210222,000000,8.0025,8.0025,7.8488,7.9641,218344,0
JCO.US,D,20210223,000000,7.9162,7.9448,7.9065,7.9448,23864,0
JCO.US,D,20210224,000000,7.9354,7.9736,7.9327,7.9545,7736,0
JCO.US,D,20210225,000000,7.9641,7.9833,7.9162,7.9162,23934,0
JCO.US,D,20210226,000000,7.9354,7.9736,7.8968,7.9641,52519,0
JCO.US,D,20210301,000000,8.0314,8.0314,7.9641,8.0024,34960,0
JCO.US,D,20210302,000000,7.9736,8.0314,7.9736,8.0314,38146,0
JCO.US,D,20210303,000000,8.0121,8.0217,7.9736,7.9833,46151,0
JCO.US,D,20210304,000000,7.9641,8.0216,7.9354,7.9641,35562,0
JCO.US,D,20210305,000000,7.9641,7.978,7.8968,7.9354,80222,0
JCO.US,D,20210308,000000,7.9448,7.9641,7.9258,7.9448,26218,0
JCO.US,D,20210309,000000,7.9641,8.0313,7.9497,7.9641,25838,0
JCO.US,D,20210310,000000,7.9545,8.0121,7.9545,7.9927,51230,0
JCO.US,D,20210311,000000,8.0505,8.0601,7.9545,7.9641,78595,0
JCO.US,D,20210312,000000,7.9613,8.0673,7.9419,8.0578,85478,0
JCO.US,D,20210315,000000,8.106,8.1445,8.0578,8.1155,201888,0
JCO.US,D,20210316,000000,8.4438,8.4438,8.0864,8.1155,52422,0
JCO.US,D,20210317,000000,8.0771,8.1736,8.0771,8.1155,55531,0
JCO.US,D,20210318,000000,8.1736,8.1736,8.0771,8.0962,59659,0
JCO.US,D,20210319,000000,8.0673,8.1638,8.0578,8.099,48099,0
JCO.US,D,20210322,000000,8.0962,8.0962,8.0673,8.0864,33431,0
JCO.US,D,20210323,000000,8.1347,8.1347,8.048,8.0673,53292,0
JCO.US,D,20210324,000000,8.0673,8.1155,8.0633,8.0962,48277,0
JCO.US,D,20210325,000000,8.0771,8.0962,8.019,8.0383,60483,0
JCO.US,D,20210326,000000,8.0288,8.048,8.0288,8.048,31053,0
JCO.US,D,20210329,000000,8.0578,8.106,8.0383,8.0864,49726,0
JCO.US,D,20210330,000000,8.0962,8.0962,8.0383,8.0771,34607,0
JCO.US,D,20210331,000000,8.0771,8.0962,8.0771,8.0962,25750,0
JCO.US,D,20210401,000000,8.0962,8.1347,8.0864,8.1155,57495,0
JCO.US,D,20210405,000000,8.1253,8.1347,8.0962,8.0965,52856,0
JCO.US,D,20210406,000000,8.1155,8.1253,8.0771,8.1209,43565,0
JCO.US,D,20210407,000000,8.1253,8.1253,8.0864,8.1253,44876,0
JCO.US,D,20210408,000000,8.2508,8.2508,8.0864,8.1253,49957,0
JCO.US,D,20210409,000000,8.1445,8.1638,8.1253,8.1638,24889,0
JCO.US,D,20210412,000000,8.1347,8.3183,8.1339,8.2312,54823,0
JCO.US,D,20210413,000000,8.1927,8.3085,8.1741,8.2893,55944,0
JCO.US,D,20210414,000000,8.3155,8.3155,8.1797,8.2377,75322,0
JCO.US,D,20210415,000000,8.267,8.267,8.2157,8.2669,53711,0
JCO.US,D,20210416,000000,8.3252,8.4902,8.2708,8.4902,140666,0
JCO.US,D,20210419,000000,8.4902,8.4902,8.267,8.4027,56497,0
JCO.US,D,20210420,000000,8.4221,8.4512,8.4027,8.4319,54672,0
JCO.US,D,20210421,000000,8.4417,8.4417,8.3447,8.3736,31253,0
JCO.US,D,20210422,000000,8.3932,8.3932,8.1992,8.1992,36504,0
JCO.US,D,20210423,000000,8.2571,8.3932,8.2086,8.3932,18898,0
JCO.US,D,20210426,000000,8.4027,8.4027,8.2767,8.2767,10091,0
JCO.US,D,20210427,000000,8.3057,8.3057,8.267,8.2863,39139,0
JCO.US,D,20210428,000000,8.3057,8.3348,8.2477,8.3155,58904,0
JCO.US,D,20210429,000000,8.3348,8.3348,8.2086,8.2962,65947,0
JCO.US,D,20210430,000000,8.3155,8.3736,8.2863,8.364,27420,0
JCO.US,D,20210503,000000,8.3932,8.4126,8.3156,8.4126,37500,0
JCO.US,D,20210504,000000,8.3736,8.4319,8.364,8.4027,53067,0
JCO.US,D,20210505,000000,8.4126,8.4126,8.3736,8.4126,6792,0
JCO.US,D,20210506,000000,8.4126,8.4221,8.3736,8.3833,26902,0
JCO.US,D,20210507,000000,8.4319,8.4417,8.3833,8.4221,33978,0
JCO.US,D,20210510,000000,8.4417,8.4417,8.3932,8.4126,27511,0
JCO.US,D,20210511,000000,8.4902,8.4902,8.3155,8.3348,79071,0
JCO.US,D,20210512,000000,8.3155,8.3502,8.2141,8.3348,56257,0
JCO.US,D,20210513,000000,8.3418,8.3795,8.2636,8.2735,26074,0
JCO.US,D,20210514,000000,8.2343,8.3013,8.2052,8.2735,57040,0
JCO.US,D,20210517,000000,8.3223,8.3806,8.2735,8.3223,22062,0
JCO.US,D,20210518,000000,8.2917,8.3377,8.2831,8.3124,28550,0
JCO.US,D,20210519,000000,8.2883,8.3418,8.2883,8.3223,35152,0
JCO.US,D,20210520,000000,8.3223,8.3807,8.2985,8.3418,34145,0
JCO.US,D,20210521,000000,8.3319,8.3711,8.3124,8.3319,24074,0
JCO.US,D,20210524,000000,8.3513,8.3955,8.312,8.3807,33958,0
JCO.US,D,20210525,000000,8.3906,8.41,8.3513,8.3711,38927,0
JCO.US,D,20210526,000000,8.3418,8.4588,8.3418,8.3906,31943,0
JCO.US,D,20210527,000000,8.4199,8.5758,8.4199,8.4882,28560,0
JCO.US,D,20210528,000000,8.4588,8.5076,8.4199,8.4294,26966,0
JCO.US,D,20210601,000000,8.4394,8.4394,8.4001,8.4294,20896,0
JCO.US,D,20210602,000000,8.4538,8.4882,8.4001,8.4686,45446,0
JCO.US,D,20210603,000000,8.4489,8.4882,8.4199,8.4588,25336,0
JCO.US,D,20210604,000000,8.4588,8.4882,8.3906,8.4394,51538,0
JCO.US,D,20210607,000000,8.4394,8.4394,8.3612,8.3807,60567,0
JCO.US,D,20210608,000000,8.3612,8.41,8.3124,8.3223,42788,0
JCO.US,D,20210609,000000,8.3612,8.3612,8.3124,8.3124,35995,0
JCO.US,D,20210610,000000,8.3025,8.3418,8.293,8.3025,58268,0
JCO.US,D,20210611,000000,8.293,8.3269,8.293,8.3124,25939,0
JCO.US,D,20210614,000000,8.3458,8.3458,8.189,8.2283,106127,0
JCO.US,D,20210615,000000,8.2085,8.2969,8.2085,8.2184,32327,0
JCO.US,D,20210616,000000,8.2184,8.2674,8.1989,8.2184,42783,0
JCO.US,D,20210617,000000,8.189,8.2575,8.189,8.2184,29101,0
JCO.US,D,20210618,000000,8.189,8.2603,8.1499,8.1499,59661,0
JCO.US,D,20210621,000000,8.1989,8.1989,8.1303,8.1694,37885,0
JCO.US,D,20210622,000000,8.1694,8.2184,8.1499,8.189,99430,0
JCO.US,D,20210623,000000,8.1989,8.1989,8.1694,8.189,24659,0
JCO.US,D,20210624,000000,8.189,8.189,8.1499,8.1595,25384,0
JCO.US,D,20210625,000000,8.1793,8.1793,8.0224,8.0224,209817,0
JCO.US,D,20210628,000000,8.0519,8.1499,8.0519,8.14,82862,0
JCO.US,D,20210629,000000,8.1499,8.1793,8.1033,8.1499,45397,0
JCO.US,D,20210630,000000,8.1793,8.1793,8.1204,8.14,27603,0
JCO.US,D,20210701,000000,8.1595,8.1783,8.1303,8.1595,37581,0
JCO.US,D,20210702,000000,8.1694,8.1793,8.1451,8.1499,73389,0
JCO.US,D,20210706,000000,8.1499,8.1595,8.14,8.1499,54830,0
JCO.US,D,20210707,000000,8.1694,8.1694,8.1105,8.14,84946,0
JCO.US,D,20210708,000000,8.1694,8.1694,8.1105,8.1204,66618,0
JCO.US,D,20210709,000000,8.1204,8.1694,8.1204,8.1499,46023,0
JCO.US,D,20210712,000000,8.1499,8.2085,8.1499,8.1694,71120,0
JCO.US,D,20210713,000000,8.1694,8.1989,8.1499,8.1694,38530,0
JCO.US,D,20210714,000000,8.1734,8.2422,8.1734,8.2029,112062,0
JCO.US,D,20210715,000000,8.193,8.2422,8.1831,8.2323,26152,0
JCO.US,D,20210716,000000,8.193,8.321,8.1831,8.3013,61977,0
JCO.US,D,20210719,000000,8.2914,8.2914,8.1438,8.1734,32479,0
JCO.US,D,20210720,000000,8.1734,8.2521,8.1734,8.2422,38782,0
JCO.US,D,20210721,000000,8.2077,8.2422,8.1635,8.2127,65450,0
JCO.US,D,20210722,000000,8.2422,8.2521,8.1641,8.193,42676,0
JCO.US,D,20210723,000000,8.193,8.2229,8.134,8.1438,21334,0
JCO.US,D,20210726,000000,8.1734,8.2029,8.1557,8.1831,46639,0
JCO.US,D,20210727,000000,8.2127,8.2127,8.1438,8.1438,17851,0
JCO.US,D,20210728,000000,8.1504,8.1635,8.134,8.1635,24564,0
JCO.US,D,20210729,000000,8.1635,8.1635,8.134,8.1538,48758,0
JCO.US,D,20210730,000000,8.1635,8.1635,8.1438,8.1538,17534,0
JCO.US,D,20210802,000000,8.1734,8.2029,8.1438,8.1538,47778,0
JCO.US,D,20210803,000000,8.1538,8.1734,8.1438,8.1734,33322,0
JCO.US,D,20210804,000000,8.1734,8.1831,8.134,8.1635,60396,0
JCO.US,D,20210805,000000,8.193,8.2226,8.1538,8.2127,31134,0
JCO.US,D,20210806,000000,8.193,8.2323,8.1635,8.1635,45703,0
JCO.US,D,20210809,000000,8.1831,8.193,8.1635,8.193,34291,0
JCO.US,D,20210810,000000,8.1438,8.193,8.1438,8.1635,41426,0
JCO.US,D,20210811,000000,8.134,8.1684,8.1242,8.1538,77698,0
JCO.US,D,20210812,000000,8.1872,8.1872,8.1478,8.1675,42881,0
JCO.US,D,20210813,000000,8.1872,8.1972,8.1428,8.1577,45818,0
JCO.US,D,20210816,000000,8.1577,8.1872,8.1478,8.1478,27656,0
JCO.US,D,20210817,000000,8.1577,8.1872,8.1489,8.1872,18522,0
JCO.US,D,20210818,000000,8.1577,8.1709,8.1478,8.1478,6116,0
JCO.US,D,20210819,000000,8.1478,8.1872,8.1478,8.1577,19475,0
JCO.US,D,20210820,000000,8.1378,8.1775,8.1378,8.1675,20182,0
JCO.US,D,20210823,000000,8.1835,8.1872,8.1577,8.1775,15478,0
JCO.US,D,20210824,000000,8.1478,8.1775,8.1478,8.1577,57334,0
JCO.US,D,20210825,000000,8.1478,8.1675,8.1083,8.1478,68997,0
JCO.US,D,20210826,000000,8.1675,8.1775,8.1378,8.1378,87800,0
JCO.US,D,20210827,000000,8.1478,8.2268,8.1378,8.1872,47104,0
JCO.US,D,20210830,000000,8.2169,8.2169,8.1378,8.1378,43347,0
JCO.US,D,20210831,000000,8.1281,8.1661,8.1281,8.1378,60242,0
JCO.US,D,20210901,000000,8.1378,8.1872,8.1281,8.1378,32443,0
JCO.US,D,20210902,000000,8.1577,8.1972,8.1378,8.1675,33343,0
JCO.US,D,20210903,000000,8.1928,8.1928,8.1281,8.1281,13673,0
JCO.US,D,20210907,000000,8.1478,8.1872,8.1478,8.1675,21877,0
JCO.US,D,20210908,000000,8.1577,8.1664,8.1281,8.1378,21327,0
JCO.US,D,20210909,000000,8.1281,8.1775,8.1281,8.1577,33858,0
JCO.US,D,20210910,000000,8.1378,8.1675,8.1281,8.1281,35502,0
JCO.US,D,20210913,000000,8.1478,8.1478,8.1181,8.1181,50285,0
JCO.US,D,20210914,000000,8.1717,8.1717,8.1369,8.1469,36071,0
JCO.US,D,20210915,000000,8.1717,8.1717,8.1321,8.1519,26845,0
JCO.US,D,20210916,000000,8.1617,8.1617,8.1419,8.1617,8634,0
JCO.US,D,20210917,000000,8.1476,8.164,8.1121,8.1617,61888,0
JCO.US,D,20210920,000000,8.1817,8.1817,8.1419,8.1519,37675,0
JCO.US,D,20210921,000000,8.1321,8.1618,8.1121,8.1419,74746,0
JCO.US,D,20210922,000000,8.1717,8.1717,8.1321,8.1419,30910,0
JCO.US,D,20210923,000000,8.1221,8.1469,8.1221,8.1321,45254,0
JCO.US,D,20210924,000000,8.1419,8.1617,8.1321,8.1615,34220,0
JCO.US,D,20210927,000000,8.1321,8.1519,8.1221,8.1321,31691,0
JCO.US,D,20210928,000000,8.1321,8.1323,8.1221,8.1222,25140,0
JCO.US,D,20210929,000000,8.1419,8.1419,8.1221,8.1222,25352,0
JCO.US,D,20210930,000000,8.1221,8.1321,8.1121,8.1221,41219,0
JCO.US,D,20211001,000000,8.1221,8.1221,8.0923,8.0923,44260,0
JCO.US,D,20211004,000000,8.0923,8.122,8.0625,8.0799,26040,0
JCO.US,D,20211005,000000,8.0825,8.1023,8.0625,8.0825,38280,0
JCO.US,D,20211006,000000,8.0825,8.1183,8.0825,8.1023,105917,0
JCO.US,D,20211007,000000,8.0923,8.1321,8.0923,8.1121,78237,0
JCO.US,D,20211008,000000,8.1321,8.1321,8.1222,8.1321,9880,0
JCO.US,D,20211011,000000,8.1052,8.1321,8.1052,8.1151,7815,0
JCO.US,D,20211012,000000,8.1321,8.1321,8.1111,8.1319,33199,0
JCO.US,D,20211013,000000,8.1121,8.1321,8.1023,8.1221,56519,0
JCO.US,D,20211014,000000,8.1459,8.156,8.136,8.1506,65047,0
JCO.US,D,20211015,000000,8.1261,8.146,8.1261,8.1261,61174,0
JCO.US,D,20211018,000000,8.1261,8.146,8.1261,8.1293,23691,0
JCO.US,D,20211019,000000,8.1261,8.136,8.1261,8.1289,43269,0
JCO.US,D,20211020,000000,8.1261,8.146,8.1111,8.1311,83853,0
JCO.US,D,20211021,000000,8.146,8.146,8.1261,8.1261,54365,0
JCO.US,D,20211022,000000,8.1062,8.136,8.1062,8.1261,48689,0
JCO.US,D,20211025,000000,8.1161,8.136,8.1161,8.1161,35781,0
JCO.US,D,20211026,000000,8.1311,8.146,8.1161,8.1161,57141,0
JCO.US,D,20211027,000000,8.1161,8.136,8.1118,8.1161,27941,0
JCO.US,D,20211028,000000,8.1161,8.156,8.1161,8.1161,105448,0
JCO.US,D,20211029,000000,8.1261,8.1659,8.126,8.146,163374,0
JCO.US,D,20211101,000000,8.156,8.156,8.1161,8.141,85174,0
JCO.US,D,20211102,000000,8.136,8.156,8.1161,8.146,80694,0
JCO.US,D,20211103,000000,8.1261,8.1759,8.1261,8.156,85916,0
JCO.US,D,20211104,000000,8.136,8.2058,8.136,8.1978,135863,0
JCO.US,D,20211105,000000,8.1958,8.2058,8.1775,8.1958,29092,0
JCO.US,D,20211108,000000,8.1858,8.2257,8.1858,8.2056,93152,0
JCO.US,D,20211109,000000,8.2954,8.2954,8.1858,8.2157,56399,0
JCO.US,D,20211110,000000,8.2355,8.2954,8.156,8.1659,89540,0
JCO.US,D,20211111,000000,8.1659,8.2257,8.146,8.146,46839,0
JCO.US,D,20211112,000000,8.23,8.23,8.16,8.21,90941,0
JCO.US,D,20211115,000000,8.21,8.2162,8.14,8.17,83570,0
JCO.US,D,20211116,000000,8.13,8.1689,8.13,8.1687,74957,0
JCO.US,D,20211117,000000,8.19,8.19,8.14,8.16,79573,0
JCO.US,D,20211118,000000,8.16,8.18,8.14,8.17,62640,0
JCO.US,D,20211119,000000,8.14,8.17,8.1,8.15,97957,0
JCO.US,D,20211122,000000,8.15,8.1686,8.11,8.1576,96628,0
JCO.US,D,20211123,000000,8.13,8.16,8.11,8.12,84324,0
JCO.US,D,20211124,000000,8.12,8.1302,8.105,8.1258,48573,0
JCO.US,D,20211126,000000,8.1,8.12,8.1,8.11,39090,0
JCO.US,D,20211129,000000,8.11,8.14,8.11,8.1102,55901,0
JCO.US,D,20211130,000000,8.11,8.13,8.09,8.11,78345,0
JCO.US,D,20211201,000000,8.13,8.1495,8.1,8.11,36756,0
JCO.US,D,20211202,000000,8.15,8.15,8.11,8.12,77276,0
JCO.US,D,20211203,000000,8.11,8.14,8.11,8.12,123757,0
JCO.US,D,20211206,000000,8.13,8.15,8.11,8.12,125155,0
JCO.US,D,20211207,000000,8.13,8.15,8.12,8.14,100062,0
JCO.US,D,20211208,000000,8.14,8.15,8.11,8.1248,98926,0
JCO.US,D,20211209,000000,8.15,8.15,8.12,8.13,86736,0
JCO.US,D,20211210,000000,8.12,8.1702,8.12,8.1301,89982,0
JCO.US,D,20211213,000000,8.12,8.1398,8.12,8.125,92982,0
JCO.US,D,20211214,000000,8.11,8.14,8.08,8.1,147747,0
JCO.US,D,20211215,000000,8.09,8.1277,8.08,8.08,95504,0
JCO.US,D,20211216,000000,8.14,8.14,8.06,8.1,152314,0
JCO.US,D,20211217,000000,8.1,8.1301,8.09,8.12,118706,0
JCO.US,D,20211220,000000,8.12,8.1352,8.06,8.12,219959,0
JCO.US,D,20211221,000000,8.1,8.11,8.1,8.1,210047,0
JCO.US,D,20211222,000000,8.1,8.11,8.06,8.1,306771,0
JCO.US,D,20211223,000000,8.08,8.11,8.07,8.07,210981,0
JCO.US,D,20211227,000000,8.08,8.09,8.05,8.07,260339,0
JCO.US,D,20211228,000000,8.06,8.08,8.06,8.06,306050,0
JCO.US,D,20211229,000000,8.06,8.1,8.06,8.09,323304,0
JCO.US,D,20211230,000000,8.07,8.09,8.06,8.06,197083,0
JCO.US,D,20211231,000000,8.06,8.09,8.06,8.09,163035,0
JCO.US,D,20220103,000000,8.1,8.1089,8.07,8.08,39354,0
JCO.US,D,20220104,000000,8.07,8.1,8.07,8.08,39892,0
JCO.US,D,20220105,000000,8.08,8.12,8.08,8.1093,87245,0
JCO.US,D,20220106,000000,8.1,8.13,8.1,8.13,37321,0
JCO.US,D,20220107,000000,8.14,8.15,8.11,8.14,68388,0
JCO.US,D,20220110,000000,8.1213,8.1387,8.11,8.12,77791,0
JCO.US,D,20220111,000000,8.12,8.13,8.11,8.129,29403,0
JCO.US,D,20220112,000000,8.12,8.14,8.1,8.11,90586,0
JCO.US,D,20220113,000000,8.09,8.13,8.08,8.12,87156,0
JCO.US,D,20220114,000000,8.09,8.12,8.07,8.07,85223,0
JCO.US,D,20220118,000000,8.09,8.09,8.05,8.0766,68469,0
JCO.US,D,20220119,000000,8.06,8.1,8.06,8.06,40399,0
JCO.US,D,20220120,000000,8.08,8.11,8.0701,8.1,50957,0
JCO.US,D,20220121,000000,8.09,8.11,8.09,8.1,97809,0
