<TICKER>,<PER>,<DATE>,<TIME>,<OPEN>,<HIGH>,<LOW>,<CLOSE>,<VOL>,<OPENINT>
JUSA.US,D,20210708,000000,48.36,48.57,48.36,48.5003,922,0
JUSA.US,D,20210709,000000,48.952,49.0938,48.865,49.0938,1893,0
JUSA.US,D,20210712,000000,49.35,49.39,49.34,49.3808,1317,0
JUSA.US,D,20210713,000000,49.54,49.54,49.1779,49.1779,1344,0
JUSA.US,D,20210714,000000,49.2454,49.2454,49.2454,49.2454,95,0
JUSA.US,D,20210715,000000,49,49.0889,49,49.0889,270,0
JUSA.US,D,20210716,000000,49.3,49.305,48.6934,48.6934,1740,0
JUSA.US,D,20210719,000000,47.72,47.7916,47.72,47.7916,252,0
JUSA.US,D,20210720,000000,48.737,48.737,48.6778,48.6778,104,0
JUSA.US,D,20210721,000000,49.029,49.1639,49.0217,49.1639,257,0
JUSA.US,D,20210722,000000,49.05,49.2209,49.05,49.2209,233,0
JUSA.US,D,20210723,000000,49.7216,49.7216,49.7216,49.7216,45,0
JUSA.US,D,20210726,000000,49.8369,49.8369,49.8369,49.8369,6,0
JUSA.US,D,20210727,000000,49.6007,49.6007,49.6007,49.6007,48,0
JUSA.US,D,20210728,000000,49.634,49.634,49.634,49.634,87,0
JUSA.US,D,20210729,000000,49.96,49.96,49.8699,49.8699,262,0
JUSA.US,D,20210730,000000,49.7,49.7,49.6194,49.6194,709,0
JUSA.US,D,20210802,000000,49.93,49.93,49.5572,49.5572,1009,0
JUSA.US,D,20210803,000000,49.8302,49.9142,49.8302,49.9142,201,0
JUSA.US,D,20210804,000000,49.7523,49.7523,49.7523,49.7523,3,0
JUSA.US,D,20210805,000000,49.87,49.9373,49.86,49.9373,724,0
JUSA.US,D,20210806,000000,50.1,50.15,50.0881,50.0961,1705,0
JUSA.US,D,20210809,000000,50.19,50.19,50.0551,50.0551,204,0
JUSA.US,D,20210810,000000,50.165,50.2,50.1217,50.1217,898,0
JUSA.US,D,20210811,000000,50.25,50.2926,50.25,50.2926,151,0
JUSA.US,D,20210812,000000,50.26,50.4508,50.26,50.4508,402,0
JUSA.US,D,20210813,000000,50.4503,50.4503,50.4503,50.4503,5,0
JUSA.US,D,20210816,000000,50.49,50.5994,50.49,50.5994,106,0
JUSA.US,D,20210817,000000,50.1879,50.1879,50.1879,50.1879,102,0
JUSA.US,D,20210818,000000,50.08,50.08,49.7644,49.7644,380,0
JUSA.US,D,20210819,000000,49.56,49.6768,49.56,49.6768,321,0
JUSA.US,D,20210820,000000,50.12,50.12,50.12,50.12,183,0
JUSA.US,D,20210823,000000,50.5534,50.5534,50.5534,50.5534,2,0
JUSA.US,D,20210824,000000,50.84,50.84,50.6678,50.6678,137,0
JUSA.US,D,20210825,000000,50.8626,50.8626,50.8626,50.8626,11,0
JUSA.US,D,20210826,000000,50.5662,50.5662,50.5662,50.5662,9,0
JUSA.US,D,20210827,000000,51.049,51.05,50.986,50.986,1053,0
JUSA.US,D,20210830,000000,51.1407,51.1407,51.1407,51.1407,79,0
JUSA.US,D,20210831,000000,51.03,51.1,50.9738,50.9738,487,0
JUSA.US,D,20210901,000000,51,51,50.8586,50.8586,105,0
JUSA.US,D,20210902,000000,51.06,51.06,50.9888,50.9888,141,0
JUSA.US,D,20210903,000000,50.9456,50.9456,50.9456,50.9456,8,0
JUSA.US,D,20210907,000000,50.7585,50.7585,50.7585,50.7585,7,0
JUSA.US,D,20210908,000000,50.7,50.7,50.6357,50.6357,1012,0
JUSA.US,D,20210909,000000,50.67,50.67,50.4739,50.4739,218,0
JUSA.US,D,20210910,000000,50.0952,50.0952,50.0952,50.0952,6,0
JUSA.US,D,20210913,000000,50.2687,50.2687,50.2687,50.2687,36,0
JUSA.US,D,20210914,000000,50.06,50.0782,49.9599,49.9599,400,0
JUSA.US,D,20210915,000000,50.45,50.45,50.44,50.44,297,0
JUSA.US,D,20210916,000000,50.3655,50.3655,50.3655,50.3655,3,0
JUSA.US,D,20210917,000000,49.9413,49.9413,49.9413,49.9413,4,0
JUSA.US,D,20210920,000000,49,49.0456,49,49.0456,176,0
JUSA.US,D,20210921,000000,49.1233,49.1233,49.1233,49.1233,16,0
JUSA.US,D,20210922,000000,49.5609,49.5609,49.5609,49.5609,9,0
JUSA.US,D,20210923,000000,50.1973,50.1973,50.1973,50.1973,11,0
JUSA.US,D,20210924,000000,50.2905,50.2905,50.2905,50.2905,137,0
JUSA.US,D,20210927,000000,50.2208,50.2208,50.2208,50.2208,52,0
JUSA.US,D,20210928,000000,49.162,49.1667,49.162,49.1667,104,0
JUSA.US,D,20210929,000000,49.1596,49.1596,49.1596,49.1596,139,0
JUSA.US,D,20210930,000000,48.6343,48.6343,48.6343,48.6343,3,0
JUSA.US,D,20211001,000000,49.1605,49.1605,49.1605,49.1605,68,0
JUSA.US,D,20211004,000000,48.4901,48.4901,48.4901,48.4901,31,0
JUSA.US,D,20211005,000000,49.0621,49.0621,49.0621,49.0621,86,0
JUSA.US,D,20211006,000000,49.2948,49.2948,49.2948,49.2948,6,0
JUSA.US,D,20211007,000000,49.6899,49.6899,49.6899,49.6899,29,0
JUSA.US,D,20211008,000000,49.6907,49.6907,49.6907,49.6907,66,0
JUSA.US,D,20211011,000000,49.312,49.312,49.312,49.312,55,0
JUSA.US,D,20211012,000000,49.1695,49.1695,49.1695,49.1695,5,0
JUSA.US,D,20211013,000000,49.2886,49.3512,49.2886,49.3512,204,0
JUSA.US,D,20211014,000000,50.1533,50.1533,50.1533,50.1533,81,0
JUSA.US,D,20211015,000000,50.6723,50.6723,50.6723,50.6723,20,0
JUSA.US,D,20211018,000000,50.83,50.83,50.83,50.83,24,0
JUSA.US,D,20211019,000000,51.1529,51.1529,51.1529,51.1529,117,0
JUSA.US,D,20211020,000000,51.39,51.41,51.3372,51.3372,3900,0
JUSA.US,D,20211021,000000,51.6031,51.6031,51.6031,51.6031,6,0
JUSA.US,D,20211022,000000,51.5181,51.5181,51.5181,51.5181,1,0
JUSA.US,D,20211025,000000,51.7,51.7325,51.7,51.7325,432,0
JUSA.US,D,20211026,000000,51.959,51.959,51.85,51.85,451,0
JUSA.US,D,20211027,000000,51.5825,51.5825,51.5825,51.5825,1,0
JUSA.US,D,20211028,000000,52.0667,52.0667,52.0667,52.0667,2,0
JUSA.US,D,20211029,000000,52.1984,52.1984,52.1984,52.1984,1,0
JUSA.US,D,20211101,000000,52.2386,52.2386,52.2386,52.2386,10,0
JUSA.US,D,20211102,000000,52.4594,52.4594,52.4594,52.4594,19,0
JUSA.US,D,20211103,000000,52.9,52.9,52.9,52.9,128,0
JUSA.US,D,20211104,000000,53.0502,53.0502,53.0502,53.0502,4,0
JUSA.US,D,20211105,000000,53.36,53.37,53.307,53.307,2202,0
JUSA.US,D,20211108,000000,53.3849,53.3849,53.3849,53.3849,19,0
JUSA.US,D,20211109,000000,53.16,53.1962,53.15,53.1962,2225,0
JUSA.US,D,20211110,000000,53.06,53.06,52.7626,52.7626,407,0
JUSA.US,D,20211111,000000,52.8799,52.8799,52.78,52.78,502,0
JUSA.US,D,20211112,000000,52.8597,53.1688,52.8486,53.1688,685,0
JUSA.US,D,20211115,000000,53.1326,53.1326,53.1326,53.1326,5,0
JUSA.US,D,20211116,000000,53.4212,53.4212,53.4212,53.4212,3,0
JUSA.US,D,20211117,000000,53.3027,53.3027,53.3027,53.3027,22,0
JUSA.US,D,20211118,000000,53.419,53.4324,53.419,53.4324,517,0
JUSA.US,D,20211119,000000,53.3,53.3,53.3,53.3,104,0
JUSA.US,D,20211122,000000,53.0992,53.0992,53.0992,53.0992,15,0
JUSA.US,D,20211123,000000,53.1979,53.1979,53.1979,53.1979,3,0
JUSA.US,D,20211124,000000,53.3435,53.3435,53.3435,53.3435,2,0
JUSA.US,D,20211126,000000,52.78,52.78,52.051,52.051,298,0
JUSA.US,D,20211129,000000,52.6699,52.6699,52.57,52.57,430,0
JUSA.US,D,20211130,000000,51.5944,51.5944,51.5944,51.5944,46,0
JUSA.US,D,20211201,000000,51.43,51.43,51.1541,51.1541,596,0
JUSA.US,D,20211202,000000,51.7752,51.7752,51.7752,51.7752,33,0
JUSA.US,D,20211203,000000,51.47,51.47,51.47,51.47,101,0
JUSA.US,D,20211206,000000,52.08,52.08,52.0468,52.0468,204,0
JUSA.US,D,20211207,000000,53.1172,53.1172,53.1172,53.1172,4,0
JUSA.US,D,20211208,000000,53.3024,53.3024,53.3024,53.3024,3,0
JUSA.US,D,20211209,000000,52.9789,52.9789,52.9789,52.9789,1,0
JUSA.US,D,20211210,000000,53.2968,53.2968,53.2968,53.2968,66,0
JUSA.US,D,20211213,000000,52.7821,52.7821,52.7821,52.7821,3,0
JUSA.US,D,20211214,000000,52.3671,52.3671,52.3671,52.3671,5,0
JUSA.US,D,20211215,000000,52.239,53.1835,52.239,53.1835,124,0
JUSA.US,D,20211216,000000,52.8362,52.8362,52.8362,52.8362,50,0
JUSA.US,D,20211217,000000,52.1629,52.1629,52.1629,52.1629,11,0
JUSA.US,D,20211220,000000,51.474,51.474,51.474,51.474,119,0
JUSA.US,D,20211221,000000,52.1718,52.1718,52.1718,52.1718,8,0
JUSA.US,D,20211222,000000,52.7122,52.7122,52.7122,52.7122,1,0
JUSA.US,D,20211223,000000,53.1,53.1,53.1,53.1,110,0
JUSA.US,D,20211227,000000,53.7806,53.7806,53.7806,53.7806,9,0
JUSA.US,D,20211228,000000,53.7039,53.7039,53.7039,53.7039,2,0
JUSA.US,D,20211229,000000,53.8186,53.8186,53.8186,53.8186,63,0
JUSA.US,D,20211230,000000,53.63,53.63,53.63,53.63,151,0
JUSA.US,D,20211231,000000,53.4718,53.4718,53.4718,53.4718,1,0
JUSA.US,D,20220103,000000,53.54,53.7397,53.54,53.7397,201,0
JUSA.US,D,20220104,000000,53.8499,53.8876,53.8487,53.8876,361,0
JUSA.US,D,20220105,000000,53.7,53.7,52.8623,52.8623,401,0
JUSA.US,D,20220106,000000,52.7757,52.7757,52.7757,52.7757,14,0
JUSA.US,D,20220107,000000,52.6316,52.6316,52.6316,52.6316,16,0
JUSA.US,D,20220110,000000,52.29,52.4631,52.29,52.4631,232,0
JUSA.US,D,20220111,000000,53.0252,53.0252,53.0252,53.0252,2,0
JUSA.US,D,20220112,000000,53.2224,53.2224,53.2224,53.2224,93,0
JUSA.US,D,20220113,000000,52.4768,52.4768,52.4768,52.4768,1,0
JUSA.US,D,20220114,000000,52.21,52.5867,52.21,52.5867,110,0
JUSA.US,D,20220118,000000,51.5,51.5217,51.5,51.5217,126,0
JUSA.US,D,20220119,000000,51.6,51.6,51.0316,51.0316,294,0
JUSA.US,D,20220120,000000,51.48,51.719,50.4348,50.4348,610,0
JUSA.US,D,20220121,000000,49.5849,49.5849,49.5849,49.5849,37,0
