<TICKER>,<PER>,<DATE>,<TIME>,<OPEN>,<HIGH>,<LOW>,<CLOSE>,<VOL>,<OPENINT>
KAHC.US,D,20210510,000000,9.81,9.85,9.81,9.8497,2641,0
KAHC.US,D,20210511,000000,9.84,10.02,9.84,10.02,2501,0
KAHC.US,D,20210512,000000,10.03,10.03,9.76,9.76,27016,0
KAHC.US,D,20210513,000000,9.81,9.82,9.76,9.76,67191,0
KAHC.US,D,20210514,000000,9.77,9.7999,9.75,9.76,50574,0
KAHC.US,D,20210517,000000,9.79,9.79,9.72,9.79,141943,0
KAHC.US,D,20210518,000000,9.754,9.77,9.73,9.73,23505,0
KAHC.US,D,20210519,000000,9.75,9.77,9.73,9.77,81908,0
KAHC.US,D,20210520,000000,9.7522,9.7799,9.75,9.76,13442,0
KAHC.US,D,20210521,000000,9.76,9.77,9.74,9.75,32074,0
KAHC.US,D,20210524,000000,9.7001,9.7401,9.67,9.67,28401,0
KAHC.US,D,20210525,000000,9.68,9.7499,9.68,9.72,8587,0
KAHC.US,D,20210526,000000,9.7572,9.7572,9.72,9.72,10351,0
KAHC.US,D,20210527,000000,9.72,9.8,9.72,9.73,58594,0
KAHC.US,D,20210528,000000,9.7301,9.75,9.7301,9.74,98700,0
KAHC.US,D,20210601,000000,9.74,9.84,9.74,9.79,52507,0
KAHC.US,D,20210602,000000,9.8,9.8,9.75,9.75,93301,0
KAHC.US,D,20210603,000000,9.7,9.77,9.7,9.75,11230,0
KAHC.US,D,20210604,000000,9.75,9.82,9.75,9.77,127000,0
KAHC.US,D,20210607,000000,9.78,9.82,9.75,9.75,43885,0
KAHC.US,D,20210608,000000,9.7826,9.83,9.74,9.75,737925,0
KAHC.US,D,20210609,000000,9.82,9.82,9.76,9.81,545315,0
KAHC.US,D,20210610,000000,9.81,9.83,9.75,9.75,1306091,0
KAHC.US,D,20210611,000000,9.772,9.78,9.73,9.73,226511,0
KAHC.US,D,20210614,000000,9.75,9.81,9.75,9.81,90563,0
KAHC.US,D,20210615,000000,9.78,9.83,9.77,9.83,47839,0
KAHC.US,D,20210616,000000,9.79,9.81,9.77,9.81,32521,0
KAHC.US,D,20210617,000000,9.81,9.86,9.77,9.86,13793,0
KAHC.US,D,20210618,000000,9.86,9.87,9.78,9.81,5007,0
KAHC.US,D,20210621,000000,9.79,9.7901,9.75,9.75,31211,0
KAHC.US,D,20210622,000000,9.77,9.77,9.67,9.73,194949,0
KAHC.US,D,20210623,000000,9.76,9.77,9.72,9.73,141946,0
KAHC.US,D,20210624,000000,9.72,9.78,9.72,9.73,36217,0
KAHC.US,D,20210625,000000,9.78,9.78,9.74,9.75,184540,0
KAHC.US,D,20210628,000000,9.73,9.78,9.73,9.75,385011,0
KAHC.US,D,20210629,000000,9.78,9.82,9.73,9.75,315388,0
KAHC.US,D,20210630,000000,9.75,9.82,9.72,9.82,382110,0
KAHC.US,D,20210701,000000,9.75,9.76,9.7,9.73,261531,0
KAHC.US,D,20210702,000000,9.75,9.76,9.73,9.76,39499,0
KAHC.US,D,20210706,000000,9.76,9.76,9.71,9.75,117459,0
KAHC.US,D,20210707,000000,9.73,9.85,9.71,9.79,327233,0
KAHC.US,D,20210708,000000,9.7582,9.76,9.74,9.76,3230,0
KAHC.US,D,20210709,000000,9.77,9.8399,9.73,9.73,15070,0
KAHC.US,D,20210712,000000,9.78,9.8,9.74,9.76,29870,0
KAHC.US,D,20210713,000000,9.76,9.8022,9.75,9.76,12856,0
KAHC.US,D,20210714,000000,9.78,9.78,9.74,9.74,9444,0
KAHC.US,D,20210715,000000,9.79,9.79,9.7199,9.74,50118,0
KAHC.US,D,20210716,000000,9.75,9.75,9.74,9.74,11119,0
KAHC.US,D,20210719,000000,9.74,9.82,9.69,9.72,194238,0
KAHC.US,D,20210720,000000,9.7,9.77,9.7,9.71,62831,0
KAHC.US,D,20210721,000000,9.72,9.73,9.71,9.73,17356,0
KAHC.US,D,20210722,000000,9.77,9.77,9.7,9.7,82944,0
KAHC.US,D,20210723,000000,9.7,9.72,9.7,9.72,33239,0
KAHC.US,D,20210726,000000,9.74,9.74,9.7,9.72,1235015,0
KAHC.US,D,20210727,000000,9.72,9.72,9.7,9.715,4946,0
KAHC.US,D,20210728,000000,9.75,9.75,9.7,9.7,11569,0
KAHC.US,D,20210729,000000,9.77,9.78,9.7,9.73,20197,0
KAHC.US,D,20210730,000000,9.755,9.8,9.71,9.76,91002,0
KAHC.US,D,20210802,000000,9.78,9.82,9.72,9.79,68956,0
KAHC.US,D,20210803,000000,9.76,9.7812,9.72,9.75,3084,0
KAHC.US,D,20210804,000000,9.73,9.75,9.73,9.75,2862,0
KAHC.US,D,20210805,000000,9.82,9.82,9.68,9.7,74578,0
KAHC.US,D,20210806,000000,9.66,9.715,9.66,9.71,8751,0
KAHC.US,D,20210809,000000,9.69,9.71,9.68,9.69,49553,0
KAHC.US,D,20210810,000000,9.7,9.7,9.6701,9.69,49440,0
KAHC.US,D,20210811,000000,9.72,9.72,9.69,9.71,16555,0
KAHC.US,D,20210812,000000,9.6919,9.74,9.6919,9.73,352420,0
KAHC.US,D,20210813,000000,9.7468,9.75,9.7059,9.73,64936,0
KAHC.US,D,20210816,000000,9.78,9.78,9.7,9.73,89413,0
KAHC.US,D,20210817,000000,9.75,9.76,9.7,9.75,12557,0
KAHC.US,D,20210818,000000,9.6959,9.76,9.6959,9.71,13202,0
KAHC.US,D,20210819,000000,9.7,9.75,9.7,9.74,4238,0
KAHC.US,D,20210820,000000,9.74,9.74,9.65,9.74,252116,0
KAHC.US,D,20210823,000000,9.68,9.8,9.68,9.72,98073,0
KAHC.US,D,20210824,000000,9.7,9.74,9.68,9.72,70582,0
KAHC.US,D,20210825,000000,9.72,9.75,9.68,9.73,35848,0
KAHC.US,D,20210826,000000,9.7,9.73,9.685,9.71,35794,0
KAHC.US,D,20210827,000000,9.7,9.75,9.67,9.73,361273,0
KAHC.US,D,20210830,000000,9.68,9.7408,9.68,9.68,166483,0
KAHC.US,D,20210831,000000,9.68,9.74,9.68,9.68,12132,0
KAHC.US,D,20210901,000000,9.715,9.75,9.68,9.71,1907007,0
KAHC.US,D,20210902,000000,9.7101,9.72,9.7,9.7,7760,0
KAHC.US,D,20210903,000000,9.72,9.74,9.7,9.7,1494,0
KAHC.US,D,20210907,000000,9.72,9.73,9.7,9.73,120019,0
KAHC.US,D,20210908,000000,9.73,9.73,9.73,9.73,673,0
KAHC.US,D,20210909,000000,9.73,9.76,9.7,9.72,71760,0
KAHC.US,D,20210910,000000,9.7249,9.74,9.72,9.72,797,0
KAHC.US,D,20210913,000000,9.71,9.77,9.71,9.74,142064,0
KAHC.US,D,20210914,000000,9.8,9.8,9.73,9.76,509734,0
KAHC.US,D,20210915,000000,9.78,9.78,9.71,9.76,1024033,0
KAHC.US,D,20210916,000000,9.77,9.77,9.71,9.76,90790,0
KAHC.US,D,20210917,000000,9.75,9.77,9.74,9.76,10460,0
KAHC.US,D,20210920,000000,9.7,9.75,9.7,9.73,286858,0
KAHC.US,D,20210921,000000,9.73,9.74,9.71,9.73,92389,0
KAHC.US,D,20210922,000000,9.74,9.78,9.73,9.77,13732,0
KAHC.US,D,20210923,000000,9.76,9.79,9.73,9.78,44656,0
KAHC.US,D,20210924,000000,9.73,9.78,9.73,9.78,6558,0
KAHC.US,D,20210927,000000,9.765,9.78,9.7201,9.75,89628,0
KAHC.US,D,20210928,000000,9.78,9.78,9.75,9.78,107739,0
KAHC.US,D,20210929,000000,9.75,9.8,9.75,9.79,76753,0
KAHC.US,D,20210930,000000,9.76,9.7778,9.75,9.75,21903,0
KAHC.US,D,20211001,000000,9.75,9.78,9.75,9.78,12188,0
KAHC.US,D,20211004,000000,9.8,9.8,9.76,9.78,239737,0
KAHC.US,D,20211005,000000,9.79,9.79,9.77,9.79,194085,0
KAHC.US,D,20211006,000000,9.78,9.79,9.77,9.79,353833,0
KAHC.US,D,20211007,000000,9.8,9.8,9.76,9.8,40598,0
KAHC.US,D,20211008,000000,9.78,9.8,9.75,9.76,21439,0
KAHC.US,D,20211011,000000,9.77,9.8,9.77,9.79,62385,0
KAHC.US,D,20211012,000000,9.8,9.8,9.78,9.8,6847,0
KAHC.US,D,20211013,000000,9.8,9.8,9.77,9.77,6223,0
KAHC.US,D,20211014,000000,9.8,9.8,9.77,9.8,36688,0
KAHC.US,D,20211015,000000,9.8,9.8,9.75,9.78,23097,0
KAHC.US,D,20211018,000000,9.78,9.79,9.78,9.79,3135,0
KAHC.US,D,20211019,000000,9.84,9.84,9.79,9.79,10554,0
KAHC.US,D,20211020,000000,9.8037,9.8037,9.7894,9.79,9638,0
KAHC.US,D,20211021,000000,9.76,9.8,9.75,9.8,381210,0
KAHC.US,D,20211022,000000,9.78,9.85,9.78,9.84,104373,0
KAHC.US,D,20211025,000000,9.805,9.84,9.805,9.83,23516,0
KAHC.US,D,20211026,000000,9.88,9.88,9.79,9.83,44596,0
KAHC.US,D,20211027,000000,9.78,9.83,9.78,9.82,19690,0
KAHC.US,D,20211028,000000,9.8199,9.82,9.79,9.81,121762,0
KAHC.US,D,20211029,000000,9.8,9.8,9.78,9.79,15667,0
KAHC.US,D,20211101,000000,9.81,9.81,9.77,9.77,34983,0
KAHC.US,D,20211102,000000,9.78,9.81,9.78,9.81,2877,0
KAHC.US,D,20211103,000000,9.81,9.81,9.78,9.79,13231,0
KAHC.US,D,20211104,000000,9.79,9.81,9.78,9.8,17770,0
KAHC.US,D,20211105,000000,9.79,9.79,9.785,9.7897,1877,0
KAHC.US,D,20211108,000000,9.81,9.825,9.78,9.79,10111,0
KAHC.US,D,20211109,000000,9.81,9.81,9.77,9.8,59149,0
KAHC.US,D,20211110,000000,9.8,9.8,9.78,9.79,18870,0
KAHC.US,D,20211111,000000,9.81,9.81,9.75,9.76,2732678,0
KAHC.US,D,20211112,000000,9.77,9.77,9.745,9.77,3598804,0
KAHC.US,D,20211115,000000,9.78,9.78,9.76,9.76,100186,0
KAHC.US,D,20211116,000000,9.76,9.79,9.76,9.78,200838,0
KAHC.US,D,20211117,000000,9.8,9.85,9.76,9.83,488458,0
KAHC.US,D,20211118,000000,9.83,9.85,9.83,9.84,32788,0
KAHC.US,D,20211119,000000,9.85,9.88,9.84,9.88,1107105,0
KAHC.US,D,20211122,000000,9.88,9.9,9.85,9.87,936210,0
KAHC.US,D,20211123,000000,9.86,9.9,9.85,9.87,405461,0
KAHC.US,D,20211124,000000,9.8501,9.88,9.82,9.85,76132,0
KAHC.US,D,20211126,000000,9.86,9.87,9.81,9.81,152063,0
KAHC.US,D,20211129,000000,9.82,9.84,9.82,9.84,111728,0
KAHC.US,D,20211130,000000,9.84,9.85,9.77,9.81,32359,0
KAHC.US,D,20211201,000000,9.79,9.86,9.77,9.8,242271,0
KAHC.US,D,20211202,000000,9.8,9.82,9.8,9.82,6148,0
KAHC.US,D,20211203,000000,9.82,9.85,9.78,9.84,536174,0
KAHC.US,D,20211206,000000,9.84,9.84,9.78,9.79,236246,0
KAHC.US,D,20211207,000000,9.79,9.81,9.78,9.78,30784,0
KAHC.US,D,20211208,000000,9.78,9.79,9.77,9.78,1007347,0
KAHC.US,D,20211209,000000,9.77,9.81,9.77,9.8,287070,0
KAHC.US,D,20211210,000000,9.78,9.8,9.77,9.79,92151,0
KAHC.US,D,20211213,000000,9.79,9.79,9.76,9.76,20032,0
KAHC.US,D,20211214,000000,9.77,9.78,9.75,9.75,2538626,0
KAHC.US,D,20211215,000000,9.77,9.77,9.75,9.76,289691,0
KAHC.US,D,20211216,000000,9.75,9.7599,9.72,9.72,78605,0
KAHC.US,D,20211217,000000,9.71,9.76,9.71,9.75,42652,0
KAHC.US,D,20211220,000000,9.74,9.7482,9.73,9.73,212328,0
KAHC.US,D,20211221,000000,9.71,9.74,9.71,9.73,8842,0
KAHC.US,D,20211222,000000,9.7218,9.73,9.7218,9.73,2995,0
KAHC.US,D,20211223,000000,9.72,9.73,9.72,9.73,8953,0
KAHC.US,D,20211227,000000,9.78,9.78,9.73,9.73,9844,0
KAHC.US,D,20211228,000000,9.73,9.77,9.72,9.74,33471,0
KAHC.US,D,20211229,000000,9.73,9.76,9.73,9.755,70402,0
KAHC.US,D,20211230,000000,9.78,9.78,9.73,9.75,84413,0
KAHC.US,D,20211231,000000,9.7501,9.76,9.73,9.74,108572,0
KAHC.US,D,20220103,000000,9.73,9.75,9.73,9.74,76556,0
KAHC.US,D,20220104,000000,9.75,9.8,9.75,9.78,248414,0
KAHC.US,D,20220105,000000,9.7626,9.8,9.76,9.79,180929,0
KAHC.US,D,20220106,000000,9.76,9.77,9.75,9.76,99460,0
KAHC.US,D,20220107,000000,9.765,9.8,9.76,9.79,4076,0
KAHC.US,D,20220110,000000,9.77,9.8,9.77,9.78,73512,0
KAHC.US,D,20220111,000000,9.8,9.8,9.76,9.76,5052,0
KAHC.US,D,20220112,000000,9.7701,9.78,9.7701,9.78,782,0
KAHC.US,D,20220113,000000,9.77,9.77,9.75,9.76,3725,0
KAHC.US,D,20220114,000000,9.76,9.81,9.75,9.79,98697,0
KAHC.US,D,20220118,000000,9.71,9.8,9.71,9.78,675600,0
KAHC.US,D,20220119,000000,9.74,9.76,9.74,9.75,54033,0
KAHC.US,D,20220120,000000,9.75,9.75,9.74,9.75,8646,0
KAHC.US,D,20220121,000000,9.78,9.8,9.78,9.8,312388,0
