<TICKER>,<PER>,<DATE>,<TIME>,<OPEN>,<HIGH>,<LOW>,<CLOSE>,<VOL>,<OPENINT>
KL.US,D,20170817,000000,11.2,11.536,10.782,10.986,1252596,0
KL.US,D,20170818,000000,11.247,11.486,11.063,11.247,656208,0
KL.US,D,20170821,000000,11.392,11.526,11.151,11.373,299410,0
KL.US,D,20170822,000000,11.373,11.496,11.316,11.373,233527,0
KL.US,D,20170823,000000,11.516,11.516,11.278,11.383,152656,0
KL.US,D,20170824,000000,11.439,11.476,11.287,11.411,170776,0
KL.US,D,20170825,000000,11.411,11.747,11.393,11.726,245063,0
KL.US,D,20170828,000000,11.949,12.112,11.402,11.872,448896,0
KL.US,D,20170829,000000,12.209,12.209,11.757,12.062,338204,0
KL.US,D,20170830,000000,11.959,12.148,11.824,11.999,230793,0
KL.US,D,20170831,000000,12.151,12.632,12.027,12.553,328229,0
KL.US,D,20170901,000000,12.738,12.969,12.496,12.777,430608,0
KL.US,D,20170905,000000,12.882,13.178,12.689,13.061,897812,0
KL.US,D,20170906,000000,13.158,13.198,12.017,12.738,709721,0
KL.US,D,20170907,000000,12.978,13.025,12.37,12.583,729121,0
KL.US,D,20170908,000000,12.496,12.68,12.324,12.389,305415,0
KL.US,D,20170911,000000,12.151,12.429,11.872,12.322,420164,0
KL.US,D,20170912,000000,12.248,12.634,12.112,12.563,341015,0
KL.US,D,20170913,000000,12.573,12.573,12.209,12.351,243807,0
KL.US,D,20170914,000000,12.256,12.767,12.17,12.642,678215,0
KL.US,D,20170915,000000,12.699,12.835,12.304,12.642,1139153,0
KL.US,D,20170918,000000,12.439,12.439,12.161,12.304,419907,0
KL.US,D,20170919,000000,12.209,12.516,12.112,12.516,330399,0
KL.US,D,20170920,000000,12.544,12.825,12.274,12.496,505713,0
KL.US,D,20170921,000000,12.399,12.711,12.191,12.553,305234,0
KL.US,D,20170922,000000,12.632,12.882,12.567,12.652,437834,0
KL.US,D,20170925,000000,12.642,12.816,12.449,12.642,409652,0
KL.US,D,20170926,000000,12.642,12.679,12.331,12.361,350350,0
KL.US,D,20170927,000000,12.256,12.378,11.843,12.209,411685,0
KL.US,D,20170928,000000,12.168,12.61,12.11,12.514,290055,0
KL.US,D,20170929,000000,12.494,12.64,12.368,12.427,392773,0
KL.US,D,20171002,000000,12.407,12.61,12.248,12.581,349414,0
KL.US,D,20171003,000000,12.61,13.216,12.61,12.949,702407,0
KL.US,D,20171004,000000,12.987,13.08,12.88,13.025,528910,0
KL.US,D,20171005,000000,13.06,13.1,12.609,12.659,796529,0
KL.US,D,20171006,000000,12.726,13.442,12.6,13.408,812512,0
KL.US,D,20171009,000000,14.13,14.613,13.938,14.159,762905,0
KL.US,D,20171010,000000,14.208,14.27,13.938,14.12,631231,0
KL.US,D,20171011,000000,14.237,14.322,13.627,14.322,442588,0
KL.US,D,20171012,000000,13.755,13.794,12.65,13.005,1595139,0
KL.US,D,20171013,000000,13.045,13.045,12.272,12.687,1052094,0
KL.US,D,20171016,000000,12.697,12.716,12.504,12.61,394424,0
KL.US,D,20171017,000000,12.456,13.025,12.456,12.814,529362,0
KL.US,D,20171018,000000,12.775,12.852,12.687,12.833,444531,0
KL.US,D,20171019,000000,12.929,13.025,12.581,12.909,526868,0
KL.US,D,20171020,000000,12.795,12.842,12.397,12.504,484043,0
KL.US,D,20171023,000000,12.407,12.417,12.09,12.35,561525,0
KL.US,D,20171024,000000,12.207,12.35,11.466,11.543,942420,0
KL.US,D,20171025,000000,11.804,11.804,11.079,11.274,1157790,0
KL.US,D,20171026,000000,11.264,11.534,11.158,11.236,734118,0
KL.US,D,20171027,000000,11.187,11.524,11.104,11.456,306152,0
KL.US,D,20171030,000000,11.418,11.537,11.221,11.456,455423,0
KL.US,D,20171031,000000,11.389,11.474,11.226,11.321,360881,0
KL.US,D,20171101,000000,11.35,12.07,11.34,11.929,4308259,0
KL.US,D,20171102,000000,12.12,13.09,12.034,12.765,1154697,0
KL.US,D,20171103,000000,12.939,12.939,12.552,12.659,383912,0
KL.US,D,20171106,000000,12.804,13.44,12.756,13.12,637821,0
KL.US,D,20171107,000000,13.447,14.217,13.447,14.005,1004487,0
KL.US,D,20171108,000000,14.275,14.332,14.035,14.13,529230,0
KL.US,D,20171109,000000,14.189,14.419,13.755,13.957,717147,0
KL.US,D,20171110,000000,13.957,14.024,13.544,13.851,424081,0
KL.US,D,20171113,000000,13.823,13.933,13.64,13.728,312622,0
KL.US,D,20171114,000000,13.668,13.738,13.408,13.59,567661,0
KL.US,D,20171115,000000,13.61,13.728,13.301,13.428,498636,0
KL.US,D,20171116,000000,13.34,13.62,13.331,13.496,392714,0
KL.US,D,20171117,000000,13.525,13.677,13.447,13.58,410242,0
KL.US,D,20171120,000000,13.59,13.62,13.234,13.418,657593,0
KL.US,D,20171121,000000,13.496,13.571,13.264,13.36,354025,0
KL.US,D,20171122,000000,13.428,13.447,13.045,13.216,548561,0
KL.US,D,20171124,000000,13.157,13.496,13.157,13.428,300515,0
KL.US,D,20171127,000000,13.794,14.35,13.718,14.189,956046,0
KL.US,D,20171128,000000,14.208,14.322,14.014,14.101,547913,0
KL.US,D,20171129,000000,14.062,14.062,13.58,13.678,480312,0
KL.US,D,20171130,000000,13.516,13.941,13.408,13.755,842294,0
KL.US,D,20171201,000000,13.861,14.14,13.534,13.89,638474,0
KL.US,D,20171204,000000,13.832,13.938,13.65,13.668,405950,0
KL.US,D,20171205,000000,13.64,13.823,13.468,13.534,361071,0
KL.US,D,20171206,000000,13.36,13.544,12.871,13.1,923297,0
KL.US,D,20171207,000000,12.823,13.254,12.757,13.129,511277,0
KL.US,D,20171208,000000,13.129,13.496,12.959,13.389,370237,0
KL.US,D,20171211,000000,13.37,13.37,12.533,12.765,642548,0
KL.US,D,20171212,000000,12.746,13.146,12.706,13.139,604013,0
KL.US,D,20171213,000000,13.1,13.957,13.06,13.668,809970,0
KL.US,D,20171214,000000,13.66,13.66,13.139,13.226,393919,0
KL.US,D,20171215,000000,13.292,13.37,12.746,12.765,1311797,0
KL.US,D,20171218,000000,12.977,13.129,12.909,12.959,496929,0
KL.US,D,20171219,000000,13.053,13.818,13.053,13.755,702684,0
KL.US,D,20171220,000000,13.784,14.081,13.708,14.024,528580,0
KL.US,D,20171221,000000,14.091,14.534,13.9,14.11,648144,0
KL.US,D,20171222,000000,14.081,14.419,14.072,14.169,396356,0
KL.US,D,20171226,000000,14.379,14.632,13.562,14.465,559488,0
KL.US,D,20171227,000000,14.524,14.603,14.275,14.583,530371,0
KL.US,D,20171228,000000,14.711,14.781,14.599,14.681,403239,0
KL.US,D,20171229,000000,14.741,14.849,14.461,14.791,698928,0
KL.US,D,20180102,000000,14.993,15.558,14.974,15.455,971317,0
KL.US,D,20180103,000000,15.485,15.627,15.194,15.475,1238318,0
KL.US,D,20180104,000000,15.338,15.764,15.106,15.724,815158,0
KL.US,D,20180105,000000,15.705,16.139,15.558,15.906,594463,0
KL.US,D,20180108,000000,15.792,15.877,15.358,15.647,493455,0
KL.US,D,20180109,000000,15.568,15.568,15.064,15.29,805801,0
KL.US,D,20180110,000000,15.29,15.764,15.184,15.435,701983,0
KL.US,D,20180111,000000,15.578,15.686,15.263,15.328,473268,0
KL.US,D,20180112,000000,15.485,15.744,15.348,15.52,571392,0
KL.US,D,20180116,000000,15.734,16.204,15.52,16.119,754642,0
KL.US,D,20180117,000000,16.119,16.263,15.916,16.071,795907,0
KL.US,D,20180118,000000,15.916,15.955,15.224,15.445,1055688,0
KL.US,D,20180119,000000,15.494,15.792,15.309,15.338,656866,0
KL.US,D,20180122,000000,15.338,15.338,14.721,15.096,682790,0
KL.US,D,20180123,000000,14.925,15.657,14.791,15.588,443152,0
KL.US,D,20180124,000000,15.83,15.85,15.29,15.53,2169228,0
KL.US,D,20180125,000000,15.627,15.627,14.945,15.023,962096,0
KL.US,D,20180126,000000,15.135,15.214,14.925,15.145,511985,0
KL.US,D,20180129,000000,15.033,15.06,14.318,14.375,1149336,0
KL.US,D,20180130,000000,14.308,14.54,14.105,14.272,644676,0
KL.US,D,20180131,000000,14.433,14.711,14.125,14.53,594313,0
KL.US,D,20180201,000000,14.442,14.765,14.322,14.672,553812,0
KL.US,D,20180202,000000,14.298,14.423,13.673,13.713,1102150,0
KL.US,D,20180205,000000,13.713,14.029,13.171,13.529,1177581,0
KL.US,D,20180206,000000,13.344,13.575,12.98,12.999,932565,0
KL.US,D,20180207,000000,12.903,13.605,12.903,13.325,733665,0
KL.US,D,20180208,000000,13.344,13.683,13.029,13.394,767794,0
KL.US,D,20180209,000000,13.556,13.595,12.608,12.799,1060031,0
KL.US,D,20180212,000000,12.837,13.344,12.72,13.142,932800,0
KL.US,D,20180213,000000,13.286,13.384,12.856,13.315,474092,0
KL.US,D,20180214,000000,13.471,14.599,13.431,14.48,1200337,0
KL.US,D,20180215,000000,14.48,14.701,13.924,14.672,1027591,0
KL.US,D,20180216,000000,14.53,14.731,13.99,14.308,770674,0
KL.US,D,20180220,000000,13.962,14.154,13.547,13.665,754719,0
KL.US,D,20180221,000000,14.721,15.397,14.711,14.8,1939801,0
KL.US,D,20180222,000000,15.086,15.397,14.897,15.319,788056,0
KL.US,D,20180223,000000,15.338,15.348,14.549,15.023,795223,0
KL.US,D,20180226,000000,15.263,15.485,15.155,15.455,574515,0
KL.US,D,20180227,000000,15.254,15.607,15.096,15.475,800703,0
KL.US,D,20180228,000000,15.502,15.705,15.111,15.135,714458,0
KL.US,D,20180301,000000,14.925,15.568,14.643,15.254,1022326,0
KL.US,D,20180302,000000,15.358,15.568,15.169,15.214,580585,0
KL.US,D,20180305,000000,15.263,15.475,14.887,15.068,682779,0
KL.US,D,20180306,000000,15.328,15.724,15.254,15.549,704002,0
KL.US,D,20180307,000000,15.549,15.627,15.042,15.164,633331,0
KL.US,D,20180308,000000,15.194,15.309,14.8,15.06,607170,0
KL.US,D,20180309,000000,14.906,15.29,14.839,14.993,476052,0
KL.US,D,20180312,000000,15.013,15.273,14.751,15.051,810861,0
KL.US,D,20180313,000000,15.068,15.244,14.868,15.126,617520,0
KL.US,D,20180314,000000,15.116,15.116,14.751,14.906,442661,0
KL.US,D,20180315,000000,14.761,14.8,14.405,14.405,860096,0
KL.US,D,20180316,000000,14.433,14.433,14.067,14.135,2735935,0
KL.US,D,20180319,000000,14.154,14.471,14.019,14.423,1026835,0
KL.US,D,20180320,000000,14.242,14.672,14.194,14.461,590824,0
KL.US,D,20180321,000000,14.701,15.263,14.599,15.116,727386,0
KL.US,D,20180322,000000,15.06,15.068,14.559,14.619,565640,0
KL.US,D,20180323,000000,14.935,15.464,14.756,15.174,1066552,0
KL.US,D,20180326,000000,15.358,15.496,15.126,15.174,1161435,0
KL.US,D,20180327,000000,14.964,15.145,14.836,14.945,687885,0
KL.US,D,20180328,000000,14.766,14.844,14.285,14.554,681479,0
KL.US,D,20180329,000000,14.535,14.965,14.515,14.902,674342,0
KL.US,D,20180402,000000,15.048,15.491,15.039,15.048,933399,0
KL.US,D,20180403,000000,15.039,15.039,14.476,14.564,726428,0
KL.US,D,20180404,000000,14.97,15.019,14.343,14.535,482042,0
KL.US,D,20180405,000000,14.38,14.677,14.327,14.604,386922,0
KL.US,D,20180406,000000,14.902,15.288,14.696,15.029,739218,0
KL.US,D,20180409,000000,15.029,15.526,14.941,15.22,551895,0
KL.US,D,20180410,000000,15.373,15.711,15.344,15.574,570022,0
KL.US,D,20180411,000000,15.74,16.771,15.74,16.685,2273697,0
KL.US,D,20180412,000000,16.587,16.8,16.356,16.472,788738,0
KL.US,D,20180413,000000,16.577,16.675,16.327,16.424,698927,0
KL.US,D,20180416,000000,16.482,16.675,16.337,16.366,555107,0
KL.US,D,20180417,000000,16.366,16.646,16.173,16.434,572809,0
KL.US,D,20180418,000000,16.724,17.098,16.492,16.53,727539,0
KL.US,D,20180419,000000,16.587,16.752,16.049,16.375,567892,0
KL.US,D,20180420,000000,16.021,16.24,15.874,16.116,716678,0
KL.US,D,20180423,000000,15.74,15.779,15.393,15.413,868608,0
KL.US,D,20180424,000000,15.423,15.75,15.423,15.692,488785,0
KL.US,D,20180425,000000,15.423,15.623,15.23,15.451,483413,0
KL.US,D,20180426,000000,15.536,16.097,15.5,15.972,436800,0
KL.US,D,20180427,000000,16.03,16.695,16.001,16.606,636927,0
KL.US,D,20180430,000000,16.384,17.023,16.25,16.819,723931,0
KL.US,D,20180501,000000,16.849,17.29,16.539,17.271,874775,0
KL.US,D,20180502,000000,17.348,17.871,16.965,17.242,1070994,0
KL.US,D,20180503,000000,17.494,17.532,17.031,17.417,674856,0
KL.US,D,20180504,000000,17.358,18.032,17.252,18.014,550058,0
KL.US,D,20180507,000000,18.032,18.361,18.032,18.256,559785,0
KL.US,D,20180508,000000,18.236,18.41,17.841,18.206,529271,0
KL.US,D,20180509,000000,18.138,18.674,18.092,18.256,974822,0
KL.US,D,20180510,000000,18.555,18.88,18.48,18.862,564414,0
KL.US,D,20180511,000000,19.064,19.114,18.518,18.748,482041,0
KL.US,D,20180514,000000,18.88,18.948,18.351,18.46,421300,0
KL.US,D,20180515,000000,17.831,18.62,17.377,18.266,1014043,0
KL.US,D,20180516,000000,18.351,18.651,18.331,18.583,382431,0
KL.US,D,20180517,000000,18.66,18.843,18.45,18.611,329193,0
KL.US,D,20180518,000000,18.43,18.89,18.43,18.833,519149,0
KL.US,D,20180521,000000,18.833,18.987,18.47,18.853,269212,0
KL.US,D,20180522,000000,18.93,18.987,18.12,18.176,672094,0
KL.US,D,20180523,000000,18.032,18.47,17.736,18.38,535379,0
KL.US,D,20180524,000000,18.41,18.68,18.196,18.226,487672,0
KL.US,D,20180525,000000,18.092,18.246,17.794,17.871,553592,0
KL.US,D,20180529,000000,17.621,18.102,17.494,17.766,445461,0
KL.US,D,20180530,000000,18.12,18.236,17.89,18.186,377401,0
KL.US,D,20180531,000000,18.246,18.275,17.671,17.708,517121,0
KL.US,D,20180601,000000,17.671,18.313,17.602,18.12,521415,0
KL.US,D,20180604,000000,18.313,18.313,17.736,18.032,388550,0
KL.US,D,20180605,000000,18.092,18.129,17.756,18.004,345825,0
KL.US,D,20180606,000000,18.12,18.263,17.611,17.784,565426,0
KL.US,D,20180607,000000,17.841,18.042,17.794,17.946,294743,0
KL.US,D,20180608,000000,17.965,18.304,17.89,18.266,378115,0
KL.US,D,20180611,000000,18.12,18.67,18.12,18.508,497939,0
KL.US,D,20180612,000000,18.39,18.91,18.39,18.871,504215,0
KL.US,D,20180613,000000,18.93,19.392,18.853,19.267,717672,0
KL.US,D,20180614,000000,19.519,19.692,19.143,19.663,554932,0
KL.US,D,20180615,000000,19.373,19.596,19.025,19.383,1755025,0
KL.US,D,20180618,000000,19.344,19.556,19.064,19.305,464416,0
KL.US,D,20180619,000000,19.219,20.058,19.181,19.701,680204,0
KL.US,D,20180620,000000,19.875,19.904,18.93,18.997,689860,0
KL.US,D,20180621,000000,18.89,19.219,18.833,19.173,378432,0
KL.US,D,20180622,000000,19.276,19.74,19.153,19.556,436695,0
KL.US,D,20180625,000000,19.471,19.596,19.094,19.229,523903,0
KL.US,D,20180626,000000,19.084,19.519,18.987,19.519,519918,0
KL.US,D,20180627,000000,19.519,19.806,19.373,19.672,499023,0
KL.US,D,20180628,000000,19.809,19.975,19.539,19.665,570775,0
KL.US,D,20180629,000000,19.858,20.524,19.819,20.38,655831,0
KL.US,D,20180702,000000,20.262,20.688,20.012,20.216,413863,0
KL.US,D,20180703,000000,20.561,21.03,20.379,20.958,516129,0
KL.US,D,20180705,000000,21.44,21.484,20.968,21.268,714917,0
KL.US,D,20180706,000000,21.286,21.953,21.258,21.651,676633,0
KL.US,D,20180709,000000,22.029,22.127,21.43,21.458,843657,0
KL.US,D,20180710,000000,20.911,21.681,20.581,21.536,767919,0
KL.US,D,20180711,000000,21.44,21.885,21.085,21.2,576193,0
KL.US,D,20180712,000000,21.41,21.913,21.355,21.855,453208,0
KL.US,D,20180713,000000,21.661,21.933,21.527,21.711,286518,0
KL.US,D,20180716,000000,21.731,22.375,21.641,22.242,519419,0
KL.US,D,20180717,000000,22.51,22.51,21.797,21.816,889354,0
KL.US,D,20180718,000000,21.24,21.372,20.66,20.949,1029510,0
KL.US,D,20180719,000000,20.407,21.651,20.196,21.045,1095587,0
KL.US,D,20180720,000000,21.21,21.498,21.151,21.21,412377,0
KL.US,D,20180723,000000,21.065,21.21,20.872,21.005,435517,0
KL.US,D,20180724,000000,21.19,21.468,20.939,20.977,654822,0
KL.US,D,20180725,000000,21.143,21.641,21.143,21.42,426684,0
KL.US,D,20180726,000000,21.258,21.38,20.902,20.911,689638,0
KL.US,D,20180727,000000,20.949,21.19,20.802,20.968,423615,0
KL.US,D,20180730,000000,20.968,21.124,20.679,20.882,482113,0
KL.US,D,20180731,000000,20.93,21.249,20.921,21.16,703407,0
KL.US,D,20180801,000000,21.363,22.829,21.23,22.375,1352981,0
KL.US,D,20180802,000000,22.261,22.666,22.059,22.291,475220,0
KL.US,D,20180803,000000,22.434,23.024,22.213,22.463,530180,0
KL.US,D,20180806,000000,22.291,22.957,22.195,22.597,401060,0
KL.US,D,20180807,000000,22.675,22.829,21.249,21.468,734326,0
KL.US,D,20180808,000000,21.468,21.566,20.911,21.18,999771,0
KL.US,D,20180809,000000,21.277,21.943,21.23,21.345,712295,0
KL.US,D,20180810,000000,21.2,21.681,21.005,21.21,704133,0
KL.US,D,20180813,000000,20.902,21.015,19.453,19.608,1541555,0
KL.US,D,20180814,000000,19.685,20.225,19.25,19.473,1150051,0
KL.US,D,20180815,000000,19.047,19.858,18.381,18.528,2153774,0
KL.US,D,20180816,000000,18.612,19.327,18.13,18.177,1804666,0
KL.US,D,20180817,000000,18.267,19.165,18.267,19.047,2830628,0
KL.US,D,20180820,000000,19.297,19.346,18.48,18.767,1340413,0
KL.US,D,20180821,000000,18.892,19.155,18.777,18.97,862055,0
KL.US,D,20180822,000000,19.165,19.211,18.691,18.845,828178,0
KL.US,D,20180823,000000,18.661,18.72,18.093,18.257,1168020,0
KL.US,D,20180824,000000,18.602,19.201,18.324,18.845,1607808,0
KL.US,D,20180827,000000,18.902,19.241,18.72,18.922,918733,0
KL.US,D,20180828,000000,19.076,19.192,18.275,18.461,1084346,0
KL.US,D,20180829,000000,18.461,18.749,18.257,18.594,1086551,0
KL.US,D,20180830,000000,18.391,18.391,17.821,18.063,1161911,0
KL.US,D,20180831,000000,18.023,18.197,17.908,18.005,686700,0
KL.US,D,20180904,000000,17.474,17.947,17.368,17.89,840824,0
KL.US,D,20180905,000000,17.947,17.975,17.436,17.532,870428,0
KL.US,D,20180906,000000,17.572,17.756,17.426,17.661,766289,0
KL.US,D,20180907,000000,17.504,17.995,17.494,17.766,875826,0
KL.US,D,20180910,000000,17.775,17.88,17.455,17.484,850622,0
KL.US,D,20180911,000000,17.338,17.726,17.117,17.641,1046047,0
KL.US,D,20180912,000000,17.708,18.602,17.387,18.431,1403027,0
KL.US,D,20180913,000000,18.701,18.701,18.217,18.519,1146962,0
KL.US,D,20180914,000000,18.519,18.575,17.766,17.794,1046498,0
KL.US,D,20180917,000000,17.708,18.053,16.858,17.562,5435866,0
KL.US,D,20180918,000000,17.651,17.651,16.654,16.955,3514593,0
KL.US,D,20180919,000000,17.436,18.324,17.3,17.436,3005324,0
KL.US,D,20180920,000000,17.726,17.821,16.915,17.417,3099782,0
KL.US,D,20180921,000000,17.079,18.247,17.03,17.927,17574952,0
KL.US,D,20180924,000000,18.138,18.96,17.861,17.871,3294822,0
KL.US,D,20180925,000000,18.352,18.979,18.275,18.739,1382880,0
KL.US,D,20180926,000000,18.701,18.787,18.093,18.257,1331124,0
KL.US,D,20180927,000000,18.111,18.262,17.908,18.148,642852,0
KL.US,D,20180928,000000,18.267,18.566,18.148,18.342,951840,0
KL.US,D,20181001,000000,18.237,18.519,18.167,18.197,732697,0
KL.US,D,20181002,000000,18.411,19.503,18.257,19.414,1716387,0
KL.US,D,20181003,000000,19.454,19.559,18.759,18.828,1110832,0
KL.US,D,20181004,000000,19.009,19.077,18.528,18.602,1064694,0
KL.US,D,20181005,000000,18.622,18.883,18.441,18.622,757012,0
KL.US,D,20181008,000000,18.111,18.158,17.61,18.121,850881,0
KL.US,D,20181009,000000,18.332,18.701,18.105,18.158,1045438,0
KL.US,D,20181010,000000,18.197,18.431,17.871,18.285,1065533,0
KL.US,D,20181011,000000,18.711,20.468,18.556,20.343,2720007,0
KL.US,D,20181012,000000,20.235,20.71,19.88,20.419,1054639,0
KL.US,D,20181015,000000,20.905,21.223,20.1,20.313,1426457,0
KL.US,D,20181016,000000,20.333,21.058,20.333,20.855,1111544,0
KL.US,D,20181017,000000,20.855,21.117,20.488,20.719,761996,0
KL.US,D,20181018,000000,20.643,21.223,20.552,21.038,1276899,0
KL.US,D,20181019,000000,21.348,21.492,20.719,20.905,1072417,0
KL.US,D,20181022,000000,20.766,20.961,20.458,20.729,876648,0
KL.US,D,20181023,000000,21.579,21.579,20.227,20.274,1567455,0
KL.US,D,20181024,000000,20.1,20.653,19.725,19.919,1237371,0
KL.US,D,20181025,000000,19.85,20.198,18.961,19.048,1583466,0
KL.US,D,20181026,000000,19.166,19.919,19.166,19.454,1255609,0
KL.US,D,20181029,000000,19.424,19.609,18.759,18.856,1278497,0
KL.US,D,20181030,000000,18.74,19.097,18.451,18.883,1379992,0
KL.US,D,20181031,000000,19,19.405,18.584,18.893,1835145,0
KL.US,D,20181101,000000,19.328,19.599,18.883,19.289,1220270,0
KL.US,D,20181102,000000,19.27,19.559,18.893,19.549,1744378,0
KL.US,D,20181105,000000,19.531,19.687,19.018,19.444,1501294,0
KL.US,D,20181106,000000,19.434,19.599,19.184,19.405,716554,0
KL.US,D,20181107,000000,19.54,19.612,18.778,18.893,935402,0
KL.US,D,20181108,000000,18.836,18.961,18.362,18.75,1036334,0
KL.US,D,20181109,000000,18.391,18.575,17.956,18.295,1286587,0
KL.US,D,20181112,000000,18.451,18.489,18.073,18.177,665578,0
KL.US,D,20181113,000000,18.167,18.519,17.707,17.783,1030113,0
KL.US,D,20181114,000000,17.774,18.275,17.503,18.043,1141327,0
KL.US,D,20181115,000000,18.217,18.247,17.821,18.033,1040157,0
KL.US,D,20181116,000000,18.352,18.528,18.237,18.324,1772756,0
KL.US,D,20181119,000000,18.227,18.778,18.13,18.391,891157,0
KL.US,D,20181120,000000,18.489,18.489,17.745,18.257,830733,0
KL.US,D,20181121,000000,18.401,18.913,18.401,18.768,677468,0
KL.US,D,20181123,000000,18.836,19.175,18.537,18.883,738921,0
KL.US,D,20181126,000000,18.883,19.146,18.701,18.75,747720,0
KL.US,D,20181127,000000,18.642,18.798,18.295,18.556,829276,0
KL.US,D,20181128,000000,18.381,19.549,18.371,19.54,1025092,0
KL.US,D,20181129,000000,19.609,19.899,19.522,19.715,946963,0
KL.US,D,20181130,000000,19.637,20.082,19.338,20.072,818634,0
KL.US,D,20181203,000000,20.564,21.289,20.564,21.018,1033176,0
KL.US,D,20181204,000000,21.223,21.606,21.038,21.318,1483599,0
KL.US,D,20181206,000000,21.366,22.515,21.252,21.735,1806727,0
KL.US,D,20181207,000000,21.985,22.824,21.782,22.573,1723627,0
KL.US,D,20181210,000000,22.632,23.26,22.497,22.99,1671418,0
KL.US,D,20181211,000000,23.329,23.685,22.748,23.51,1825873,0
KL.US,D,20181212,000000,23.888,24.149,23.348,23.636,1535328,0
KL.US,D,20181213,000000,23.695,24.179,23.443,24.14,789445,0
KL.US,D,20181214,000000,23.839,23.839,22.617,22.922,1929441,0
KL.US,D,20181217,000000,22.99,23.791,22.952,23.434,1057247,0
KL.US,D,20181218,000000,23.434,24.546,23.339,24.526,1391142,0
KL.US,D,20181219,000000,24.506,24.796,23.154,23.221,1796623,0
KL.US,D,20181220,000000,23.879,24.362,23.3,24.072,1456618,0
KL.US,D,20181221,000000,23.926,24.303,23.405,23.965,1372362,0
KL.US,D,20181224,000000,24.187,24.709,24.042,24.65,1018404,0
KL.US,D,20181226,000000,24.873,25.568,24.197,24.457,1293370,0
KL.US,D,20181227,000000,24.806,25.193,24.496,25.143,1180631,0
KL.US,D,20181228,000000,25.24,25.279,24.389,24.417,1184300,0
KL.US,D,20181231,000000,24.485,25.23,24.282,25.23,858039,0
KL.US,D,20190102,000000,25.308,25.534,24.95,25.23,817396,0
KL.US,D,20190103,000000,25.356,25.907,25.337,25.857,1013647,0
KL.US,D,20190104,000000,25.464,25.491,24.66,25.094,1458391,0
KL.US,D,20190107,000000,25.386,25.53,23.955,24.09,1679056,0
KL.US,D,20190108,000000,24.021,25.134,23.877,25.065,1160010,0
KL.US,D,20190109,000000,25.143,25.994,25.134,25.926,1054661,0
KL.US,D,20190110,000000,25.916,25.966,25.434,25.771,661946,0
KL.US,D,20190111,000000,25.946,26.072,25.501,25.637,696010,0
KL.US,D,20190114,000000,25.867,26.208,25.424,26.121,762611,0
KL.US,D,20190115,000000,25.627,26.225,25.26,25.627,897357,0
KL.US,D,20190116,000000,25.627,25.956,25.424,25.762,513552,0
KL.US,D,20190117,000000,25.723,26.208,25.637,26.149,718516,0
KL.US,D,20190118,000000,25.976,26.13,25.415,25.474,1195104,0
KL.US,D,20190122,000000,26.729,26.768,25.501,26.729,999946,0
KL.US,D,20190123,000000,26.593,26.914,26.129,26.72,820911,0
KL.US,D,20190124,000000,26.652,27.638,26.525,27.175,949836,0
KL.US,D,20190125,000000,27.813,28.277,27.638,28.267,1239833,0
KL.US,D,20190128,000000,28.383,29.277,27.861,29.233,1355886,0
KL.US,D,20190129,000000,29.641,29.911,29.08,29.321,1289738,0
KL.US,D,20190130,000000,29.291,30.701,29.011,30.289,1333178,0
KL.US,D,20190131,000000,30.665,31.11,30.27,31.11,1447938,0
KL.US,D,20190201,000000,30.974,31.284,30.173,31.247,1281733,0
KL.US,D,20190204,000000,30.608,31.769,30.549,31.257,1145053,0
KL.US,D,20190205,000000,31.332,32.072,31.212,32.038,798530,0
KL.US,D,20190206,000000,31.912,32.27,31.546,32.028,827632,0
KL.US,D,20190207,000000,32.028,32.26,30.879,31.527,1054966,0
KL.US,D,20190208,000000,31.546,32.443,31.488,32.28,972960,0
KL.US,D,20190211,000000,31.912,32.474,31.458,31.729,1044583,0
KL.US,D,20190212,000000,31.749,31.989,31.054,31.401,1317543,0
KL.US,D,20190213,000000,31.257,31.777,31.1,31.458,712463,0
KL.US,D,20190214,000000,31.564,32.29,31.44,32.155,1032038,0
KL.US,D,20190215,000000,32.318,32.59,31.865,32.484,1384840,0
KL.US,D,20190219,000000,32.802,33.547,32.688,33.015,1986917,0
KL.US,D,20190220,000000,33.315,33.335,31.932,32.318,1804592,0
KL.US,D,20190221,000000,34.321,35.286,33.557,34.833,3139188,0
KL.US,D,20190222,000000,34.784,34.784,33.054,33.748,3061576,0
KL.US,D,20190225,000000,33.758,35.055,33.703,34.998,1915188,0
KL.US,D,20190226,000000,34.958,35.296,34.088,35.277,1313962,0
KL.US,D,20190227,000000,35.045,35.423,34.536,34.978,1154837,0
KL.US,D,20190228,000000,34.863,35.529,34.591,35.443,1262540,0
KL.US,D,20190301,000000,35.007,35.409,34.035,34.107,2014906,0
KL.US,D,20190304,000000,33.421,33.421,31.188,32.956,3756808,0
KL.US,D,20190305,000000,32.723,33.518,32.6,33.248,1065488,0
KL.US,D,20190306,000000,33.258,33.538,32.475,33.228,969207,0
KL.US,D,20190307,000000,33.218,34.098,33.121,33.509,1048418,0
KL.US,D,20190308,000000,34.33,34.515,33.732,33.788,1563035,0
KL.US,D,20190311,000000,33.655,33.848,33.228,33.655,1121217,0
KL.US,D,20190312,000000,33.738,34.446,33.738,34.409,1037710,0
KL.US,D,20190313,000000,34.718,34.958,34.04,34.37,1317791,0
KL.US,D,20190314,000000,33.703,33.798,33.092,33.208,1224942,0
KL.US,D,20190315,000000,33.306,33.354,32.062,32.368,1820478,0
KL.US,D,20190318,000000,32.368,32.572,31.265,31.69,1711403,0
KL.US,D,20190319,000000,31.787,32.193,31.583,31.845,1317338,0
KL.US,D,20190320,000000,31.845,32.299,31.054,32.067,1587914,0
KL.US,D,20190321,000000,32.155,32.572,31.739,32.338,1179903,0
KL.US,D,20190322,000000,32.25,33.16,32.205,32.753,1233438,0
KL.US,D,20190325,000000,33.024,33.082,31.255,31.999,2441591,0
KL.US,D,20190326,000000,31.845,32.649,31.596,32.184,1268687,0
KL.US,D,20190327,000000,32.155,32.174,31.546,31.651,1095102,0
KL.US,D,20190328,000000,30.769,30.769,29.658,29.802,2659320,0
KL.US,D,20190329,000000,29.851,30.224,29.411,29.446,1650583,0
KL.US,D,20190401,000000,29.386,29.769,28.38,28.689,2644912,0
KL.US,D,20190402,000000,28.31,30.112,28.225,30.026,1870744,0
KL.US,D,20190403,000000,30.063,30.868,29.831,30.356,1365173,0
KL.US,D,20190404,000000,30.016,31.806,29.783,31.564,1219619,0
KL.US,D,20190405,000000,31.293,31.739,30.839,31.246,1206688,0
KL.US,D,20190408,000000,31.922,32.31,31.043,31.391,1176870,0
KL.US,D,20190409,000000,31.401,31.893,31.246,31.497,1160419,0
KL.US,D,20190410,000000,31.391,31.448,30.567,30.682,1214169,0
KL.US,D,20190411,000000,30.258,30.906,30.063,30.558,792464,0
KL.US,D,20190412,000000,30.393,30.809,29.966,30.615,1085589,0
KL.US,D,20190415,000000,30.413,31.265,30.092,30.759,964594,0
KL.US,D,20190416,000000,30.346,30.558,29.869,29.966,1491614,0
KL.US,D,20190417,000000,30.044,30.819,29.956,30.682,1168039,0
KL.US,D,20190418,000000,30.567,30.973,29.981,30.326,1211326,0
KL.US,D,20190422,000000,30.21,30.916,30.142,30.316,636739,0
KL.US,D,20190423,000000,30.044,30.691,30.016,30.112,1110365,0
KL.US,D,20190424,000000,30.249,31.236,29.909,31.062,1235146,0
KL.US,D,20190425,000000,31.099,31.527,29.986,30.597,1348154,0
KL.US,D,20190426,000000,30.963,31.44,30.848,31.274,942475,0
KL.US,D,20190429,000000,31.178,31.196,30.432,30.655,1043298,0
KL.US,D,20190430,000000,30.508,31.603,30.508,31.293,879789,0
KL.US,D,20190501,000000,31.168,31.303,30.375,30.691,1159659,0
KL.US,D,20190502,000000,30.336,31.072,29.734,29.956,1363122,0
KL.US,D,20190503,000000,30.479,30.749,29.841,30.026,1335863,0
KL.US,D,20190506,000000,29.966,30.142,29.599,29.918,1061723,0
KL.US,D,20190507,000000,30.171,31.874,30.006,31.759,2556454,0
KL.US,D,20190508,000000,32.438,32.621,31.012,32.494,2765233,0
KL.US,D,20190509,000000,32.573,33.413,32.329,32.329,1766387,0
KL.US,D,20190510,000000,32.438,32.688,31.29,31.999,1895870,0
KL.US,D,20190513,000000,32.891,34.063,32.291,34.053,2356806,0
KL.US,D,20190514,000000,33.831,33.908,33.138,33.791,2161647,0
KL.US,D,20190515,000000,34.053,34.081,32.428,32.611,1477947,0
KL.US,D,20190516,000000,32.241,32.447,31.666,32.251,1103701,0
KL.US,D,20190517,000000,32.359,32.833,32.073,32.803,1249912,0
KL.US,D,20190520,000000,33.046,33.384,32.833,33.346,1081073,0
KL.US,D,20190521,000000,33.113,33.22,31.845,33.133,1667773,0
KL.US,D,20190522,000000,33.375,33.658,32.222,32.399,1516881,0
KL.US,D,20190523,000000,32.705,33.153,31.902,31.932,1515598,0
KL.US,D,20190524,000000,31.787,32.271,31.303,32.194,1087806,0
KL.US,D,20190528,000000,31.023,31.44,30.342,31.013,2620231,0
KL.US,D,20190529,000000,31.148,31.274,30.799,30.897,1121499,0
KL.US,D,20190530,000000,30.848,31.651,30.613,31.507,1293815,0
KL.US,D,20190531,000000,32.018,33.615,32.018,33.413,1943230,0
KL.US,D,20190603,000000,34.343,35.331,33.602,35.225,3687190,0
KL.US,D,20190604,000000,34.972,36.938,34.857,36.493,2878253,0
KL.US,D,20190605,000000,37.79,38.14,35.488,36.639,2575082,0
KL.US,D,20190606,000000,36.889,37.8,36.62,37.074,1630752,0
KL.US,D,20190607,000000,37.644,37.644,36.125,36.145,2060285,0
KL.US,D,20190610,000000,35.718,36.58,34.683,36.414,1853391,0
KL.US,D,20190611,000000,36.31,36.783,35.98,36.62,1030480,0
KL.US,D,20190612,000000,36.909,38.496,36.889,37.693,1997564,0
KL.US,D,20190613,000000,37.693,38.197,36.959,37.161,1577584,0
KL.US,D,20190614,000000,37.53,37.743,36.61,36.938,1570933,0
KL.US,D,20190617,000000,37.035,37.248,36.513,37.19,1262886,0
KL.US,D,20190618,000000,37.451,38.178,36.918,37.983,1438944,0
KL.US,D,20190619,000000,37.654,38.788,37.567,38.515,1205490,0
KL.US,D,20190620,000000,40.279,40.298,39.029,39.697,1736580,0
KL.US,D,20190621,000000,39.736,40.356,38.932,40.163,2421890,0
KL.US,D,20190624,000000,40.754,41.809,40.183,41.625,2386748,0
KL.US,D,20190625,000000,42.1,42.64,40.008,41.45,3068411,0
KL.US,D,20190626,000000,40.618,42.03,40.482,41.509,1708551,0
KL.US,D,20190627,000000,41.199,41.789,40.655,41.189,1122861,0
KL.US,D,20190628,000000,41.1,41.731,40.432,41.597,1273173,0
KL.US,D,20190701,000000,40.007,40.636,39.29,40.229,1581697,0
KL.US,D,20190702,000000,40.412,41.944,40.297,41.789,1250452,0
KL.US,D,20190703,000000,41.847,41.886,40.442,41.324,1222282,0
KL.US,D,20190705,000000,40.219,41.042,38.813,40.772,2080469,0
KL.US,D,20190708,000000,41.081,41.338,40.442,40.694,1178797,0
KL.US,D,20190709,000000,40.442,40.82,39.928,40.248,1238007,0
KL.US,D,20190710,000000,40.753,40.936,39.066,40.83,2016345,0
KL.US,D,20190711,000000,40.936,41.809,40.655,41.149,1545997,0
KL.US,D,20190712,000000,41.189,41.615,40.639,41.597,983455,0
KL.US,D,20190715,000000,41.674,43.031,41.664,42.973,1486419,0
KL.US,D,20190716,000000,42.836,43.126,42.353,42.7,1170104,0
KL.US,D,20190717,000000,42.923,44.589,42.789,44.552,1426121,0
KL.US,D,20190718,000000,44.377,45.337,43.856,45.105,1553345,0
KL.US,D,20190719,000000,44.648,45.356,44.405,45.047,1216788,0
KL.US,D,20190722,000000,45.385,45.754,44.589,44.803,1136277,0
KL.US,D,20190723,000000,44.542,44.998,43.243,44.086,1441256,0
KL.US,D,20190724,000000,44.377,44.599,43.737,44,1134436,0
KL.US,D,20190725,000000,43.874,44.134,43.281,43.427,1004152,0
KL.US,D,20190726,000000,43.593,43.854,42.943,43.155,791112,0
KL.US,D,20190729,000000,43.397,44.542,43.397,44.512,1314131,0
KL.US,D,20190730,000000,44.726,44.91,44.106,44.259,1115309,0
KL.US,D,20190731,000000,44.259,44.435,39.526,40.016,3767618,0
KL.US,D,20190801,000000,39.405,43.558,39.25,43.281,2740935,0
KL.US,D,20190802,000000,43.135,43.844,42.505,42.71,1404187,0
KL.US,D,20190805,000000,44.096,46.472,44.047,45.027,2338416,0
KL.US,D,20190806,000000,44.91,45.917,44.377,45.307,2124174,0
KL.US,D,20190807,000000,46.76,47.612,45.056,45.278,2319704,0
KL.US,D,20190808,000000,44.454,46.219,43.717,45.832,1335730,0
KL.US,D,20190809,000000,45.684,46.4,44.512,44.609,1258794,0
KL.US,D,20190812,000000,45.162,45.618,44.532,44.609,1166287,0
KL.US,D,20190813,000000,45.5,45.655,42.438,44.358,1849429,0
KL.US,D,20190814,000000,45.258,45.347,43.912,44,1376395,0
KL.US,D,20190815,000000,43.926,44.464,43.281,43.707,1244883,0
KL.US,D,20190816,000000,42.983,43.224,42.184,42.779,2113320,0
KL.US,D,20190819,000000,41.684,43.805,40.898,42.7,1782348,0
KL.US,D,20190820,000000,42.883,44.204,42.565,44.096,1108725,0
KL.US,D,20190821,000000,44.066,44.87,44,44.194,1020304,0
KL.US,D,20190822,000000,43.786,45.12,43.786,44.086,760584,0
KL.US,D,20190823,000000,44.542,46.005,44.139,45.862,1572983,0
KL.US,D,20190826,000000,45.985,47.284,45.385,46.209,1871176,0
KL.US,D,20190827,000000,46.288,48.612,46.288,48.448,2184677,0
KL.US,D,20190828,000000,48.699,49.455,47.677,48.37,1587302,0
KL.US,D,20190829,000000,48.458,48.681,46.306,46.615,2102603,0
KL.US,D,20190830,000000,46.432,47.39,46.278,47.256,1121477,0
KL.US,D,20190903,000000,48.05,48.718,47.73,48.4,1647083,0
KL.US,D,20190904,000000,48.157,49.504,48.157,49.465,1843581,0
KL.US,D,20190905,000000,48.748,48.758,45.603,46.789,2191620,0
KL.US,D,20190906,000000,46.674,47.943,45.862,45.878,2049468,0
KL.US,D,20190909,000000,46.597,47.779,44.91,45.356,2276831,0
KL.US,D,20190910,000000,44.813,44.823,42.913,43.145,3018327,0
KL.US,D,20190911,000000,43.049,43.99,42.167,43.031,2020624,0
KL.US,D,20190912,000000,44.474,44.736,42.438,42.505,1453920,0
KL.US,D,20190913,000000,42.505,43.407,40.985,41.072,2132138,0
KL.US,D,20190916,000000,41.722,43.564,41.557,42.913,1802232,0
KL.US,D,20190917,000000,43.116,44.9,43.106,44.783,1547952,0
KL.US,D,20190918,000000,45.017,45.375,43.478,44.561,1662619,0
KL.US,D,20190919,000000,44.988,46.035,44.934,45.754,1279325,0
KL.US,D,20190920,000000,45.763,46.12,45.364,45.763,1606442,0
KL.US,D,20190923,000000,46.518,48.117,46.179,48.107,1558401,0
KL.US,D,20190924,000000,47.662,48.006,47.08,47.923,1368763,0
KL.US,D,20190925,000000,47.652,47.997,45.115,46.15,1627557,0
KL.US,D,20190926,000000,46.326,46.711,45.724,45.926,729217,0
KL.US,D,20190927,000000,44.627,45.026,43.9,44.064,1464751,0
KL.US,D,20190930,000000,43.173,44.054,42.444,43.454,1475182,0
KL.US,D,20191001,000000,42.871,44.656,42.746,43.591,1391072,0
KL.US,D,20191002,000000,44.328,45.105,43.794,45.075,1112923,0
KL.US,D,20191003,000000,45.065,46.169,44.551,44.56,968132,0
KL.US,D,20191004,000000,44.376,45.544,44.278,45.238,779395,0
KL.US,D,20191007,000000,44.715,45.559,44.649,44.812,637549,0
KL.US,D,20191008,000000,45.49,46.15,44.938,46.12,1007930,0
KL.US,D,20191009,000000,46.045,46.726,45.714,46.209,915334,0
KL.US,D,20191010,000000,45.956,45.956,43.619,44.735,1577129,0
KL.US,D,20191011,000000,44.104,44.504,42.853,43.385,1718631,0
KL.US,D,20191014,000000,43.385,43.657,42.97,43.269,601445,0
KL.US,D,20191015,000000,43.212,43.561,42.454,42.512,1190916,0
KL.US,D,20191016,000000,43.133,43.328,41.853,42.853,1007872,0
KL.US,D,20191017,000000,42.38,43.842,42.241,43.328,860024,0
KL.US,D,20191018,000000,43.269,43.667,42.99,43.415,602619,0
KL.US,D,20191021,000000,43.454,44.133,42.454,42.492,865014,0
KL.US,D,20191022,000000,42.582,43.386,41.902,42.621,996552,0
KL.US,D,20191023,000000,42.826,43.552,42.552,42.677,590518,0
KL.US,D,20191024,000000,42.796,44.852,42.796,44.802,1033754,0
KL.US,D,20191025,000000,45.773,46.363,44.231,44.348,1238046,0
KL.US,D,20191028,000000,43.88,43.88,43.212,43.25,1335176,0
KL.US,D,20191029,000000,43,43.104,42.464,42.697,1471887,0
KL.US,D,20191030,000000,43.047,43.842,42.35,43.775,1209766,0
KL.US,D,20191031,000000,44.036,45.609,43.968,45.539,1286863,0
KL.US,D,20191101,000000,45.016,45.346,44.054,44.608,1051843,0
KL.US,D,20191104,000000,44.268,44.569,43.591,43.784,994887,0
KL.US,D,20191105,000000,42.816,44.182,42.687,44.008,1214119,0
KL.US,D,20191106,000000,44.172,46.064,43.523,45.248,2309657,0
KL.US,D,20191107,000000,45.006,46.269,43.833,44.929,1824109,0
KL.US,D,20191108,000000,44.162,44.686,43.697,43.852,1267377,0
KL.US,D,20191111,000000,43.725,44.608,43.725,44.241,956555,0
KL.US,D,20191112,000000,44.241,44.769,43.571,44.531,1112416,0
KL.US,D,20191113,000000,44.909,46.549,44.812,45.704,1302287,0
KL.US,D,20191114,000000,46.045,46.82,45.966,46.326,1328064,0
KL.US,D,20191115,000000,46.14,46.85,45.434,45.51,943857,0
KL.US,D,20191118,000000,45.674,46.686,45.414,46.636,930655,0
KL.US,D,20191119,000000,46.549,47.984,46.372,47.248,1263722,0
KL.US,D,20191120,000000,47.354,48.284,47.267,47.431,1250541,0
KL.US,D,20191121,000000,47.498,48.091,46.929,47.15,844750,0
KL.US,D,20191122,000000,47.285,47.495,46.179,46.189,780402,0
KL.US,D,20191125,000000,41.185,41.359,37.934,38.255,9792430,0
KL.US,D,20191126,000000,38.081,38.216,36.617,37.973,5253964,0
KL.US,D,20191127,000000,38.052,38.779,37.43,38.663,3463116,0
KL.US,D,20191129,000000,39.632,40.856,39.224,40.65,2834197,0
KL.US,D,20191202,000000,40.738,41.211,40.167,40.748,2013188,0
KL.US,D,20191203,000000,40.641,41.505,40.37,40.826,3139838,0
KL.US,D,20191204,000000,40.942,40.952,39.119,39.769,2317449,0
KL.US,D,20191205,000000,39.526,40.526,39.526,39.807,1647491,0
KL.US,D,20191206,000000,38.981,40.204,38.74,39.224,1588915,0
KL.US,D,20191209,000000,39.556,39.894,39.184,39.447,1512702,0
KL.US,D,20191210,000000,40.253,40.253,39.001,39.923,1569298,0
KL.US,D,20191211,000000,40.088,41.126,39.671,41.058,1426254,0
KL.US,D,20191212,000000,41.708,41.853,40.787,41.398,1601984,0
KL.US,D,20191213,000000,41.028,41.787,40.942,41.563,1566637,0
KL.US,D,20191216,000000,41.369,41.525,40.506,40.66,1395208,0
KL.US,D,20191217,000000,40.593,40.971,40.029,40.506,1068067,0
KL.US,D,20191218,000000,40.397,40.622,39.807,40.379,853816,0
KL.US,D,20191219,000000,40.612,40.679,40.029,40.34,844994,0
KL.US,D,20191220,000000,40.167,40.546,39.234,39.487,1288781,0
KL.US,D,20191223,000000,39.487,40.882,39.487,40.602,942011,0
KL.US,D,20191224,000000,40.932,42.028,40.866,42.009,884670,0
KL.US,D,20191226,000000,42.677,43.464,42.464,42.98,1135063,0
KL.US,D,20191227,000000,43,43.069,41.951,42.048,1066048,0
KL.US,D,20191230,000000,42.154,43.001,42.004,42.678,1255227,0
KL.US,D,20191231,000000,43.02,43.204,42.613,42.807,945770,0
KL.US,D,20200102,000000,43.311,43.466,42.523,42.961,1013820,0
KL.US,D,20200103,000000,43.903,43.951,42.513,42.728,1673588,0
KL.US,D,20200106,000000,43.525,43.786,42.911,43.291,1405209,0
KL.US,D,20200107,000000,43.175,44.135,43.01,43.826,1094764,0
KL.US,D,20200108,000000,43.903,43.903,41.912,42.173,1494803,0
KL.US,D,20200109,000000,41.766,42.45,41.3,41.873,1028818,0
KL.US,D,20200110,000000,42.058,43.466,42.058,43.349,1083271,0
KL.US,D,20200113,000000,42.911,43.271,42.436,42.445,1114058,0
KL.US,D,20200114,000000,42.251,43.165,42.127,43.116,1055595,0
KL.US,D,20200115,000000,43.368,43.717,42.553,43.659,1098081,0
KL.US,D,20200116,000000,43.436,43.806,42.799,42.881,967558,0
KL.US,D,20200117,000000,42.971,43.087,42.127,42.192,1246172,0
KL.US,D,20200121,000000,41.853,42.625,41.31,42.426,1260621,0
KL.US,D,20200122,000000,42.445,42.891,41.776,42.018,893403,0
KL.US,D,20200123,000000,41.766,42.767,41.368,41.416,1140876,0
KL.US,D,20200124,000000,41.329,42.173,41.154,41.824,1273079,0
KL.US,D,20200127,000000,42.484,42.523,41.037,41.407,1332836,0
KL.US,D,20200128,000000,41.008,41.407,39.852,39.92,1546746,0
KL.US,D,20200129,000000,40.066,40.874,39.483,40.687,1433502,0
KL.US,D,20200130,000000,40.911,41.086,38.493,39.145,2427179,0
KL.US,D,20200131,000000,39.28,40.766,39.28,39.95,2057451,0
KL.US,D,20200203,000000,39.707,39.95,38.445,39.096,2234177,0
KL.US,D,20200204,000000,38.376,38.755,37.347,37.561,2240427,0
KL.US,D,20200205,000000,37.308,37.843,36.161,36.394,2888086,0
KL.US,D,20200206,000000,36.328,36.75,35.287,36.239,2655957,0
KL.US,D,20200207,000000,36.239,36.744,34.394,34.423,2726650,0
KL.US,D,20200210,000000,34.579,35.929,34.404,35.589,3398916,0
KL.US,D,20200211,000000,35.763,36.118,35.2,36.035,2040448,0
KL.US,D,20200212,000000,35.987,35.996,35.132,35.132,2329100,0
KL.US,D,20200213,000000,35.385,36.055,35.375,35.638,2169448,0
KL.US,D,20200214,000000,35.724,36.133,35.132,35.92,1958807,0
KL.US,D,20200218,000000,36.328,37.176,36.143,37.006,2265231,0
KL.US,D,20200219,000000,37.191,37.289,36.045,36.356,2548198,0
KL.US,D,20200220,000000,35.22,35.569,33.741,33.791,6032779,0
KL.US,D,20200221,000000,34.705,35.861,34.139,35.434,3882874,0
KL.US,D,20200224,000000,37.289,37.366,35.539,35.743,3871968,0
KL.US,D,20200225,000000,35.172,36.848,35.024,35.783,3372289,0
KL.US,D,20200226,000000,35.647,36.219,35.277,35.355,2401835,0
KL.US,D,20200227,000000,35.647,35.732,32.732,32.821,3549268,0
KL.US,D,20200228,000000,30.84,31.791,29.8,31.159,5813875,0
KL.US,D,20200302,000000,31.596,32.122,30.78,31.383,2094037,0
KL.US,D,20200303,000000,31.675,34.661,31.433,33.548,3765070,0
KL.US,D,20200304,000000,33.88,34.54,33.189,34.482,2243848,0
KL.US,D,20200305,000000,34.87,35.265,34.151,34.656,1755887,0
KL.US,D,20200306,000000,34.841,35.005,32.433,34.035,2397556,0
KL.US,D,20200309,000000,32.063,33.899,30.888,31.956,2309985,0
KL.US,D,20200310,000000,32.433,33.1,30.356,31.091,2953135,0
KL.US,D,20200311,000000,30.81,31.413,29.091,29.442,3120371,0
KL.US,D,20200312,000000,24.585,27.099,23.156,24.496,4208775,0
KL.US,D,20200313,000000,26.012,26.02,21.669,22.438,4318663,0
KL.US,D,20200316,000000,18.3,27.333,17.508,25.419,4403292,0
KL.US,D,20200317,000000,24.855,30.227,24.282,28.022,4159238,0
KL.US,D,20200318,000000,26.749,29.363,22.642,23.097,2866848,0
KL.US,D,20200319,000000,24.428,29.121,22.553,26.177,3984601,0
KL.US,D,20200320,000000,27.253,27.916,23.505,24.779,3394872,0
KL.US,D,20200323,000000,25.35,27.973,23.895,26.614,3439356,0
KL.US,D,20200324,000000,30.636,31.373,28.866,30.567,3744142,0
KL.US,D,20200325,000000,30.994,32.946,29.575,31.743,3425179,0
KL.US,D,20200326,000000,32.841,33.568,30.004,31.937,2808452,0
KL.US,D,20200327,000000,31.063,31.975,29.091,31.073,2716202,0
KL.US,D,20200330,000000,30.979,32.082,28.862,29.77,1909253,0
KL.US,D,20200331,000000,28.952,30.784,28.643,28.862,1784735,0
KL.US,D,20200401,000000,28.376,29.701,27.986,28.503,2015237,0
KL.US,D,20200402,000000,29.341,31.429,28.844,30.735,2171879,0
KL.US,D,20200403,000000,31.029,33.573,31.029,32.179,2731661,0
KL.US,D,20200406,000000,33.406,34.539,32.915,33.737,3011422,0
KL.US,D,20200407,000000,34.861,34.861,32.823,33.114,2079989,0
KL.US,D,20200408,000000,33.202,33.506,32.404,32.773,1338040,0
KL.US,D,20200409,000000,34.032,35.016,33.787,34.967,3300555,0
KL.US,D,20200413,000000,35.347,37.638,33.553,37.396,3234296,0
KL.US,D,20200414,000000,38.029,39.063,35.318,36.275,3101845,0
KL.US,D,20200415,000000,35.612,36.85,34.51,35.397,1719548,0
KL.US,D,20200416,000000,35.562,36.439,34.831,35.816,1380916,0
KL.US,D,20200417,000000,34.929,35.747,33.534,33.681,2908998,0
KL.US,D,20200420,000000,34.471,36.05,33.747,35.806,2433809,0
KL.US,D,20200421,000000,34.764,36.118,34.323,35.757,1970121,0
KL.US,D,20200422,000000,37.093,38.984,36.81,38.828,2645376,0
KL.US,D,20200423,000000,39.736,41.627,39.726,40.75,3595855,0
KL.US,D,20200424,000000,41.559,41.891,40.232,41.803,2131650,0
KL.US,D,20200427,000000,42.74,42.74,41.11,42.241,1913599,0
KL.US,D,20200428,000000,42.418,42.819,41.447,42.301,2093993,0
KL.US,D,20200429,000000,41.911,42.759,40.408,42.73,2508471,0
KL.US,D,20200430,000000,42.398,42.681,40.096,40.389,2557665,0
KL.US,D,20200501,000000,39.589,40.878,38.731,40.838,2201800,0
KL.US,D,20200504,000000,41.793,42.107,40.632,41.911,2408573,0
KL.US,D,20200505,000000,41.608,42.36,40.965,41.998,1888250,0
KL.US,D,20200506,000000,41.462,41.608,40.312,40.428,2148219,0
KL.US,D,20200507,000000,41.247,42.476,40.438,42.017,2588207,0
KL.US,D,20200508,000000,41.988,43.129,41.793,41.959,1879498,0
KL.US,D,20200511,000000,42.231,42.231,39.736,40.01,1892188,0
KL.US,D,20200512,000000,40.632,40.73,38.644,38.674,2679421,0
KL.US,D,20200513,000000,39.677,39.891,37.494,38.157,2088007,0
KL.US,D,20200514,000000,38.371,39.648,38.244,39.113,2307756,0
KL.US,D,20200515,000000,40.195,40.418,39.238,39.951,2401492,0
KL.US,D,20200518,000000,40.467,40.565,37.688,38.546,2717398,0
KL.US,D,20200519,000000,39.376,40.547,39.132,39.472,2546387,0
KL.US,D,20200520,000000,39.786,39.891,38.615,38.615,2305078,0
KL.US,D,20200521,000000,38.196,38.41,36.976,38.049,2306849,0
KL.US,D,20200522,000000,38.167,38.878,37.396,37.648,1635129,0
KL.US,D,20200526,000000,37.21,37.357,36.205,36.576,2171466,0
KL.US,D,20200527,000000,35.503,36.869,35.222,36.703,2107933,0
KL.US,D,20200528,000000,37.347,37.766,36.285,36.908,1613491,0
KL.US,D,20200529,000000,37.874,38.254,37.259,37.504,2083903,0
KL.US,D,20200601,000000,37.628,39.961,37.552,39.901,2154333,0
KL.US,D,20200602,000000,40.027,40.191,38.46,38.546,2051492,0
KL.US,D,20200603,000000,37.414,38.361,35.819,36.166,3670869,0
KL.US,D,20200604,000000,36.957,37.103,36.04,36.84,2379355,0
KL.US,D,20200605,000000,35.503,37.249,35.298,37.22,1905086,0
KL.US,D,20200608,000000,37.249,37.317,36.215,36.79,1764885,0
KL.US,D,20200609,000000,37.357,37.474,36.606,37.084,1393497,0
KL.US,D,20200610,000000,37.444,38.42,36.275,38.39,2440377,0
KL.US,D,20200611,000000,38.449,39.122,35.914,36.391,2698218,0
KL.US,D,20200612,000000,36.81,37.619,35.689,35.825,1918884,0
KL.US,D,20200615,000000,35.105,36.499,34.481,36.315,1727423,0
KL.US,D,20200616,000000,36.08,36.79,35.952,36.352,1780690,0
KL.US,D,20200617,000000,36.325,37.015,36.02,36.305,1160337,0
KL.US,D,20200618,000000,36.138,36.499,35.738,35.992,1275647,0
KL.US,D,20200619,000000,36.325,37.571,36.2,37.327,2389574,0
KL.US,D,20200622,000000,38.157,38.936,37.648,38.078,2185076,0
KL.US,D,20200623,000000,38.78,39.482,38.361,38.526,1697880,0
KL.US,D,20200624,000000,38.41,39.093,37.103,37.464,2088469,0
KL.US,D,20200625,000000,37.454,38.009,37.123,37.97,1327920,0
KL.US,D,20200626,000000,37.844,37.941,36.898,37.757,1287175,0
KL.US,D,20200629,000000,38.064,38.514,37.663,38.514,1517957,0
KL.US,D,20200630,000000,38.348,40.422,37.81,40.344,2826769,0
KL.US,D,20200701,000000,40.324,40.833,39.436,40.735,2151055,0
KL.US,D,20200702,000000,40.55,41.449,40.285,40.775,2378605,0
KL.US,D,20200706,000000,41.449,41.528,40.383,41.018,1675528,0
KL.US,D,20200707,000000,40.843,43.132,40.843,42.916,2929675,0
KL.US,D,20200708,000000,44.022,46.712,43.964,46.498,4281119,0
KL.US,D,20200709,000000,47.103,47.172,44.214,45.744,3989539,0
KL.US,D,20200710,000000,45.979,46.224,44.385,44.814,1593479,0
KL.US,D,20200713,000000,45.863,45.969,42.858,43.053,2184768,0
KL.US,D,20200714,000000,42.867,44.022,42.408,44.013,1639545,0
KL.US,D,20200715,000000,43.758,44.316,42.966,44.13,2093410,0
KL.US,D,20200716,000000,43.837,44.256,42.477,43.132,2497033,0
KL.US,D,20200717,000000,43.885,44.12,43.221,43.738,1479342,0
KL.US,D,20200720,000000,44.443,45.88,44.06,45.225,1803453,0
KL.US,D,20200721,000000,46.82,47.632,46.155,47.083,2683202,0
KL.US,D,20200722,000000,47.573,48.62,46.987,47.427,2209299,0
KL.US,D,20200723,000000,47.231,47.799,45.9,46.507,2096730,0
KL.US,D,20200724,000000,47.064,47.476,46.504,47.221,1941821,0
KL.US,D,20200727,000000,48.913,50.254,48.757,49.53,3260692,0
KL.US,D,20200728,000000,48.542,49.823,47.944,49.54,2034202,0
KL.US,D,20200729,000000,49.697,50.038,47.974,49.392,2748811,0
KL.US,D,20200730,000000,48.454,49.999,47.603,49.638,2476061,0
KL.US,D,20200731,000000,50.889,53.55,50.675,53.414,3596140,0
KL.US,D,20200803,000000,53.492,53.741,50.957,52.534,1932270,0
KL.US,D,20200804,000000,52.631,54.48,51.945,54.391,2481968,0
KL.US,D,20200805,000000,55.967,56.437,53.276,54,2841471,0
KL.US,D,20200806,000000,55.439,55.653,52.405,52.935,2256402,0
KL.US,D,20200807,000000,51.672,52.405,50.806,51.437,2094911,0
KL.US,D,20200810,000000,51.955,52.984,50.043,50.185,1903458,0
KL.US,D,20200811,000000,47.443,48.083,46.414,47.113,3847715,0
KL.US,D,20200812,000000,48.131,48.532,47.289,47.544,2068681,0
KL.US,D,20200813,000000,48.2,50.088,47.877,49.247,1425532,0
KL.US,D,20200814,000000,49.197,49.53,48.083,48.826,1172748,0
KL.US,D,20200817,000000,50.947,52.309,50.283,52.094,1908207,0
KL.US,D,20200818,000000,53.815,53.97,51.565,52.885,2133754,0
KL.US,D,20200819,000000,52.25,52.825,51.389,51.535,1576173,0
KL.US,D,20200820,000000,51.349,52.845,51.115,52.769,1295745,0
KL.US,D,20200821,000000,52.044,52.425,51.535,52.005,1235556,0
KL.US,D,20200824,000000,52.289,52.572,51.075,51.125,978220,0
KL.US,D,20200825,000000,50.871,51.047,49.442,50.576,1435117,0
KL.US,D,20200826,000000,49.892,51.692,49.833,51.652,1334988,0
KL.US,D,20200827,000000,52.73,52.749,49.951,50.665,1322136,0
KL.US,D,20200828,000000,51.76,52.572,51.233,52.289,1166400,0
KL.US,D,20200831,000000,52.563,53.141,51.995,52.054,1241648,0
KL.US,D,20200901,000000,53.091,53.121,50.967,51.399,1189864,0
KL.US,D,20200902,000000,50.899,52.044,50.244,51.975,983004,0
KL.US,D,20200903,000000,51.075,51.672,49.794,51.369,1459825,0
KL.US,D,20200904,000000,50.626,51.007,48.366,50.556,1746716,0
KL.US,D,20200908,000000,49.031,51.839,48.512,50.665,1416187,0
KL.US,D,20200909,000000,51.164,53.454,50.987,53.345,1589768,0
KL.US,D,20200910,000000,53.805,54.089,51.692,51.789,1601863,0
KL.US,D,20200911,000000,52.28,52.954,50.928,51.359,1356836,0
KL.US,D,20200914,000000,52.376,53.336,52.074,53.131,1767108,0
KL.US,D,20200915,000000,53.707,53.805,52.338,52.865,1213420,0
KL.US,D,20200916,000000,53.444,53.736,52.005,52.2,2088056,0
KL.US,D,20200917,000000,50.889,51.652,50.176,51.213,1650827,0
KL.US,D,20200918,000000,51.359,51.859,50.156,50.205,1470126,0
KL.US,D,20200921,000000,48.727,49.774,47.944,48.698,2822800,0
KL.US,D,20200922,000000,49.031,49.363,47.339,47.954,1733981,0
KL.US,D,20200923,000000,47.007,47.324,46.028,46.194,2438403,0
KL.US,D,20200924,000000,45.684,47.877,45.245,47.524,1818081,0
KL.US,D,20200925,000000,47.123,47.739,46.283,47.476,1238577,0
KL.US,D,20200928,000000,48.063,48.249,46.859,47.632,1397594,0
KL.US,D,20200929,000000,47.883,48.499,47.706,47.97,1183109,0
KL.US,D,20200930,000000,47.911,48.451,46.725,47.794,1741115,0
KL.US,D,20201001,000000,48.383,48.864,47.598,48.373,1873140,0
KL.US,D,20201002,000000,47.853,48.373,47.323,47.607,1164640,0
KL.US,D,20201005,000000,47.804,49.07,47.706,47.99,1192101,0
KL.US,D,20201006,000000,48.353,48.539,45.94,46.009,2117499,0
KL.US,D,20201007,000000,46.617,47.078,46.361,46.725,1643609,0
KL.US,D,20201008,000000,47.087,47.568,46.68,47.343,1146436,0
KL.US,D,20201009,000000,48.529,50.334,48.47,50.187,1885096,0
KL.US,D,20201012,000000,50.02,50.725,49.647,50.403,767771,0
KL.US,D,20201013,000000,50.069,50.148,48.303,49.658,1965002,0
KL.US,D,20201014,000000,50.197,50.785,49.736,49.913,1047152,0
KL.US,D,20201015,000000,49.136,49.962,49.03,49.746,1039293,0
KL.US,D,20201016,000000,49.834,50.029,48.814,48.883,1016851,0
KL.US,D,20201019,000000,49.342,49.501,47.578,47.647,1336185,0
KL.US,D,20201020,000000,47.911,48.274,47.038,47.274,1401792,0
KL.US,D,20201021,000000,47.598,48.186,47.01,47.117,1364333,0
KL.US,D,20201022,000000,46.587,46.881,45.764,46.175,1302496,0
KL.US,D,20201023,000000,46.068,46.341,45.498,45.764,1147867,0
KL.US,D,20201026,000000,45.714,46.418,44.901,44.979,1717897,0
KL.US,D,20201027,000000,44.959,45.694,44.744,45.646,927870,0
KL.US,D,20201028,000000,44.478,44.646,42.919,43.695,2827280,0
KL.US,D,20201029,000000,43.253,44.528,43.095,44.478,1224634,0
KL.US,D,20201030,000000,44.999,45.421,43.907,44.744,1206575,0
KL.US,D,20201102,000000,45.097,45.778,44.371,45.342,1611323,0
KL.US,D,20201103,000000,45.91,46.587,45.764,46.235,1564583,0
KL.US,D,20201104,000000,46.215,46.538,45.175,45.674,1350642,0
KL.US,D,20201105,000000,47.401,48.834,47.274,48.373,2091951,0
KL.US,D,20201106,000000,48.921,49.166,47.441,47.706,1467231,0
KL.US,D,20201109,000000,45.224,45.282,43.047,44.272,3809468,0
KL.US,D,20201110,000000,44.695,44.783,43.204,43.322,2457660,0
KL.US,D,20201111,000000,43.066,43.723,42.607,43.704,1873924,0
KL.US,D,20201112,000000,44.038,44.714,43.704,44.252,1492062,0
KL.US,D,20201113,000000,44.822,44.969,44.086,44.244,960644,0
KL.US,D,20201116,000000,43.88,44.302,43.095,43.115,2023333,0
KL.US,D,20201117,000000,42.999,43.341,41.87,41.92,2182855,0
KL.US,D,20201118,000000,41.634,41.733,40.154,40.154,2806725,0
KL.US,D,20201119,000000,39.604,40.683,39.369,39.692,2066635,0
KL.US,D,20201120,000000,40.34,41.419,40.075,40.408,1650394,0
KL.US,D,20201123,000000,40.035,40.202,38.428,38.683,2265397,0
KL.US,D,20201124,000000,37.789,38.909,37.642,38.113,2806944,0
KL.US,D,20201125,000000,38.702,39.163,38.481,38.859,1467648,0
KL.US,D,20201127,000000,38.438,39.467,38.197,39.447,925195,0
KL.US,D,20201130,000000,39.281,40.251,38.693,40.194,2327282,0
KL.US,D,20201201,000000,41.556,41.644,40.065,40.487,2486843,0
KL.US,D,20201202,000000,40.547,40.752,39.938,40.428,1666592,0
KL.US,D,20201203,000000,40.487,40.624,39.35,39.732,1862891,0
KL.US,D,20201204,000000,39.624,39.958,39.163,39.643,1492935,0
KL.US,D,20201207,000000,39.81,41.704,39.722,40.948,1857719,0
KL.US,D,20201208,000000,41.35,41.458,40.34,40.752,1495744,0
KL.US,D,20201209,000000,40.33,40.81,39.653,40.34,2234500,0
KL.US,D,20201210,000000,40.644,41.281,39.81,40.035,1309717,0
KL.US,D,20201211,000000,39.732,40.301,39.095,40.241,2230733,0
KL.US,D,20201214,000000,40.194,40.665,38.212,38.279,3506404,0
KL.US,D,20201215,000000,39.015,40.301,38.967,40.164,2129111,0
KL.US,D,20201216,000000,40.497,41.124,40.124,41.016,1460734,0
KL.US,D,20201217,000000,41.88,42.537,41.164,41.281,2110470,0
KL.US,D,20201218,000000,41.419,41.781,40.801,41.056,1585422,0
KL.US,D,20201221,000000,41.036,41.233,40.389,40.624,1261188,0
KL.US,D,20201222,000000,40.497,40.703,39.673,40.291,1628783,0
KL.US,D,20201223,000000,40.457,41.468,40.428,41.154,1162188,0
KL.US,D,20201224,000000,41.124,41.576,40.781,41.184,583689,0
KL.US,D,20201228,000000,41.811,42.321,40.36,40.634,1066132,0
KL.US,D,20201229,000000,41.046,41.536,40.723,40.772,1091919,0
KL.US,D,20201230,000000,40.888,41.856,40.888,41.745,1156300,0
KL.US,D,20201231,000000,41.913,41.946,40.611,40.661,1408302,0
KL.US,D,20210104,000000,42.356,44.099,41.765,43.892,3958027,0
KL.US,D,20210105,000000,44.376,44.513,42.641,43.124,2444567,0
KL.US,D,20210106,000000,42.513,42.848,41.676,42.651,2982561,0
KL.US,D,20210107,000000,42.208,42.69,41.961,42.641,2060962,0
KL.US,D,20210108,000000,41.853,41.863,39.972,40.691,2489272,0
KL.US,D,20210111,000000,39.972,40.454,39.73,40.011,1284495,0
KL.US,D,20210112,000000,40.277,40.524,39.568,40.424,1633319,0
KL.US,D,20210113,000000,40.514,41.075,40.06,40.119,1305936,0
KL.US,D,20210114,000000,40.001,40.464,39.619,39.675,1586754,0
KL.US,D,20210115,000000,39.607,39.755,38.74,38.74,2053603,0
KL.US,D,20210119,000000,39.597,39.715,38.928,39.607,1564448,0
KL.US,D,20210120,000000,40.099,40.631,39.853,40.277,1971593,0
KL.US,D,20210121,000000,40.395,40.514,39.695,40.05,1346497,0
KL.US,D,20210122,000000,39.371,39.972,38.908,39.578,1757054,0
KL.US,D,20210125,000000,39.725,40.149,38.75,39.065,1960779,0
KL.US,D,20210126,000000,38.937,39.558,38.681,39.322,1045598,0
KL.US,D,20210127,000000,38.937,39.115,37.646,37.726,2718165,0
KL.US,D,20210128,000000,38.582,39.125,37.576,38.02,2462708,0
KL.US,D,20210129,000000,38.868,39.242,37.686,37.853,1990924,0
KL.US,D,20210201,000000,38.878,38.957,37.793,38.612,2446421,0
KL.US,D,20210202,000000,38.178,38.306,37.473,37.903,1674737,0
KL.US,D,20210203,000000,37.813,38.306,37.656,38.129,1114476,0
KL.US,D,20210204,000000,37.626,37.676,36.789,37.193,2695662,0
KL.US,D,20210205,000000,37.429,37.873,36.947,37.774,2134718,0
KL.US,D,20210208,000000,38.356,39.182,38.159,38.71,2468457,0
KL.US,D,20210209,000000,39.005,39.163,38.129,38.483,1364893,0
KL.US,D,20210210,000000,38.799,38.928,37.913,38.631,2278666,0
KL.US,D,20210211,000000,38.701,38.888,37.666,37.803,1579143,0
KL.US,D,20210212,000000,37.539,38.178,37.055,37.686,1234292,0
KL.US,D,20210216,000000,37.282,37.479,36.494,36.504,2280874,0
KL.US,D,20210217,000000,36.06,36.197,35.143,35.537,2914987,0
KL.US,D,20210218,000000,35.637,36.13,35.025,35.804,1662779,0
KL.US,D,20210219,000000,36.1,36.1,35.105,35.203,1695255,0
KL.US,D,20210222,000000,35.715,36.327,35.518,36.307,1792724,0
KL.US,D,20210223,000000,35.932,35.989,34.788,35.075,1905762,0
KL.US,D,20210224,000000,34.76,35.627,34.494,35.183,1504361,0
KL.US,D,20210225,000000,34.75,35.833,33.853,34.051,2380912,0
KL.US,D,20210226,000000,33.744,34.016,32.099,32.247,3810360,0
KL.US,D,20210301,000000,32.602,32.966,31.813,32.06,2270936,0
KL.US,D,20210302,000000,32.316,33.774,32.237,33.469,2414654,0
KL.US,D,20210303,000000,32.809,32.888,31.686,32.562,2552272,0
KL.US,D,20210304,000000,32.512,33.834,32.287,33.193,3050934,0
KL.US,D,20210305,000000,33.222,33.824,32.582,33.715,1915137,0
KL.US,D,20210308,000000,33.744,33.961,32.839,33.262,2767622,0
KL.US,D,20210309,000000,34.514,34.928,33.626,33.696,1906135,0
KL.US,D,20210310,000000,33.931,34.168,33.193,33.991,1847076,0
KL.US,D,20210311,000000,34.316,34.415,33.361,34.138,1853519,0
KL.US,D,20210312,000000,33.528,34.218,33.341,34.011,963473,0
KL.US,D,20210315,000000,34.484,34.888,33.764,34.208,1940170,0
KL.US,D,20210316,000000,34.375,34.385,33.715,33.931,1594328,0
KL.US,D,20210317,000000,33.607,34.701,33.02,34.375,2302652,0
KL.US,D,20210318,000000,33.724,34.208,33.469,33.774,1566510,0
KL.US,D,20210319,000000,33.951,34.73,33.804,34.484,2227966,0
KL.US,D,20210322,000000,34.424,34.601,33.883,33.893,2185659,0
KL.US,D,20210323,000000,33.686,33.844,32.724,32.809,2109667,0
KL.US,D,20210324,000000,32.809,33.006,32.493,32.612,2300519,0
KL.US,D,20210325,000000,32.306,32.996,31.962,32.316,1851750,0
KL.US,D,20210326,000000,32.355,33.006,32.17,32.926,1434923,0
KL.US,D,20210329,000000,32.799,33.321,32.188,33.282,1456181,0
KL.US,D,20210330,000000,32.45,32.668,31.43,31.587,3002407,0
KL.US,D,20210331,000000,31.845,33.827,31.696,33.49,3394327,0
KL.US,D,20210401,000000,34.035,35.115,33.847,35.085,2123977,0
KL.US,D,20210405,000000,35.273,35.545,34.709,35.015,1626644,0
KL.US,D,20210406,000000,35.342,35.62,35.075,35.144,1466036,0
KL.US,D,20210407,000000,35.243,35.263,34.491,34.589,1235375,0
KL.US,D,20210408,000000,35.214,35.476,34.845,35.204,1637951,0
KL.US,D,20210409,000000,34.927,36.561,34.719,36.532,3053923,0
KL.US,D,20210412,000000,36.502,36.561,35.471,35.6,1985263,0
KL.US,D,20210413,000000,36.056,36.571,35.966,36.284,1801126,0
KL.US,D,20210414,000000,36.284,36.383,35.65,35.838,1414391,0
KL.US,D,20210415,000000,36.482,37.285,36.402,36.918,1931135,0
KL.US,D,20210416,000000,37.591,37.711,36.957,37.403,1583883,0
KL.US,D,20210419,000000,37.513,37.761,37.017,37.443,1133254,0
KL.US,D,20210420,000000,37.503,38.295,37.443,37.929,1681875,0
KL.US,D,20210421,000000,38.117,39.246,37.988,38.89,3243635,0
KL.US,D,20210422,000000,38.543,38.711,37.859,38.206,1760811,0
KL.US,D,20210423,000000,38.563,38.692,37.809,38.157,1306396,0
KL.US,D,20210426,000000,38.157,38.692,37.819,38.632,1712372,0
KL.US,D,20210427,000000,38.652,38.87,37.533,37.543,2339274,0
KL.US,D,20210428,000000,37.215,37.939,37.007,37.711,3787813,0
KL.US,D,20210429,000000,37.403,37.443,36.469,37.205,1518653,0
KL.US,D,20210430,000000,37.126,37.285,36.67,36.72,1396308,0
KL.US,D,20210503,000000,37.453,38.493,37.334,38.365,1368107,0
KL.US,D,20210504,000000,38.236,38.87,37.423,37.819,1266637,0
KL.US,D,20210505,000000,38.216,38.216,37.809,38.037,914186,0
KL.US,D,20210506,000000,38.186,39.276,38.157,39.048,2865892,0
KL.US,D,20210507,000000,39.454,40.775,39.454,40.475,3304580,0
KL.US,D,20210510,000000,41.069,41.208,40.277,40.574,2027289,0
KL.US,D,20210511,000000,39.831,41.267,39.682,41.169,2280103,0
KL.US,D,20210512,000000,41.327,41.327,40.287,40.405,1415001,0
KL.US,D,20210513,000000,40.128,40.602,39.821,40.227,1271874,0
KL.US,D,20210514,000000,40.871,41.199,40.475,41.089,1677346,0
KL.US,D,20210517,000000,41.327,43.596,41.199,43.299,3388879,0
KL.US,D,20210518,000000,43.596,43.853,42.724,43.606,2594953,0
KL.US,D,20210519,000000,43.507,44.557,42.343,42.724,2970904,0
KL.US,D,20210520,000000,42.694,43.497,42.556,43.418,1480591,0
KL.US,D,20210521,000000,43.596,43.665,42.566,43.12,1568818,0
KL.US,D,20210524,000000,43.1,43.576,42.972,43.249,687851,0
KL.US,D,20210525,000000,43.081,43.547,42.664,43.368,1153346,0
KL.US,D,20210526,000000,43.616,44.032,43.378,43.655,1699665,0
KL.US,D,20210527,000000,43.547,44.061,43.051,43.527,1564672,0
KL.US,D,20210528,000000,43.398,43.794,42.872,42.932,1618954,0
KL.US,D,20210601,000000,43.12,43.279,42.358,42.734,1367343,0
KL.US,D,20210602,000000,42.892,43.527,42.556,43.279,1220314,0
KL.US,D,20210603,000000,42.456,42.486,41.456,41.951,1713302,0
KL.US,D,20210604,000000,42.288,42.596,42.04,42.426,692510,0
KL.US,D,20210607,000000,42.248,42.576,41.922,42.496,849367,0
KL.US,D,20210608,000000,42.426,42.794,42.318,42.506,1079414,0
KL.US,D,20210609,000000,42.654,43.289,42.436,42.436,982333,0
KL.US,D,20210610,000000,42.436,43.497,42.263,43.487,1028121,0
KL.US,D,20210611,000000,43.338,43.428,42.616,42.754,1036931,0
KL.US,D,20210614,000000,42.189,42.892,41.882,42.586,1218079,0
KL.US,D,20210615,000000,42.556,42.694,41.872,42.298,1057284,0
KL.US,D,20210616,000000,42.398,43.091,41.684,41.743,1430118,0
KL.US,D,20210617,000000,40.326,40.564,39.424,39.692,2669091,0
KL.US,D,20210618,000000,39.772,39.95,38.355,38.374,2392823,0
KL.US,D,20210621,000000,38.711,39.96,38.573,39.672,1360270,0
KL.US,D,20210622,000000,39.544,40.098,39.494,39.811,1232298,0
KL.US,D,20210623,000000,40.405,40.405,39.186,39.216,1418626,0
KL.US,D,20210624,000000,39.504,39.722,39.088,39.474,899542,0
KL.US,D,20210625,000000,39.752,40.098,39.266,39.424,1091543,0
KL.US,D,20210628,000000,39.346,39.454,38.226,38.473,1707100,0
KL.US,D,20210629,000000,37.936,38.389,37.677,37.916,1435206,0
KL.US,D,20210630,000000,37.926,38.653,37.826,38.364,1458090,0
KL.US,D,20210701,000000,38.782,39.001,38.135,38.215,947120,0
KL.US,D,20210702,000000,38.792,39.141,38.304,38.872,1007668,0
KL.US,D,20210706,000000,39.688,40.028,39.081,39.569,2068195,0
KL.US,D,20210707,000000,39.768,39.838,39.245,39.509,1202203,0
KL.US,D,20210708,000000,39.638,39.897,37.956,38.304,1785592,0
KL.US,D,20210709,000000,38.364,39.519,38.334,39.25,1159197,0
KL.US,D,20210712,000000,39.001,40.086,38.932,39.519,1503636,0
KL.US,D,20210713,000000,39.638,41.53,39.539,40.704,1753815,0
KL.US,D,20210714,000000,41.56,41.869,40.973,41.461,1809213,0
KL.US,D,20210715,000000,41.52,41.988,41.152,41.869,1344701,0
KL.US,D,20210716,000000,41.819,41.919,40.49,40.624,1407828,0
KL.US,D,20210719,000000,40.027,40.542,39.25,39.758,1638392,0
KL.US,D,20210720,000000,40.146,40.843,40.037,40.316,1078880,0
KL.US,D,20210721,000000,39.867,40.724,39.828,40.475,1219636,0
KL.US,D,20210722,000000,40.495,40.515,39.479,39.678,1354302,0
KL.US,D,20210723,000000,39.529,40.007,39.399,39.708,1148962,0
KL.US,D,20210726,000000,39.718,40.313,39.409,39.499,1446229,0
KL.US,D,20210727,000000,39.539,39.599,38.404,39.161,2044402,0
KL.US,D,20210728,000000,38.802,39.758,38.593,39.638,3541080,0
KL.US,D,20210729,000000,40.853,42.864,40.604,42.486,2616031,0
KL.US,D,20210730,000000,42.217,43.342,42.217,42.556,1617096,0
KL.US,D,20210802,000000,42.466,42.576,41.749,42.277,1137892,0
KL.US,D,20210803,000000,42.317,43.621,42.317,43.402,1743373,0
KL.US,D,20210804,000000,43.88,44.399,42.715,42.715,1269316,0
KL.US,D,20210805,000000,42.635,42.855,41.968,42.038,800713,0
KL.US,D,20210806,000000,40.963,41.172,40.365,40.843,1142898,0
KL.US,D,20210809,000000,40.216,40.664,39.33,39.399,1433715,0
KL.US,D,20210810,000000,39.429,39.498,38.628,38.772,1848357,0
KL.US,D,20210811,000000,39.151,39.977,39.121,39.38,1442875,0
KL.US,D,20210812,000000,39.22,39.29,38.483,38.812,1226511,0
KL.US,D,20210813,000000,39.2,40.564,39.131,40.335,2140996,0
KL.US,D,20210816,000000,40.325,40.654,39.788,40.007,1265021,0
KL.US,D,20210817,000000,39.688,40.035,39.407,39.599,1179205,0
KL.US,D,20210818,000000,39.469,39.599,38.135,38.583,1853139,0
KL.US,D,20210819,000000,38.264,38.434,37.724,37.747,1427098,0
KL.US,D,20210820,000000,37.727,38.135,37.518,37.667,1079895,0
KL.US,D,20210823,000000,38.493,39.688,38.235,39.439,1397998,0
KL.US,D,20210824,000000,39.708,39.738,38.922,38.981,1403307,0
KL.US,D,20210825,000000,38.732,38.812,38.075,38.264,1357638,0
KL.US,D,20210826,000000,37.906,38.414,37.702,37.836,1176273,0
KL.US,D,20210827,000000,37.896,39.38,37.677,39.27,1341574,0
KL.US,D,20210830,000000,39.35,39.619,38.792,38.991,1426142,0
KL.US,D,20210831,000000,39.101,39.887,38.941,39.758,1301868,0
KL.US,D,20210901,000000,39.947,40.146,38.932,38.971,1300585,0
KL.US,D,20210902,000000,39.111,40.714,38.802,40.684,2530633,0
KL.US,D,20210903,000000,41.331,42.267,41.122,41.958,1670318,0
KL.US,D,20210907,000000,41.49,41.779,40.744,41.232,1451216,0
KL.US,D,20210908,000000,41.232,41.839,40.813,41.371,1254699,0
KL.US,D,20210909,000000,41.56,41.6,40.584,41.042,1023175,0
KL.US,D,20210910,000000,40.893,41.172,40.345,40.345,1657779,0
KL.US,D,20210913,000000,40.614,42.561,40.495,42.476,1765877,0
KL.US,D,20210914,000000,42.426,43.522,41.968,42.695,2080429,0
KL.US,D,20210915,000000,42.526,43.522,42.297,43.223,1158916,0
KL.US,D,20210916,000000,42.108,42.165,40.833,41.331,1803038,0
KL.US,D,20210917,000000,41.052,41.311,40.475,41.052,1941585,0
KL.US,D,20210920,000000,40.624,41.55,40.286,41.451,1615702,0
KL.US,D,20210921,000000,41.56,42.397,41.281,41.909,2025078,0
KL.US,D,20210922,000000,42.247,42.944,41.879,42.217,2677368,0
KL.US,D,20210923,000000,41.869,42.635,41.66,42.058,1813466,0
KL.US,D,20210924,000000,41.749,42.795,41.64,42.387,1168796,0
KL.US,D,20210927,000000,43.472,45.981,43.472,43.9,3478094,0
KL.US,D,20210928,000000,39.97,41,39.35,40.54,7130372,0
KL.US,D,20210929,000000,40.38,42.28,40.18,41.46,5520948,0
KL.US,D,20210930,000000,41.71,42.82,41.501,41.59,2283510,0
KL.US,D,20211001,000000,41.9,42,40.7429,40.97,1634005,0
KL.US,D,20211004,000000,40.93,41.88,40.75,41.66,2718688,0
KL.US,D,20211005,000000,41.54,42.75,41.27,42.54,1861351,0
KL.US,D,20211006,000000,42.35,42.945,42.25,42.92,1258768,0
KL.US,D,20211007,000000,42.59,43.49,42.59,43.11,1494930,0
KL.US,D,20211008,000000,43.88,44.4,43.32,43.36,1158880,0
KL.US,D,20211011,000000,43.52,43.75,43.07,43.11,517490,0
KL.US,D,20211012,000000,43.39,44.29,42.68,44.16,1405673,0
KL.US,D,20211013,000000,44.47,45.79,44.42,45.69,2043241,0
KL.US,D,20211014,000000,46.09,46.59,45.98,46.35,1327638,0
KL.US,D,20211015,000000,45.35,46.37,45.01,45.98,1408142,0
KL.US,D,20211018,000000,45.44,46.19,45.4,45.41,1333074,0
KL.US,D,20211019,000000,46.27,46.31,45.15,45.55,903200,0
KL.US,D,20211020,000000,45.72,46.38,45.48,45.52,1150175,0
KL.US,D,20211021,000000,45.46,45.8,45.11,45.78,774269,0
KL.US,D,20211022,000000,46.42,46.98,45.53,45.54,1219693,0
KL.US,D,20211025,000000,46,46.39,45.89,45.95,778650,0
KL.US,D,20211026,000000,45.85,46.08,45.27,45.44,1060782,0
KL.US,D,20211027,000000,45.35,45.6,44.977,45.01,1162750,0
KL.US,D,20211028,000000,45,45.02,43.84,43.94,1383708,0
KL.US,D,20211029,000000,43.21,43.32,42.06,42.17,1599475,0
KL.US,D,20211101,000000,42.35,42.72,41.82,42.16,1465277,0
KL.US,D,20211102,000000,41.81,41.9,41.15,41.72,1151195,0
KL.US,D,20211103,000000,41.1,41.9408,40.95,41.61,1838884,0
KL.US,D,20211104,000000,42.06,43,41.28,41.42,1829071,0
KL.US,D,20211105,000000,41.59,42.28,41.34,42.2,1599225,0
KL.US,D,20211108,000000,42.5,42.74,41.76,42.03,1934379,0
KL.US,D,20211109,000000,41.98,43.71,41.76,43.66,1837940,0
KL.US,D,20211110,000000,44.54,45.36,44.37,44.98,2205267,0
KL.US,D,20211111,000000,45.39,45.73,44.59,44.97,1603572,0
KL.US,D,20211112,000000,44.54,45.8,44.5,44.79,1963106,0
KL.US,D,20211115,000000,44.55,45.28,44.4529,45.16,1149410,0
KL.US,D,20211116,000000,45.29,45.55,44.35,44.37,1053949,0
KL.US,D,20211117,000000,44.65,45.4,44.57,44.96,1213280,0
KL.US,D,20211118,000000,44.67,45.0401,43.69,43.92,1146965,0
KL.US,D,20211119,000000,43.51,43.95,42.7416,42.77,1645228,0
KL.US,D,20211122,000000,41.78,42.4,41.27,41.63,1935699,0
KL.US,D,20211123,000000,40.96,41.46,40.58,41.05,1453411,0
KL.US,D,20211124,000000,40.71,41.0589,40.43,40.81,878617,0
KL.US,D,20211126,000000,41.04,41.21,40.25,40.82,1121426,0
KL.US,D,20211129,000000,40.32,40.5,39.43,39.92,1552909,0
KL.US,D,20211130,000000,40.2,41.08,39.45,39.55,1644360,0
KL.US,D,20211201,000000,39.77,40.24,38.07,38.12,1112521,0
KL.US,D,20211202,000000,38.11,38.3,37.3,37.99,1502590,0
KL.US,D,20211203,000000,37.78,38.45,37.35,38.38,2425045,0
KL.US,D,20211206,000000,38.24,39.09,38.13,38.96,832986,0
KL.US,D,20211207,000000,38.89,39.7,38.84,39.34,743749,0
KL.US,D,20211208,000000,39.31,39.56,38.78,39.48,918159,0
KL.US,D,20211209,000000,39,39.09,38.07,38.29,1421747,0
KL.US,D,20211210,000000,38.4,38.52,37.76,37.85,1190624,0
KL.US,D,20211213,000000,37.71,38.84,37.67,38.59,1435509,0
KL.US,D,20211214,000000,37.96,39.37,37.94,38.98,1493221,0
KL.US,D,20211215,000000,38.82,38.96,37.67,38.69,1121676,0
KL.US,D,20211216,000000,39.3,40.74,39.26,40.48,1751906,0
KL.US,D,20211217,000000,40.75,41.24,39.76,39.76,2315697,0
KL.US,D,20211220,000000,39.6,40.715,39.54,40.54,2997850,0
KL.US,D,20211221,000000,40.79,41.33,40,41.12,1551107,0
KL.US,D,20211222,000000,41.25,41.4699,40.69,41.42,1072994,0
KL.US,D,20211223,000000,41.17,41.2,40.3,40.82,1039782,0
KL.US,D,20211227,000000,40.64,41.09,40.4104,40.87,764414,0
KL.US,D,20211228,000000,40.83,41.37,40.52,40.64,766864,0
KL.US,D,20211229,000000,40.58,41.26,40.31,40.58,731428,0
KL.US,D,20211230,000000,40.5,41.64,40.5,41.54,808763,0
KL.US,D,20211231,000000,41.85,42,41.27,41.95,956756,0
KL.US,D,20220103,000000,41.23,41.375,40.63,40.97,550818,0
KL.US,D,20220104,000000,40.9,42.14,40.84,41.76,1109622,0
KL.US,D,20220105,000000,42.07,42.6,40.9901,41.08,2118786,0
KL.US,D,20220106,000000,40.46,40.58,39.33,39.5,1386133,0
KL.US,D,20220107,000000,39.55,39.93,38.9933,39.49,1916652,0
KL.US,D,20220110,000000,39.25,40.64,39.09,40.6,1931235,0
KL.US,D,20220111,000000,40.49,40.83,40.1,40.79,1263851,0
KL.US,D,20220112,000000,40.81,41.495,40.46,41.41,1983191,0
KL.US,D,20220113,000000,41.19,41.48,40.71,40.78,1868221,0
KL.US,D,20220114,000000,40.74,40.91,40.07,40.41,1743283,0
KL.US,D,20220118,000000,40.16,40.57,39.585,39.64,1252432,0
KL.US,D,20220119,000000,40.17,42.97,39.95,42.75,3459928,0
KL.US,D,20220120,000000,42.94,43.06,41.28,41.29,1753276,0
KL.US,D,20220121,000000,41.52,41.59,39.8217,40.06,2388156,0
