<TICKER>,<PER>,<DATE>,<TIME>,<OPEN>,<HIGH>,<LOW>,<CLOSE>,<VOL>,<OPENINT>
KRP.US,D,20170203,000000,11.77,13.574,11.77,13.453,2512326,0
KRP.US,D,20170206,000000,13.165,13.615,12.872,13.394,381368,0
KRP.US,D,20170207,000000,13.301,13.589,13.197,13.315,308126,0
KRP.US,D,20170208,000000,13.542,13.542,12.735,12.898,137957,0
KRP.US,D,20170209,000000,13.085,13.101,12.857,12.872,120575,0
KRP.US,D,20170210,000000,13.092,13.092,12.904,13.036,118914,0
KRP.US,D,20170213,000000,13.133,13.231,12.808,12.808,138765,0
KRP.US,D,20170214,000000,12.808,13.092,12.808,12.872,81817,0
KRP.US,D,20170215,000000,12.742,13.029,12.741,12.904,38106,0
KRP.US,D,20170216,000000,13.036,13.036,12.742,12.742,44977,0
KRP.US,D,20170217,000000,12.742,12.872,12.722,12.872,19565,0
KRP.US,D,20170221,000000,12.792,13.036,12.722,12.997,23416,0
KRP.US,D,20170222,000000,12.792,13.003,12.454,12.619,65756,0
KRP.US,D,20170223,000000,12.591,12.702,12.481,12.481,209122,0
KRP.US,D,20170224,000000,12.421,12.641,12.421,12.545,68778,0
KRP.US,D,20170227,000000,12.545,12.545,12.403,12.488,53711,0
KRP.US,D,20170228,000000,12.63,13.36,12.421,12.559,302015,0
KRP.US,D,20170301,000000,12.708,12.917,12.548,12.583,254789,0
KRP.US,D,20170302,000000,12.702,12.883,12.55,12.591,180359,0
KRP.US,D,20170303,000000,12.579,12.839,12.55,12.597,31966,0
KRP.US,D,20170306,000000,12.573,12.935,12.55,12.637,133471,0
KRP.US,D,20170307,000000,12.637,12.708,12.559,12.604,81484,0
KRP.US,D,20170308,000000,12.623,13.029,12.623,12.839,118577,0
KRP.US,D,20170309,000000,12.872,12.904,12.619,12.619,90367,0
KRP.US,D,20170310,000000,12.759,12.78,12.573,12.637,65585,0
KRP.US,D,20170313,000000,12.728,12.774,12.662,12.714,25920,0
KRP.US,D,20170314,000000,12.818,12.963,12.596,12.702,160918,0
KRP.US,D,20170315,000000,12.591,12.748,12.55,12.662,36921,0
KRP.US,D,20170316,000000,12.662,13.003,12.65,12.981,32926,0
KRP.US,D,20170317,000000,12.997,12.997,12.677,12.97,45041,0
KRP.US,D,20170320,000000,12.847,12.852,12.61,12.742,18461,0
KRP.US,D,20170321,000000,12.708,12.866,12.55,12.61,100116,0
KRP.US,D,20170322,000000,12.545,12.759,12.205,12.742,92389,0
KRP.US,D,20170323,000000,12.637,12.852,12.55,12.735,38967,0
KRP.US,D,20170324,000000,12.839,12.839,12.573,12.759,85427,0
KRP.US,D,20170327,000000,12.657,12.766,12.55,12.696,41264,0
KRP.US,D,20170328,000000,12.591,12.72,12.501,12.708,42757,0
KRP.US,D,20170329,000000,12.604,12.755,12.56,12.708,20262,0
KRP.US,D,20170330,000000,12.708,12.839,12.708,12.792,32740,0
KRP.US,D,20170331,000000,12.858,12.872,12.682,12.708,40990,0
KRP.US,D,20170403,000000,12.714,12.97,12.643,12.97,190109,0
KRP.US,D,20170404,000000,12.877,13.036,12.765,12.872,109652,0
KRP.US,D,20170405,000000,12.866,12.868,12.418,12.573,167831,0
KRP.US,D,20170406,000000,12.742,12.904,12.643,12.657,99821,0
KRP.US,D,20170407,000000,12.798,12.957,12.604,12.808,76142,0
KRP.US,D,20170410,000000,12.808,12.808,12.61,12.643,55055,0
KRP.US,D,20170411,000000,12.643,12.839,12.546,12.583,76887,0
KRP.US,D,20170412,000000,12.604,12.798,12.559,12.798,29899,0
KRP.US,D,20170413,000000,12.696,12.872,12.545,12.748,83574,0
KRP.US,D,20170417,000000,12.65,12.78,12.424,12.63,92086,0
KRP.US,D,20170418,000000,12.708,12.708,12.545,12.637,13634,0
KRP.US,D,20170419,000000,12.559,12.708,12.559,12.637,29719,0
KRP.US,D,20170420,000000,12.565,12.677,12.055,12.055,77681,0
KRP.US,D,20170421,000000,12.09,12.22,11.842,12.023,92617,0
KRP.US,D,20170424,000000,11.948,12.156,11.948,12.048,17449,0
KRP.US,D,20170425,000000,12.084,12.372,12.084,12.134,51227,0
KRP.US,D,20170426,000000,12.156,12.545,12.156,12.377,72007,0
KRP.US,D,20170427,000000,12.316,12.468,12.117,12.403,58686,0
KRP.US,D,20170428,000000,12.291,12.449,12.291,12.331,21127,0
KRP.US,D,20170501,000000,12.357,12.468,12.202,12.428,33251,0
KRP.US,D,20170502,000000,12.421,12.61,12.309,12.416,78955,0
KRP.US,D,20170503,000000,12.506,12.506,12.306,12.409,53300,0
KRP.US,D,20170504,000000,12.507,12.507,12.289,12.421,41397,0
KRP.US,D,20170505,000000,12.428,12.693,12.356,12.496,68898,0
KRP.US,D,20170508,000000,12.468,12.6,12.371,12.575,24213,0
KRP.US,D,20170509,000000,12.659,12.686,12.468,12.496,48442,0
KRP.US,D,20170510,000000,12.468,12.502,12.13,12.153,71149,0
KRP.US,D,20170511,000000,12.113,12.468,12.113,12.146,20723,0
KRP.US,D,20170512,000000,12.244,12.449,12.211,12.449,47914,0
KRP.US,D,20170515,000000,12.455,12.54,12.211,12.534,31371,0
KRP.US,D,20170516,000000,12.54,12.654,12.49,12.618,24092,0
KRP.US,D,20170517,000000,12.534,12.534,12.203,12.437,37731,0
KRP.US,D,20170518,000000,12.489,12.489,12.309,12.461,27515,0
KRP.US,D,20170519,000000,12.362,12.85,12.359,12.779,18063,0
KRP.US,D,20170522,000000,12.763,12.856,12.534,12.639,20086,0
KRP.US,D,20170523,000000,12.654,13.03,12.654,13.03,44677,0
KRP.US,D,20170524,000000,13.03,13.094,12.788,13.094,35164,0
KRP.US,D,20170525,000000,13.025,13.188,12.957,13.188,31366,0
KRP.US,D,20170526,000000,13.046,13.161,13.046,13.094,25572,0
KRP.US,D,20170530,000000,12.865,13.188,12.865,12.976,13664,0
KRP.US,D,20170531,000000,13.009,13.188,12.655,13.127,29217,0
KRP.US,D,20170601,000000,12.883,13.195,12.883,13.004,13038,0
KRP.US,D,20170602,000000,12.876,13.195,12.789,12.997,3661,0
KRP.US,D,20170605,000000,12.872,13.042,12.443,12.443,20027,0
KRP.US,D,20170606,000000,12.403,12.6,12.309,12.528,17744,0
KRP.US,D,20170607,000000,12.58,12.732,12.468,12.534,25155,0
KRP.US,D,20170608,000000,12.443,12.693,12.443,12.646,17894,0
KRP.US,D,20170609,000000,12.607,12.856,12.371,12.6,13890,0
KRP.US,D,20170612,000000,12.481,12.534,12.345,12.345,6732,0
KRP.US,D,20170613,000000,12.281,12.371,12.105,12.265,30878,0
KRP.US,D,20170614,000000,12.13,12.13,10.893,11.214,192898,0
KRP.US,D,20170615,000000,11.214,11.545,10.885,11.01,53961,0
KRP.US,D,20170616,000000,10.992,11.157,10.992,11.049,8556,0
KRP.US,D,20170619,000000,11.06,11.122,10.586,10.586,79384,0
KRP.US,D,20170620,000000,10.41,10.981,10.326,10.554,82109,0
KRP.US,D,20170621,000000,10.7,10.845,10.456,10.679,59592,0
KRP.US,D,20170622,000000,10.618,10.769,10.37,10.608,41186,0
KRP.US,D,20170623,000000,10.515,10.72,10.424,10.72,7623,0
KRP.US,D,20170626,000000,10.576,10.865,10.529,10.529,21216,0
KRP.US,D,20170627,000000,10.536,10.833,10.469,10.554,23159,0
KRP.US,D,20170628,000000,10.501,10.72,10.365,10.472,18635,0
KRP.US,D,20170629,000000,10.436,11.143,10.436,10.963,34827,0
KRP.US,D,20170630,000000,10.954,11.143,10.852,11.101,13816,0
KRP.US,D,20170703,000000,11.101,11.122,10.898,10.93,16287,0
KRP.US,D,20170705,000000,10.82,11.036,10.619,10.799,6826,0
KRP.US,D,20170706,000000,10.7,11.089,10.694,10.885,10979,0
KRP.US,D,20170707,000000,10.576,10.904,10.576,10.904,2362,0
KRP.US,D,20170710,000000,10.87,10.963,10.661,10.82,194827,0
KRP.US,D,20170711,000000,10.686,11.026,10.686,10.992,13237,0
KRP.US,D,20170712,000000,11.071,11.071,10.586,10.614,21928,0
KRP.US,D,20170713,000000,10.594,10.646,10.449,10.449,34110,0
KRP.US,D,20170714,000000,10.554,10.72,10.554,10.694,15420,0
KRP.US,D,20170717,000000,10.686,11.026,10.686,10.786,2506,0
KRP.US,D,20170718,000000,10.786,10.789,10.554,10.594,8182,0
KRP.US,D,20170719,000000,10.7,10.799,10.53,10.799,6536,0
KRP.US,D,20170720,000000,10.707,10.788,10.501,10.582,18416,0
KRP.US,D,20170721,000000,10.646,10.796,10.569,10.569,4359,0
KRP.US,D,20170724,000000,10.549,10.789,10.549,10.789,2345,0
KRP.US,D,20170725,000000,10.515,11.167,10.515,10.885,69815,0
KRP.US,D,20170726,000000,10.653,10.74,10.569,10.569,26700,0
KRP.US,D,20170727,000000,10.584,10.674,10.515,10.515,33648,0
KRP.US,D,20170728,000000,10.719,10.878,10.549,10.586,57317,0
KRP.US,D,20170731,000000,10.646,11.041,10.549,10.72,54070,0
KRP.US,D,20170801,000000,10.753,10.898,10.618,10.618,20509,0
KRP.US,D,20170802,000000,10.576,10.753,10.009,10.416,188636,0
KRP.US,D,20170803,000000,10.556,10.734,10.43,10.463,9103,0
KRP.US,D,20170804,000000,10.389,10.746,10.127,10.532,25527,0
KRP.US,D,20170807,000000,10.517,10.633,10.222,10.363,43360,0
KRP.US,D,20170808,000000,10.554,10.739,10.443,10.739,15967,0
KRP.US,D,20170809,000000,10.43,10.615,10.255,10.282,4102,0
KRP.US,D,20170810,000000,10.262,10.759,10.222,10.45,13317,0
KRP.US,D,20170811,000000,10.45,10.726,10.303,10.726,4492,0
KRP.US,D,20170814,000000,11,11.074,10.678,10.713,25068,0
KRP.US,D,20170815,000000,10.8,10.966,10.484,10.484,1552,0
KRP.US,D,20170816,000000,10.565,10.772,10.565,10.758,1175,0
KRP.US,D,20170817,000000,11.088,11.096,10.322,10.644,13477,0
KRP.US,D,20170818,000000,10.833,10.962,10.492,10.651,13907,0
KRP.US,D,20170821,000000,10.732,10.746,10.444,10.644,8732,0
KRP.US,D,20170822,000000,10.927,10.927,10.355,10.355,18427,0
KRP.US,D,20170823,000000,10.355,10.577,10.262,10.556,6085,0
KRP.US,D,20170824,000000,10.363,10.641,10.327,10.424,5168,0
KRP.US,D,20170825,000000,10.344,10.753,10.344,10.47,15970,0
KRP.US,D,20170828,000000,10.746,11.823,10.47,10.787,35767,0
KRP.US,D,20170829,000000,10.613,10.759,10.552,10.552,15512,0
KRP.US,D,20170830,000000,10.43,10.628,10.262,10.424,12353,0
KRP.US,D,20170831,000000,10.571,10.59,10.262,10.552,31757,0
KRP.US,D,20170901,000000,10.623,10.634,10.345,10.424,29007,0
KRP.US,D,20170905,000000,10.496,10.78,10.496,10.692,7087,0
KRP.US,D,20170906,000000,10.436,10.753,10.431,10.705,10191,0
KRP.US,D,20170907,000000,10.571,10.739,10.544,10.713,14667,0
KRP.US,D,20170908,000000,10.633,10.801,10.565,10.759,2942,0
KRP.US,D,20170911,000000,10.571,10.641,10.503,10.641,17522,0
KRP.US,D,20170912,000000,10.59,10.616,10.43,10.59,10121,0
KRP.US,D,20170913,000000,10.739,10.746,10.431,10.699,17511,0
KRP.US,D,20170914,000000,10.732,10.746,10.45,10.45,22040,0
KRP.US,D,20170915,000000,10.537,10.769,10.525,10.699,9432,0
KRP.US,D,20170918,000000,10.616,10.616,10.537,10.541,10766,0
KRP.US,D,20170919,000000,10.644,10.672,10.552,10.59,21413,0
KRP.US,D,20170920,000000,10.603,10.759,10.517,10.726,19474,0
KRP.US,D,20170921,000000,10.737,10.737,10.45,10.556,4609,0
KRP.US,D,20170922,000000,10.503,10.759,10.47,10.641,7073,0
KRP.US,D,20170925,000000,10.525,10.651,10.43,10.532,186779,0
KRP.US,D,20170926,000000,10.571,10.654,10.436,10.59,59486,0
KRP.US,D,20170927,000000,10.443,10.623,10.443,10.623,67630,0
KRP.US,D,20170928,000000,10.492,10.658,10.492,10.59,32656,0
KRP.US,D,20170929,000000,10.544,10.759,10.525,10.613,37956,0
KRP.US,D,20171002,000000,10.605,10.739,10.59,10.641,23082,0
KRP.US,D,20171003,000000,10.641,10.927,10.641,10.658,50038,0
KRP.US,D,20171004,000000,10.658,10.753,10.641,10.705,51150,0
KRP.US,D,20171005,000000,10.713,10.813,10.672,10.726,64161,0
KRP.US,D,20171006,000000,10.691,10.726,10.641,10.692,8421,0
KRP.US,D,20171009,000000,10.642,10.995,10.601,10.962,22307,0
KRP.US,D,20171010,000000,10.94,11.379,10.873,11.237,29138,0
KRP.US,D,20171011,000000,11.432,11.445,11.151,11.243,53364,0
KRP.US,D,20171012,000000,11.096,11.271,11.012,11.265,11713,0
KRP.US,D,20171013,000000,10.684,11.168,10.678,11.135,4568,0
KRP.US,D,20171016,000000,11.122,11.265,11.122,11.161,9063,0
KRP.US,D,20171017,000000,11.169,11.419,11.161,11.357,29807,0
KRP.US,D,20171018,000000,11.29,11.386,11.265,11.265,8353,0
KRP.US,D,20171019,000000,11.265,11.317,11.096,11.317,10501,0
KRP.US,D,20171023,000000,11.338,11.474,11.33,11.396,12081,0
KRP.US,D,20171024,000000,11.346,11.538,11.346,11.419,11099,0
KRP.US,D,20171025,000000,11.445,11.701,11.406,11.432,11673,0
KRP.US,D,20171026,000000,11.433,11.481,11.096,11.379,17401,0
KRP.US,D,20171027,000000,11.096,11.432,11.023,11.023,19907,0
KRP.US,D,20171030,000000,11.116,11.432,11.116,11.357,11429,0
KRP.US,D,20171031,000000,11.432,11.458,11.392,11.432,20233,0
KRP.US,D,20171101,000000,11.432,11.512,11.392,11.396,28109,0
KRP.US,D,20171102,000000,11.392,11.432,11.392,11.412,17295,0
KRP.US,D,20171103,000000,11.513,11.816,11.513,11.59,29737,0
KRP.US,D,20171106,000000,11.666,11.842,11.583,11.583,9454,0
KRP.US,D,20171107,000000,11.47,11.623,11.459,11.623,7344,0
KRP.US,D,20171108,000000,11.618,11.632,11.556,11.556,1472,0
KRP.US,D,20171109,000000,11.596,11.644,10.919,11.644,75699,0
KRP.US,D,20171110,000000,11.644,11.714,11.405,11.59,5538,0
KRP.US,D,20171113,000000,11.494,11.714,11.494,11.549,6120,0
KRP.US,D,20171114,000000,11.611,11.632,11.255,11.255,11774,0
KRP.US,D,20171115,000000,11.287,11.615,11.076,11.615,14946,0
KRP.US,D,20171116,000000,11.459,11.637,11.329,11.336,6530,0
KRP.US,D,20171117,000000,11.44,11.652,11.351,11.644,8163,0
KRP.US,D,20171120,000000,11.644,11.939,11.471,11.577,16608,0
KRP.US,D,20171121,000000,11.604,11.858,11.569,11.644,20221,0
KRP.US,D,20171122,000000,11.577,11.733,11.507,11.507,15619,0
KRP.US,D,20171124,000000,11.502,11.652,11.502,11.644,10627,0
KRP.US,D,20171127,000000,11.58,11.604,11.513,11.513,3972,0
KRP.US,D,20171128,000000,11.467,11.618,11.467,11.577,2957,0
KRP.US,D,20171129,000000,11.577,11.611,11.357,11.611,17874,0
KRP.US,D,20171130,000000,11.378,11.475,11.076,11.475,17284,0
KRP.US,D,20171201,000000,11.475,11.765,11.324,11.529,16874,0
KRP.US,D,20171204,000000,11.406,11.406,11.406,11.406,174,0
KRP.US,D,20171205,000000,11.487,11.644,11.386,11.386,2887,0
KRP.US,D,20171206,000000,11.492,11.569,11.172,11.172,30584,0
KRP.US,D,20171207,000000,11.287,11.301,10.971,11.301,49865,0
KRP.US,D,20171208,000000,11.405,11.475,11.37,11.475,4028,0
KRP.US,D,20171211,000000,11.954,11.987,10.927,11.919,5109,0
KRP.US,D,20171212,000000,11.919,11.919,11,11.03,23191,0
KRP.US,D,20171213,000000,11.287,11.287,11.163,11.199,11151,0
KRP.US,D,20171214,000000,11.129,11.203,10.919,11.199,13565,0
KRP.US,D,20171215,000000,11.112,11.302,10.971,11.302,22427,0
KRP.US,D,20171218,000000,10.989,11.302,10.989,11.129,87818,0
KRP.US,D,20171219,000000,11.096,11.302,10.904,11.302,25841,0
KRP.US,D,20171220,000000,11.129,11.199,10.927,11,30228,0
KRP.US,D,20171221,000000,11.048,11.18,10.995,11.118,15202,0
KRP.US,D,20171222,000000,11.04,11.206,10.965,11.163,6382,0
KRP.US,D,20171226,000000,11.222,11.302,10.961,11.035,28922,0
KRP.US,D,20171227,000000,11.014,11.022,10.754,10.995,43443,0
KRP.US,D,20171228,000000,10.912,11.112,10.795,10.961,46142,0
KRP.US,D,20171229,000000,10.927,11.129,10.927,11.129,8187,0
KRP.US,D,20180102,000000,11.048,11.258,11.048,11.228,5256,0
KRP.US,D,20180103,000000,11.259,11.898,11.172,11.172,21706,0
KRP.US,D,20180104,000000,11.163,11.621,11.076,11.163,22017,0
KRP.US,D,20180105,000000,11.163,11.302,11.03,11.138,14934,0
KRP.US,D,20180108,000000,11.228,11.295,11.192,11.27,8810,0
KRP.US,D,20180109,000000,11.542,11.577,11.163,11.186,8141,0
KRP.US,D,20180110,000000,11.235,11.235,11.03,11.038,5486,0
KRP.US,D,20180111,000000,11.03,11.637,11.03,11.27,39552,0
KRP.US,D,20180112,000000,11.302,11.37,11.199,11.235,27904,0
KRP.US,D,20180116,000000,11.336,11.475,11.147,11.475,22695,0
KRP.US,D,20180117,000000,11.475,11.637,11.336,11.336,7347,0
KRP.US,D,20180118,000000,11.611,11.931,11.44,11.583,5654,0
KRP.US,D,20180119,000000,11.583,11.773,11.583,11.604,8984,0
KRP.US,D,20180122,000000,11.885,11.987,11.681,11.975,19537,0
KRP.US,D,20180123,000000,12.103,12.404,12.007,12.123,49218,0
KRP.US,D,20180124,000000,12.123,12.404,11.987,12.163,39033,0
KRP.US,D,20180125,000000,12.275,12.349,12.275,12.349,291,0
KRP.US,D,20180126,000000,12.398,12.817,12.398,12.817,11640,0
KRP.US,D,20180129,000000,13.014,13.253,12.845,13.152,32637,0
KRP.US,D,20180130,000000,13.082,13.495,12.699,13.082,32729,0
KRP.US,D,20180131,000000,13.186,13.378,13.161,13.235,24677,0
KRP.US,D,20180201,000000,13.344,13.802,13.344,13.796,13764,0
KRP.US,D,20180202,000000,13.701,13.837,13.22,13.529,109772,0
KRP.US,D,20180205,000000,13.593,13.593,12.672,12.672,56138,0
KRP.US,D,20180206,000000,12.832,12.987,12.785,12.91,12891,0
KRP.US,D,20180207,000000,12.958,12.958,12.576,12.707,5846,0
KRP.US,D,20180208,000000,11.735,12.813,11.735,11.735,31342,0
KRP.US,D,20180209,000000,11.804,12.176,11.804,12.168,29312,0
KRP.US,D,20180212,000000,12.043,13.008,12.043,12.903,13986,0
KRP.US,D,20180213,000000,13.156,13.156,13.156,13.156,4790,0
KRP.US,D,20180214,000000,13.042,13.162,12.643,12.888,8797,0
KRP.US,D,20180215,000000,12.924,13.105,12.576,12.713,8268,0
KRP.US,D,20180216,000000,12.576,12.665,12.056,12.225,32566,0
KRP.US,D,20180220,000000,12.388,12.388,12.156,12.303,5588,0
KRP.US,D,20180221,000000,12.287,12.749,12.099,12.743,20250,0
KRP.US,D,20180222,000000,12.713,13.274,12.713,13.203,27540,0
KRP.US,D,20180223,000000,13.203,13.971,13.187,13.825,55470,0
KRP.US,D,20180226,000000,13.754,13.999,13.509,13.93,49610,0
KRP.US,D,20180227,000000,14.112,14.112,13.448,13.797,88362,0
KRP.US,D,20180228,000000,13.726,13.726,13.232,13.274,25001,0
KRP.US,D,20180301,000000,13.489,13.735,13.451,13.622,17180,0
KRP.US,D,20180302,000000,13.412,13.607,12.721,12.721,15494,0
KRP.US,D,20180305,000000,12.789,13.274,12.789,13.274,10680,0
KRP.US,D,20180306,000000,13.203,13.267,13.034,13.099,4309,0
KRP.US,D,20180307,000000,12.91,14.054,12.756,13.107,11593,0
KRP.US,D,20180308,000000,12.974,13.125,12.749,13.125,18920,0
KRP.US,D,20180309,000000,13.029,13.133,12.853,13.133,12887,0
KRP.US,D,20180312,000000,12.853,13.119,12.016,13.112,46094,0
KRP.US,D,20180313,000000,13.02,13.02,12.713,12.713,17018,0
KRP.US,D,20180314,000000,12.672,12.896,12.462,12.713,34303,0
KRP.US,D,20180315,000000,12.643,13.124,12.424,12.643,26025,0
KRP.US,D,20180316,000000,12.637,13.037,12.442,12.853,11139,0
KRP.US,D,20180319,000000,12.713,12.853,12.58,12.853,13067,0
KRP.US,D,20180320,000000,12.853,12.853,12.588,12.588,9261,0
KRP.US,D,20180321,000000,12.713,12.713,12.532,12.54,11747,0
KRP.US,D,20180322,000000,12.4,12.576,12.238,12.576,49888,0
KRP.US,D,20180323,000000,12.576,12.576,12.261,12.54,13027,0
KRP.US,D,20180326,000000,12.713,12.713,12.323,12.576,21720,0
KRP.US,D,20180327,000000,12.518,12.576,11.875,12.54,27071,0
KRP.US,D,20180328,000000,12.354,12.54,12.233,12.54,23381,0
KRP.US,D,20180329,000000,12.225,13.274,12.225,13.274,6354,0
KRP.US,D,20180402,000000,13.133,13.274,12.917,13.203,33228,0
KRP.US,D,20180403,000000,13.225,13.672,13.084,13.622,29450,0
KRP.US,D,20180404,000000,13.448,13.916,13.448,13.616,44026,0
KRP.US,D,20180405,000000,13.421,13.456,13.415,13.456,5017,0
KRP.US,D,20180406,000000,13.518,13.525,13.509,13.509,8147,0
KRP.US,D,20180409,000000,13.749,13.86,13.037,13.274,69020,0
KRP.US,D,20180410,000000,13.274,13.343,13.274,13.343,642,0
KRP.US,D,20180411,000000,13.392,13.427,13.238,13.274,17724,0
KRP.US,D,20180412,000000,13.412,13.616,13.301,13.448,5093,0
KRP.US,D,20180413,000000,13.509,13.509,13.323,13.412,130992,0
KRP.US,D,20180416,000000,13.485,13.485,13.379,13.433,7032,0
KRP.US,D,20180417,000000,13.448,13.448,13.343,13.343,24565,0
KRP.US,D,20180418,000000,13.343,13.622,13.343,13.622,22055,0
KRP.US,D,20180419,000000,13.482,13.622,13.405,13.448,95959,0
KRP.US,D,20180420,000000,13.351,13.351,13.274,13.274,10556,0
KRP.US,D,20180423,000000,13.288,13.44,12.386,12.386,22302,0
KRP.US,D,20180424,000000,12.526,12.917,12.526,12.576,17399,0
KRP.US,D,20180425,000000,12.617,12.723,12.476,12.567,3505,0
KRP.US,D,20180426,000000,12.567,12.806,12.518,12.553,5799,0
KRP.US,D,20180427,000000,12.261,12.841,12.233,12.436,52913,0
KRP.US,D,20180430,000000,12.436,12.743,12.365,12.4,82533,0
KRP.US,D,20180501,000000,12.449,12.715,12.233,12.436,28665,0
KRP.US,D,20180502,000000,12.455,12.756,12.436,12.576,20978,0
KRP.US,D,20180503,000000,12.476,12.749,12.365,12.503,60147,0
KRP.US,D,20180504,000000,12.518,12.633,12.168,12.512,39672,0
KRP.US,D,20180507,000000,12.721,12.876,12.36,12.482,41330,0
KRP.US,D,20180508,000000,12.518,12.78,12.16,12.246,50333,0
KRP.US,D,20180509,000000,12.434,12.698,12.167,12.518,48690,0
KRP.US,D,20180510,000000,12.518,13.035,12.404,12.683,82036,0
KRP.US,D,20180511,000000,13.054,13.37,12.876,13.37,98707,0
KRP.US,D,20180514,000000,13.535,13.678,12.895,13.557,190966,0
KRP.US,D,20180515,000000,13.457,13.92,13.285,13.333,62556,0
KRP.US,D,20180516,000000,13.357,13.948,13.313,13.313,90761,0
KRP.US,D,20180517,000000,13.449,13.948,13.449,13.685,47390,0
KRP.US,D,20180518,000000,13.813,14.307,13.813,13.948,37310,0
KRP.US,D,20180521,000000,14.056,14.127,13.745,13.936,104370,0
KRP.US,D,20180522,000000,14.083,14.194,13.521,13.879,49873,0
KRP.US,D,20180523,000000,13.948,14.168,13.807,13.948,36220,0
KRP.US,D,20180524,000000,13.849,13.977,13.845,13.942,1844,0
KRP.US,D,20180525,000000,13.936,13.948,13.584,13.879,15770,0
KRP.US,D,20180529,000000,14.092,16.24,13.852,15.022,256757,0
KRP.US,D,20180530,000000,14.886,15.373,14.315,14.88,122551,0
KRP.US,D,20180531,000000,14.937,15.74,14.844,15.702,115466,0
KRP.US,D,20180601,000000,15.681,16.094,15.453,16.059,61920,0
KRP.US,D,20180604,000000,16.059,16.582,15.881,16.094,78755,0
KRP.US,D,20180605,000000,16.131,16.31,15.916,15.916,51580,0
KRP.US,D,20180606,000000,15.888,16.267,15.158,15.158,67241,0
KRP.US,D,20180607,000000,15.258,16.086,15.258,15.809,43375,0
KRP.US,D,20180608,000000,15.745,16.094,15.745,15.953,25185,0
KRP.US,D,20180611,000000,15.953,16.442,15.953,15.953,53550,0
KRP.US,D,20180612,000000,15.972,16.396,15.717,15.867,42208,0
KRP.US,D,20180613,000000,15.844,16.094,15.223,15.466,79884,0
KRP.US,D,20180614,000000,15.481,16.021,15.258,15.795,63652,0
KRP.US,D,20180615,000000,15.723,16.076,15.524,15.595,46359,0
KRP.US,D,20180618,000000,15.538,15.988,15.524,15.595,27627,0
KRP.US,D,20180619,000000,15.538,15.902,15.538,15.74,37286,0
KRP.US,D,20180620,000000,15.809,16.016,15.731,15.731,75727,0
KRP.US,D,20180621,000000,15.745,15.916,15.609,15.745,33599,0
KRP.US,D,20180622,000000,15.972,16.809,15.972,16.439,26715,0
KRP.US,D,20180625,000000,16.362,16.799,15.937,15.937,24387,0
KRP.US,D,20180626,000000,16.086,16.453,16.086,16.453,17894,0
KRP.US,D,20180627,000000,16.561,16.803,15.839,16.275,47970,0
KRP.US,D,20180628,000000,16.369,16.432,15.775,16.403,34107,0
KRP.US,D,20180629,000000,16.523,16.523,15.752,15.752,29031,0
KRP.US,D,20180702,000000,15.775,15.788,15.388,15.731,13051,0
KRP.US,D,20180703,000000,15.78,16.032,15.665,15.74,12451,0
KRP.US,D,20180705,000000,15.867,15.867,15.559,15.645,43596,0
KRP.US,D,20180706,000000,15.638,15.867,15.559,15.624,37842,0
KRP.US,D,20180709,000000,15.801,16.086,15.702,15.937,145926,0
KRP.US,D,20180710,000000,16.231,17.113,15.988,17.113,44739,0
KRP.US,D,20180711,000000,17.096,17.167,16.475,16.597,112440,0
KRP.US,D,20180712,000000,16.903,17.526,16.625,16.84,48858,0
KRP.US,D,20180713,000000,16.947,17.348,16.46,16.696,54174,0
KRP.US,D,20180716,000000,16.861,17.233,15.937,16.345,37074,0
KRP.US,D,20180717,000000,16.275,16.275,15.855,15.988,31574,0
KRP.US,D,20180718,000000,16.161,16.77,15.78,16.076,37450,0
KRP.US,D,20180719,000000,16.059,16.554,15.844,15.979,29078,0
KRP.US,D,20180720,000000,15.953,16.66,15.859,15.881,20145,0
KRP.US,D,20180723,000000,15.897,16.381,15.825,15.881,38534,0
KRP.US,D,20180724,000000,15.874,16.31,15.74,15.881,42902,0
KRP.US,D,20180725,000000,15.831,16.381,15.831,16.304,19307,0
KRP.US,D,20180726,000000,16.439,16.655,16.279,16.453,20577,0
KRP.US,D,20180727,000000,16.275,16.357,15.74,16.14,27083,0
KRP.US,D,20180730,000000,16.21,16.275,15.74,15.809,47134,0
KRP.US,D,20180731,000000,15.745,16.172,15.745,16.024,16243,0
KRP.US,D,20180801,000000,16.044,16.253,15.953,16.024,10472,0
KRP.US,D,20180802,000000,16.024,16.333,15.775,15.916,37632,0
KRP.US,D,20180803,000000,16.253,16.405,15.793,16.011,66467,0
KRP.US,D,20180806,000000,15.968,16.011,15.771,15.902,37743,0
KRP.US,D,20180807,000000,15.934,16.002,15.719,15.719,36760,0
KRP.US,D,20180808,000000,15.779,16.191,15.779,16.187,33695,0
KRP.US,D,20180809,000000,15.866,16.085,15.551,15.647,73729,0
KRP.US,D,20180810,000000,15.603,16.009,15.369,15.523,15504,0
KRP.US,D,20180813,000000,15.523,15.91,15.004,15.027,41805,0
KRP.US,D,20180814,000000,15.128,15.662,15.027,15.318,30173,0
KRP.US,D,20180815,000000,15.281,15.439,14.88,15.122,15310,0
KRP.US,D,20180816,000000,15.195,15.647,14.863,15.311,17479,0
KRP.US,D,20180817,000000,15.24,15.592,15.165,15.224,24200,0
KRP.US,D,20180820,000000,15.501,15.674,15.187,15.434,95062,0
KRP.US,D,20180821,000000,15.442,15.625,15.264,15.318,95613,0
KRP.US,D,20180822,000000,15.296,15.636,14.955,14.955,95492,0
KRP.US,D,20180823,000000,15.1,15.288,15.1,15.288,44959,0
KRP.US,D,20180824,000000,15.209,15.209,15.02,15.1,71056,0
KRP.US,D,20180827,000000,15.128,15.209,15.027,15.055,57065,0
KRP.US,D,20180828,000000,15.092,15.144,14.904,15.136,18956,0
KRP.US,D,20180829,000000,15.158,15.706,15.158,15.706,19254,0
KRP.US,D,20180830,000000,15.779,16.042,15.535,16.042,21831,0
KRP.US,D,20180831,000000,16.047,16.529,15.855,16.529,22332,0
KRP.US,D,20180904,000000,16.595,16.675,16.047,16.391,78062,0
KRP.US,D,20180905,000000,16.23,16.262,16.006,16.026,51244,0
KRP.US,D,20180906,000000,16.047,16.486,15.779,16.178,231459,0
KRP.US,D,20180907,000000,16.23,16.704,16.195,16.304,234667,0
KRP.US,D,20180910,000000,16.805,17.8,16.639,17.142,163211,0
KRP.US,D,20180911,000000,17.142,17.508,16.428,16.973,141841,0
KRP.US,D,20180912,000000,16.962,16.962,16.683,16.74,90406,0
KRP.US,D,20180913,000000,16.777,17.124,16.595,16.595,93203,0
KRP.US,D,20180914,000000,16.66,16.777,16.413,16.777,13731,0
KRP.US,D,20180917,000000,16.595,16.595,16.084,16.195,64673,0
KRP.US,D,20180918,000000,16.178,16.413,16.091,16.158,86653,0
KRP.US,D,20180919,000000,16.158,16.158,16.047,16.127,65422,0
KRP.US,D,20180920,000000,16.142,16.166,16.047,16.121,34413,0
KRP.US,D,20180921,000000,16.158,16.246,16.122,16.158,97284,0
KRP.US,D,20180924,000000,16.158,16.178,16.136,16.158,139553,0
KRP.US,D,20180925,000000,16.142,16.245,16.047,16.15,138700,0
KRP.US,D,20180926,000000,16.195,16.195,15.318,15.318,102683,0
KRP.US,D,20180927,000000,14.267,14.765,13.86,14.297,1674636,0
KRP.US,D,20180928,000000,14.333,14.591,14.304,14.313,450106,0
KRP.US,D,20181001,000000,14.319,14.575,14.028,14.304,228313,0
KRP.US,D,20181002,000000,14.333,14.633,14.084,14.357,288559,0
KRP.US,D,20181003,000000,14.48,15.625,14.297,15.034,252561,0
KRP.US,D,20181004,000000,15.034,15.136,14.37,14.565,123355,0
KRP.US,D,20181005,000000,14.602,14.762,14.232,14.291,88053,0
KRP.US,D,20181008,000000,14.232,14.261,13.993,14.02,221847,0
KRP.US,D,20181009,000000,14.02,14.361,13.888,14.239,67142,0
KRP.US,D,20181010,000000,14.189,14.189,13.532,13.67,192150,0
KRP.US,D,20181011,000000,13.575,14.211,13.572,13.955,107181,0
KRP.US,D,20181012,000000,14.159,14.276,13.603,13.851,113067,0
KRP.US,D,20181015,000000,13.801,14.2,13.759,13.844,75074,0
KRP.US,D,20181016,000000,13.888,14.393,13.86,14.224,28811,0
KRP.US,D,20181017,000000,14.218,14.237,14.1,14.209,26685,0
KRP.US,D,20181018,000000,14.159,14.164,13.631,13.844,56089,0
KRP.US,D,20181019,000000,13.822,14.004,13.276,13.582,88795,0
KRP.US,D,20181022,000000,13.472,13.904,13.459,13.759,76907,0
KRP.US,D,20181023,000000,13.713,14.261,13.678,14.181,84122,0
KRP.US,D,20181024,000000,14.164,14.458,14.027,14.304,74598,0
KRP.US,D,20181025,000000,14.377,14.473,14.093,14.128,129878,0
KRP.US,D,20181026,000000,14.072,14.154,13.678,13.721,191651,0
KRP.US,D,20181029,000000,13.941,14.2,13.692,13.925,116125,0
KRP.US,D,20181030,000000,13.925,14.108,13.751,13.822,47855,0
KRP.US,D,20181031,000000,13.896,14.554,13.86,14.443,165206,0
KRP.US,D,20181101,000000,14.465,14.591,13.999,14.443,76506,0
KRP.US,D,20181102,000000,14.556,14.642,13.989,14.009,58031,0
KRP.US,D,20181105,000000,14.026,14.341,13.936,13.965,40597,0
KRP.US,D,20181106,000000,13.936,14.001,13.546,13.735,65441,0
KRP.US,D,20181107,000000,13.749,14.033,13.645,13.899,45106,0
KRP.US,D,20181108,000000,13.749,14.125,13.077,13.839,269874,0
KRP.US,D,20181109,000000,13.153,13.698,13.062,13.361,275173,0
KRP.US,D,20181112,000000,13.293,13.771,13.247,13.435,43447,0
KRP.US,D,20181113,000000,13.405,13.584,12.811,13.167,106558,0
KRP.US,D,20181114,000000,13.041,13.202,12.672,13.153,144376,0
KRP.US,D,20181115,000000,12.988,13.077,12.847,13.077,50577,0
KRP.US,D,20181116,000000,13.054,13.81,12.988,13.81,79195,0
KRP.US,D,20181119,000000,13.659,13.659,13.077,13.153,53808,0
KRP.US,D,20181120,000000,13.077,13.077,12.099,12.383,185533,0
KRP.US,D,20181121,000000,12.54,12.9,12.389,12.652,109557,0
KRP.US,D,20181123,000000,12.369,12.562,12.331,12.517,28966,0
KRP.US,D,20181126,000000,12.532,12.763,12.437,12.503,82644,0
KRP.US,D,20181127,000000,12.525,12.615,12.389,12.465,62419,0
KRP.US,D,20181128,000000,12.369,12.592,12.128,12.285,71373,0
KRP.US,D,20181129,000000,12.345,12.571,12.241,12.571,178639,0
KRP.US,D,20181130,000000,12.465,13.689,12.465,13.659,227700,0
KRP.US,D,20181203,000000,13.704,13.989,13.435,13.801,126918,0
KRP.US,D,20181204,000000,13.758,14.017,12.878,13.443,72269,0
KRP.US,D,20181206,000000,13.248,13.479,12.836,13.153,109740,0
KRP.US,D,20181207,000000,13.172,13.435,12.697,12.847,36437,0
KRP.US,D,20181210,000000,12.876,13.137,12.626,12.659,61999,0
KRP.US,D,20181211,000000,12.546,12.622,12.241,12.36,224244,0
KRP.US,D,20181212,000000,12.383,12.577,12.324,12.414,63897,0
KRP.US,D,20181213,000000,12.427,12.87,12.427,12.465,29791,0
KRP.US,D,20181214,000000,12.353,12.503,12.153,12.241,28936,0
KRP.US,D,20181217,000000,12.338,12.539,11.368,11.368,156893,0
KRP.US,D,20181218,000000,11.487,11.53,10.921,11.196,136624,0
KRP.US,D,20181219,000000,11.174,11.346,10.964,10.995,65335,0
KRP.US,D,20181220,000000,10.811,10.893,10.241,10.337,154991,0
KRP.US,D,20181221,000000,10.314,10.374,9.927,9.927,108535,0
KRP.US,D,20181224,000000,9.852,10.39,9.778,10.39,83599,0
KRP.US,D,20181226,000000,10.152,10.755,9.891,10.532,249693,0
KRP.US,D,20181227,000000,10.301,10.361,9.741,9.919,182554,0
KRP.US,D,20181228,000000,9.964,10.061,9.711,9.882,139549,0
KRP.US,D,20181231,000000,9.973,10.457,9.852,10.136,181803,0
KRP.US,D,20190102,000000,10.046,10.719,9.913,10.45,124368,0
KRP.US,D,20190103,000000,10.481,10.488,9.934,9.934,64256,0
KRP.US,D,20190104,000000,10.071,10.421,10.071,10.421,68379,0
KRP.US,D,20190107,000000,10.472,11.282,10.45,11.032,88915,0
KRP.US,D,20190108,000000,11.257,11.36,10.835,11.071,42004,0
KRP.US,D,20190109,000000,11.196,11.391,11.018,11.19,67231,0
KRP.US,D,20190110,000000,11.136,11.384,11.124,11.338,34173,0
KRP.US,D,20190111,000000,11.324,11.324,10.883,11.227,51910,0
KRP.US,D,20190114,000000,11.182,11.478,10.883,11.24,66627,0
KRP.US,D,20190115,000000,11.153,11.455,10.905,11.153,34766,0
KRP.US,D,20190116,000000,11.19,11.357,10.97,11.264,52946,0
KRP.US,D,20190117,000000,11.219,11.496,11.203,11.427,33287,0
KRP.US,D,20190118,000000,11.502,11.579,11.421,11.54,43530,0
KRP.US,D,20190122,000000,12.002,12.338,11.475,12.002,94516,0
KRP.US,D,20190123,000000,12.039,12.092,11.749,11.994,30076,0
KRP.US,D,20190124,000000,12.092,12.277,11.944,12.054,30102,0
KRP.US,D,20190125,000000,12.256,12.472,11.915,12.316,24169,0
KRP.US,D,20190128,000000,12.092,12.503,11.83,12.465,69454,0
KRP.US,D,20190129,000000,12.397,12.397,11.952,12.107,88422,0
KRP.US,D,20190130,000000,12.503,12.69,12.137,12.465,102205,0
KRP.US,D,20190131,000000,13.405,13.518,12.69,12.772,257929,0
KRP.US,D,20190201,000000,12.832,12.991,12.611,12.741,105738,0
KRP.US,D,20190204,000000,12.756,12.802,12.481,12.726,18038,0
KRP.US,D,20190205,000000,12.734,12.812,12.229,12.542,55786,0
KRP.US,D,20190206,000000,12.542,12.696,12.106,12.305,25607,0
KRP.US,D,20190207,000000,12.236,12.718,12.005,12.473,37968,0
KRP.US,D,20190208,000000,12.574,13.115,12.574,12.97,144943,0
KRP.US,D,20190211,000000,13.122,13.131,12.841,13.092,49771,0
KRP.US,D,20190212,000000,13.222,13.649,13.113,13.391,45185,0
KRP.US,D,20190213,000000,13.345,13.964,13.247,13.741,80378,0
KRP.US,D,20190214,000000,13.665,14.338,13.665,13.911,57453,0
KRP.US,D,20190215,000000,14.025,14.138,13.918,14.063,35481,0
KRP.US,D,20190219,000000,14.048,14.168,13.673,13.833,66316,0
KRP.US,D,20190220,000000,13.849,14.168,13.481,13.873,42535,0
KRP.US,D,20190221,000000,13.819,13.891,13.506,13.658,26869,0
KRP.US,D,20190222,000000,13.697,14.066,13.528,13.71,35855,0
KRP.US,D,20190225,000000,13.78,13.849,13.55,13.643,18903,0
KRP.US,D,20190226,000000,13.643,13.685,13.413,13.636,15890,0
KRP.US,D,20190227,000000,13.643,13.759,13.413,13.451,21466,0
KRP.US,D,20190228,000000,13.55,13.68,13.374,13.374,18099,0
KRP.US,D,20190301,000000,13.436,13.693,13.436,13.559,12546,0
KRP.US,D,20190304,000000,13.597,13.933,13.413,13.512,27000,0
KRP.US,D,20190305,000000,13.512,14.093,13.51,13.71,81712,0
KRP.US,D,20190306,000000,13.759,13.759,13.222,13.374,53977,0
KRP.US,D,20190307,000000,13.222,13.69,13.222,13.451,26808,0
KRP.US,D,20190308,000000,13.451,13.947,13.451,13.536,40067,0
KRP.US,D,20190311,000000,13.811,13.811,13.374,13.451,23425,0
KRP.US,D,20190312,000000,13.499,14.109,13.451,13.894,62523,0
KRP.US,D,20190313,000000,13.911,14.364,13.491,13.796,108300,0
KRP.US,D,20190314,000000,13.697,14.138,13.68,13.873,42978,0
KRP.US,D,20190315,000000,13.726,14.093,13.726,13.957,18294,0
KRP.US,D,20190318,000000,13.962,14.084,13.957,13.987,65364,0
KRP.US,D,20190319,000000,13.947,14.101,13.933,13.947,32061,0
KRP.US,D,20190320,000000,13.971,14.138,13.891,14.054,30829,0
KRP.US,D,20190321,000000,14.025,14.137,13.68,14.025,41696,0
KRP.US,D,20190322,000000,13.971,14.101,13.746,13.978,19120,0
KRP.US,D,20190325,000000,13.987,14.128,13.763,13.947,45767,0
KRP.US,D,20190326,000000,13.947,14.136,13.877,14.054,39088,0
KRP.US,D,20190327,000000,13.958,14.36,13.879,14.161,45810,0
KRP.US,D,20190328,000000,14.178,14.178,13.697,13.735,30914,0
KRP.US,D,20190329,000000,13.911,14.194,13.911,13.964,97650,0
KRP.US,D,20190401,000000,14.157,14.157,13.83,14.071,15014,0
KRP.US,D,20190402,000000,14.048,14.138,13.882,13.918,23720,0
KRP.US,D,20190403,000000,13.971,14.13,13.512,13.568,34037,0
KRP.US,D,20190404,000000,13.573,13.643,13.383,13.391,40265,0
KRP.US,D,20190405,000000,13.444,13.738,13.444,13.658,16759,0
KRP.US,D,20190408,000000,13.62,13.849,13.374,13.62,115354,0
KRP.US,D,20190409,000000,13.589,13.678,13.374,13.589,54853,0
KRP.US,D,20190410,000000,13.643,13.911,13.528,13.627,19886,0
KRP.US,D,20190411,000000,13.78,13.796,13.488,13.603,40092,0
KRP.US,D,20190412,000000,13.772,14.089,13.489,13.489,108810,0
KRP.US,D,20190415,000000,13.735,14.048,13.658,13.879,67773,0
KRP.US,D,20190416,000000,13.879,13.879,13.688,13.78,17874,0
KRP.US,D,20190417,000000,13.759,13.873,13.582,13.673,57930,0
KRP.US,D,20190418,000000,13.841,13.841,13.643,13.665,15302,0
KRP.US,D,20190422,000000,13.719,14.006,13.719,13.759,24124,0
KRP.US,D,20190423,000000,13.759,14.043,13.759,13.819,55652,0
KRP.US,D,20190424,000000,13.858,13.858,13.573,13.719,30718,0
KRP.US,D,20190425,000000,13.78,13.814,13.719,13.719,35103,0
KRP.US,D,20190426,000000,13.719,13.719,13.42,13.451,103049,0
KRP.US,D,20190429,000000,13.42,13.603,12.993,13.489,134589,0
KRP.US,D,20190430,000000,13.499,13.759,13.451,13.597,131139,0
KRP.US,D,20190501,000000,13.145,13.145,12.611,12.611,320190,0
KRP.US,D,20190502,000000,12.877,12.877,12.374,12.696,203705,0
KRP.US,D,20190503,000000,12.717,13.281,12.664,13.023,318679,0
KRP.US,D,20190506,000000,13.203,13.367,12.898,13.196,234268,0
KRP.US,D,20190507,000000,13.007,13.053,12.742,12.78,65793,0
KRP.US,D,20190508,000000,12.742,12.841,12.624,12.742,68858,0
KRP.US,D,20190509,000000,12.531,13.053,12.21,12.976,208150,0
KRP.US,D,20190510,000000,13.078,13.266,12.968,12.968,141508,0
KRP.US,D,20190513,000000,13.438,14.071,12.749,13.071,96641,0
KRP.US,D,20190514,000000,13.164,14.345,13.103,14.024,323263,0
KRP.US,D,20190515,000000,13.938,14.267,13.813,14.189,116890,0
KRP.US,D,20190516,000000,14.22,14.332,14.089,14.189,82871,0
KRP.US,D,20190517,000000,14.29,14.357,14.102,14.159,46344,0
KRP.US,D,20190520,000000,14.159,14.458,14.032,14.29,92100,0
KRP.US,D,20190521,000000,14.422,14.501,14.102,14.43,157128,0
KRP.US,D,20190522,000000,14.375,14.536,14.032,14.11,109622,0
KRP.US,D,20190523,000000,13.994,14.15,13.532,14.11,120333,0
KRP.US,D,20190524,000000,14.132,14.275,13.907,14.015,29860,0
KRP.US,D,20190528,000000,13.985,14.04,13.719,13.868,57423,0
KRP.US,D,20190529,000000,13.618,13.618,12.922,13.266,90323,0
KRP.US,D,20190530,000000,13.158,13.444,13.062,13.281,38086,0
KRP.US,D,20190531,000000,13.103,13.249,12.898,13.219,29269,0
KRP.US,D,20190603,000000,13.093,13.43,12.945,13.046,71293,0
KRP.US,D,20190604,000000,13.062,13.211,12.945,13.007,114443,0
KRP.US,D,20190605,000000,13.171,13.203,12.406,12.406,112687,0
KRP.US,D,20190606,000000,12.311,12.976,11.443,12.858,227545,0
KRP.US,D,20190607,000000,13.007,13.007,12.371,12.571,100188,0
KRP.US,D,20190610,000000,12.717,12.898,12.357,12.858,67505,0
KRP.US,D,20190611,000000,12.836,12.982,12.526,12.647,97774,0
KRP.US,D,20190612,000000,12.609,12.834,12.397,12.624,76889,0
KRP.US,D,20190613,000000,12.735,12.796,12.388,12.703,132998,0
KRP.US,D,20190614,000000,12.562,12.773,12.388,12.468,105269,0
KRP.US,D,20190617,000000,12.476,12.647,12.437,12.507,31422,0
KRP.US,D,20190618,000000,12.584,12.638,12.397,12.531,87519,0
KRP.US,D,20190619,000000,12.507,12.696,12.453,12.554,30863,0
KRP.US,D,20190620,000000,12.703,13.062,12.28,12.28,167579,0
KRP.US,D,20190621,000000,12.437,12.639,12.311,12.35,107102,0
KRP.US,D,20190624,000000,12.319,12.531,12.163,12.163,72288,0
KRP.US,D,20190625,000000,12.201,12.703,12.179,12.514,30624,0
KRP.US,D,20190626,000000,12.546,12.724,12.483,12.584,49568,0
KRP.US,D,20190627,000000,12.468,12.717,12.468,12.717,61847,0
KRP.US,D,20190628,000000,12.78,12.797,12.35,12.624,61755,0
KRP.US,D,20190701,000000,12.742,12.992,12.554,12.584,25407,0
KRP.US,D,20190702,000000,12.657,12.657,12.17,12.319,82312,0
KRP.US,D,20190703,000000,12.328,12.529,12.17,12.234,43195,0
KRP.US,D,20190705,000000,12.241,12.546,12.241,12.546,63673,0
KRP.US,D,20190708,000000,12.514,12.633,12.234,12.397,182278,0
KRP.US,D,20190709,000000,12.366,12.706,12.366,12.514,472385,0
KRP.US,D,20190710,000000,12.624,13.071,12.578,12.696,483327,0
KRP.US,D,20190711,000000,12.717,12.79,12.249,12.375,98745,0
KRP.US,D,20190712,000000,12.388,12.647,12.288,12.42,248268,0
KRP.US,D,20190715,000000,12.358,12.773,12.358,12.546,50133,0
KRP.US,D,20190716,000000,12.584,12.632,12.374,12.546,101490,0
KRP.US,D,20190717,000000,12.531,12.703,12.375,12.437,244020,0
KRP.US,D,20190718,000000,12.507,12.672,12.35,12.468,67300,0
KRP.US,D,20190719,000000,12.397,12.624,12.397,12.562,79207,0
KRP.US,D,20190722,000000,12.514,12.624,12.5,12.531,37058,0
KRP.US,D,20190723,000000,12.546,12.584,12.437,12.546,45792,0
KRP.US,D,20190724,000000,12.5,12.75,12.483,12.507,227475,0
KRP.US,D,20190725,000000,12.415,12.468,12.311,12.311,28991,0
KRP.US,D,20190726,000000,12.319,12.647,12.319,12.584,55025,0
KRP.US,D,20190729,000000,12.507,12.71,12.35,12.546,29555,0
KRP.US,D,20190730,000000,12.507,12.817,12.483,12.664,61590,0
KRP.US,D,20190731,000000,12.657,12.898,12.514,12.546,83082,0
KRP.US,D,20190801,000000,12.546,12.717,12.117,12.123,124531,0
KRP.US,D,20190802,000000,12.428,12.446,11.956,12.163,91764,0
KRP.US,D,20190805,000000,11.836,12.141,11.121,11.234,155013,0
KRP.US,D,20190806,000000,11.347,11.627,10.882,11.098,119150,0
KRP.US,D,20190807,000000,10.906,11.403,10.553,11.106,137730,0
KRP.US,D,20190808,000000,11.234,11.82,11.234,11.659,141503,0
KRP.US,D,20190809,000000,11.635,11.898,11.5,11.683,61827,0
KRP.US,D,20190812,000000,11.901,11.948,11.667,11.869,74981,0
KRP.US,D,20190813,000000,11.844,11.851,11.443,11.691,60193,0
KRP.US,D,20190814,000000,11.556,11.626,11.266,11.62,48089,0
KRP.US,D,20190815,000000,11.482,11.626,11.402,11.556,67816,0
KRP.US,D,20190816,000000,11.603,11.956,11.548,11.796,59520,0
KRP.US,D,20190819,000000,11.723,12.189,11.723,12.108,71501,0
KRP.US,D,20190820,000000,12.292,12.392,12.028,12.156,26502,0
KRP.US,D,20190821,000000,12.163,12.42,11.948,12.141,31998,0
KRP.US,D,20190822,000000,12.156,12.17,11.909,11.94,24086,0
KRP.US,D,20190823,000000,11.828,12.121,11.626,11.667,57254,0
KRP.US,D,20190826,000000,11.716,11.883,11.626,11.707,42892,0
KRP.US,D,20190827,000000,11.747,11.802,11.524,11.731,48157,0
KRP.US,D,20190828,000000,11.716,12.156,11.716,12.06,27215,0
KRP.US,D,20190829,000000,12.117,12.292,12.028,12.068,27663,0
KRP.US,D,20190830,000000,12.131,12.283,12.019,12.283,25502,0
KRP.US,D,20190903,000000,12.172,12.322,11.828,11.901,28296,0
KRP.US,D,20190904,000000,11.972,12.302,11.926,12.189,19175,0
KRP.US,D,20190905,000000,12.123,12.189,11.875,11.891,40187,0
KRP.US,D,20190906,000000,11.923,12.065,11.788,11.956,25424,0
KRP.US,D,20190909,000000,11.883,12.189,11.707,11.811,41190,0
KRP.US,D,20190910,000000,11.788,12.106,11.426,11.675,92958,0
KRP.US,D,20190911,000000,11.699,11.925,11.626,11.659,130492,0
KRP.US,D,20190912,000000,11.659,11.659,11.266,11.562,80678,0
KRP.US,D,20190913,000000,11.45,11.809,11.323,11.467,66307,0
KRP.US,D,20190916,000000,11.78,12.557,11.78,12.396,94143,0
KRP.US,D,20190917,000000,12.252,12.483,11.82,11.82,54006,0
KRP.US,D,20190918,000000,11.82,11.887,11.626,11.788,46693,0
KRP.US,D,20190919,000000,11.885,11.899,11.5,11.716,66575,0
KRP.US,D,20190920,000000,11.716,11.844,11.643,11.811,26548,0
KRP.US,D,20190923,000000,11.788,12.049,11.518,11.667,30076,0
KRP.US,D,20190924,000000,11.675,11.82,11.506,11.707,46624,0
KRP.US,D,20190925,000000,11.626,11.916,11.626,11.707,44027,0
KRP.US,D,20190926,000000,11.707,11.86,11.688,11.828,75240,0
KRP.US,D,20190927,000000,11.963,12.028,11.626,11.723,62990,0
KRP.US,D,20190930,000000,11.699,11.828,11.548,11.796,61289,0
KRP.US,D,20191001,000000,11.811,11.811,11.492,11.492,37851,0
KRP.US,D,20191002,000000,11.467,11.527,11.035,11.115,63870,0
KRP.US,D,20191003,000000,11.121,11.227,10.826,11.048,77232,0
KRP.US,D,20191004,000000,11.089,11.667,11.089,11.492,91109,0
KRP.US,D,20191007,000000,11.435,11.612,11.426,11.539,36372,0
KRP.US,D,20191008,000000,11.475,11.667,11.326,11.492,49443,0
KRP.US,D,20191009,000000,11.556,11.612,11.355,11.355,41151,0
KRP.US,D,20191010,000000,11.362,11.506,11.282,11.492,18977,0
KRP.US,D,20191011,000000,11.411,11.788,11.411,11.756,94212,0
KRP.US,D,20191014,000000,11.731,11.731,11.362,11.379,50063,0
KRP.US,D,20191015,000000,11.298,11.569,11.282,11.45,66163,0
KRP.US,D,20191016,000000,11.426,11.586,11.138,11.209,89501,0
KRP.US,D,20191017,000000,11.227,11.227,10.937,11.009,77513,0
KRP.US,D,20191018,000000,11.089,11.138,10.906,11.138,108261,0
KRP.US,D,20191021,000000,10.986,11.202,10.955,11.058,57038,0
KRP.US,D,20191022,000000,10.988,11.209,10.977,11.115,307567,0
KRP.US,D,20191023,000000,11.115,11.174,11.089,11.106,135274,0
KRP.US,D,20191024,000000,11.169,11.218,11.027,11.08,100610,0
KRP.US,D,20191025,000000,11.058,11.115,10.849,10.962,42943,0
KRP.US,D,20191028,000000,11.04,11.157,10.917,11.018,112225,0
KRP.US,D,20191029,000000,10.986,11.426,10.986,11.098,165151,0
KRP.US,D,20191030,000000,11.218,11.386,11.08,11.338,82026,0
KRP.US,D,20191031,000000,11.329,11.425,11.186,11.274,68666,0
KRP.US,D,20191101,000000,11.249,11.572,11.168,11.522,51333,0
KRP.US,D,20191104,000000,11.615,12.133,11.572,12.042,103392,0
KRP.US,D,20191105,000000,12.143,12.143,11.746,11.861,81428,0
KRP.US,D,20191106,000000,11.811,11.811,11.249,11.258,47487,0
KRP.US,D,20191107,000000,11.53,12.109,11.53,11.802,262976,0
KRP.US,D,20191108,000000,11.935,12.027,11.729,11.802,182739,0
KRP.US,D,20191111,000000,12.059,12.059,11.737,11.903,40157,0
KRP.US,D,20191112,000000,11.903,12.036,11.394,11.513,85428,0
KRP.US,D,20191113,000000,11.365,11.978,11.365,11.572,724754,0
KRP.US,D,20191114,000000,11.548,11.656,11.49,11.605,132571,0
KRP.US,D,20191115,000000,11.53,11.712,11.48,11.605,275435,0
KRP.US,D,20191118,000000,11.615,11.77,11.439,11.754,140613,0
KRP.US,D,20191119,000000,11.646,11.688,11.241,11.274,88330,0
KRP.US,D,20191120,000000,11.207,11.432,11.207,11.34,107473,0
KRP.US,D,20191121,000000,11.291,11.6,11.207,11.498,104603,0
KRP.US,D,20191122,000000,11.406,11.594,11.299,11.48,194041,0
KRP.US,D,20191125,000000,11.498,11.737,11.424,11.572,177395,0
KRP.US,D,20191126,000000,11.49,11.615,11.48,11.49,53812,0
KRP.US,D,20191127,000000,11.49,11.737,11.447,11.572,151773,0
KRP.US,D,20191129,000000,12.152,12.481,11.829,11.903,475729,0
KRP.US,D,20191202,000000,12.225,13.299,12.042,12.73,462962,0
KRP.US,D,20191203,000000,12.73,13.151,12.505,12.953,184233,0
KRP.US,D,20191204,000000,13.192,13.844,13.071,13.687,223344,0
KRP.US,D,20191205,000000,13.788,13.812,13.159,13.225,204081,0
KRP.US,D,20191206,000000,13.225,13.472,13.069,13.316,251350,0
KRP.US,D,20191209,000000,13.283,13.506,13.159,13.432,164147,0
KRP.US,D,20191210,000000,13.349,13.725,13.316,13.721,125300,0
KRP.US,D,20191211,000000,13.746,14.043,13.679,13.803,120231,0
KRP.US,D,20191212,000000,13.911,13.967,13.697,13.829,146126,0
KRP.US,D,20191213,000000,13.862,13.967,13.448,13.63,59962,0
KRP.US,D,20191216,000000,13.638,13.967,13.585,13.885,62738,0
KRP.US,D,20191217,000000,13.953,13.967,13.903,13.928,79539,0
KRP.US,D,20191218,000000,13.928,13.999,13.778,13.803,107396,0
KRP.US,D,20191219,000000,14.05,14.217,13.816,13.995,181576,0
KRP.US,D,20191220,000000,14.027,14.164,13.721,13.852,99233,0
KRP.US,D,20191223,000000,13.812,14.05,13.812,13.928,53689,0
KRP.US,D,20191224,000000,13.953,14.152,13.935,14.001,42391,0
KRP.US,D,20191226,000000,14.009,14.064,13.885,13.953,65239,0
KRP.US,D,20191227,000000,14.001,14.217,13.862,14.027,95473,0
KRP.US,D,20191230,000000,14.068,14.093,13.825,13.911,68227,0
KRP.US,D,20191231,000000,13.903,14.207,13.903,14.05,91275,0
KRP.US,D,20200102,000000,14.018,14.085,13.807,13.928,70117,0
KRP.US,D,20200103,000000,14.05,14.133,13.986,14.059,83785,0
KRP.US,D,20200106,000000,14.159,14.48,14.05,14.35,91188,0
KRP.US,D,20200107,000000,14.465,14.604,14.092,14.316,100844,0
KRP.US,D,20200108,000000,14.299,14.374,13.556,13.829,214020,0
KRP.US,D,20200109,000000,14.092,14.647,13.953,14.357,258969,0
KRP.US,D,20200110,000000,13.174,13.225,12.894,13.018,3912248,0
KRP.US,D,20200113,000000,13.183,13.208,13.059,13.077,378863,0
KRP.US,D,20200114,000000,13.225,13.225,12.812,12.943,1266303,0
KRP.US,D,20200115,000000,12.994,12.994,12.804,12.812,551064,0
KRP.US,D,20200116,000000,12.853,12.953,12.804,12.845,515673,0
KRP.US,D,20200117,000000,12.894,13.018,12.761,12.877,546663,0
KRP.US,D,20200121,000000,12.877,12.961,12.614,12.73,452760,0
KRP.US,D,20200122,000000,12.927,13.018,12.655,12.845,446050,0
KRP.US,D,20200123,000000,12.812,12.919,12.696,12.845,285260,0
KRP.US,D,20200124,000000,12.778,12.919,12.614,12.861,283099,0
KRP.US,D,20200127,000000,12.563,12.818,12.481,12.72,662079,0
KRP.US,D,20200128,000000,12.72,12.911,12.523,12.711,316846,0
KRP.US,D,20200129,000000,12.795,12.795,12.449,12.546,245690,0
KRP.US,D,20200130,000000,12.546,12.637,12.357,12.531,268367,0
KRP.US,D,20200131,000000,12.387,12.589,11.971,12.055,462804,0
KRP.US,D,20200203,000000,12.004,12.106,11.738,11.809,407632,0
KRP.US,D,20200204,000000,11.809,12.038,11.793,11.919,221121,0
KRP.US,D,20200205,000000,12.014,12.269,11.98,12.269,157171,0
KRP.US,D,20200206,000000,12.269,12.293,11.852,11.876,164869,0
KRP.US,D,20200207,000000,11.75,11.87,11.573,11.616,209100,0
KRP.US,D,20200210,000000,11.622,11.666,11.356,11.444,352042,0
KRP.US,D,20200211,000000,11.573,11.861,11.556,11.828,173282,0
KRP.US,D,20200212,000000,11.904,12.08,11.758,11.912,126897,0
KRP.US,D,20200213,000000,11.912,11.937,11.793,11.828,152373,0
KRP.US,D,20200214,000000,11.861,11.89,11.548,11.733,161317,0
KRP.US,D,20200218,000000,11.733,11.793,11.573,11.657,69387,0
KRP.US,D,20200219,000000,11.758,11.861,11.616,11.742,98357,0
KRP.US,D,20200220,000000,11.758,11.836,11.53,11.573,239129,0
KRP.US,D,20200221,000000,11.472,11.512,11.131,11.412,353398,0
KRP.US,D,20200224,000000,11.275,11.277,10.827,10.851,328280,0
KRP.US,D,20200225,000000,10.827,10.851,10.079,10.079,517975,0
KRP.US,D,20200226,000000,10.173,10.271,9.776,9.927,345395,0
KRP.US,D,20200227,000000,9.538,9.776,8.9458,9.453,517959,0
KRP.US,D,20200228,000000,9.0789,9.801,8.9865,9.783,371238,0
KRP.US,D,20200302,000000,9.773,9.913,9.2745,9.53,370568,0
KRP.US,D,20200303,000000,9.673,9.767,9.3681,9.4364,255271,0
KRP.US,D,20200304,000000,9.725,9.725,9.0296,9.2328,464120,0
KRP.US,D,20200305,000000,8.9949,9.2243,8.9606,9.1056,180614,0
KRP.US,D,20200306,000000,8.9365,8.9365,8.393,8.5459,339324,0
KRP.US,D,20200309,000000,7.0453,7.7151,6.0958,7.6556,705449,0
KRP.US,D,20200310,000000,8.105,8.1304,6.7824,7.7236,395148,0
KRP.US,D,20200311,000000,7.4437,7.4734,7.0114,7.1045,163311,0
KRP.US,D,20200312,000000,6.6977,6.6977,6.1933,6.3925,207493,0
KRP.US,D,20200313,000000,6.7655,6.9266,6.4434,6.4944,103390,0
KRP.US,D,20200316,000000,6.0703,6.1376,5.3327,5.3922,261007,0
KRP.US,D,20200317,000000,5.3157,5.3157,4.7749,4.9682,263138,0
KRP.US,D,20200318,000000,4.6629,4.6943,3.6031,3.6031,326234,0
KRP.US,D,20200319,000000,3.7981,3.994,3.3403,3.6879,816287,0
KRP.US,D,20200320,000000,3.7643,4.222,3.3065,3.5694,776368,0
KRP.US,D,20200323,000000,3.4336,3.5608,2.9758,3.2726,554622,0
KRP.US,D,20200324,000000,3.5608,4.1628,3.5608,4.1119,484516,0
KRP.US,D,20200325,000000,4.2644,4.5867,3.7288,4.5358,458376,0
KRP.US,D,20200326,000000,4.646,6.0194,4.646,6.0022,732282,0
KRP.US,D,20200327,000000,5.6803,5.9346,4.8835,5.019,491556,0
KRP.US,D,20200330,000000,5.1802,5.3117,4.5867,5.0954,248912,0
KRP.US,D,20200331,000000,5.0274,5.4006,4.8493,4.9427,269524,0
KRP.US,D,20200401,000000,4.6206,4.8212,4.4735,4.7306,97271,0
KRP.US,D,20200402,000000,4.7816,5.7226,4.6206,5.0529,199676,0
KRP.US,D,20200403,000000,5.1037,5.5956,5.0531,5.3327,422714,0
KRP.US,D,20200406,000000,5.4684,5.4684,4.8749,5.0614,443679,0
KRP.US,D,20200407,000000,5.4259,5.4429,4.9173,4.9936,467390,0
KRP.US,D,20200408,000000,5.0105,5.4684,4.9427,5.4259,254940,0
KRP.US,D,20200409,000000,5.4684,5.8753,4.9256,5.6548,839171,0
KRP.US,D,20200413,000000,5.7396,5.8244,5.019,5.0868,293613,0
KRP.US,D,20200414,000000,5.0274,5.214,5.0021,5.0274,197919,0
KRP.US,D,20200415,000000,5.019,5.019,4.4171,4.646,351503,0
KRP.US,D,20200416,000000,4.7901,5.0783,4.4089,4.7392,193531,0
KRP.US,D,20200417,000000,4.8835,5.0868,4.6544,5.0529,222236,0
KRP.US,D,20200420,000000,4.8749,5.0868,4.6968,4.7053,312609,0
KRP.US,D,20200421,000000,4.6629,4.7306,4.4509,4.5526,340339,0
KRP.US,D,20200422,000000,4.6121,5.019,4.5526,4.6036,260234,0
KRP.US,D,20200423,000000,4.6544,5.1718,4.646,4.7306,352351,0
KRP.US,D,20200424,000000,4.9682,5.4599,4.9087,5.4006,252368,0
KRP.US,D,20200427,000000,5.4513,5.8584,5.3327,5.5956,190371,0
KRP.US,D,20200428,000000,5.6548,5.8244,5.3327,5.765,229415,0
KRP.US,D,20200429,000000,5.9261,6.8333,5.7904,6.8333,372054,0
KRP.US,D,20200430,000000,7.0283,7.0283,6.189,6.7147,268154,0
KRP.US,D,20200501,000000,6.4634,6.4807,5.9781,6.2814,188430,0
KRP.US,D,20200504,000000,5.9868,6.5759,5.9868,6.4981,154575,0
KRP.US,D,20200505,000000,6.602,6.628,6.2814,6.3248,167719,0
KRP.US,D,20200506,000000,6.2381,6.3998,5.7701,5.8481,179640,0
KRP.US,D,20200507,000000,5.8915,6.0648,5.3024,5.7269,254116,0
KRP.US,D,20200508,000000,5.9003,5.9954,5.5796,5.6662,222636,0
KRP.US,D,20200511,000000,5.415,5.8394,5.415,5.6402,122791,0
KRP.US,D,20200512,000000,5.6749,5.7962,5.4755,5.5363,158372,0
KRP.US,D,20200513,000000,5.4757,5.6505,5.1378,5.389,183171,0
KRP.US,D,20200514,000000,5.2157,5.4496,4.9906,5.2417,113506,0
KRP.US,D,20200515,000000,5.2417,5.6316,5.1248,5.4669,142452,0
KRP.US,D,20200518,000000,5.9003,6.0648,5.6749,5.8309,194719,0
KRP.US,D,20200519,000000,5.8222,5.9261,5.6316,5.8394,116028,0
KRP.US,D,20200520,000000,5.9261,5.9781,5.649,5.8827,203221,0
KRP.US,D,20200521,000000,6.0215,6.2814,5.8354,6.264,465348,0
KRP.US,D,20200522,000000,6.2381,6.2381,5.9781,6.1688,208349,0
KRP.US,D,20200526,000000,6.4026,6.4981,6.2659,6.3594,184815,0
KRP.US,D,20200527,000000,6.472,6.472,6.1514,6.4288,162498,0
KRP.US,D,20200528,000000,6.4288,6.472,6.2121,6.3594,83079,0
KRP.US,D,20200529,000000,6.3681,6.3976,5.8915,5.9435,182681,0
KRP.US,D,20200601,000000,6.0821,6.2208,5.9868,6.0215,138238,0
KRP.US,D,20200602,000000,6.0215,6.5846,6.0215,6.4981,249581,0
KRP.US,D,20200603,000000,6.6626,7.711,6.6626,7.633,320161,0
KRP.US,D,20200604,000000,7.6764,7.7457,7.1912,7.3817,305933,0
KRP.US,D,20200605,000000,7.9275,8.6031,7.5032,8.2394,633884,0
KRP.US,D,20200608,000000,8.6552,9.3184,8.2491,9.0447,364499,0
KRP.US,D,20200609,000000,8.8716,8.9328,8.4299,8.8641,319051,0
KRP.US,D,20200610,000000,8.7077,8.7077,7.867,8.0489,317017,0
KRP.US,D,20200611,000000,7.5722,7.6503,7.0786,7.2778,262378,0
KRP.US,D,20200612,000000,7.6156,7.7457,7.3905,7.7457,263566,0
KRP.US,D,20200615,000000,7.3471,7.7457,7.1131,7.7283,328075,0
KRP.US,D,20200616,000000,8.4818,8.4818,7.5463,7.633,322047,0
KRP.US,D,20200617,000000,7.5549,7.7802,7.1305,7.269,196945,0
KRP.US,D,20200618,000000,7.1478,7.4511,7.1131,7.3471,170252,0
KRP.US,D,20200619,000000,7.5549,7.7975,7.3123,7.4163,237855,0
KRP.US,D,20200622,000000,7.2518,7.477,6.9745,7.3471,163836,0
KRP.US,D,20200623,000000,7.4857,7.6893,7.3644,7.633,90998,0
KRP.US,D,20200624,000000,7.5983,7.5983,6.8446,7.0786,149964,0
KRP.US,D,20200625,000000,6.9832,7.2082,6.8705,7.0699,98657,0
KRP.US,D,20200626,000000,6.8965,7.425,6.8532,7.2344,95588,0
KRP.US,D,20200629,000000,7.2344,7.3644,7.0265,7.1478,41313,0
KRP.US,D,20200630,000000,7.1044,7.5074,7.0957,7.4511,94562,0
KRP.US,D,20200701,000000,7.4511,7.621,7.1305,7.1478,87509,0
KRP.US,D,20200702,000000,7.3817,7.5032,7.1825,7.269,53544,0
KRP.US,D,20200706,000000,7.4684,7.4684,7.0179,7.2864,79566,0
KRP.US,D,20200707,000000,7.4944,7.529,7.1738,7.2083,168818,0
KRP.US,D,20200708,000000,7.1825,7.3558,7.0265,7.1738,139342,0
KRP.US,D,20200709,000000,7.1044,7.1652,6.9399,7.0872,68644,0
KRP.US,D,20200710,000000,6.9572,7.3947,6.9572,7.3123,61231,0
KRP.US,D,20200713,000000,7.5204,7.5204,7.2083,7.3038,101471,0
KRP.US,D,20200714,000000,7.269,7.4684,7.1305,7.1738,105842,0
KRP.US,D,20200715,000000,7.2604,7.5463,7.1825,7.3991,96448,0
KRP.US,D,20200716,000000,7.3817,7.6935,7.2952,7.4597,49732,0
KRP.US,D,20200717,000000,7.3991,7.4944,7.2778,7.4338,45680,0
KRP.US,D,20200720,000000,7.529,7.5722,7.2518,7.4078,87986,0
KRP.US,D,20200721,000000,7.5117,8.1181,7.5117,7.7197,106812,0
KRP.US,D,20200722,000000,7.7283,7.7283,7.3991,7.6764,64297,0
KRP.US,D,20200723,000000,7.5722,7.737,7.4598,7.6156,62891,0
KRP.US,D,20200724,000000,7.4597,7.7197,7.4597,7.6764,44002,0
KRP.US,D,20200727,000000,7.6243,7.7716,7.3644,7.5809,120576,0
KRP.US,D,20200728,000000,7.4684,7.5809,7.3384,7.477,117018,0
KRP.US,D,20200729,000000,7.425,8.0054,7.3644,7.9189,83984,0
KRP.US,D,20200730,000000,7.789,7.9158,7.5549,7.7283,49505,0
KRP.US,D,20200731,000000,7.6404,7.6844,7.4031,7.6755,50330,0
KRP.US,D,20200803,000000,7.7196,7.825,7.5877,7.7635,60169,0
KRP.US,D,20200804,000000,7.658,7.8777,7.5436,7.8075,54825,0
KRP.US,D,20200805,000000,7.8513,8.0361,7.8513,7.9129,75526,0
KRP.US,D,20200806,000000,7.7811,7.8602,7.57,7.7283,109041,0
KRP.US,D,20200807,000000,7.57,7.8296,7.3766,7.693,107534,0
KRP.US,D,20200810,000000,7.8338,8.0361,7.4821,7.9216,161506,0
KRP.US,D,20200811,000000,7.9129,8.1767,7.6316,7.6316,119062,0
KRP.US,D,20200812,000000,7.7546,7.8497,7.6492,7.7283,53388,0
KRP.US,D,20200813,000000,7.746,7.9305,7.614,7.869,72945,0
KRP.US,D,20200814,000000,7.8426,7.9129,7.7706,7.8513,37830,0
KRP.US,D,20200817,000000,7.8513,7.8602,7.6316,7.7371,39279,0
KRP.US,D,20200818,000000,7.658,7.8513,7.5789,7.6667,35093,0
KRP.US,D,20200819,000000,7.614,7.7196,7.4821,7.6404,76461,0
KRP.US,D,20200820,000000,7.5436,7.614,7.5084,7.57,43839,0
KRP.US,D,20200821,000000,7.6404,7.6404,7.0688,7.4118,189784,0
KRP.US,D,20200824,000000,7.4469,7.6667,7.3854,7.5436,52517,0
KRP.US,D,20200825,000000,7.5612,7.6404,7.4031,7.4998,99723,0
KRP.US,D,20200826,000000,7.4381,7.4381,7.0782,7.1656,101399,0
KRP.US,D,20200827,000000,7.1656,7.4205,7.1304,7.4118,67795,0
KRP.US,D,20200828,000000,7.4733,7.5524,7.1436,7.3239,65964,0
KRP.US,D,20200831,000000,7.2974,7.2974,7.0601,7.1568,77485,0
KRP.US,D,20200901,000000,7.0954,7.3415,7.0074,7.3151,86934,0
KRP.US,D,20200902,000000,7.2623,7.2623,6.8931,7.0337,103797,0
KRP.US,D,20200903,000000,6.9546,7.0469,6.726,6.7962,349765,0
KRP.US,D,20200904,000000,6.7962,6.9334,6.4886,6.5942,173496,0
KRP.US,D,20200908,000000,6.3918,6.6249,6.2072,6.4623,155278,0
KRP.US,D,20200909,000000,6.4623,6.5676,6.2863,6.4183,55086,0
KRP.US,D,20200910,000000,6.4183,6.4359,6.0226,6.093,229593,0
KRP.US,D,20200911,000000,6.0051,6.1988,5.9786,6.1018,145133,0
KRP.US,D,20200914,000000,6.0313,6.2776,5.9963,6.1369,136880,0
KRP.US,D,20200915,000000,6.1544,6.6204,6.1276,6.3304,202126,0
KRP.US,D,20200916,000000,6.4359,6.4359,6.1809,6.2072,123355,0
KRP.US,D,20200917,000000,6.1282,6.3392,6.1193,6.1544,76222,0
KRP.US,D,20200918,000000,6.1544,6.2337,5.8468,5.9171,126000,0
KRP.US,D,20200921,000000,5.8556,5.8556,5.46,5.6534,230977,0
KRP.US,D,20200922,000000,5.5919,6.1282,5.5919,5.9522,159807,0
KRP.US,D,20200923,000000,5.9786,6.0842,5.7676,5.7676,133941,0
KRP.US,D,20200924,000000,5.8292,5.8819,5.6357,5.7149,51302,0
KRP.US,D,20200925,000000,5.662,5.7325,5.3192,5.4688,157977,0
KRP.US,D,20200928,000000,5.5389,5.6095,5.4072,5.4159,144571,0
KRP.US,D,20200929,000000,5.4424,5.4424,5.3016,5.3104,95465,0
KRP.US,D,20200930,000000,5.4863,5.4894,5.2313,5.3721,129194,0
KRP.US,D,20201001,000000,5.2753,5.3894,4.8971,5.0203,278409,0
KRP.US,D,20201002,000000,4.8971,5.5628,4.8971,5.5215,140462,0
KRP.US,D,20201005,000000,5.6445,5.9171,5.4424,5.6886,152192,0
KRP.US,D,20201006,000000,5.8292,5.8558,5.3633,5.4248,105786,0
KRP.US,D,20201007,000000,5.4863,5.5215,5.2323,5.504,76407,0
KRP.US,D,20201008,000000,5.4863,5.8292,5.42,5.7939,86085,0
KRP.US,D,20201009,000000,5.7852,5.8292,5.4511,5.504,77199,0
KRP.US,D,20201012,000000,5.4863,5.6006,5.3721,5.5566,85315,0
KRP.US,D,20201013,000000,5.5742,5.6709,5.4688,5.5566,72959,0
KRP.US,D,20201014,000000,5.5303,5.7149,5.4951,5.662,75224,0
KRP.US,D,20201015,000000,5.627,5.6709,5.4774,5.6182,97886,0
KRP.US,D,20201016,000000,5.6095,5.6095,5.3016,5.4248,116690,0
KRP.US,D,20201019,000000,5.504,5.504,5.1888,5.4688,125428,0
KRP.US,D,20201020,000000,5.4951,5.4951,5.2753,5.3894,131359,0
KRP.US,D,20201021,000000,5.3104,5.3633,5.1236,5.1697,200243,0
KRP.US,D,20201022,000000,5.1962,5.4273,5.1529,5.3894,78283,0
KRP.US,D,20201023,000000,5.3808,5.4951,5.2928,5.4424,131083,0
KRP.US,D,20201026,000000,5.4248,5.4511,5.2313,5.3983,294805,0
KRP.US,D,20201027,000000,5.4072,5.4248,5.1874,5.3633,174395,0
KRP.US,D,20201028,000000,5.3544,5.4951,5.1083,5.4248,291907,0
KRP.US,D,20201029,000000,5.3983,5.4951,5.2928,5.4424,272763,0
KRP.US,D,20201030,000000,5.4151,5.5239,5.2699,5.397,210291,0
KRP.US,D,20201102,000000,5.3335,5.5829,5.3153,5.406,209115,0
KRP.US,D,20201103,000000,5.4151,5.5694,5.4151,5.4333,109690,0
KRP.US,D,20201104,000000,5.406,5.5875,5.3153,5.5421,155741,0
KRP.US,D,20201105,000000,5.6237,5.6781,5.2764,5.406,206302,0
KRP.US,D,20201106,000000,5.3425,5.6236,5.2427,5.2791,330482,0
KRP.US,D,20201109,000000,5.7144,5.8505,5.5694,5.6237,390140,0
KRP.US,D,20201110,000000,5.6872,6.431,5.5694,6.3494,325602,0
KRP.US,D,20201111,000000,6.4491,6.4881,6.1136,6.3222,164010,0
KRP.US,D,20201112,000000,6.2859,6.2949,5.8415,6.1317,136023,0
KRP.US,D,20201113,000000,6.1226,6.2587,5.9956,6.1589,161600,0
KRP.US,D,20201116,000000,6.431,6.5455,6.2677,6.3313,155397,0
KRP.US,D,20201117,000000,6.2587,6.5035,6.168,6.431,170535,0
KRP.US,D,20201118,000000,6.4402,6.8937,6.3494,6.8119,312473,0
KRP.US,D,20201119,000000,6.8211,6.9186,6.3946,6.6216,88391,0
KRP.US,D,20201120,000000,6.5944,6.7848,6.5217,6.7575,67309,0
KRP.US,D,20201123,000000,6.7575,6.9565,6.6759,6.8483,242080,0
KRP.US,D,20201124,000000,7.0206,7.1567,6.9208,7.0297,193570,0
KRP.US,D,20201125,000000,6.9028,7.2565,6.8755,7.1839,129344,0
KRP.US,D,20201127,000000,7.2565,7.4288,7.0297,7.1114,76930,0
KRP.US,D,20201130,000000,7.1023,7.1382,6.4129,6.5489,189080,0
KRP.US,D,20201201,000000,7.6555,7.6736,7.1114,7.5921,897934,0
KRP.US,D,20201202,000000,8.4719,8.481,7.982,8.3902,656018,0
KRP.US,D,20201203,000000,8.5173,8.5263,8.1634,8.3631,369970,0
KRP.US,D,20201204,000000,8.5263,8.7984,8.4447,8.5988,271404,0
KRP.US,D,20201207,000000,8.5717,8.5717,8.0547,8.1453,244162,0
KRP.US,D,20201208,000000,8.1634,8.3772,8.0365,8.1453,238427,0
KRP.US,D,20201209,000000,8.2178,8.3359,7.9912,8.1726,218025,0
KRP.US,D,20201210,000000,8.0547,8.6533,8.0523,8.227,265044,0
KRP.US,D,20201211,000000,8.1998,8.3267,7.9548,8.0818,139298,0
KRP.US,D,20201214,000000,8.1363,8.2633,7.8291,7.9006,203520,0
KRP.US,D,20201215,000000,8.0637,8.0886,7.8369,7.9639,136452,0
KRP.US,D,20201216,000000,8.0547,8.0637,7.7099,7.8097,282985,0
KRP.US,D,20201217,000000,7.855,7.9176,7.5285,7.7099,204617,0
KRP.US,D,20201218,000000,7.7191,8.0547,7.6465,7.6736,360659,0
KRP.US,D,20201221,000000,7.6102,7.9912,7.3744,7.3924,280140,0
KRP.US,D,20201222,000000,7.3472,7.5376,7.2111,7.2202,135042,0
KRP.US,D,20201223,000000,7.3472,7.7326,7.3472,7.583,132082,0
KRP.US,D,20201224,000000,7.5285,7.5739,7.3924,7.3924,50454,0
KRP.US,D,20201228,000000,7.4198,7.5739,7.084,7.1748,290289,0
KRP.US,D,20201229,000000,7.2565,7.2655,6.939,7.1748,355161,0
KRP.US,D,20201230,000000,7.0932,7.3924,7.084,7.1839,218021,0
KRP.US,D,20201231,000000,7.2021,7.226,7.0297,7.1748,163954,0
KRP.US,D,20210104,000000,7.3472,7.7007,7.1748,7.6555,271790,0
KRP.US,D,20210105,000000,7.8914,8.2996,7.7735,8.0909,232982,0
KRP.US,D,20210106,000000,8.1453,8.3042,7.8461,7.9277,197903,0
KRP.US,D,20210107,000000,7.982,8.209,7.8005,8.109,173889,0
KRP.US,D,20210108,000000,8.1001,8.3087,8.0365,8.0456,159090,0
KRP.US,D,20210111,000000,7.9912,8.49,7.982,8.3359,234901,0
KRP.US,D,20210112,000000,8.4629,8.7713,8.3268,8.6896,222502,0
KRP.US,D,20210113,000000,8.5988,8.6896,8.3087,8.3631,149165,0
KRP.US,D,20210114,000000,8.5988,8.8169,7.9367,8.0092,378970,0
KRP.US,D,20210115,000000,8.0818,8.0909,7.7917,7.8188,211031,0
KRP.US,D,20210119,000000,7.973,8.5082,7.9152,8.4174,214290,0
KRP.US,D,20210120,000000,8.4719,8.4719,8.1816,8.2542,160896,0
KRP.US,D,20210121,000000,8.1634,8.227,8.0275,8.0275,229333,0
KRP.US,D,20210122,000000,7.9367,8.0481,7.7917,7.9277,164992,0
KRP.US,D,20210125,000000,8.1272,8.1318,7.8279,8.0003,164380,0
KRP.US,D,20210126,000000,8.1453,8.1816,7.9458,8.0547,213575,0
KRP.US,D,20210127,000000,7.8914,8.0904,7.8279,7.8823,199797,0
KRP.US,D,20210128,000000,8.0003,8.0003,7.7372,7.9277,245644,0
KRP.US,D,20210129,000000,7.9277,8.0566,7.6588,7.7515,152622,0
KRP.US,D,20210201,000000,7.7329,7.8812,7.5011,7.6959,310269,0
KRP.US,D,20210202,000000,7.9091,7.9314,7.77,7.8906,154725,0
KRP.US,D,20210203,000000,7.9462,8.1594,7.8906,8.1317,146098,0
KRP.US,D,20210204,000000,8.1594,8.3078,7.9277,8.0482,159564,0
KRP.US,D,20210205,000000,8.178,8.178,7.974,8.113,205812,0
KRP.US,D,20210208,000000,8.1594,8.4647,8.1502,8.3449,403076,0
KRP.US,D,20210209,000000,8.28,8.5767,8.2523,8.484,236159,0
KRP.US,D,20210210,000000,8.484,8.9805,8.4006,8.8827,504024,0
KRP.US,D,20210211,000000,8.9013,8.9476,8.5767,8.7715,165527,0
KRP.US,D,20210212,000000,8.6417,9.0495,8.6417,9.0314,132030,0
KRP.US,D,20210216,000000,9.1236,9.4852,9.1056,9.2715,227674,0
KRP.US,D,20210217,000000,9.3925,9.4481,9.1331,9.291,80184,0
KRP.US,D,20210218,000000,9.3086,9.3184,8.994,9.04,95677,0
KRP.US,D,20210219,000000,9.0495,9.2139,8.9013,9.0219,138106,0
KRP.US,D,20210222,000000,8.994,9.3125,8.9476,9.1236,269988,0
KRP.US,D,20210223,000000,9.2632,9.2715,8.8549,9.0865,182745,0
KRP.US,D,20210224,000000,9.04,9.588,8.9754,9.4667,373602,0
KRP.US,D,20210225,000000,9.4208,10.014,9.3652,9.596,344488,0
KRP.US,D,20210226,000000,9.4393,9.772,9.4208,9.596,188225,0
KRP.US,D,20210301,000000,9.708,10.004,9.615,9.95,246896,0
KRP.US,D,20210302,000000,9.95,10.236,9.921,10.097,122678,0
KRP.US,D,20210303,000000,9.94,10.228,9.94,10.078,153439,0
KRP.US,D,20210304,000000,10.162,10.199,9.522,9.995,245891,0
KRP.US,D,20210305,000000,9.995,10.199,9.606,9.94,122747,0
KRP.US,D,20210308,000000,10.228,10.245,9.838,9.94,98246,0
KRP.US,D,20210309,000000,10.051,10.051,9.754,9.875,137853,0
KRP.US,D,20210310,000000,9.921,10.245,9.875,10.208,117600,0
KRP.US,D,20210311,000000,10.245,10.245,9.921,10.033,127006,0
KRP.US,D,20210312,000000,10.125,10.13,9.856,9.856,78761,0
KRP.US,D,20210315,000000,9.95,9.95,9.699,9.735,85382,0
KRP.US,D,20210316,000000,9.551,9.875,9.2813,9.606,239866,0
KRP.US,D,20210317,000000,9.559,9.784,9.4667,9.522,47616,0
KRP.US,D,20210318,000000,9.3184,9.626,9.2715,9.2715,203062,0
KRP.US,D,20210319,000000,9.2998,9.588,9.2632,9.4852,76895,0
KRP.US,D,20210322,000000,9.578,9.606,9.1331,9.2715,182382,0
KRP.US,D,20210323,000000,9.1331,9.2632,9.0865,9.1331,118559,0
KRP.US,D,20210324,000000,9.2442,9.4003,9.2091,9.3554,87760,0
KRP.US,D,20210325,000000,9.1511,9.3369,9.0589,9.1606,77078,0
KRP.US,D,20210326,000000,9.1891,9.809,9.1891,9.735,157973,0
KRP.US,D,20210329,000000,9.522,9.664,9.374,9.4852,76812,0
KRP.US,D,20210330,000000,9.541,9.541,9.2998,9.4296,41317,0
KRP.US,D,20210331,000000,9.4667,9.521,9.3086,9.4023,67628,0
KRP.US,D,20210401,000000,9.4949,9.522,9.2585,9.4579,91232,0
KRP.US,D,20210405,000000,9.411,9.68,9.291,9.625,72393,0
KRP.US,D,20210406,000000,9.541,9.643,9.4393,9.541,54122,0
KRP.US,D,20210407,000000,9.4852,9.735,9.4481,9.578,59254,0
KRP.US,D,20210408,000000,9.578,9.606,9.2632,9.4023,121662,0
KRP.US,D,20210409,000000,9.291,9.374,9.2347,9.2715,112953,0
KRP.US,D,20210412,000000,9.2632,9.3369,9.2167,9.291,130390,0
KRP.US,D,20210413,000000,9.2715,9.2998,9.077,9.0865,207372,0
KRP.US,D,20210414,000000,9.0589,9.3369,9.0589,9.2998,162826,0
KRP.US,D,20210415,000000,9.411,9.606,9.2813,9.4852,87267,0
KRP.US,D,20210416,000000,9.606,9.643,9.3457,9.3827,42248,0
KRP.US,D,20210419,000000,9.3281,9.411,9.2715,9.3281,95031,0
KRP.US,D,20210420,000000,9.2813,9.3369,9.1056,9.2813,90720,0
KRP.US,D,20210421,000000,9.2813,9.3554,9.2072,9.3369,79144,0
KRP.US,D,20210422,000000,9.2347,9.371,9.1056,9.3281,47171,0
KRP.US,D,20210423,000000,9.3827,9.504,9.2813,9.3925,37652,0
KRP.US,D,20210426,000000,9.819,10.125,9.745,10.107,195733,0
KRP.US,D,20210427,000000,10.153,10.236,10.018,10.153,146186,0
KRP.US,D,20210428,000000,10.245,10.477,10.088,10.302,435035,0
KRP.US,D,20210429,000000,10.477,10.524,10.153,10.403,201580,0
KRP.US,D,20210430,000000,10.317,10.565,10.147,10.223,154802,0
KRP.US,D,20210503,000000,10.233,10.688,10.175,10.565,64401,0
KRP.US,D,20210504,000000,10.65,10.65,10.394,10.403,98563,0
KRP.US,D,20210505,000000,10.527,11.002,10.527,10.935,67288,0
KRP.US,D,20210506,000000,11.021,11.107,10.641,11.069,119785,0
KRP.US,D,20210507,000000,10.926,11.857,10.926,11.791,284303,0
KRP.US,D,20210510,000000,11.914,12.17,11.89,11.99,122058,0
KRP.US,D,20210511,000000,11.819,12.094,11.648,11.857,103382,0
KRP.US,D,20210512,000000,11.876,12.351,11.876,12.161,112028,0
KRP.US,D,20210513,000000,12.132,12.589,11.8,12.408,271367,0
KRP.US,D,20210514,000000,12.607,12.665,12.123,12.266,127013,0
KRP.US,D,20210517,000000,12.256,12.404,12.132,12.218,96589,0
KRP.US,D,20210518,000000,12.18,12.313,11.981,12.076,51566,0
KRP.US,D,20210519,000000,11.961,12.256,11.753,12.076,75133,0
KRP.US,D,20210520,000000,12.094,12.199,11.981,12.028,55471,0
KRP.US,D,20210521,000000,12.142,12.401,12.085,12.208,173532,0
KRP.US,D,20210524,000000,12.313,12.408,12.085,12.256,74309,0
KRP.US,D,20210525,000000,12.246,12.418,12.066,12.104,77557,0
KRP.US,D,20210526,000000,12.142,12.384,12.028,12.085,68031,0
KRP.US,D,20210527,000000,12.114,12.188,11.999,12.009,82274,0
KRP.US,D,20210528,000000,12.085,12.218,11.914,12.076,91306,0
KRP.US,D,20210601,000000,12.114,12.256,11.971,12.114,204276,0
KRP.US,D,20210602,000000,12.322,12.351,12.087,12.256,213156,0
KRP.US,D,20210603,000000,12.208,12.493,12.208,12.351,265718,0
KRP.US,D,20210604,000000,12.398,12.446,12.284,12.351,172891,0
KRP.US,D,20210607,000000,12.351,12.475,12.18,12.266,141035,0
KRP.US,D,20210608,000000,12.313,12.437,12.123,12.218,179081,0
KRP.US,D,20210609,000000,12.294,12.313,12.18,12.266,143194,0
KRP.US,D,20210610,000000,12.256,12.365,12.246,12.266,183890,0
KRP.US,D,20210611,000000,12.674,12.674,12.275,12.484,245480,0
KRP.US,D,20210614,000000,12.484,12.541,12.275,12.322,134906,0
KRP.US,D,20210615,000000,12.38,12.541,12.356,12.493,146897,0
KRP.US,D,20210616,000000,12.513,12.513,12.284,12.38,192075,0
KRP.US,D,20210617,000000,12.37,12.485,12.189,12.246,236974,0
KRP.US,D,20210618,000000,12.208,12.418,12.208,12.218,103428,0
KRP.US,D,20210621,000000,12.208,12.522,12.208,12.37,143479,0
KRP.US,D,20210622,000000,12.418,12.418,12.246,12.36,55317,0
KRP.US,D,20210623,000000,12.493,12.522,12.408,12.455,83406,0
KRP.US,D,20210624,000000,12.465,12.531,12.351,12.446,180548,0
KRP.US,D,20210625,000000,12.493,12.531,12.384,12.437,119121,0
KRP.US,D,20210628,000000,12.351,12.351,12.161,12.17,151242,0
KRP.US,D,20210629,000000,12.228,12.332,12.161,12.161,129250,0
KRP.US,D,20210630,000000,12.228,12.342,12.19,12.208,166179,0
KRP.US,D,20210701,000000,12.398,12.475,12.233,12.437,307132,0
KRP.US,D,20210702,000000,12.351,12.351,12.199,12.284,245271,0
KRP.US,D,20210706,000000,12.304,12.313,12.161,12.161,243086,0
KRP.US,D,20210707,000000,12.228,12.283,12.019,12.123,160866,0
KRP.US,D,20210708,000000,12.056,12.18,11.885,11.999,223141,0
KRP.US,D,20210709,000000,12.076,12.161,11.952,12.104,149486,0
KRP.US,D,20210712,000000,12.047,12.104,11.923,11.943,142329,0
KRP.US,D,20210713,000000,11.923,11.961,11.753,11.829,369253,0
KRP.US,D,20210714,000000,11.829,11.915,11.753,11.753,238746,0
KRP.US,D,20210715,000000,11.8,11.8,11.544,11.61,314892,0
KRP.US,D,20210716,000000,11.676,11.686,11.43,11.486,306320,0
KRP.US,D,20210719,000000,11.41,11.511,10.926,11.135,478132,0
KRP.US,D,20210720,000000,11.115,11.448,11.115,11.239,240979,0
KRP.US,D,20210721,000000,11.325,11.572,11.287,11.448,216994,0
KRP.US,D,20210722,000000,11.515,11.519,10.888,11.211,476860,0
KRP.US,D,20210723,000000,11.249,11.315,11.021,11.163,92688,0
KRP.US,D,20210726,000000,11.401,11.61,11.363,11.401,213073,0
KRP.US,D,20210727,000000,11.496,11.496,11.254,11.325,183640,0
KRP.US,D,20210728,000000,11.401,11.448,11.14,11.249,745460,0
KRP.US,D,20210729,000000,11.315,11.325,11.135,11.239,464846,0
KRP.US,D,20210730,000000,11.249,11.374,11.122,11.249,287785,0
KRP.US,D,20210802,000000,11.317,11.356,10.971,11.054,264879,0
KRP.US,D,20210803,000000,11.064,11.152,10.908,11.103,292450,0
KRP.US,D,20210804,000000,10.986,11.064,10.732,10.82,279846,0
KRP.US,D,20210805,000000,10.488,10.692,10.4,10.488,698672,0
KRP.US,D,20210806,000000,10.586,10.664,10.478,10.625,408834,0
KRP.US,D,20210809,000000,10.595,11.01,10.469,10.859,528306,0
KRP.US,D,20210810,000000,10.898,11.02,10.781,10.878,273433,0
KRP.US,D,20210811,000000,10.878,10.888,10.634,10.839,279294,0
KRP.US,D,20210812,000000,10.752,10.859,10.556,10.683,160273,0
KRP.US,D,20210813,000000,10.683,10.771,10.42,10.459,190088,0
KRP.US,D,20210816,000000,10.41,10.469,10.244,10.332,272287,0
KRP.US,D,20210817,000000,10.352,10.42,10.244,10.254,176415,0
KRP.US,D,20210818,000000,10.274,10.342,10.147,10.195,400627,0
KRP.US,D,20210819,000000,10.098,10.176,9.756,10.02,309295,0
KRP.US,D,20210820,000000,10.039,10.078,9.854,9.961,179674,0
KRP.US,D,20210823,000000,10.108,10.274,10.059,10.117,231533,0
KRP.US,D,20210824,000000,10.127,10.517,10.127,10.41,396783,0
KRP.US,D,20210825,000000,10.469,10.498,10.337,10.391,201964,0
KRP.US,D,20210826,000000,10.391,10.508,10.195,10.225,136945,0
KRP.US,D,20210827,000000,10.361,10.586,10.342,10.537,403853,0
KRP.US,D,20210830,000000,10.566,10.634,10.371,10.469,193975,0
KRP.US,D,20210831,000000,10.586,11.103,10.469,11.054,616728,0
KRP.US,D,20210901,000000,11.113,11.513,10.849,11.474,562813,0
KRP.US,D,20210902,000000,11.581,11.849,11.132,11.181,468034,0
KRP.US,D,20210903,000000,11.122,11.259,10.732,11.21,234534,0
KRP.US,D,20210907,000000,11.093,11.191,10.81,10.976,96812,0
KRP.US,D,20210908,000000,11.083,11.415,10.977,11.386,207357,0
KRP.US,D,20210909,000000,11.552,11.654,11.454,11.532,241448,0
KRP.US,D,20210910,000000,11.747,11.869,11.532,11.786,294734,0
KRP.US,D,20210913,000000,12.01,12.01,11.61,11.903,336288,0
KRP.US,D,20210914,000000,12.117,12.439,12.03,12.371,1256550,0
KRP.US,D,20210915,000000,12.488,13.035,12.488,12.947,966692,0
KRP.US,D,20210916,000000,12.849,12.908,12.576,12.635,579143,0
KRP.US,D,20210917,000000,12.635,12.732,12.488,12.615,401152,0
KRP.US,D,20210920,000000,12.42,12.791,12.196,12.488,548893,0
KRP.US,D,20210921,000000,12.722,12.8,12.352,12.596,442162,0
KRP.US,D,20210922,000000,12.849,12.898,12.439,12.537,282024,0
KRP.US,D,20210923,000000,12.635,12.878,12.635,12.878,330459,0
KRP.US,D,20210924,000000,12.878,13.971,12.81,13.6,714400,0
KRP.US,D,20210927,000000,13.805,14.235,13.669,14.01,920933,0
KRP.US,D,20210928,000000,14.157,14.157,13.415,13.796,384012,0
KRP.US,D,20210929,000000,14.03,14.03,13.752,13.815,283107,0
KRP.US,D,20210930,000000,13.796,13.883,13.561,13.786,200378,0
KRP.US,D,20211001,000000,13.757,14.137,13.474,14.108,464961,0
KRP.US,D,20211004,000000,14.283,14.635,14.147,14.635,629221,0
KRP.US,D,20211005,000000,14.635,14.918,14.322,14.82,332261,0
KRP.US,D,20211006,000000,14.664,14.664,14.118,14.439,261036,0
KRP.US,D,20211007,000000,14.43,14.439,14.157,14.303,119647,0
KRP.US,D,20211008,000000,14.322,14.742,14.322,14.674,213948,0
KRP.US,D,20211011,000000,14.879,14.918,14.508,14.547,141477,0
KRP.US,D,20211012,000000,14.566,14.82,14.508,14.518,208445,0
KRP.US,D,20211013,000000,14.41,14.527,14.215,14.361,110386,0
KRP.US,D,20211014,000000,14.342,14.693,14.332,14.644,167430,0
KRP.US,D,20211015,000000,14.713,14.8,14.566,14.596,354404,0
KRP.US,D,20211018,000000,14.713,15.083,14.596,14.996,235702,0
KRP.US,D,20211019,000000,15.093,15.093,14.703,14.947,172615,0
KRP.US,D,20211020,000000,14.918,15.152,14.811,15.132,143142,0
KRP.US,D,20211021,000000,15.22,15.357,14.771,14.849,238511,0
KRP.US,D,20211022,000000,15.093,15.093,14.742,14.918,120203,0
KRP.US,D,20211025,000000,15.347,15.435,15.054,15.113,221597,0
KRP.US,D,20211026,000000,15.083,15.201,15.064,15.113,178076,0
KRP.US,D,20211027,000000,15.083,15.181,14.761,14.82,324929,0
KRP.US,D,20211028,000000,14.8,14.898,14.635,14.82,202502,0
KRP.US,D,20211029,000000,14.79,15.2299,14.67,15.09,243195,0
KRP.US,D,20211101,000000,15.17,15.215,14.83,14.95,311351,0
KRP.US,D,20211102,000000,14.99,14.99,14.76,14.84,170722,0
KRP.US,D,20211103,000000,14.8,14.84,14.37,14.43,322709,0
KRP.US,D,20211104,000000,14.35,15.295,13.5,14.66,659360,0
KRP.US,D,20211105,000000,14.87,15.1768,14.6979,15.01,156156,0
KRP.US,D,20211108,000000,15.26,15.5899,15.04,15.5,299642,0
KRP.US,D,20211109,000000,15.57,15.63,15.125,15.35,227578,0
KRP.US,D,20211110,000000,14.43,14.7,13.98,14.07,2729024,0
KRP.US,D,20211111,000000,14.3,14.32,13.93,13.97,1006463,0
KRP.US,D,20211112,000000,13.95,14.1213,13.82,13.91,507511,0
KRP.US,D,20211115,000000,13.95,14.48,13.7,14.26,700845,0
KRP.US,D,20211116,000000,14.25,14.43,14.11,14.26,478882,0
KRP.US,D,20211117,000000,14.24,14.435,13.98,14.04,304591,0
KRP.US,D,20211118,000000,14.18,14.35,13.99,14.04,257434,0
KRP.US,D,20211119,000000,13.95,14.01,13.35,13.55,374166,0
KRP.US,D,20211122,000000,13.62,13.79,13.54,13.65,142961,0
KRP.US,D,20211123,000000,13.93,14.36,13.93,14.21,256335,0
KRP.US,D,20211124,000000,14.07,14.43,14.06,14.41,112615,0
KRP.US,D,20211126,000000,14,14.195,13.45,13.95,264877,0
KRP.US,D,20211129,000000,14.45,14.46,13.82,13.93,248225,0
KRP.US,D,20211130,000000,14.25,14.315,13.64,13.98,611199,0
KRP.US,D,20211201,000000,14.24,14.29,13.11,13.28,533720,0
KRP.US,D,20211202,000000,13.28,13.665,13.09,13.59,225927,0
KRP.US,D,20211203,000000,13.69,13.7598,13.24,13.62,278717,0
KRP.US,D,20211206,000000,13.8,14.005,13.5289,13.9,225965,0
KRP.US,D,20211207,000000,14.1,14.24,13.92,14.08,255372,0
KRP.US,D,20211208,000000,14.24,14.37,14.0184,14.34,93297,0
KRP.US,D,20211209,000000,14.25,14.25,13.81,13.82,538311,0
KRP.US,D,20211210,000000,14.09,14.09,13.44,13.6,462230,0
KRP.US,D,20211213,000000,13.69,14.15,13.47,13.47,473808,0
KRP.US,D,20211214,000000,13.42,13.78,13.2902,13.34,319402,0
KRP.US,D,20211215,000000,13.44,13.7,12.93,13.55,245961,0
KRP.US,D,20211216,000000,13.65,13.819,13.17,13.2,297154,0
KRP.US,D,20211217,000000,13.05,13.33,12.86,13.26,845083,0
KRP.US,D,20211220,000000,12.99,13.0395,12.68,13.01,199858,0
KRP.US,D,20211221,000000,13.19,13.36,13.11,13.32,154565,0
KRP.US,D,20211222,000000,13.4,13.53,13.075,13.49,212134,0
KRP.US,D,20211223,000000,13.43,13.536,13.22,13.43,125606,0
KRP.US,D,20211227,000000,13.32,13.83,13.25,13.79,210309,0
KRP.US,D,20211228,000000,13.83,13.95,13.6363,13.73,115946,0
KRP.US,D,20211229,000000,13.64,13.78,13.56,13.7,91693,0
KRP.US,D,20211230,000000,13.66,13.78,13.5,13.54,168811,0
KRP.US,D,20211231,000000,13.62,13.73,13.2701,13.63,258433,0
KRP.US,D,20220103,000000,13.9,14.99,13.85,14.95,625101,0
KRP.US,D,20220104,000000,15,15.5418,15,15.36,435166,0
KRP.US,D,20220105,000000,15.48,15.7974,14.96,15.06,305749,0
KRP.US,D,20220106,000000,15.24,15.5899,15.13,15.38,196696,0
KRP.US,D,20220107,000000,15.47,15.47,15.07,15.38,186553,0
KRP.US,D,20220110,000000,15.4,15.4,15.1391,15.32,122969,0
KRP.US,D,20220111,000000,15.49,15.81,15.08,15.75,243152,0
KRP.US,D,20220112,000000,15.77,16.15,15.77,15.88,241075,0
KRP.US,D,20220113,000000,15.88,16.09,15.51,15.57,244435,0
KRP.US,D,20220114,000000,15.52,15.8491,15.34,15.73,212038,0
KRP.US,D,20220118,000000,15.91,15.91,15.4,15.49,263784,0
KRP.US,D,20220119,000000,15.46,15.5275,15.12,15.15,222520,0
KRP.US,D,20220120,000000,15.2,15.26,14.62,14.73,213485,0
KRP.US,D,20220121,000000,14.52,14.69,14.2,14.4,256452,0
