<TICKER>,<PER>,<DATE>,<TIME>,<OPEN>,<HIGH>,<LOW>,<CLOSE>,<VOL>,<OPENINT>
LFT_A.US,D,20210511,000000,25.3,25.32,25.175,25.22,40652,0
LFT_A.US,D,20210512,000000,25.19,25.23,25.19,25.215,10980,0
LFT_A.US,D,20210513,000000,25.305,25.32,25.25,25.32,14890,0
LFT_A.US,D,20210514,000000,25.4074,25.4074,25.2,25.25,23622,0
LFT_A.US,D,20210517,000000,25.45,25.5,25.22,25.24,6175,0
LFT_A.US,D,20210518,000000,25.2,25.31,25.2,25.21,15614,0
LFT_A.US,D,20210519,000000,25.2,25.2459,25.2,25.2459,7752,0
LFT_A.US,D,20210520,000000,25.35,25.35,25.29,25.29,4100,0
LFT_A.US,D,20210521,000000,25.26,25.395,25.26,25.3,10275,0
LFT_A.US,D,20210524,000000,25.35,25.3988,25.3,25.32,1870,0
LFT_A.US,D,20210525,000000,25.31,25.31,25.3,25.3,1015,0
LFT_A.US,D,20210526,000000,25.3,25.3589,25.25,25.25,4962,0
LFT_A.US,D,20210527,000000,25.275,25.28,25.25,25.25,3831,0
LFT_A.US,D,20210528,000000,25.345,25.35,25.25,25.32,3251,0
LFT_A.US,D,20210601,000000,25.3699,25.38,25.3,25.33,6005,0
LFT_A.US,D,20210602,000000,25.355,25.38,25.28,25.28,1726,0
LFT_A.US,D,20210603,000000,25.28,25.33,25.2459,25.3,32950,0
LFT_A.US,D,20210604,000000,25.35,25.35,25.3,25.3,2820,0
LFT_A.US,D,20210607,000000,25.25,25.34,25.25,25.3,4535,0
LFT_A.US,D,20210608,000000,25.3007,25.31,25.3007,25.31,1970,0
LFT_A.US,D,20210609,000000,25.35,25.35,25.3291,25.33,2566,0
LFT_A.US,D,20210610,000000,25.38,25.38,25.33,25.33,864,0
LFT_A.US,D,20210611,000000,25.38,25.39,25.33,25.33,1941,0
LFT_A.US,D,20210614,000000,25.39,25.39,25.365,25.38,1672,0
LFT_A.US,D,20210615,000000,25.434,25.47,25.36,25.36,8618,0
LFT_A.US,D,20210616,000000,25.425,25.45,25.33,25.35,23072,0
LFT_A.US,D,20210617,000000,25.39,25.39,25.25,25.3,22081,0
LFT_A.US,D,20210618,000000,25.3,25.4499,25.25,25.3,2858,0
LFT_A.US,D,20210621,000000,25.35,25.35,25.301,25.301,890,0
LFT_A.US,D,20210622,000000,25.28,25.48,25.28,25.48,5728,0
LFT_A.US,D,20210624,000000,25.45,25.5,25.45,25.4575,1205,0
LFT_A.US,D,20210625,000000,25.4337,25.49,25.4337,25.49,292,0
LFT_A.US,D,20210628,000000,25.5,25.5,25.4101,25.45,3333,0
LFT_A.US,D,20210629,000000,25.45,25.47,25.4,25.41,8916,0
LFT_A.US,D,20210630,000000,25.18,25.48,25.1,25.38,12838,0
LFT_A.US,D,20210701,000000,25.25,25.61,25.25,25.37,7160,0
LFT_A.US,D,20210702,000000,25.35,25.55,25.3387,25.54,6263,0
LFT_A.US,D,20210706,000000,25.54,25.54,25.3357,25.407,2920,0
LFT_A.US,D,20210707,000000,25.67,25.67,25.4101,25.5,3300,0
LFT_A.US,D,20210708,000000,25.41,25.41,25.41,25.41,655,0
LFT_A.US,D,20210709,000000,25.55,25.55,25.4,25.4,2511,0
LFT_A.US,D,20210713,000000,25.6,25.6,25.4,25.55,2250,0
LFT_A.US,D,20210714,000000,25.55,25.55,25.4,25.5,1717,0
LFT_A.US,D,20210715,000000,25.5,25.5882,25.4999,25.5,3660,0
LFT_A.US,D,20210716,000000,25.5512,25.5512,25.5,25.5,1894,0
LFT_A.US,D,20210719,000000,25.4,25.42,25.33,25.41,4913,0
LFT_A.US,D,20210720,000000,25.41,25.41,25.3999,25.4,3844,0
LFT_A.US,D,20210721,000000,25.525,25.525,25.348,25.348,1230,0
LFT_A.US,D,20210722,000000,25.45,25.45,25.45,25.45,1942,0
LFT_A.US,D,20210723,000000,25.4523,25.4523,25.35,25.35,2990,0
LFT_A.US,D,20210727,000000,25.45,25.45,25.35,25.35,2732,0
LFT_A.US,D,20210728,000000,25.55,25.55,25.55,25.55,326,0
LFT_A.US,D,20210729,000000,25.41,25.41,25.41,25.41,112,0
LFT_A.US,D,20210730,000000,25.4,25.4,25.4,25.4,418,0
LFT_A.US,D,20210802,000000,25.4,25.49,25.3988,25.445,2919,0
LFT_A.US,D,20210803,000000,25.5,25.5249,25.4,25.5,9852,0
LFT_A.US,D,20210804,000000,25.5,25.51,25.35,25.5,9956,0
LFT_A.US,D,20210805,000000,25.59,25.59,25.535,25.535,390,0
LFT_A.US,D,20210806,000000,25.4182,25.548,25.4,25.45,3378,0
LFT_A.US,D,20210809,000000,25.482,25.5,25.35,25.3635,11274,0
LFT_A.US,D,20210810,000000,25.4,25.5,25.32,25.5,5756,0
LFT_A.US,D,20210811,000000,25.3226,25.5,25.3226,25.33,3215,0
LFT_A.US,D,20210812,000000,25.4,25.58,25.36,25.45,5470,0
LFT_A.US,D,20210813,000000,25.48,25.48,25.4,25.4,1197,0
LFT_A.US,D,20210816,000000,25.4,25.41,25.33,25.35,2329,0
LFT_A.US,D,20210817,000000,25.33,25.5,25.33,25.4,10163,0
LFT_A.US,D,20210818,000000,25.35,25.45,25.35,25.45,1780,0
LFT_A.US,D,20210819,000000,25.455,25.46,25.4043,25.4043,1570,0
LFT_A.US,D,20210820,000000,25.409,25.409,25.409,25.409,150,0
LFT_A.US,D,20210823,000000,25.43,25.58,25.43,25.5,3869,0
LFT_A.US,D,20210824,000000,25.54,25.54,25.54,25.54,115,0
LFT_A.US,D,20210825,000000,25.5336,25.5336,25.5336,25.5336,100,0
LFT_A.US,D,20210826,000000,25.54,25.55,25.51,25.51,3472,0
LFT_A.US,D,20210827,000000,25.5312,25.5317,25.5312,25.5317,1000,0
LFT_A.US,D,20210831,000000,25.56,25.56,25.52,25.52,1396,0
LFT_A.US,D,20210902,000000,25.5444,25.6,25.5444,25.6,1411,0
LFT_A.US,D,20210903,000000,25.605,25.605,25.52,25.52,831,0
LFT_A.US,D,20210907,000000,25.6,25.68,25.6,25.67,1399,0
LFT_A.US,D,20210908,000000,25.6,25.6149,25.52,25.61,1887,0
LFT_A.US,D,20210910,000000,25.5,25.51,25.5,25.5,1983,0
LFT_A.US,D,20210913,000000,25.61,25.62,25.5,25.5,2351,0
LFT_A.US,D,20210914,000000,25.61,25.61,25.61,25.61,678,0
LFT_A.US,D,20210915,000000,25.69,25.78,25.69,25.78,875,0
LFT_A.US,D,20210916,000000,25.7536,25.7536,25.51,25.51,733,0
LFT_A.US,D,20210917,000000,25.725,25.9086,25.725,25.9086,5551,0
LFT_A.US,D,20210920,000000,25.85,25.85,25.591,25.7,2696,0
LFT_A.US,D,20210921,000000,25.8509,25.8509,25.8509,25.8509,100,0
LFT_A.US,D,20210922,000000,25.9175,25.9175,25.6,25.6839,6537,0
LFT_A.US,D,20210923,000000,25.65,25.8033,25.61,25.61,4716,0
LFT_A.US,D,20210927,000000,25.6801,25.6801,25.67,25.67,911,0
LFT_A.US,D,20210928,000000,25.74,25.74,25.64,25.73,2992,0
LFT_A.US,D,20210929,000000,25.74,25.7401,25.6871,25.6871,7848,0
LFT_A.US,D,20210930,000000,25.64,25.74,25.64,25.74,440,0
LFT_A.US,D,20211004,000000,25.7,25.71,25.7,25.71,1701,0
LFT_A.US,D,20211005,000000,25.395,25.7094,25.395,25.5578,1821,0
LFT_A.US,D,20211006,000000,25.485,25.485,25.485,25.485,768,0
LFT_A.US,D,20211008,000000,25.38,25.465,25.38,25.39,1418,0
LFT_A.US,D,20211011,000000,25.5,25.5476,25.5,25.5,760,0
LFT_A.US,D,20211013,000000,25.5,25.615,25.5,25.615,1272,0
LFT_A.US,D,20211014,000000,25.5,25.5,25.5,25.5,678,0
LFT_A.US,D,20211015,000000,25.73,25.74,25.5843,25.5843,2230,0
LFT_A.US,D,20211018,000000,25.6671,25.6671,25.6671,25.6671,210,0
LFT_A.US,D,20211019,000000,25.6,25.6,25.51,25.52,1567,0
LFT_A.US,D,20211020,000000,25.6,25.6,25.6,25.6,626,0
LFT_A.US,D,20211021,000000,25.7322,25.7322,25.5,25.5,1700,0
LFT_A.US,D,20211025,000000,25.5,25.5,25.5,25.5,1960,0
LFT_A.US,D,20211027,000000,25.6,25.6262,25.33,25.47,1670,0
LFT_A.US,D,20211028,000000,25.37,25.45,25.33,25.4,3118,0
LFT_A.US,D,20211029,000000,25.5677,25.5677,25.5677,25.5677,170,0
LFT_A.US,D,20211101,000000,25.4282,25.45,25.415,25.415,6353,0
LFT_A.US,D,20211102,000000,25.6,25.6,25.45,25.45,717,0
LFT_A.US,D,20211103,000000,25.6098,25.6098,25.6098,25.6098,159,0
LFT_A.US,D,20211105,000000,25.54,25.54,25.54,25.54,1002,0
LFT_A.US,D,20211108,000000,25.5723,25.5723,25.33,25.43,3946,0
LFT_A.US,D,20211109,000000,25.46,25.46,25.46,25.46,380,0
LFT_A.US,D,20211110,000000,25.605,25.75,25.46,25.46,3490,0
LFT_A.US,D,20211111,000000,25.5,25.5,25.49,25.49,619,0
LFT_A.US,D,20211115,000000,25.49,25.54,25.49,25.54,5057,0
LFT_A.US,D,20211116,000000,25.54,25.54,25.53,25.53,7449,0
LFT_A.US,D,20211117,000000,25.5194,25.6999,25.5,25.68,933,0
LFT_A.US,D,20211118,000000,25.5,25.53,25.5,25.51,4421,0
LFT_A.US,D,20211119,000000,25.52,25.562,25.5,25.51,1666,0
LFT_A.US,D,20211122,000000,25.35,25.4,25.35,25.37,5788,0
LFT_A.US,D,20211123,000000,25.36,25.44,25.33,25.44,736,0
LFT_A.US,D,20211126,000000,25.35,25.41,25.33,25.41,1443,0
LFT_A.US,D,20211130,000000,25.63,25.63,25.63,25.63,300,0
LFT_A.US,D,20211202,000000,25.66,25.67,25.41,25.5501,5714,0
LFT_A.US,D,20211203,000000,25.52,25.63,25.5197,25.63,643,0
LFT_A.US,D,20211206,000000,25.64,25.83,25.61,25.65,5749,0
LFT_A.US,D,20211207,000000,25.46,25.5,25.4,25.5,2959,0
LFT_A.US,D,20211208,000000,25.67,27.01,25.67,27,53312,0
LFT_A.US,D,20211209,000000,26.9,27.62,26.39,26.59,241512,0
LFT_A.US,D,20211213,000000,26.75,27,26.48,26.95,16400,0
LFT_A.US,D,20211214,000000,26.95,27.4,26.95,27.05,62790,0
LFT_A.US,D,20211215,000000,26.95,26.95,26.4,26.4,670,0
LFT_A.US,D,20211217,000000,26.42,26.75,26.42,26.75,700,0
LFT_A.US,D,20211220,000000,26.74,27.1,26.72,27.1,282734,0
LFT_A.US,D,20211227,000000,27.01,27.01,26.53,26.53,1007,0
LFT_A.US,D,20211229,000000,26.06,26.06,25.78,25.98,1500,0
LFT_A.US,D,20211230,000000,26.1,26.7,26.1,26.7,369,0
LFT_A.US,D,20211231,000000,26.37,26.37,26.37,26.37,303,0
LFT_A.US,D,20220104,000000,26.03,26.03,26.03,26.03,180,0
LFT_A.US,D,20220106,000000,25.41,25.41,25.41,25.41,175,0
LFT_A.US,D,20220107,000000,26.3999,26.3999,26.3999,26.3999,100,0
LFT_A.US,D,20220110,000000,25.985,26.105,25.56,26.105,1468,0
LFT_A.US,D,20220111,000000,26.2856,26.2856,26.2856,26.2856,119,0
LFT_A.US,D,20220112,000000,26,26,26,26,321,0
LFT_A.US,D,20220113,000000,26,26.3,26,26.3,477,0
LFT_A.US,D,20220118,000000,26.025,26.025,26.025,26.025,1044,0
LFT_A.US,D,20220119,000000,26,26.1399,26,26.1399,396,0
LFT_A.US,D,20220120,000000,25.86,26.44,25.86,26.43,1538,0
LFT_A.US,D,20220121,000000,26.35,26.35,26.35,26.35,269,0
