<TICKER>,<PER>,<DATE>,<TIME>,<OPEN>,<HIGH>,<LOW>,<CLOSE>,<VOL>,<OPENINT>
MGP.US,D,20160420,000000,16.267,16.36,15.673,15.738,41383249,0
MGP.US,D,20160421,000000,15.86,15.973,15.557,15.557,7025370,0
MGP.US,D,20160422,000000,15.551,15.895,15.551,15.73,2720238,0
MGP.US,D,20160425,000000,15.73,15.939,15.73,15.789,997800,0
MGP.US,D,20160426,000000,15.805,16.022,15.789,16.01,1227051,0
MGP.US,D,20160427,000000,15.982,16.109,15.925,15.973,1467533,0
MGP.US,D,20160428,000000,15.932,16.093,15.839,15.917,4256406,0
MGP.US,D,20160429,000000,15.877,16.018,15.595,15.782,1144136,0
MGP.US,D,20160502,000000,15.782,15.817,15.689,15.747,1220574,0
MGP.US,D,20160503,000000,15.73,16.01,15.566,15.982,1722068,0
MGP.US,D,20160504,000000,15.877,16.124,15.827,16.093,2004489,0
MGP.US,D,20160505,000000,15.88,16.34,15.88,16.196,1835172,0
MGP.US,D,20160506,000000,16.124,16.553,15.996,16.297,1836785,0
MGP.US,D,20160509,000000,16.297,16.583,16.267,16.373,1319942,0
MGP.US,D,20160510,000000,16.373,16.417,16.239,16.382,1496641,0
MGP.US,D,20160511,000000,16.283,16.373,16.21,16.324,815518,0
MGP.US,D,20160512,000000,16.311,16.397,16.21,16.283,676215,0
MGP.US,D,20160513,000000,16.161,16.467,16.093,16.259,1348844,0
MGP.US,D,20160516,000000,16.504,16.521,16.167,16.439,1036189,0
MGP.US,D,20160517,000000,16.697,16.733,16.41,16.431,2429247,0
MGP.US,D,20160518,000000,16.48,16.545,16.093,16.367,1225626,0
MGP.US,D,20160519,000000,16.41,16.447,15.877,16.291,1596277,0
MGP.US,D,20160520,000000,16.367,16.475,16.054,16.311,1307796,0
MGP.US,D,20160523,000000,16.304,16.304,16.109,16.253,841117,0
MGP.US,D,20160524,000000,16.21,16.291,16.109,16.175,1381533,0
MGP.US,D,20160525,000000,16.233,16.324,16.096,16.304,848135,0
MGP.US,D,20160526,000000,16.253,16.382,16.161,16.267,579226,0
MGP.US,D,20160527,000000,16.354,16.553,16.237,16.467,579637,0
MGP.US,D,20160531,000000,16.525,16.525,16.283,16.447,1301119,0
MGP.US,D,20160601,000000,16.733,17.054,16.626,17.026,3339778,0
MGP.US,D,20160602,000000,17.026,17.177,17.017,17.105,2004474,0
MGP.US,D,20160603,000000,17.219,17.611,17.162,17.34,2292172,0
MGP.US,D,20160606,000000,17.34,17.485,17.253,17.41,1923821,0
MGP.US,D,20160607,000000,17.398,18.285,17.398,18.2,3724622,0
MGP.US,D,20160608,000000,18.2,18.578,17.949,17.963,2314549,0
MGP.US,D,20160609,000000,17.991,18.26,17.895,18.22,1418909,0
MGP.US,D,20160610,000000,18.155,18.441,17.97,18.212,1415572,0
MGP.US,D,20160613,000000,18.293,18.399,17.689,17.689,2165901,0
MGP.US,D,20160614,000000,17.762,17.963,17.168,17.892,1669870,0
MGP.US,D,20160615,000000,17.842,18.013,17.803,17.869,1198360,0
MGP.US,D,20160616,000000,17.803,18.656,17.649,18.592,2168420,0
MGP.US,D,20160617,000000,18.678,19.54,18.678,19.236,4374463,0
MGP.US,D,20160620,000000,19.348,19.942,19.007,19.214,1222875,0
MGP.US,D,20160621,000000,19.206,19.378,18.887,18.936,1168091,0
MGP.US,D,20160622,000000,18.794,18.794,18.365,18.37,1312612,0
MGP.US,D,20160623,000000,18.312,18.592,17.935,18.033,1215745,0
MGP.US,D,20160624,000000,17.856,18.248,17.34,17.682,3189716,0
MGP.US,D,20160627,000000,17.632,17.792,17.14,17.649,1202730,0
MGP.US,D,20160628,000000,17.8,18.234,17.782,18.17,885223,0
MGP.US,D,20160629,000000,18.308,18.937,18.25,18.772,1324578,0
MGP.US,D,20160630,000000,18.72,19.288,18.72,19.283,629590,0
MGP.US,D,20160701,000000,19.355,19.563,19.067,19.102,878041,0
MGP.US,D,20160705,000000,19.059,19.321,18.872,19.248,377536,0
MGP.US,D,20160706,000000,19.226,19.702,19.226,19.442,1257043,0
MGP.US,D,20160707,000000,19.398,19.398,19.01,19.11,990468,0
MGP.US,D,20160708,000000,19.211,19.442,19.01,19.355,682670,0
MGP.US,D,20160711,000000,19.178,19.334,18.915,19.195,787034,0
MGP.US,D,20160712,000000,19.138,19.552,19.09,19.493,874568,0
MGP.US,D,20160713,000000,19.544,19.544,18.993,19.263,587710,0
MGP.US,D,20160714,000000,19.145,19.255,18.611,19.138,1021970,0
MGP.US,D,20160715,000000,19.017,19.467,18.872,19.145,336701,0
MGP.US,D,20160718,000000,19.096,19.102,18.813,18.88,534297,0
MGP.US,D,20160719,000000,18.966,19.327,18.898,19.313,425647,0
MGP.US,D,20160720,000000,19.372,19.372,19.119,19.297,280559,0
MGP.US,D,20160721,000000,19.341,19.501,19.145,19.429,328325,0
MGP.US,D,20160722,000000,19.472,19.759,19.398,19.501,356273,0
MGP.US,D,20160725,000000,19.563,19.724,19.091,19.363,468129,0
MGP.US,D,20160726,000000,19.393,19.406,19.067,19.19,300652,0
MGP.US,D,20160727,000000,19.255,19.334,18.908,19.19,469580,0
MGP.US,D,20160728,000000,19.263,19.58,19.195,19.347,457884,0
MGP.US,D,20160729,000000,19.341,19.993,19.341,19.594,585632,0
MGP.US,D,20160801,000000,19.639,20.121,19.275,19.327,491126,0
MGP.US,D,20160802,000000,19.414,19.487,18.898,18.966,373772,0
MGP.US,D,20160803,000000,18.887,19.067,18.743,18.937,371235,0
MGP.US,D,20160804,000000,19.153,19.747,18.794,19.241,612121,0
MGP.US,D,20160805,000000,19.234,19.333,19.001,19.178,454116,0
MGP.US,D,20160808,000000,19.248,19.478,19.187,19.241,284555,0
MGP.US,D,20160809,000000,19.218,19.218,18.863,19.039,610360,0
MGP.US,D,20160810,000000,18.993,18.993,18.799,18.863,572715,0
MGP.US,D,20160811,000000,18.855,18.88,18.234,18.712,778515,0
MGP.US,D,20160812,000000,18.772,19.275,18.696,18.993,715007,0
MGP.US,D,20160815,000000,18.98,19.081,18.663,18.872,734150,0
MGP.US,D,20160816,000000,18.863,19.022,18.576,18.872,1404099,0
MGP.US,D,20160817,000000,18.898,19.119,18.32,19.022,951942,0
MGP.US,D,20160818,000000,19.01,19.01,18.696,18.799,263043,0
MGP.US,D,20160819,000000,18.799,18.799,18.619,18.763,182378,0
MGP.US,D,20160822,000000,18.772,19.125,18.467,18.837,585907,0
MGP.US,D,20160823,000000,18.805,18.937,18.772,18.849,305311,0
MGP.US,D,20160824,000000,18.849,18.972,18.569,18.619,209601,0
MGP.US,D,20160825,000000,18.539,18.576,18.287,18.467,659746,0
MGP.US,D,20160826,000000,18.453,18.887,18.453,18.604,638664,0
MGP.US,D,20160829,000000,18.696,18.763,18.46,18.51,286172,0
MGP.US,D,20160830,000000,18.627,18.67,18.295,18.308,325367,0
MGP.US,D,20160831,000000,18.329,18.485,18.136,18.229,407597,0
MGP.US,D,20160901,000000,18.234,18.43,18.104,18.25,432250,0
MGP.US,D,20160902,000000,18.308,18.647,18.257,18.526,296854,0
MGP.US,D,20160906,000000,18.576,19.017,18.113,18.958,677685,0
MGP.US,D,20160907,000000,19.032,19.039,18.539,18.895,436185,0
MGP.US,D,20160908,000000,18.837,18.843,18.619,18.712,385476,0
MGP.US,D,20160909,000000,18.576,18.611,18.069,18.096,794084,0
MGP.US,D,20160912,000000,18.069,18.144,17.672,18.079,888898,0
MGP.US,D,20160913,000000,18.063,18.144,17.346,17.577,814742,0
MGP.US,D,20160914,000000,17.609,17.903,17.601,17.644,384938,0
MGP.US,D,20160915,000000,17.789,18.386,17.708,18.262,1717662,0
MGP.US,D,20160916,000000,18.408,18.502,18.229,18.3,1348569,0
MGP.US,D,20160919,000000,18.308,18.526,18.185,18.359,676289,0
MGP.US,D,20160920,000000,18.502,18.611,18.086,18.163,560960,0
MGP.US,D,20160921,000000,18.295,18.887,18.252,18.863,1390623,0
MGP.US,D,20160922,000000,18.908,19.327,18.772,18.93,864465,0
MGP.US,D,20160923,000000,18.863,19.032,18.799,18.922,220688,0
MGP.US,D,20160926,000000,19.241,19.347,18.944,19.11,586959,0
MGP.US,D,20160927,000000,19.234,19.398,19.119,19.291,549702,0
MGP.US,D,20160928,000000,19.208,19.554,19.114,19.508,572754,0
MGP.US,D,20160929,000000,19.457,19.457,19.024,19.034,862439,0
MGP.US,D,20160930,000000,19.084,19.393,19.069,19.123,887542,0
MGP.US,D,20161003,000000,19.084,19.164,18.842,19.114,626858,0
MGP.US,D,20161004,000000,19.069,19.148,18.71,18.798,521112,0
MGP.US,D,20161005,000000,18.973,18.988,18.167,18.358,1276737,0
MGP.US,D,20161006,000000,18.358,18.367,18.043,18.145,757136,0
MGP.US,D,20161007,000000,18.189,18.504,17.962,17.984,708905,0
MGP.US,D,20161010,000000,18.048,18.475,18.048,18.255,530125,0
MGP.US,D,20161011,000000,18.181,18.299,17.962,17.99,1152846,0
MGP.US,D,20161012,000000,18.021,18.538,18.021,18.26,549923,0
MGP.US,D,20161013,000000,18.26,18.777,18.16,18.636,471884,0
MGP.US,D,20161014,000000,18.651,18.811,18.43,18.453,288949,0
MGP.US,D,20161017,000000,18.571,18.863,18.519,18.614,326972,0
MGP.US,D,20161018,000000,18.777,19.098,18.777,19.011,767098,0
MGP.US,D,20161019,000000,19.034,19.076,18.945,19.061,504511,0
MGP.US,D,20161020,000000,19.017,19.238,18.937,18.995,688891,0
MGP.US,D,20161021,000000,19.055,19.069,18.629,18.887,888364,0
MGP.US,D,20161024,000000,19.017,19.123,18.519,18.702,524706,0
MGP.US,D,20161025,000000,18.887,18.908,18.599,18.614,551545,0
MGP.US,D,20161026,000000,18.578,18.908,18.424,18.879,438438,0
MGP.US,D,20161027,000000,19.034,19.061,18.461,18.519,1274119,0
MGP.US,D,20161028,000000,18.592,18.959,18.592,18.828,816111,0
MGP.US,D,20161031,000000,18.842,19.346,18.842,19.304,599114,0
MGP.US,D,20161101,000000,19.34,19.414,18.777,18.849,1004147,0
MGP.US,D,20161102,000000,18.849,18.995,18.497,18.563,513557,0
MGP.US,D,20161103,000000,18.541,18.702,18.269,18.344,994921,0
MGP.US,D,20161104,000000,18.367,18.629,18.293,18.32,932872,0
MGP.US,D,20161107,000000,18.35,18.836,18.313,18.702,971894,0
MGP.US,D,20161108,000000,18.622,18.741,18.592,18.665,556204,0
MGP.US,D,20161109,000000,18.32,18.665,18.269,18.35,727690,0
MGP.US,D,20161110,000000,18.336,18.373,17.713,17.932,1203101,0
MGP.US,D,20161111,000000,17.815,18.152,17.434,17.881,2079809,0
MGP.US,D,20161114,000000,17.873,17.939,17.351,17.566,2814770,0
MGP.US,D,20161115,000000,17.727,18.143,17.448,17.566,2452611,0
MGP.US,D,20161116,000000,17.578,17.638,17.333,17.487,1316532,0
MGP.US,D,20161117,000000,17.487,17.706,17.333,17.454,1425675,0
MGP.US,D,20161118,000000,17.495,17.837,17.495,17.697,993480,0
MGP.US,D,20161121,000000,17.8,17.998,17.787,17.873,1300923,0
MGP.US,D,20161122,000000,18.082,18.336,17.976,18.306,1475816,0
MGP.US,D,20161123,000000,18.24,18.328,17.989,18.048,597412,0
MGP.US,D,20161125,000000,18.122,18.394,18.116,18.367,349452,0
MGP.US,D,20161128,000000,18.328,18.43,18.057,18.408,1423402,0
MGP.US,D,20161129,000000,18.424,18.643,18.328,18.394,654526,0
MGP.US,D,20161130,000000,18.255,18.255,17.571,17.605,11600621,0
MGP.US,D,20161201,000000,17.605,17.713,17.351,17.663,1599141,0
MGP.US,D,20161202,000000,17.746,18.185,17.55,17.697,1235766,0
MGP.US,D,20161205,000000,17.746,18.189,17.675,18.174,902960,0
MGP.US,D,20161206,000000,18.16,18.293,17.969,18.043,613354,0
MGP.US,D,20161207,000000,17.741,18.143,17.675,18.048,1186022,0
MGP.US,D,20161208,000000,18.013,18.21,17.853,18.167,1033556,0
MGP.US,D,20161209,000000,18.24,18.313,17.86,18.043,1020063,0
MGP.US,D,20161212,000000,18.043,18.189,17.917,17.948,559851,0
MGP.US,D,20161213,000000,17.998,18.024,17.655,17.969,1251965,0
MGP.US,D,20161214,000000,18.082,18.424,17.727,17.736,1671044,0
MGP.US,D,20161215,000000,17.815,17.881,17.681,17.736,908044,0
MGP.US,D,20161216,000000,17.845,17.998,17.8,17.917,1385947,0
MGP.US,D,20161219,000000,17.903,18.099,17.78,18.043,624948,0
MGP.US,D,20161220,000000,18.048,18.269,18.013,18.048,371838,0
MGP.US,D,20161221,000000,18.043,18.174,17.998,18.013,517863,0
MGP.US,D,20161222,000000,18.048,18.26,18.016,18.203,549707,0
MGP.US,D,20161223,000000,18.278,18.795,18.174,18.71,964015,0
MGP.US,D,20161227,000000,18.811,18.811,18.367,18.424,490634,0
MGP.US,D,20161228,000000,18.423,18.474,18.272,18.444,433919,0
MGP.US,D,20161229,000000,18.391,18.578,18.332,18.549,397517,0
MGP.US,D,20161230,000000,18.616,18.86,18.552,18.853,547613,0
MGP.US,D,20170103,000000,18.853,18.958,18.496,18.735,643268,0
MGP.US,D,20170104,000000,18.786,19.312,18.743,19.218,1229535,0
MGP.US,D,20170105,000000,19.143,19.331,19.024,19.143,460272,0
MGP.US,D,20170106,000000,19.128,19.277,18.885,19.07,892290,0
MGP.US,D,20170109,000000,19.07,19.235,18.877,18.98,932799,0
MGP.US,D,20170110,000000,19.002,19.092,18.853,18.906,394602,0
MGP.US,D,20170111,000000,18.988,19.073,18.496,18.624,763631,0
MGP.US,D,20170112,000000,18.63,18.72,18.436,18.676,559892,0
MGP.US,D,20170113,000000,18.63,18.825,18.309,18.676,496614,0
MGP.US,D,20170117,000000,18.839,18.86,18.593,18.682,490418,0
MGP.US,D,20170118,000000,18.624,18.839,18.481,18.624,523405,0
MGP.US,D,20170119,000000,18.696,18.726,18.444,18.49,722885,0
MGP.US,D,20170120,000000,18.541,18.705,18.528,18.63,358689,0
MGP.US,D,20170123,000000,18.661,18.825,18.555,18.661,493874,0
MGP.US,D,20170124,000000,18.72,18.877,18.624,18.795,455937,0
MGP.US,D,20170125,000000,18.92,18.92,18.63,18.846,349107,0
MGP.US,D,20170126,000000,18.846,19.062,18.652,18.682,592869,0
MGP.US,D,20170127,000000,18.705,19.047,18.624,18.853,798411,0
MGP.US,D,20170130,000000,18.86,19.062,18.765,19.017,606534,0
MGP.US,D,20170131,000000,19.034,19.265,18.958,19.235,515237,0
MGP.US,D,20170201,000000,19.235,19.473,19.167,19.183,733787,0
MGP.US,D,20170202,000000,19.294,19.352,19.097,19.286,503772,0
MGP.US,D,20170203,000000,19.345,19.417,19.264,19.376,499143,0
MGP.US,D,20170206,000000,19.345,19.413,19.002,19.124,601451,0
MGP.US,D,20170207,000000,19.176,19.331,19.005,19.077,469988,0
MGP.US,D,20170208,000000,19.04,19.235,18.92,19.077,300697,0
MGP.US,D,20170209,000000,19.099,19.323,18.98,18.995,392107,0
MGP.US,D,20170210,000000,19.017,19.391,18.958,18.98,708117,0
MGP.US,D,20170213,000000,18.958,19.143,18.853,19.116,286623,0
MGP.US,D,20170214,000000,19.124,19.323,18.958,19.092,330522,0
MGP.US,D,20170215,000000,19.034,19.257,18.936,19.099,298441,0
MGP.US,D,20170216,000000,19.047,19.479,18.774,19.07,428713,0
MGP.US,D,20170217,000000,19.124,19.128,18.846,19.047,312472,0
MGP.US,D,20170221,000000,19.124,19.218,18.913,19.024,342156,0
MGP.US,D,20170222,000000,18.973,19.062,18.808,18.846,547564,0
MGP.US,D,20170223,000000,18.885,19.077,18.786,18.936,1607515,0
MGP.US,D,20170224,000000,18.988,19.003,18.817,18.892,522511,0
MGP.US,D,20170227,000000,18.846,19.047,18.808,18.958,252359,0
MGP.US,D,20170228,000000,19.034,19.077,18.826,18.936,403854,0
MGP.US,D,20170301,000000,18.943,18.998,18.735,18.825,464341,0
MGP.US,D,20170302,000000,18.825,19.116,18.78,18.929,1029352,0
MGP.US,D,20170303,000000,18.958,19.419,18.786,19.352,900755,0
MGP.US,D,20170306,000000,19.249,19.435,18.86,19.391,627864,0
MGP.US,D,20170307,000000,19.36,19.391,19.183,19.286,507455,0
MGP.US,D,20170308,000000,19.189,19.286,18.988,18.988,430340,0
MGP.US,D,20170309,000000,18.995,19.257,18.846,19.055,684062,0
MGP.US,D,20170310,000000,19.195,19.479,18.929,19.195,629552,0
MGP.US,D,20170313,000000,19.218,19.235,18.98,19.116,587209,0
MGP.US,D,20170314,000000,19.024,19.143,18.774,18.988,391900,0
MGP.US,D,20170315,000000,19.017,19.36,18.973,19.235,608647,0
MGP.US,D,20170316,000000,19.286,19.456,19.218,19.242,287351,0
MGP.US,D,20170317,000000,19.286,19.672,19.183,19.599,361469,0
MGP.US,D,20170320,000000,19.614,19.689,19.391,19.466,284207,0
MGP.US,D,20170321,000000,19.524,19.575,19.273,19.309,487893,0
MGP.US,D,20170322,000000,19.397,19.649,19.002,19.419,813239,0
MGP.US,D,20170323,000000,19.466,19.689,19.286,19.473,527793,0
MGP.US,D,20170324,000000,19.547,19.681,19.442,19.575,381806,0
MGP.US,D,20170327,000000,19.562,19.702,19.435,19.606,294485,0
MGP.US,D,20170328,000000,19.649,19.92,19.479,19.862,848793,0
MGP.US,D,20170329,000000,19.826,20.069,19.737,19.972,730102,0
MGP.US,D,20170330,000000,19.972,20.02,19.732,19.941,297234,0
MGP.US,D,20170331,000000,19.912,20.508,19.912,20.447,831075,0
MGP.US,D,20170403,000000,20.477,20.538,20.093,20.364,679044,0
MGP.US,D,20170404,000000,20.371,20.691,20.31,20.605,460244,0
MGP.US,D,20170405,000000,20.636,20.833,20.445,20.697,615598,0
MGP.US,D,20170406,000000,20.719,21.059,20.674,20.893,715685,0
MGP.US,D,20170407,000000,20.879,21.263,20.879,21.068,483946,0
MGP.US,D,20170410,000000,21.112,21.122,20.902,21.051,499238,0
MGP.US,D,20170411,000000,21.051,21.354,20.825,21.104,671035,0
MGP.US,D,20170412,000000,21.122,21.196,20.999,21.104,585897,0
MGP.US,D,20170413,000000,21.082,21.202,20.94,21.157,376577,0
MGP.US,D,20170417,000000,21.31,21.415,21.082,21.37,350055,0
MGP.US,D,20170418,000000,21.429,21.597,21.255,21.476,421470,0
MGP.US,D,20170419,000000,21.482,21.523,21.149,21.325,614729,0
MGP.US,D,20170420,000000,21.301,21.537,21.014,21.505,1349368,0
MGP.US,D,20170421,000000,21.482,21.777,21.318,21.467,1015769,0
MGP.US,D,20170424,000000,21.612,21.738,21.181,21.263,947537,0
MGP.US,D,20170425,000000,21.33,21.476,21.059,21.149,784252,0
MGP.US,D,20170426,000000,21.202,21.415,21.006,21.318,1375004,0
MGP.US,D,20170427,000000,21.325,21.897,21.181,21.604,555871,0
MGP.US,D,20170428,000000,21.612,21.77,21.52,21.633,1123081,0
MGP.US,D,20170501,000000,21.717,21.759,21.499,21.633,288173,0
MGP.US,D,20170502,000000,21.696,21.748,21.399,21.696,447730,0
MGP.US,D,20170503,000000,21.696,21.784,21.209,21.346,620903,0
MGP.US,D,20170504,000000,21.346,21.346,21.051,21.225,765349,0
MGP.US,D,20170505,000000,21.33,21.649,21.318,21.633,411898,0
MGP.US,D,20170508,000000,21.672,21.672,21.277,21.37,1008047,0
MGP.US,D,20170509,000000,21.392,21.51,20.931,21.023,827457,0
MGP.US,D,20170510,000000,21.006,21.499,20.973,21.082,650988,0
MGP.US,D,20170511,000000,21.036,21.059,20.756,20.976,1040441,0
MGP.US,D,20170512,000000,20.947,21.202,20.893,20.908,326963,0
MGP.US,D,20170515,000000,20.87,21.104,20.665,20.94,1025725,0
MGP.US,D,20170516,000000,20.893,20.983,20.591,20.961,446641,0
MGP.US,D,20170517,000000,20.947,21.165,20.947,21.097,461249,0
MGP.US,D,20170518,000000,21.044,21.46,20.848,21.377,382094,0
MGP.US,D,20170519,000000,21.452,21.597,21.277,21.33,313486,0
MGP.US,D,20170522,000000,21.392,21.537,21.346,21.512,286435,0
MGP.US,D,20170523,000000,21.559,21.696,21.25,21.255,722251,0
MGP.US,D,20170524,000000,21.277,21.573,21.097,21.136,357526,0
MGP.US,D,20170525,000000,21.225,21.255,20.908,21.089,507504,0
MGP.US,D,20170526,000000,21.082,21.243,20.961,21.157,359072,0
MGP.US,D,20170530,000000,21.149,21.26,20.879,21.165,417357,0
MGP.US,D,20170531,000000,21.189,21.33,20.947,21.277,385558,0
MGP.US,D,20170601,000000,21.255,21.482,21.25,21.33,468883,0
MGP.US,D,20170602,000000,21.696,21.832,20.772,21.196,1165316,0
MGP.US,D,20170605,000000,21.217,21.386,21.097,21.157,1012866,0
MGP.US,D,20170606,000000,21.104,21.181,20.825,20.855,689603,0
MGP.US,D,20170607,000000,20.855,21.46,20.795,21.243,1014369,0
MGP.US,D,20170608,000000,21.243,21.784,21.082,21.597,1094174,0
MGP.US,D,20170609,000000,21.52,21.702,21.406,21.643,505704,0
MGP.US,D,20170612,000000,21.604,21.717,21.429,21.626,553940,0
MGP.US,D,20170613,000000,21.617,21.912,21.544,21.71,752736,0
MGP.US,D,20170614,000000,21.71,21.904,21.604,21.756,411422,0
MGP.US,D,20170615,000000,21.763,22.072,21.72,21.885,416102,0
MGP.US,D,20170616,000000,21.869,21.983,21.74,21.957,606094,0
MGP.US,D,20170619,000000,22.01,22.179,21.878,22.095,238928,0
MGP.US,D,20170620,000000,22.072,22.201,21.935,22.102,916969,0
MGP.US,D,20170621,000000,22.185,22.351,22.025,22.035,444640,0
MGP.US,D,20170622,000000,22.072,22.116,21.784,21.891,608845,0
MGP.US,D,20170623,000000,21.897,22.245,21.808,22.21,558889,0
MGP.US,D,20170626,000000,22.262,22.407,22.11,22.322,259599,0
MGP.US,D,20170627,000000,22.253,22.458,22.216,22.36,1025427,0
MGP.US,D,20170628,000000,22.371,22.742,22.202,22.678,715984,0
MGP.US,D,20170629,000000,22.608,22.763,21.981,22.126,891298,0
MGP.US,D,20170630,000000,22.196,22.487,22.174,22.364,735947,0
MGP.US,D,20170703,000000,22.408,22.408,21.856,21.856,279904,0
MGP.US,D,20170705,000000,21.896,22.01,21.59,21.651,374966,0
MGP.US,D,20170706,000000,21.582,21.744,21.398,21.719,642868,0
MGP.US,D,20170707,000000,21.758,22.294,21.758,22.248,399083,0
MGP.US,D,20170710,000000,22.218,22.288,21.744,21.751,413618,0
MGP.US,D,20170711,000000,21.727,22.024,21.667,21.991,341404,0
MGP.US,D,20170712,000000,22.051,22.179,21.78,21.812,310777,0
MGP.US,D,20170713,000000,21.804,21.971,21.705,21.883,410443,0
MGP.US,D,20170714,000000,21.998,21.998,21.705,21.767,428870,0
MGP.US,D,20170717,000000,21.835,21.956,21.767,21.937,439644,0
MGP.US,D,20170718,000000,21.883,21.963,21.713,21.856,279032,0
MGP.US,D,20170719,000000,21.875,22.218,21.867,22.196,181591,0
MGP.US,D,20170720,000000,22.202,22.218,21.944,22.058,328071,0
MGP.US,D,20170721,000000,21.991,22.202,21.981,22.174,293781,0
MGP.US,D,20170724,000000,22.202,22.447,22.088,22.408,218866,0
MGP.US,D,20170725,000000,22.433,22.647,22.14,22.562,620403,0
MGP.US,D,20170726,000000,22.555,22.915,22.408,22.892,387081,0
MGP.US,D,20170727,000000,22.73,22.976,22.633,22.654,630175,0
MGP.US,D,20170728,000000,22.633,22.763,22.54,22.64,427390,0
MGP.US,D,20170731,000000,22.685,22.93,22.379,22.93,584523,0
MGP.US,D,20170801,000000,22.976,23.007,22.815,22.976,357343,0
MGP.US,D,20170802,000000,22.976,22.976,22.753,22.892,350584,0
MGP.US,D,20170803,000000,22.909,22.909,22.364,22.692,465015,0
MGP.US,D,20170804,000000,22.701,22.892,22.443,22.578,585913,0
MGP.US,D,20170807,000000,22.562,22.982,22.508,22.915,562300,0
MGP.US,D,20170808,000000,22.831,22.976,22.433,22.801,883755,0
MGP.US,D,20170809,000000,22.753,22.976,22.683,22.869,892332,0
MGP.US,D,20170810,000000,22.792,22.909,22.685,22.792,707844,0
MGP.US,D,20170811,000000,22.455,22.915,22.202,22.847,519916,0
MGP.US,D,20170814,000000,22.892,23.534,22.892,23.158,815032,0
MGP.US,D,20170815,000000,23.138,23.367,22.937,23.327,426220,0
MGP.US,D,20170816,000000,23.336,23.643,23.327,23.619,546657,0
MGP.US,D,20170817,000000,23.575,23.788,23.42,23.445,754673,0
MGP.US,D,20170818,000000,23.42,23.473,23.092,23.114,262789,0
MGP.US,D,20170821,000000,23.098,23.364,23.061,23.327,265284,0
MGP.US,D,20170822,000000,23.336,23.405,23.146,23.32,632902,0
MGP.US,D,20170823,000000,23.253,23.352,23.146,23.152,275987,0
MGP.US,D,20170824,000000,23.184,23.473,23.158,23.229,1458658,0
MGP.US,D,20170825,000000,23.291,23.453,23.229,23.315,387607,0
MGP.US,D,20170828,000000,23.344,23.427,23.085,23.168,327394,0
MGP.US,D,20170829,000000,23.105,23.291,23.085,23.114,420946,0
MGP.US,D,20170830,000000,23.114,23.179,23.092,23.138,292425,0
MGP.US,D,20170831,000000,23.229,23.513,23.184,23.445,757539,0
MGP.US,D,20170901,000000,23.453,23.546,23.405,23.497,611832,0
MGP.US,D,20170905,000000,23.566,23.674,23.453,23.522,507178,0
MGP.US,D,20170906,000000,23.367,23.788,23.056,23.736,1658466,0
MGP.US,D,20170907,000000,24.065,24.284,23.788,23.819,14392381,0
MGP.US,D,20170908,000000,23.842,23.944,23.711,23.918,5574062,0
MGP.US,D,20170911,000000,24.087,24.317,23.972,24.272,2913253,0
MGP.US,D,20170912,000000,24.272,24.386,23.612,23.798,2050243,0
MGP.US,D,20170913,000000,23.798,23.851,23.597,23.819,2059252,0
MGP.US,D,20170914,000000,23.798,23.872,23.281,23.374,2835497,0
MGP.US,D,20170915,000000,23.36,23.605,23.168,23.541,1084485,0
MGP.US,D,20170918,000000,23.575,23.72,23.48,23.637,826642,0
MGP.US,D,20170919,000000,23.627,23.764,23.566,23.651,1262336,0
MGP.US,D,20170920,000000,23.597,23.881,23.488,23.612,1224376,0
MGP.US,D,20170921,000000,23.619,23.764,23.558,23.583,724703,0
MGP.US,D,20170922,000000,23.674,23.701,23.506,23.575,495193,0
MGP.US,D,20170925,000000,23.612,23.812,23.488,23.758,1194108,0
MGP.US,D,20170926,000000,23.781,23.949,23.627,23.803,845129,0
MGP.US,D,20170927,000000,23.772,23.857,23.473,23.534,1029880,0
MGP.US,D,20170928,000000,23.51,23.51,23.191,23.422,1152678,0
MGP.US,D,20170929,000000,23.463,23.634,23.368,23.447,756999,0
MGP.US,D,20171002,000000,22.856,23.393,22.725,23.183,1885903,0
MGP.US,D,20171003,000000,23.191,23.276,22.912,22.981,874519,0
MGP.US,D,20171004,000000,22.981,23.191,22.873,23.183,840272,0
MGP.US,D,20171005,000000,23.183,23.266,22.941,23.22,925463,0
MGP.US,D,20171006,000000,23.122,23.316,22.904,23.3,1569319,0
MGP.US,D,20171009,000000,23.308,23.438,23.167,23.191,739544,0
MGP.US,D,20171010,000000,23.229,23.321,23.013,23.137,825018,0
MGP.US,D,20171011,000000,23.146,23.3,22.934,23.05,736890,0
MGP.US,D,20171012,000000,23.023,23.205,22.887,22.987,1472575,0
MGP.US,D,20171013,000000,23.122,23.167,22.64,22.654,1201002,0
MGP.US,D,20171016,000000,22.748,22.827,22.516,22.633,1099689,0
MGP.US,D,20171017,000000,22.64,22.896,22.561,22.827,866971,0
MGP.US,D,20171018,000000,22.841,22.88,22.546,22.571,551694,0
MGP.US,D,20171019,000000,22.577,22.818,22.414,22.818,1073531,0
MGP.US,D,20171020,000000,22.876,22.876,22.607,22.702,447770,0
MGP.US,D,20171023,000000,22.702,22.709,22.507,22.546,429493,0
MGP.US,D,20171024,000000,22.507,22.778,22.431,22.74,2553175,0
MGP.US,D,20171025,000000,22.731,22.786,22.445,22.654,1330718,0
MGP.US,D,20171026,000000,22.64,22.827,22.367,22.615,1502516,0
MGP.US,D,20171027,000000,22.615,23.082,22.55,22.856,865046,0
MGP.US,D,20171030,000000,22.941,22.958,22.64,22.662,718926,0
MGP.US,D,20171031,000000,22.625,22.917,22.586,22.904,873443,0
MGP.US,D,20171101,000000,22.856,23.157,22.856,23.091,802367,0
MGP.US,D,20171102,000000,23.097,23.112,22.863,22.896,591002,0
MGP.US,D,20171103,000000,22.764,23.058,22.764,22.833,267395,0
MGP.US,D,20171106,000000,22.856,23.082,22.856,22.981,371839,0
MGP.US,D,20171107,000000,22.941,23.075,22.904,23.075,499466,0
MGP.US,D,20171108,000000,23.013,23.492,22.973,23.034,613073,0
MGP.US,D,20171109,000000,23.058,23.266,22.949,23.004,375817,0
MGP.US,D,20171110,000000,22.967,23.097,22.809,22.856,611975,0
MGP.US,D,20171113,000000,22.896,23.066,22.863,22.987,554999,0
MGP.US,D,20171114,000000,23.091,23.266,23.091,23.091,552105,0
MGP.US,D,20171115,000000,23.091,23.103,22.709,22.717,619712,0
MGP.US,D,20171116,000000,22.778,22.827,22.6,22.625,537360,0
MGP.US,D,20171117,000000,22.669,22.802,22.64,22.755,1297936,0
MGP.US,D,20171120,000000,22.827,22.995,22.702,22.949,529029,0
MGP.US,D,20171121,000000,22.934,23.025,22.896,22.926,384479,0
MGP.US,D,20171122,000000,22.896,22.995,22.795,22.809,538223,0
MGP.US,D,20171124,000000,22.995,23.122,22.795,23.023,247468,0
MGP.US,D,20171127,000000,22.773,23.091,22.773,22.773,407832,0
MGP.US,D,20171128,000000,22.717,22.873,22.424,22.431,617884,0
MGP.US,D,20171129,000000,22.375,22.607,22.263,22.561,522040,0
MGP.US,D,20171130,000000,22.607,22.755,22.46,22.725,775304,0
MGP.US,D,20171201,000000,22.717,22.949,22.491,22.693,539010,0
MGP.US,D,20171204,000000,22.863,22.958,22.392,22.452,1030467,0
MGP.US,D,20171205,000000,22.404,22.586,22.399,22.516,509940,0
MGP.US,D,20171206,000000,22.491,22.625,22.136,22.384,431805,0
MGP.US,D,20171207,000000,22.321,22.538,22.319,22.522,711076,0
MGP.US,D,20171208,000000,22.647,22.686,22.36,22.546,369409,0
MGP.US,D,20171211,000000,22.507,22.611,22.431,22.538,483998,0
MGP.US,D,20171212,000000,22.538,22.625,22.46,22.538,518049,0
MGP.US,D,20171213,000000,22.538,22.751,22.49,22.625,1318353,0
MGP.US,D,20171214,000000,22.615,22.667,22.452,22.586,1145335,0
MGP.US,D,20171215,000000,22.778,22.904,22.452,22.522,3076561,0
MGP.US,D,20171218,000000,22.477,22.973,22.477,22.731,1050910,0
MGP.US,D,20171219,000000,22.841,22.873,22.259,22.304,1195112,0
MGP.US,D,20171220,000000,22.414,22.414,21.943,21.949,1116436,0
MGP.US,D,20171221,000000,22.043,22.127,21.747,22.112,2050765,0
MGP.US,D,20171222,000000,22.235,22.546,22.131,22.516,487085,0
MGP.US,D,20171226,000000,22.477,22.725,22.392,22.607,512696,0
MGP.US,D,20171227,000000,22.693,22.748,22.607,22.725,443409,0
MGP.US,D,20171228,000000,22.779,22.878,22.628,22.843,804593,0
MGP.US,D,20171229,000000,22.89,22.977,22.765,22.952,506673,0
MGP.US,D,20180102,000000,22.962,23.018,22.551,22.583,983176,0
MGP.US,D,20180103,000000,22.654,22.751,22.221,22.277,737655,0
MGP.US,D,20180104,000000,22.235,22.575,22.175,22.473,931751,0
MGP.US,D,20180105,000000,22.537,22.685,22.489,22.613,598309,0
MGP.US,D,20180108,000000,22.613,22.692,22.497,22.537,386028,0
MGP.US,D,20180109,000000,22.59,22.702,22.518,22.702,742412,0
MGP.US,D,20180110,000000,22.678,22.811,22.568,22.661,820149,0
MGP.US,D,20180111,000000,22.638,22.774,22.44,22.59,449926,0
MGP.US,D,20180112,000000,22.59,22.631,22.449,22.473,698376,0
MGP.US,D,20180116,000000,22.568,23.654,22.568,23.229,3013960,0
MGP.US,D,20180117,000000,23.347,23.36,22.85,22.89,1145925,0
MGP.US,D,20180118,000000,22.929,22.929,22.527,22.544,608782,0
MGP.US,D,20180119,000000,22.527,22.579,22.235,22.243,1099240,0
MGP.US,D,20180122,000000,22.291,22.324,21.93,22.05,2914148,0
MGP.US,D,20180123,000000,22.05,22.551,21.953,22.353,2761399,0
MGP.US,D,20180124,000000,22.286,22.551,22.201,22.449,881468,0
MGP.US,D,20180125,000000,22.489,22.558,22.197,22.205,636411,0
MGP.US,D,20180126,000000,22.277,22.527,22.135,22.527,675976,0
MGP.US,D,20180129,000000,22.44,22.44,22.135,22.251,581370,0
MGP.US,D,20180130,000000,22.181,22.277,22.05,22.126,566810,0
MGP.US,D,20180131,000000,22.149,22.277,21.953,22.094,1773697,0
MGP.US,D,20180201,000000,22.087,22.796,22.087,22.324,1594280,0
MGP.US,D,20180202,000000,22.34,22.34,21.89,21.939,517300,0
MGP.US,D,20180205,000000,21.89,21.93,21.126,21.21,727500,0
MGP.US,D,20180206,000000,21.025,21.425,20.819,21.204,994500,0
MGP.US,D,20180207,000000,21.198,21.472,20.993,20.999,582068,0
MGP.US,D,20180208,000000,21.039,21.043,20.293,20.322,936765,0
MGP.US,D,20180209,000000,20.417,20.835,20.117,20.734,1735218,0
MGP.US,D,20180212,000000,20.858,20.921,19.93,20.66,1101566,0
MGP.US,D,20180213,000000,20.66,20.804,20.244,20.701,1016453,0
MGP.US,D,20180214,000000,20.511,20.716,20.386,20.693,747360,0
MGP.US,D,20180215,000000,20.858,20.984,20.708,20.884,702833,0
MGP.US,D,20180216,000000,20.874,21.025,20.819,20.946,782668,0
MGP.US,D,20180220,000000,20.787,21.025,20.787,20.787,747297,0
MGP.US,D,20180221,000000,20.646,20.646,20.315,20.378,1898664,0
MGP.US,D,20180222,000000,20.417,20.632,20.408,20.472,984672,0
MGP.US,D,20180223,000000,20.497,20.993,20.472,20.977,652599,0
MGP.US,D,20180226,000000,21.102,21.102,20.615,20.669,634540,0
MGP.US,D,20180227,000000,20.734,20.734,20.434,20.497,1076340,0
MGP.US,D,20180228,000000,20.606,20.708,20.497,20.669,1472877,0
MGP.US,D,20180301,000000,20.693,20.827,20.622,20.708,841352,0
MGP.US,D,20180302,000000,20.66,20.755,20.497,20.615,622206,0
MGP.US,D,20180305,000000,20.615,21.032,20.615,20.999,562319,0
MGP.US,D,20180306,000000,21.025,21.025,20.843,20.929,518730,0
MGP.US,D,20180307,000000,21.008,21.504,20.909,20.999,845161,0
MGP.US,D,20180308,000000,21.126,21.126,20.787,20.874,1514357,0
MGP.US,D,20180309,000000,20.921,20.96,20.751,20.905,1156801,0
MGP.US,D,20180312,000000,20.953,21.165,20.889,20.999,804610,0
MGP.US,D,20180313,000000,21.048,21.204,20.968,21.016,1091499,0
MGP.US,D,20180314,000000,21.054,21.139,20.889,20.977,665062,0
MGP.US,D,20180315,000000,21.025,21.165,20.858,21.008,775594,0
MGP.US,D,20180316,000000,21.048,21.237,20.921,21.016,822003,0
MGP.US,D,20180319,000000,21.054,21.135,20.903,21.109,346344,0
MGP.US,D,20180320,000000,21.174,21.247,20.96,21.119,682124,0
MGP.US,D,20180321,000000,21.135,21.204,20.984,21.08,794518,0
MGP.US,D,20180322,000000,20.953,21.22,20.953,20.977,646089,0
MGP.US,D,20180323,000000,20.999,21.095,20.592,20.592,794544,0
MGP.US,D,20180326,000000,20.748,20.835,20.582,20.716,695927,0
MGP.US,D,20180327,000000,20.725,20.977,20.536,20.781,772158,0
MGP.US,D,20180328,000000,20.836,21.283,20.836,21.21,790485,0
MGP.US,D,20180329,000000,21.246,21.402,21.21,21.236,841839,0
MGP.US,D,20180402,000000,21.227,21.33,20.556,20.643,883051,0
MGP.US,D,20180403,000000,20.707,21.043,20.573,20.844,738868,0
MGP.US,D,20180404,000000,20.699,20.907,20.602,20.836,1072057,0
MGP.US,D,20180405,000000,21.246,21.868,21.172,21.402,2031277,0
MGP.US,D,20180406,000000,21.318,21.467,21.123,21.155,914299,0
MGP.US,D,20180409,000000,21.523,21.619,21.227,21.436,1641219,0
MGP.US,D,20180410,000000,21.492,21.661,21.399,21.483,2260797,0
MGP.US,D,20180411,000000,21.467,21.796,21.347,21.756,1983269,0
MGP.US,D,20180412,000000,21.858,21.858,21.628,21.796,2274823,0
MGP.US,D,20180413,000000,21.82,21.858,21.652,21.771,1206919,0
MGP.US,D,20180416,000000,21.829,22.251,21.812,22.132,1660362,0
MGP.US,D,20180417,000000,22.204,22.58,22.151,22.523,1589387,0
MGP.US,D,20180418,000000,22.501,22.652,22.371,22.603,697043,0
MGP.US,D,20180419,000000,22.532,22.564,22.364,22.501,945820,0
MGP.US,D,20180420,000000,22.548,22.588,22.148,22.174,612250,0
MGP.US,D,20180423,000000,22.292,22.299,22.156,22.292,598492,0
MGP.US,D,20180424,000000,22.411,22.415,22.187,22.306,1286109,0
MGP.US,D,20180425,000000,22.235,22.306,22.092,22.22,710386,0
MGP.US,D,20180426,000000,22.325,22.676,21.949,22.243,1271382,0
MGP.US,D,20180427,000000,22.334,22.444,22.026,22.334,801078,0
MGP.US,D,20180430,000000,22.306,22.62,22.306,22.38,924511,0
MGP.US,D,20180501,000000,22.402,22.644,22.334,22.516,759538,0
MGP.US,D,20180502,000000,22.444,22.611,22.243,22.492,1003123,0
MGP.US,D,20180503,000000,22.411,22.548,22.286,22.306,522228,0
MGP.US,D,20180504,000000,22.292,22.467,22.277,22.38,478597,0
MGP.US,D,20180507,000000,22.451,22.63,22.4,22.444,627903,0
MGP.US,D,20180508,000000,22.355,22.611,22.348,22.467,940127,0
MGP.US,D,20180509,000000,22.467,22.63,22.444,22.541,603490,0
MGP.US,D,20180510,000000,22.63,22.892,22.532,22.803,620756,0
MGP.US,D,20180511,000000,22.845,22.852,22.649,22.676,650721,0
MGP.US,D,20180514,000000,22.685,22.951,22.603,22.932,487203,0
MGP.US,D,20180515,000000,22.901,22.966,22.652,22.74,700644,0
MGP.US,D,20180516,000000,22.788,22.924,22.748,22.883,887058,0
MGP.US,D,20180517,000000,22.949,22.995,22.716,22.73,467404,0
MGP.US,D,20180518,000000,22.779,22.939,22.724,22.811,280294,0
MGP.US,D,20180521,000000,22.845,23.098,22.769,22.949,407558,0
MGP.US,D,20180522,000000,22.98,23.123,22.845,22.939,390140,0
MGP.US,D,20180523,000000,22.98,23.604,22.98,23.5,1282126,0
MGP.US,D,20180524,000000,23.527,23.597,23.38,23.483,845507,0
MGP.US,D,20180525,000000,23.419,23.614,23.364,23.509,252086,0
MGP.US,D,20180529,000000,23.445,23.942,23.283,23.756,610734,0
MGP.US,D,20180530,000000,23.756,24.093,23.715,24.013,649486,0
MGP.US,D,20180531,000000,23.981,23.993,23.686,23.749,832572,0
MGP.US,D,20180601,000000,23.771,23.868,23.638,23.82,803538,0
MGP.US,D,20180604,000000,23.932,24.1,23.901,24.045,516262,0
MGP.US,D,20180605,000000,24.1,24.212,23.955,23.955,581764,0
MGP.US,D,20180606,000000,23.981,24.156,23.955,24.131,573532,0
MGP.US,D,20180607,000000,24.1,24.363,24.013,24.278,671936,0
MGP.US,D,20180608,000000,24.243,24.325,24.125,24.251,424526,0
MGP.US,D,20180611,000000,24.222,24.302,24.163,24.26,369750,0
MGP.US,D,20180612,000000,24.325,24.532,24.237,24.429,546453,0
MGP.US,D,20180613,000000,24.429,24.613,23.972,24.037,712117,0
MGP.US,D,20180614,000000,24.076,24.408,24.037,24.325,360348,0
MGP.US,D,20180615,000000,24.372,24.57,24.281,24.299,620182,0
MGP.US,D,20180618,000000,24.203,24.429,24.163,24.372,631221,0
MGP.US,D,20180619,000000,24.292,24.494,24.222,24.404,1321567,0
MGP.US,D,20180620,000000,24.458,24.821,24.458,24.773,1239316,0
MGP.US,D,20180621,000000,24.773,25.012,24.64,24.893,600509,0
MGP.US,D,20180622,000000,24.923,25.193,24.853,25.086,670859,0
MGP.US,D,20180625,000000,25.093,25.158,25.012,25.086,654271,0
MGP.US,D,20180626,000000,25.086,25.293,24.923,25.004,905429,0
MGP.US,D,20180627,000000,24.997,25.063,24.716,24.731,575142,0
MGP.US,D,20180628,000000,24.701,25.056,24.595,25.033,562883,0
MGP.US,D,20180629,000000,25.033,25.033,24.463,24.716,1782159,0
MGP.US,D,20180702,000000,24.634,24.782,24.189,24.407,681559,0
MGP.US,D,20180703,000000,24.401,24.634,24.31,24.577,461065,0
MGP.US,D,20180705,000000,24.634,24.756,24.416,24.53,880108,0
MGP.US,D,20180706,000000,24.563,24.766,24.53,24.756,614732,0
MGP.US,D,20180709,000000,24.748,24.861,24.504,24.595,296008,0
MGP.US,D,20180710,000000,24.603,24.774,24.512,24.716,225489,0
MGP.US,D,20180711,000000,24.782,25.016,24.683,24.846,519223,0
MGP.US,D,20180712,000000,24.855,24.983,24.66,24.87,342799,0
MGP.US,D,20180713,000000,24.943,25.203,24.886,24.969,426044,0
MGP.US,D,20180716,000000,24.943,24.987,24.585,24.668,382969,0
MGP.US,D,20180717,000000,24.74,25.001,24.603,24.87,814827,0
MGP.US,D,20180718,000000,24.846,25.033,24.756,24.913,491611,0
MGP.US,D,20180719,000000,24.895,25.259,24.891,25.234,531217,0
MGP.US,D,20180720,000000,25.148,25.259,25.083,25.139,288793,0
MGP.US,D,20180723,000000,25.22,25.22,24.983,25.098,524215,0
MGP.US,D,20180724,000000,25.155,25.155,24.855,24.903,329018,0
MGP.US,D,20180725,000000,24.935,25.064,24.797,24.903,329349,0
MGP.US,D,20180726,000000,24.855,25.098,24.842,24.969,353168,0
MGP.US,D,20180727,000000,24.96,24.96,24.577,24.66,310090,0
MGP.US,D,20180730,000000,24.691,24.691,24.44,24.53,301848,0
MGP.US,D,20180731,000000,24.62,24.748,24.554,24.585,811413,0
MGP.US,D,20180801,000000,24.53,24.53,24.124,24.328,693201,0
MGP.US,D,20180802,000000,24.229,24.424,23.952,24.002,938852,0
MGP.US,D,20180803,000000,23.97,24.083,23.849,23.898,672996,0
MGP.US,D,20180806,000000,23.911,23.941,23.62,23.639,1406941,0
MGP.US,D,20180807,000000,23.653,23.726,23.023,23.156,1331292,0
MGP.US,D,20180808,000000,23.612,24.124,23.052,24.018,2277413,0
MGP.US,D,20180809,000000,24.051,24.222,23.92,24.043,859799,0
MGP.US,D,20180810,000000,23.978,24.156,23.801,23.807,499381,0
MGP.US,D,20180813,000000,23.801,23.818,23.597,23.758,555366,0
MGP.US,D,20180814,000000,23.752,23.97,23.612,23.765,494227,0
MGP.US,D,20180815,000000,23.744,23.957,23.695,23.938,421785,0
MGP.US,D,20180816,000000,24.043,24.124,23.938,24.1,328088,0
MGP.US,D,20180817,000000,24.1,24.62,24.051,24.554,1213112,0
MGP.US,D,20180820,000000,24.539,24.725,24.512,24.626,606923,0
MGP.US,D,20180821,000000,24.626,24.803,24.473,24.709,451316,0
MGP.US,D,20180822,000000,24.626,24.766,24.512,24.74,336530,0
MGP.US,D,20180823,000000,24.782,24.857,24.725,24.774,547140,0
MGP.US,D,20180824,000000,24.79,24.951,24.756,24.813,406310,0
MGP.US,D,20180827,000000,24.846,24.855,24.634,24.823,571170,0
MGP.US,D,20180828,000000,24.886,25.121,24.74,25.113,545743,0
MGP.US,D,20180829,000000,25.121,25.253,25.121,25.139,470355,0
MGP.US,D,20180830,000000,25.177,25.177,24.83,24.913,400948,0
MGP.US,D,20180831,000000,24.913,24.969,24.731,24.935,457035,0
MGP.US,D,20180904,000000,24.855,24.983,24.52,24.554,409318,0
MGP.US,D,20180905,000000,24.52,24.611,24.252,24.52,257030,0
MGP.US,D,20180906,000000,24.547,24.607,24.416,24.457,1349847,0
MGP.US,D,20180907,000000,24.384,24.463,23.376,24.172,1459577,0
MGP.US,D,20180910,000000,24.181,24.262,23.938,24.068,1253615,0
MGP.US,D,20180911,000000,24.068,24.103,23.774,23.815,779802,0
MGP.US,D,20180912,000000,23.801,23.938,23.669,23.898,1903673,0
MGP.US,D,20180913,000000,23.994,24.222,23.881,23.978,1073504,0
MGP.US,D,20180914,000000,23.898,24.092,23.708,24.068,1297526,0
MGP.US,D,20180917,000000,24.1,24.504,24.1,24.375,845234,0
MGP.US,D,20180918,000000,24.384,24.442,24.301,24.367,345236,0
MGP.US,D,20180919,000000,24.44,24.512,24.197,24.245,370401,0
MGP.US,D,20180920,000000,24.384,24.384,24.002,24.197,464248,0
MGP.US,D,20180921,000000,24.14,24.235,23.736,23.792,1001445,0
MGP.US,D,20180924,000000,23.752,23.824,23.517,23.66,782176,0
MGP.US,D,20180925,000000,23.66,23.868,23.555,23.765,488752,0
MGP.US,D,20180926,000000,23.717,23.872,23.546,23.717,677587,0
MGP.US,D,20180927,000000,23.966,24.163,23.793,23.908,678703,0
MGP.US,D,20180928,000000,23.891,24.403,23.851,24.294,1301942,0
MGP.US,D,20181001,000000,24.271,24.36,24.114,24.155,602090,0
MGP.US,D,20181002,000000,24.006,24.345,23.851,24.129,1378993,0
MGP.US,D,20181003,000000,24.138,24.403,23.851,23.908,707130,0
MGP.US,D,20181004,000000,23.784,23.911,23.41,23.587,663749,0
MGP.US,D,20181005,000000,23.602,23.729,23.321,23.412,744966,0
MGP.US,D,20181008,000000,23.412,23.854,23.412,23.833,629493,0
MGP.US,D,20181009,000000,23.883,24.032,23.775,23.998,355772,0
MGP.US,D,20181010,000000,24.006,24.085,23.602,23.61,457331,0
MGP.US,D,20181011,000000,23.58,23.695,22.927,23.01,591695,0
MGP.US,D,20181012,000000,23.223,23.281,22.796,22.877,551990,0
MGP.US,D,20181015,000000,22.764,23.015,22.605,22.623,1360905,0
MGP.US,D,20181016,000000,22.697,22.969,22.44,22.86,1653428,0
MGP.US,D,20181017,000000,22.903,23.191,22.82,23.099,2166955,0
MGP.US,D,20181018,000000,23.117,23.42,23.054,23.085,468609,0
MGP.US,D,20181019,000000,23.093,23.495,23.093,23.299,665469,0
MGP.US,D,20181022,000000,23.447,23.61,23.001,23.01,471135,0
MGP.US,D,20181023,000000,22.877,22.976,22.64,22.846,701484,0
MGP.US,D,20181024,000000,22.944,22.961,22.652,22.796,1458895,0
MGP.US,D,20181025,000000,22.877,23.348,22.754,23.134,792471,0
MGP.US,D,20181026,000000,23.067,23.107,22.426,22.581,442277,0
MGP.US,D,20181029,000000,22.714,23.134,22.663,22.714,961227,0
MGP.US,D,20181030,000000,22.778,23.085,22.671,22.853,709345,0
MGP.US,D,20181031,000000,22.976,23.824,22.8,23.307,1125140,0
MGP.US,D,20181101,000000,23.364,23.874,23.107,23.264,1153860,0
MGP.US,D,20181102,000000,23.356,23.356,22.697,23.033,515129,0
MGP.US,D,20181105,000000,23.076,23.339,23.033,23.059,496317,0
MGP.US,D,20181106,000000,23.143,23.456,22.829,22.969,523502,0
MGP.US,D,20181107,000000,23.124,23.543,22.944,23.522,494532,0
MGP.US,D,20181108,000000,23.504,23.744,23.486,23.595,398422,0
MGP.US,D,20181109,000000,23.571,23.695,23.076,23.174,666225,0
MGP.US,D,20181112,000000,23.191,23.273,22.589,22.663,804243,0
MGP.US,D,20181113,000000,22.671,22.833,22.392,22.556,572449,0
MGP.US,D,20181114,000000,22.671,22.671,22.211,22.4,269074,0
MGP.US,D,20181115,000000,22.3,22.5,22.195,22.359,415931,0
MGP.US,D,20181116,000000,22.359,22.366,22.185,22.227,1170714,0
MGP.US,D,20181119,000000,22.308,22.484,21.668,22.02,689621,0
MGP.US,D,20181120,000000,21.855,21.855,21.503,21.766,934249,0
MGP.US,D,20181121,000000,21.889,22.375,21.832,22.128,557858,0
MGP.US,D,20181123,000000,22.103,22.211,21.675,21.799,236622,0
MGP.US,D,20181126,000000,21.97,22.426,21.97,22.384,589984,0
MGP.US,D,20181127,000000,22.465,22.846,22.417,22.687,650307,0
MGP.US,D,20181128,000000,22.737,23.183,22.484,23.085,1122575,0
MGP.US,D,20181129,000000,23.099,23.398,22.918,23.356,901752,0
MGP.US,D,20181130,000000,23.412,23.529,23.216,23.47,1395491,0
MGP.US,D,20181203,000000,23.686,23.998,23.561,23.883,714054,0
MGP.US,D,20181204,000000,23.858,23.998,23.405,23.529,1043666,0
MGP.US,D,20181206,000000,23.405,24.006,23.085,23.974,1011153,0
MGP.US,D,20181207,000000,23.956,24.064,23.356,23.758,953388,0
MGP.US,D,20181210,000000,23.766,23.788,23.241,23.47,619340,0
MGP.US,D,20181211,000000,23.659,24.023,23.543,23.891,694096,0
MGP.US,D,20181212,000000,23.99,24.288,23.805,23.866,1273701,0
MGP.US,D,20181213,000000,23.866,24.311,23.695,23.736,627494,0
MGP.US,D,20181214,000000,23.744,24.28,23.686,24.245,957976,0
MGP.US,D,20181217,000000,24.288,24.311,23.25,23.316,902220,0
MGP.US,D,20181218,000000,23.522,23.644,23.321,23.529,537862,0
MGP.US,D,20181219,000000,23.536,23.686,22.86,23.026,360097,0
MGP.US,D,20181220,000000,22.927,23.076,22.243,22.243,918167,0
MGP.US,D,20181221,000000,22.548,22.671,21.593,21.675,1078796,0
MGP.US,D,20181224,000000,21.625,21.716,21.008,21.089,472747,0
MGP.US,D,20181226,000000,21.155,22.062,21.155,21.962,1663320,0
MGP.US,D,20181227,000000,21.864,21.882,21.123,21.882,783202,0
MGP.US,D,20181228,000000,22.107,22.735,22.021,22.375,978209,0
MGP.US,D,20181231,000000,22.476,22.476,22.051,22.133,741232,0
MGP.US,D,20190102,000000,21.84,22.117,21.664,21.963,549383,0
MGP.US,D,20190103,000000,21.956,22.77,21.941,22.427,952633,0
MGP.US,D,20190104,000000,22.853,23.391,22.652,22.819,1002809,0
MGP.US,D,20190107,000000,22.919,22.963,22.501,22.652,1045589,0
MGP.US,D,20190108,000000,22.963,23.356,22.711,23.221,519753,0
MGP.US,D,20190109,000000,23.692,24.177,23.422,23.934,1346834,0
MGP.US,D,20190110,000000,23.984,24.144,23.566,24.059,435562,0
MGP.US,D,20190111,000000,24.077,24.102,23.743,23.859,385734,0
MGP.US,D,20190114,000000,23.824,23.959,23.642,23.774,440241,0
MGP.US,D,20190115,000000,23.875,24.085,23.758,23.968,604593,0
MGP.US,D,20190116,000000,24.043,24.403,23.926,24.287,589165,0
MGP.US,D,20190117,000000,24.227,24.346,24.102,24.244,539942,0
MGP.US,D,20190118,000000,24.252,24.547,24.043,24.454,802113,0
MGP.US,D,20190122,000000,24.202,24.746,24.043,24.555,670215,0
MGP.US,D,20190123,000000,24.628,24.697,24.236,24.547,479079,0
MGP.US,D,20190124,000000,24.638,25.191,24.597,24.813,739102,0
MGP.US,D,20190125,000000,24.956,25.467,24.915,25.276,848579,0
MGP.US,D,20190128,000000,25.266,25.459,25.1,25.368,656278,0
MGP.US,D,20190129,000000,24.803,25.224,24.706,25.191,9188223,0
MGP.US,D,20190130,000000,25.359,25.895,25.308,25.609,1842194,0
MGP.US,D,20190131,000000,25.616,25.996,25.391,25.979,2051688,0
MGP.US,D,20190201,000000,26.097,26.407,25.711,25.996,1379780,0
MGP.US,D,20190204,000000,26.146,26.146,25.654,25.762,780366,0
MGP.US,D,20190205,000000,25.836,26.038,25.811,26.029,897885,0
MGP.US,D,20190206,000000,26.046,26.204,25.937,26.13,721258,0
MGP.US,D,20190207,000000,26.079,26.189,25.871,25.954,1017988,0
MGP.US,D,20190208,000000,25.862,26.385,25.786,26.29,1028347,0
MGP.US,D,20190211,000000,26.399,26.407,26.197,26.306,794923,0
MGP.US,D,20190212,000000,26.331,26.331,25.879,26.046,1245310,0
MGP.US,D,20190213,000000,26.029,26.331,25.871,26.29,1712940,0
MGP.US,D,20190214,000000,26.079,26.363,25.276,26.29,1449483,0
MGP.US,D,20190215,000000,26.314,26.474,25.911,26.247,920961,0
MGP.US,D,20190219,000000,26.239,26.407,26.104,26.255,872132,0
MGP.US,D,20190220,000000,26.204,26.271,25.844,26.097,1455442,0
MGP.US,D,20190221,000000,26.054,26.109,25.844,26.046,805119,0
MGP.US,D,20190222,000000,26.071,26.255,25.97,26.079,1399241,0
MGP.US,D,20190225,000000,26.189,26.189,25.804,25.929,731119,0
MGP.US,D,20190226,000000,25.946,25.961,25.795,25.82,535647,0
MGP.US,D,20190227,000000,25.769,25.769,25.451,25.626,808610,0
MGP.US,D,20190228,000000,25.645,25.988,25.587,25.777,855404,0
MGP.US,D,20190301,000000,25.804,25.979,25.142,25.485,1347500,0
MGP.US,D,20190304,000000,25.603,25.645,25.359,25.551,623976,0
MGP.US,D,20190305,000000,25.535,25.603,25.4,25.408,640315,0
MGP.US,D,20190306,000000,25.418,25.435,24.99,24.99,685470,0
MGP.US,D,20190307,000000,24.974,25.014,24.605,24.764,953024,0
MGP.US,D,20190308,000000,24.679,24.832,24.622,24.797,631173,0
MGP.US,D,20190311,000000,24.848,25.451,24.848,25.408,636841,0
MGP.US,D,20190312,000000,25.418,25.675,25.418,25.645,486995,0
MGP.US,D,20190313,000000,25.684,25.946,25.596,25.762,654418,0
MGP.US,D,20190314,000000,25.762,25.979,25.727,25.871,854516,0
MGP.US,D,20190315,000000,26.004,26.058,25.844,25.879,931258,0
MGP.US,D,20190318,000000,25.82,25.937,25.442,25.603,451556,0
MGP.US,D,20190319,000000,25.616,25.853,25.567,25.719,481246,0
MGP.US,D,20190320,000000,25.66,25.727,25.35,25.626,517504,0
MGP.US,D,20190321,000000,25.616,26.34,25.596,26.281,558846,0
MGP.US,D,20190322,000000,26.38,26.399,26.104,26.172,829944,0
MGP.US,D,20190325,000000,26.154,26.399,26.097,26.298,471062,0
MGP.US,D,20190326,000000,26.54,26.942,26.515,26.926,750017,0
MGP.US,D,20190327,000000,27.143,27.279,26.775,26.825,1361280,0
MGP.US,D,20190328,000000,26.962,27.455,26.782,27.455,620391,0
MGP.US,D,20190329,000000,27.463,27.625,27.183,27.429,2045197,0
MGP.US,D,20190401,000000,27.439,27.607,27.08,27.377,902171,0
MGP.US,D,20190402,000000,27.548,27.651,27.294,27.548,1047893,0
MGP.US,D,20190403,000000,27.651,27.709,27.479,27.667,840609,0
MGP.US,D,20190404,000000,27.719,27.752,27.489,27.642,536490,0
MGP.US,D,20190405,000000,27.642,27.684,27.411,27.667,494937,0
MGP.US,D,20190408,000000,27.667,27.709,27.42,27.582,634238,0
MGP.US,D,20190409,000000,27.582,27.752,27.377,27.396,718583,0
MGP.US,D,20190410,000000,27.447,27.599,27.251,27.532,728763,0
MGP.US,D,20190411,000000,27.566,27.702,27.123,27.387,991454,0
MGP.US,D,20190412,000000,27.455,27.633,27.098,27.633,1170850,0
MGP.US,D,20190415,000000,27.693,28.14,27.633,28.101,2251656,0
MGP.US,D,20190416,000000,28.154,28.324,27.415,27.582,3150097,0
MGP.US,D,20190417,000000,27.659,27.784,27.166,27.498,1664283,0
MGP.US,D,20190418,000000,27.719,27.88,27.471,27.574,659673,0
MGP.US,D,20190422,000000,27.471,27.607,27.305,27.405,873406,0
MGP.US,D,20190423,000000,27.479,27.651,27.361,27.532,499884,0
MGP.US,D,20190424,000000,27.538,27.684,27.455,27.582,542863,0
MGP.US,D,20190425,000000,27.463,27.659,27.345,27.498,338791,0
MGP.US,D,20190426,000000,27.538,28.008,27.522,27.948,761987,0
MGP.US,D,20190429,000000,28,28.118,27.693,27.709,548979,0
MGP.US,D,20190430,000000,27.251,27.675,27.251,27.439,1016770,0
MGP.US,D,20190501,000000,27.489,27.963,27.354,27.506,1576101,0
MGP.US,D,20190502,000000,27.515,27.787,27.139,27.301,828210,0
MGP.US,D,20190503,000000,27.318,27.479,27.149,27.387,687973,0
MGP.US,D,20190506,000000,27.149,27.429,27.149,27.37,569724,0
MGP.US,D,20190507,000000,27.301,27.37,26.654,26.834,927810,0
MGP.US,D,20190508,000000,26.816,26.996,26.631,26.654,827749,0
MGP.US,D,20190509,000000,26.562,26.713,26.299,26.646,573940,0
MGP.US,D,20190510,000000,26.51,26.962,26.51,26.884,611002,0
MGP.US,D,20190513,000000,26.706,26.859,26.545,26.825,1096459,0
MGP.US,D,20190514,000000,26.875,26.996,26.622,26.723,1289140,0
MGP.US,D,20190515,000000,26.683,27.166,26.587,26.894,571746,0
MGP.US,D,20190516,000000,26.859,27.396,26.853,27.354,819937,0
MGP.US,D,20190517,000000,27.226,27.354,26.991,27.123,886239,0
MGP.US,D,20190520,000000,27.012,27.166,26.742,26.766,1098204,0
MGP.US,D,20190521,000000,26.953,27.072,26.792,26.918,527862,0
MGP.US,D,20190522,000000,26.918,27.029,26.766,26.962,948451,0
MGP.US,D,20190523,000000,26.825,26.918,26.698,26.867,379808,0
MGP.US,D,20190524,000000,26.875,27.012,26.792,26.935,525033,0
MGP.US,D,20190528,000000,26.962,26.969,26.605,26.706,760468,0
MGP.US,D,20190529,000000,26.706,26.706,26.365,26.409,475572,0
MGP.US,D,20190530,000000,26.595,26.622,26.076,26.255,879934,0
MGP.US,D,20190531,000000,26.146,26.401,25.941,26.153,1405010,0
MGP.US,D,20190603,000000,26.111,26.315,25.966,26.239,694783,0
MGP.US,D,20190604,000000,26.18,26.239,25.763,25.915,823414,0
MGP.US,D,20190605,000000,26.068,26.177,25.891,26.137,698230,0
MGP.US,D,20190606,000000,26.025,26.212,25.874,26.119,776603,0
MGP.US,D,20190607,000000,26.196,26.392,25.905,25.975,681174,0
MGP.US,D,20190610,000000,26.01,26.255,25.787,26.18,777729,0
MGP.US,D,20190611,000000,26.281,26.401,25.991,26.094,770924,0
MGP.US,D,20190612,000000,26.094,26.239,25.941,26.137,493901,0
MGP.US,D,20190613,000000,26.111,26.654,26.025,26.637,985947,0
MGP.US,D,20190614,000000,26.706,27.111,26.69,27.098,1557617,0
MGP.US,D,20190617,000000,27.157,27.294,27.029,27.183,710474,0
MGP.US,D,20190618,000000,27.327,27.506,26.928,27.149,632824,0
MGP.US,D,20190619,000000,27.174,27.226,26.884,27.107,975644,0
MGP.US,D,20190620,000000,27.123,27.277,27.003,27.257,870210,0
MGP.US,D,20190621,000000,27.183,27.226,26.918,26.935,870847,0
MGP.US,D,20190624,000000,26.944,26.962,26.373,26.51,489789,0
MGP.US,D,20190625,000000,26.519,26.713,25.95,25.956,1021541,0
MGP.US,D,20190626,000000,26.001,26.02,25.329,25.575,1750577,0
MGP.US,D,20190627,000000,25.834,26.284,25.801,26.205,855676,0
MGP.US,D,20190628,000000,26.205,26.517,26.205,26.483,789253,0
MGP.US,D,20190701,000000,26.69,26.69,26.265,26.491,916809,0
MGP.US,D,20190702,000000,26.535,26.706,26.405,26.594,624102,0
MGP.US,D,20190703,000000,26.594,27.096,26.594,27.008,505931,0
MGP.US,D,20190705,000000,26.906,27,26.553,26.914,339066,0
MGP.US,D,20190708,000000,26.87,26.992,26.776,26.862,447469,0
MGP.US,D,20190709,000000,26.654,26.879,26.491,26.81,369408,0
MGP.US,D,20190710,000000,26.948,27.023,26.776,26.914,293816,0
MGP.US,D,20190711,000000,26.923,27.096,26.317,26.405,819349,0
MGP.US,D,20190712,000000,26.397,26.456,26.154,26.387,867785,0
MGP.US,D,20190715,000000,26.422,26.43,25.963,26.172,681193,0
MGP.US,D,20190716,000000,26.154,26.258,26.059,26.103,1132770,0
MGP.US,D,20190717,000000,26.068,26.284,25.791,25.955,1082376,0
MGP.US,D,20190718,000000,25.879,26.059,25.714,25.895,595528,0
MGP.US,D,20190719,000000,25.869,25.99,25.373,25.505,1121136,0
MGP.US,D,20190722,000000,25.565,25.57,24.98,24.997,750180,0
MGP.US,D,20190723,000000,25.041,25.299,24.824,25.237,706862,0
MGP.US,D,20190724,000000,25.153,25.237,24.884,25.012,628092,0
MGP.US,D,20190725,000000,25.109,25.109,24.719,24.773,514515,0
MGP.US,D,20190726,000000,24.884,25.42,24.855,25.186,1161990,0
MGP.US,D,20190729,000000,25.186,25.556,25.186,25.532,914936,0
MGP.US,D,20190730,000000,25.437,25.869,25.437,25.714,788638,0
MGP.US,D,20190731,000000,25.783,25.943,25.497,25.801,802482,0
MGP.US,D,20190801,000000,25.842,25.842,25.195,25.195,895410,0
MGP.US,D,20190802,000000,25.186,25.681,25.109,25.446,1108817,0
MGP.US,D,20190805,000000,25.299,25.299,24.392,24.781,823512,0
MGP.US,D,20190806,000000,24.684,25.325,24.684,24.804,763223,0
MGP.US,D,20190807,000000,24.711,25.29,24.356,25.116,1330293,0
MGP.US,D,20190808,000000,25.402,25.585,24.944,25.402,772756,0
MGP.US,D,20190809,000000,25.281,25.677,25.229,25.671,1386002,0
MGP.US,D,20190812,000000,25.677,25.677,25.29,25.565,774076,0
MGP.US,D,20190813,000000,25.524,25.766,25.402,25.489,464416,0
MGP.US,D,20190814,000000,25.316,25.41,24.987,25.012,1181121,0
MGP.US,D,20190815,000000,25.055,25.402,24.971,25.064,972413,0
MGP.US,D,20190816,000000,25.055,25.541,25.055,25.35,611928,0
MGP.US,D,20190819,000000,25.524,25.549,25.29,25.368,382965,0
MGP.US,D,20190820,000000,25.41,25.41,25.041,25.125,490959,0
MGP.US,D,20190821,000000,25.247,25.325,25.116,25.161,326409,0
MGP.US,D,20190822,000000,25.186,25.42,25.032,25.342,771084,0
MGP.US,D,20190823,000000,25.247,25.497,25.176,25.273,1825754,0
MGP.US,D,20190826,000000,25.489,25.756,25.45,25.723,549331,0
MGP.US,D,20190827,000000,25.887,26.043,25.783,25.938,633581,0
MGP.US,D,20190828,000000,26.008,26.146,25.948,26.128,599982,0
MGP.US,D,20190829,000000,26.232,26.378,26.181,26.361,904720,0
MGP.US,D,20190830,000000,26.491,26.819,26.422,26.646,1344985,0
MGP.US,D,20190903,000000,26.56,26.827,26.378,26.507,1096741,0
MGP.US,D,20190904,000000,26.63,26.855,26.53,26.768,855404,0
MGP.US,D,20190905,000000,26.819,27.026,26.734,26.931,1841913,0
MGP.US,D,20190906,000000,26.923,27.13,26.923,27.061,1241146,0
MGP.US,D,20190909,000000,27.018,27.251,26.946,27.061,1257373,0
MGP.US,D,20190910,000000,27.078,27.114,26.43,26.724,1472350,0
MGP.US,D,20190911,000000,26.69,26.948,26.658,26.673,860005,0
MGP.US,D,20190912,000000,26.784,26.94,26.483,26.483,631114,0
MGP.US,D,20190913,000000,26.535,26.784,26.137,26.258,778118,0
MGP.US,D,20190916,000000,26.258,26.413,25.74,26.181,3143725,0
MGP.US,D,20190917,000000,26.181,26.262,25.714,25.879,2640601,0
MGP.US,D,20190918,000000,25.955,26.382,25.808,26.326,1320543,0
MGP.US,D,20190919,000000,26.422,26.683,26.214,26.553,798724,0
MGP.US,D,20190920,000000,26.646,28.038,26.543,26.837,996938,0
MGP.US,D,20190923,000000,26.714,27.045,26.673,26.673,502635,0
MGP.US,D,20190924,000000,26.698,26.758,26.241,26.646,844115,0
MGP.US,D,20190925,000000,26.646,26.768,26.378,26.63,685246,0
MGP.US,D,20190926,000000,26.794,26.819,26.397,26.491,636721,0
MGP.US,D,20190927,000000,26.526,26.61,26.255,26.333,556088,0
MGP.US,D,20190930,000000,26.352,26.737,26.323,26.368,955613,0
MGP.US,D,20191001,000000,26.465,26.465,26,26,541788,0
MGP.US,D,20191002,000000,25.938,26.614,25.902,26.544,1631677,0
MGP.US,D,20191003,000000,26.561,26.772,26.323,26.763,769825,0
MGP.US,D,20191004,000000,26.789,26.852,26.395,26.737,635983,0
MGP.US,D,20191007,000000,26.614,26.746,26.421,26.588,546925,0
MGP.US,D,20191008,000000,26.544,26.656,26.323,26.507,543322,0
MGP.US,D,20191009,000000,26.544,26.64,26.201,26.404,497097,0
MGP.US,D,20191010,000000,26.404,26.554,26.323,26.499,346289,0
MGP.US,D,20191011,000000,26.561,26.632,26.315,26.315,792493,0
MGP.US,D,20191014,000000,26.368,26.43,26.122,26.395,477151,0
MGP.US,D,20191015,000000,26.385,26.483,26.171,26.246,627774,0
MGP.US,D,20191016,000000,26.412,26.82,26.237,26.702,1360955,0
MGP.US,D,20191017,000000,26.656,26.728,26.368,26.483,843614,0
MGP.US,D,20191018,000000,26.465,26.561,26.306,26.421,792316,0
MGP.US,D,20191021,000000,26.412,26.746,26.333,26.718,733375,0
MGP.US,D,20191022,000000,26.789,27.035,26.649,27.017,462957,0
MGP.US,D,20191023,000000,27.115,27.443,26.905,27.352,923888,0
MGP.US,D,20191024,000000,27.456,27.456,27.097,27.395,619541,0
MGP.US,D,20191025,000000,27.44,27.44,27.097,27.254,487179,0
MGP.US,D,20191028,000000,27.272,27.298,27.045,27.097,514899,0
MGP.US,D,20191029,000000,26.991,27.405,26.991,27.192,393053,0
MGP.US,D,20191030,000000,27.229,27.535,26.991,27.456,604405,0
MGP.US,D,20191031,000000,27.518,27.693,27.185,27.386,1009475,0
MGP.US,D,20191101,000000,27.473,27.94,27.44,27.895,940962,0
MGP.US,D,20191104,000000,27.94,28.341,27.89,28.132,940210,0
MGP.US,D,20191105,000000,28.08,28.516,27.482,27.693,1565246,0
MGP.US,D,20191106,000000,27.903,28.394,27.808,28.044,1195396,0
MGP.US,D,20191107,000000,28.062,28.15,27.448,27.535,666731,0
MGP.US,D,20191108,000000,27.44,27.754,27.29,27.553,2229752,0
MGP.US,D,20191111,000000,27.605,28.026,27.526,27.903,764564,0
MGP.US,D,20191112,000000,27.903,28.026,27.693,27.693,590879,0
MGP.US,D,20191113,000000,27.614,28.175,27.614,28.175,684588,0
MGP.US,D,20191114,000000,28.379,28.72,28.298,28.694,848056,0
MGP.US,D,20191115,000000,28.728,28.834,28.474,28.694,1336114,0
MGP.US,D,20191118,000000,28.764,29.054,28.764,28.834,408493,0
MGP.US,D,20191119,000000,28.826,28.885,28.403,28.509,1038589,0
MGP.US,D,20191120,000000,27.509,27.65,27.237,27.343,19265758,0
MGP.US,D,20191121,000000,27.282,27.386,26.561,26.965,4776243,0
MGP.US,D,20191122,000000,27.158,27.245,26.824,27.035,2107584,0
MGP.US,D,20191125,000000,27.158,27.315,26.929,26.955,2206027,0
MGP.US,D,20191126,000000,27.045,27.377,26.991,27.14,4139829,0
MGP.US,D,20191127,000000,27.185,27.22,26.97,27.017,2915725,0
MGP.US,D,20191129,000000,27.053,27.315,26.991,27.192,899134,0
MGP.US,D,20191202,000000,27.175,27.29,26.578,26.588,2263616,0
MGP.US,D,20191203,000000,26.561,26.649,26.465,26.544,2015264,0
MGP.US,D,20191204,000000,26.544,26.746,26.29,26.385,1759880,0
MGP.US,D,20191205,000000,26.395,26.455,26.149,26.201,2342079,0
MGP.US,D,20191206,000000,26.255,26.412,26.104,26.323,2173292,0
MGP.US,D,20191209,000000,26.376,26.43,26.14,26.149,2119477,0
MGP.US,D,20191210,000000,26.035,26.483,26.025,26.385,3047334,0
MGP.US,D,20191211,000000,26.342,26.455,25.771,25.902,2303495,0
MGP.US,D,20191212,000000,25.886,25.982,25.131,25.508,3221141,0
MGP.US,D,20191213,000000,25.569,25.894,25.472,25.692,2635749,0
MGP.US,D,20191216,000000,25.815,25.891,25.499,25.682,2930798,0
MGP.US,D,20191217,000000,25.789,26.136,25.64,26.035,2103355,0
MGP.US,D,20191218,000000,26.043,26.763,25.982,26.632,2795807,0
MGP.US,D,20191219,000000,26.656,27.07,26.656,26.974,2796658,0
MGP.US,D,20191220,000000,26.991,27.061,26.763,26.815,1896950,0
MGP.US,D,20191223,000000,26.947,27.097,26.723,26.965,1554816,0
MGP.US,D,20191224,000000,26.938,27.061,26.87,26.991,348954,0
MGP.US,D,20191226,000000,27.017,27.122,26.9,26.983,652725,0
MGP.US,D,20191227,000000,27.087,27.262,26.965,27.201,1139485,0
MGP.US,D,20191230,000000,27.166,27.443,27.149,27.354,1256905,0
MGP.US,D,20191231,000000,27.37,27.611,27.313,27.594,1331565,0
MGP.US,D,20200102,000000,27.594,27.594,26.802,27.032,925825,0
MGP.US,D,20200103,000000,26.917,27.46,26.837,27.434,1148762,0
MGP.US,D,20200106,000000,27.37,27.443,27.113,27.255,980707,0
MGP.US,D,20200107,000000,27.13,27.292,26.855,27.139,805915,0
MGP.US,D,20200108,000000,27.157,27.273,26.971,27.139,959674,0
MGP.US,D,20200109,000000,27.139,27.665,27.059,27.443,1309224,0
MGP.US,D,20200110,000000,27.443,27.497,27.215,27.379,1217445,0
MGP.US,D,20200113,000000,27.379,27.567,27.175,27.487,1556988,0
MGP.US,D,20200114,000000,28.137,28.351,27.37,27.594,2365396,0
MGP.US,D,20200115,000000,27.487,27.719,27.379,27.594,2488367,0
MGP.US,D,20200116,000000,27.673,28.005,27.487,27.933,1574279,0
MGP.US,D,20200117,000000,27.933,29.101,27.933,28.797,4014043,0
MGP.US,D,20200121,000000,28.706,29.233,28.635,29.01,2139920,0
MGP.US,D,20200122,000000,29.048,29.242,28.868,28.939,1399711,0
MGP.US,D,20200123,000000,28.824,28.993,28.503,28.777,1426602,0
MGP.US,D,20200124,000000,28.744,28.868,28.475,28.601,1365114,0
MGP.US,D,20200127,000000,28.423,28.485,28.133,28.2,1245278,0
MGP.US,D,20200128,000000,28.164,28.436,28.102,28.379,1022557,0
MGP.US,D,20200129,000000,28.519,28.601,28.298,28.529,570756,0
MGP.US,D,20200130,000000,28.333,28.744,28.328,28.654,761098,0
MGP.US,D,20200131,000000,28.706,28.824,28.413,28.457,861772,0
MGP.US,D,20200203,000000,28.592,29.214,28.569,28.957,1009236,0
MGP.US,D,20200204,000000,29.143,29.509,29.048,29.457,1195779,0
MGP.US,D,20200205,000000,29.536,29.652,29.394,29.457,792556,0
MGP.US,D,20200206,000000,29.563,29.795,29.464,29.74,588780,0
MGP.US,D,20200207,000000,29.776,29.776,29.313,29.35,427710,0
MGP.US,D,20200210,000000,29.411,29.986,29.296,29.972,821555,0
MGP.US,D,20200211,000000,30.072,30.221,29.963,30.088,683611,0
MGP.US,D,20200212,000000,30.043,30.158,29.786,30.033,754168,0
MGP.US,D,20200213,000000,29.99,30.134,29.527,29.652,1042038,0
MGP.US,D,20200214,000000,29.669,30.417,29.417,30.072,1111583,0
MGP.US,D,20200218,000000,30.072,30.427,29.946,30.329,1074653,0
MGP.US,D,20200219,000000,30.392,30.47,30,30.053,1141376,0
MGP.US,D,20200220,000000,30.053,30.417,30.053,30.392,942212,0
MGP.US,D,20200221,000000,30.293,30.623,30.258,30.436,767206,0
MGP.US,D,20200224,000000,29.946,30.096,29.081,29.305,2270978,0
MGP.US,D,20200225,000000,29.305,29.572,28.298,28.307,1423360,0
MGP.US,D,20200226,000000,28.333,28.495,26.667,26.71,2814469,0
MGP.US,D,20200227,000000,26.311,27.051,25.472,25.749,2383801,0
MGP.US,D,20200228,000000,25.233,26.017,24.457,25.571,3516737,0
MGP.US,D,20200302,000000,25.66,25.78,24.422,24.788,4149128,0
MGP.US,D,20200303,000000,24.77,25.183,24.296,24.529,4323552,0
MGP.US,D,20200304,000000,24.948,25.936,24.948,25.856,2995800,0
MGP.US,D,20200305,000000,25.41,25.571,24.636,24.929,3614412,0
MGP.US,D,20200306,000000,24.296,24.501,23.197,24.101,3737423,0
MGP.US,D,20200309,000000,22.72,22.747,21.418,21.428,2849275,0
MGP.US,D,20200310,000000,22.471,22.489,20.867,22.319,1931145,0
MGP.US,D,20200311,000000,21.633,21.757,20.066,20.128,3036700,0
MGP.US,D,20200312,000000,18.558,18.621,16.751,17.189,6787459,0
MGP.US,D,20200313,000000,19.28,20.786,17.819,20.68,6143709,0
MGP.US,D,20200316,000000,17.597,17.746,13.811,14.256,7953436,0
MGP.US,D,20200317,000000,14.576,15.21,12.617,15.21,8138861,0
MGP.US,D,20200318,000000,13.722,13.907,10.185,11.832,4734462,0
MGP.US,D,20200319,000000,11.584,14.693,10.94,13.302,5891453,0
MGP.US,D,20200320,000000,13.907,16.037,13.596,14.3,5688865,0
MGP.US,D,20200323,000000,14.319,15.342,13.668,14.755,3589568,0
MGP.US,D,20200324,000000,16.482,17.027,15.54,16.982,4581497,0
MGP.US,D,20200325,000000,17.819,21.463,16.889,18.96,7266339,0
MGP.US,D,20200326,000000,18.621,21.045,18.621,19.923,5033184,0
MGP.US,D,20200327,000000,18.808,20.724,17.819,20.048,3772793,0
MGP.US,D,20200330,000000,19.852,22.217,19.497,21.827,4192615,0
MGP.US,D,20200331,000000,21.6,22.564,20.479,21.545,4927285,0
MGP.US,D,20200401,000000,20.088,21.053,19.387,20.735,2800275,0
MGP.US,D,20200402,000000,20.353,21.071,19.606,20.771,2034780,0
MGP.US,D,20200403,000000,20.661,20.707,19.277,20.134,2250777,0
MGP.US,D,20200406,000000,21.117,21.717,19.45,20.361,3763835,0
MGP.US,D,20200407,000000,22.308,22.755,19.942,19.998,4351396,0
MGP.US,D,20200408,000000,20.206,21.308,19.942,20.945,2079905,0
MGP.US,D,20200409,000000,21.953,22.755,21.299,22.454,2588005,0
MGP.US,D,20200413,000000,22.201,22.463,20.725,22.008,1954173,0
MGP.US,D,20200414,000000,22.337,22.982,22.1,22.508,1565158,0
MGP.US,D,20200415,000000,21.446,21.827,20.825,21.644,1603099,0
MGP.US,D,20200416,000000,21.672,21.979,20.98,21.426,1629868,0
MGP.US,D,20200417,000000,21.853,22.564,21.399,22.291,2629350,0
MGP.US,D,20200420,000000,21.653,22.381,21.08,21.508,1373023,0
MGP.US,D,20200421,000000,20.598,21.382,20.315,21.207,2057108,0
MGP.US,D,20200422,000000,21.726,21.882,20.98,21.352,2566633,0
MGP.US,D,20200423,000000,21.672,21.927,20.881,21.117,1153472,0
MGP.US,D,20200424,000000,21.117,21.462,20.861,21.207,1269565,0
MGP.US,D,20200427,000000,21.299,21.991,21.068,21.672,2500129,0
MGP.US,D,20200428,000000,22.308,22.537,21.262,21.853,1841815,0
MGP.US,D,20200429,000000,22.435,23.418,22.172,23.036,3228473,0
MGP.US,D,20200430,000000,22.463,23.138,21.726,22.91,2384041,0
MGP.US,D,20200501,000000,22.162,22.508,21.462,22.318,1317558,0
MGP.US,D,20200504,000000,21.827,22.072,21.254,21.972,1629881,0
MGP.US,D,20200505,000000,22.337,22.654,21.699,21.754,1532040,0
MGP.US,D,20200506,000000,21.835,22.108,21.426,21.882,1955223,0
MGP.US,D,20200507,000000,22.1,22.947,22.026,22.728,1534313,0
MGP.US,D,20200508,000000,22.937,23.058,22.282,22.445,1661422,0
MGP.US,D,20200511,000000,22.146,22.782,22.018,22.127,1118327,0
MGP.US,D,20200512,000000,22.1,22.181,20.945,20.945,2384975,0
MGP.US,D,20200513,000000,20.752,20.881,19.933,19.989,1869775,0
MGP.US,D,20200514,000000,19.807,20.68,19.115,20.626,1251602,0
MGP.US,D,20200515,000000,20.024,20.889,19.783,20.825,899568,0
MGP.US,D,20200518,000000,21.809,22.454,21.562,22.018,2548266,0
MGP.US,D,20200519,000000,23.156,23.638,22.902,22.982,2759655,0
MGP.US,D,20200520,000000,23.409,24.293,23.156,24.011,2418379,0
MGP.US,D,20200521,000000,24.266,24.913,24.011,24.193,2097273,0
MGP.US,D,20200522,000000,24.211,24.374,23.302,24.075,1370539,0
MGP.US,D,20200526,000000,25.267,25.685,25.012,25.322,1540223,0
MGP.US,D,20200527,000000,25.923,26.122,24.325,25.14,2077927,0
MGP.US,D,20200528,000000,25.741,25.85,24.949,25.121,1595227,0
MGP.US,D,20200529,000000,24.903,25.476,24.584,25.239,2485554,0
MGP.US,D,20200601,000000,25.175,25.85,25.049,25.675,1481788,0
MGP.US,D,20200602,000000,25.941,25.968,25.249,25.668,2689730,0
MGP.US,D,20200603,000000,26.068,26.915,25.995,26.605,1930229,0
MGP.US,D,20200604,000000,27.004,27.215,26.341,26.496,1747327,0
MGP.US,D,20200605,000000,27.589,28.098,26.36,26.479,2156495,0
MGP.US,D,20200608,000000,28.49,28.626,27.051,27.498,2096723,0
MGP.US,D,20200609,000000,26.823,27.643,26.596,27.434,1826709,0
MGP.US,D,20200610,000000,27.215,27.215,25.437,26.032,2123870,0
MGP.US,D,20200611,000000,24.574,25.85,24.353,24.977,3043131,0
MGP.US,D,20200612,000000,25.804,26.058,25.223,25.995,2062518,0
MGP.US,D,20200615,000000,25.112,26.924,25.104,26.833,2498276,0
MGP.US,D,20200616,000000,27.742,27.742,26.45,26.705,2460386,0
MGP.US,D,20200617,000000,26.997,27.024,26.341,26.377,1314963,0
MGP.US,D,20200618,000000,26.196,26.41,26.004,26.168,642997,0
MGP.US,D,20200619,000000,26.396,26.396,25.322,25.704,1125768,0
MGP.US,D,20200622,000000,25.577,25.895,25.14,25.713,760938,0
MGP.US,D,20200623,000000,25.878,26.043,25.612,25.878,620728,0
MGP.US,D,20200624,000000,25.476,25.65,24.676,25.249,1476976,0
MGP.US,D,20200625,000000,25.403,25.577,24.848,25.185,857550,0
MGP.US,D,20200626,000000,25.031,25.185,24.302,24.403,1665458,0
MGP.US,D,20200629,000000,24.697,25.012,23.89,24.845,1388046,0
MGP.US,D,20200630,000000,24.855,25.383,24.737,25.225,1305539,0
MGP.US,D,20200701,000000,25.327,25.771,25.021,25.281,650672,0
MGP.US,D,20200702,000000,25.827,25.911,24.831,25.262,1021352,0
MGP.US,D,20200706,000000,25.827,25.827,24.525,24.567,1067411,0
MGP.US,D,20200707,000000,24.225,24.716,24.085,24.391,1575184,0
MGP.US,D,20200708,000000,24.316,24.558,24.15,24.371,1004254,0
MGP.US,D,20200709,000000,24.419,24.511,23.825,24.381,1626853,0
MGP.US,D,20200710,000000,24.271,24.52,24.057,24.28,1041734,0
MGP.US,D,20200713,000000,24.484,24.66,23.839,24.02,1080447,0
MGP.US,D,20200714,000000,24.075,24.353,23.603,23.881,1101348,0
MGP.US,D,20200715,000000,24.225,25.105,24.225,25.041,964611,0
MGP.US,D,20200716,000000,24.892,25.031,24.66,24.752,624186,0
MGP.US,D,20200717,000000,24.725,25.147,24.54,25.077,629004,0
MGP.US,D,20200720,000000,25.049,25.206,24.641,24.716,1609943,0
MGP.US,D,20200721,000000,24.882,25.225,24.845,24.92,1223665,0
MGP.US,D,20200722,000000,24.707,25.434,24.632,25.364,944419,0
MGP.US,D,20200723,000000,25.169,25.355,24.178,24.511,1554989,0
MGP.US,D,20200724,000000,24.456,24.641,23.714,23.779,1040988,0
MGP.US,D,20200727,000000,23.649,23.751,23.186,23.714,886159,0
MGP.US,D,20200728,000000,23.546,24.687,23.546,24.297,1886854,0
MGP.US,D,20200729,000000,24.558,24.85,24.401,24.716,1900575,0
MGP.US,D,20200730,000000,24.456,25.308,24.242,25.234,1162870,0
MGP.US,D,20200731,000000,25.234,25.364,24.767,25.346,1817535,0
MGP.US,D,20200803,000000,25.188,25.494,24.983,25.364,854042,0
MGP.US,D,20200804,000000,25.633,25.93,25.188,25.475,926374,0
MGP.US,D,20200805,000000,25.523,25.893,25.355,25.439,1057017,0
MGP.US,D,20200806,000000,25.225,25.883,25.132,25.883,886570,0
MGP.US,D,20200807,000000,25.523,26.263,25.523,26.161,907747,0
MGP.US,D,20200810,000000,26.383,26.81,26.226,26.56,977192,0
MGP.US,D,20200811,000000,26.874,27.088,26.43,26.495,1374034,0
MGP.US,D,20200812,000000,26.568,26.964,26.56,26.857,820501,0
MGP.US,D,20200813,000000,26.792,27.274,26.448,26.513,709171,0
MGP.US,D,20200814,000000,26.478,26.874,26.478,26.625,541061,0
MGP.US,D,20200817,000000,26.607,26.81,26.383,26.707,643020,0
MGP.US,D,20200818,000000,26.607,26.737,26.171,26.625,1093967,0
MGP.US,D,20200819,000000,26.597,26.717,26.18,26.292,1166223,0
MGP.US,D,20200820,000000,26.236,26.857,26.087,26.448,797520,0
MGP.US,D,20200821,000000,26.513,26.625,25.939,26.393,996256,0
MGP.US,D,20200824,000000,26.393,27.163,26.054,27.144,907117,0
MGP.US,D,20200825,000000,27.144,27.301,26.682,27.108,634513,0
MGP.US,D,20200826,000000,27.079,27.079,26.588,26.848,738029,0
MGP.US,D,20200827,000000,26.866,27.598,26.866,27.153,1070947,0
MGP.US,D,20200828,000000,27.311,27.311,26.578,26.69,1642804,0
MGP.US,D,20200831,000000,26.552,26.672,25.648,26.022,1807857,0
MGP.US,D,20200901,000000,25.81,26.597,25.545,26.422,878392,0
MGP.US,D,20200902,000000,26.422,26.839,26.106,26.782,1107543,0
MGP.US,D,20200903,000000,26.848,27.199,26.319,26.542,1183137,0
MGP.US,D,20200904,000000,26.542,26.922,25.781,26.468,1063290,0
MGP.US,D,20200908,000000,26.207,26.578,26.032,26.152,1062829,0
MGP.US,D,20200909,000000,26.292,26.552,26.171,26.393,713651,0
MGP.US,D,20200910,000000,26.328,26.969,26.19,26.448,1300631,0
MGP.US,D,20200911,000000,26.422,26.422,25.911,26.171,1458626,0
MGP.US,D,20200914,000000,26.403,26.717,26.245,26.56,715185,0
MGP.US,D,20200915,000000,26.717,27.562,26.682,27.189,1098087,0
MGP.US,D,20200916,000000,27.404,27.793,27.237,27.357,1576134,0
MGP.US,D,20200917,000000,27.274,27.294,26.607,26.904,857367,0
MGP.US,D,20200918,000000,26.792,26.848,26.263,26.448,1714296,0
MGP.US,D,20200921,000000,26.059,26.161,25.623,25.819,1748132,0
MGP.US,D,20200922,000000,25.801,26.212,25.731,25.827,747080,0
MGP.US,D,20200923,000000,25.688,26.097,25.518,25.568,3374764,0
MGP.US,D,20200924,000000,25.623,25.976,25.217,25.604,872662,0
MGP.US,D,20200925,000000,25.643,25.976,25.439,25.948,917651,0
MGP.US,D,20200928,000000,26.374,26.774,26.287,26.642,586422,0
MGP.US,D,20200929,000000,26.508,26.906,26.292,26.64,1139009,0
MGP.US,D,20200930,000000,26.858,27.329,26.189,26.386,1354761,0
MGP.US,D,20201001,000000,26.433,26.67,26.212,26.594,1354614,0
MGP.US,D,20201002,000000,26.311,26.84,26.197,26.65,1171493,0
MGP.US,D,20201005,000000,26.84,26.952,26.349,26.565,768118,0
MGP.US,D,20201006,000000,26.736,26.867,26.452,26.64,881891,0
MGP.US,D,20201007,000000,26.782,26.906,26.283,26.415,937358,0
MGP.US,D,20201008,000000,26.462,26.858,26.372,26.604,581763,0
MGP.US,D,20201009,000000,26.876,26.876,26.462,26.538,956733,0
MGP.US,D,20201012,000000,26.614,26.632,26.349,26.538,1886134,0
MGP.US,D,20201013,000000,26.442,26.508,26.028,26.114,766959,0
MGP.US,D,20201014,000000,26.151,26.442,25.868,25.925,784177,0
MGP.US,D,20201015,000000,25.698,26.461,25.688,26.349,1551676,0
MGP.US,D,20201016,000000,26.386,26.406,25.905,25.934,957516,0
MGP.US,D,20201019,000000,26,26.122,25.137,25.179,1019508,0
MGP.US,D,20201020,000000,25.463,25.481,25.161,25.208,1231821,0
MGP.US,D,20201021,000000,25.132,25.764,24.85,25.547,1020972,0
MGP.US,D,20201022,000000,25.528,26.01,25.525,25.811,731391,0
MGP.US,D,20201023,000000,26.047,26.056,25.661,25.764,650344,0
MGP.US,D,20201026,000000,25.698,25.83,25.321,25.708,1478995,0
MGP.US,D,20201027,000000,25.622,25.986,25.208,25.274,1238990,0
MGP.US,D,20201028,000000,24.897,25.316,24.363,24.897,1291574,0
MGP.US,D,20201029,000000,24.85,25.547,24.689,25.132,1283949,0
MGP.US,D,20201030,000000,25.019,25.095,24.633,24.943,1135650,0
MGP.US,D,20201102,000000,24.943,25.688,24.943,25.586,1368881,0
MGP.US,D,20201103,000000,25.849,26.68,25.737,26.452,1193712,0
MGP.US,D,20201104,000000,26.452,26.66,25.737,26.264,951621,0
MGP.US,D,20201105,000000,26.415,26.746,26.245,26.604,917982,0
MGP.US,D,20201106,000000,26.482,26.716,26.311,26.339,593586,0
MGP.US,D,20201109,000000,27.848,28.725,26.933,27.235,2866864,0
MGP.US,D,20201110,000000,27.349,28.225,27.167,28.036,1782863,0
MGP.US,D,20201111,000000,27.885,28.622,27.754,28.282,1468513,0
MGP.US,D,20201112,000000,28.338,28.438,27.471,27.878,1475246,0
MGP.US,D,20201113,000000,28.103,28.583,27.961,28.433,1457245,0
MGP.US,D,20201116,000000,28.961,29.113,28.348,29.047,1276045,0
MGP.US,D,20201117,000000,28.669,29.442,28.606,29.404,1282466,0
MGP.US,D,20201118,000000,29.404,29.565,28.754,28.772,1235341,0
MGP.US,D,20201119,000000,28.801,29.192,28.48,29.14,1104753,0
MGP.US,D,20201120,000000,29.093,29.235,28.847,29.103,1020093,0
MGP.US,D,20201123,000000,29.215,29.394,28.961,28.961,684710,0
MGP.US,D,20201124,000000,29.329,29.513,29.064,29.074,1046432,0
MGP.US,D,20201125,000000,29.074,29.16,28.622,28.82,993236,0
MGP.US,D,20201127,000000,28.839,29.056,28.613,28.801,322650,0
MGP.US,D,20201130,000000,28.781,28.905,28.414,28.829,1079425,0
MGP.US,D,20201201,000000,29.452,29.904,29.206,29.753,2380260,0
MGP.US,D,20201202,000000,29.565,30.075,29.282,29.668,1460361,0
MGP.US,D,20201203,000000,29.743,30.762,29.641,30.697,1699196,0
MGP.US,D,20201204,000000,30.912,30.912,30.366,30.734,863963,0
MGP.US,D,20201207,000000,30.744,30.762,30.469,30.631,766927,0
MGP.US,D,20201208,000000,30.592,30.754,30.479,30.658,1094212,0
MGP.US,D,20201209,000000,30.97,31.253,30.744,31.129,1930543,0
MGP.US,D,20201210,000000,31.036,31.244,30.856,31.129,991316,0
MGP.US,D,20201211,000000,30.97,31.254,30.805,31.139,748980,0
MGP.US,D,20201214,000000,31.178,31.517,30.998,31.196,1207036,0
MGP.US,D,20201215,000000,31.338,31.347,30.895,31.121,2499834,0
MGP.US,D,20201216,000000,31.272,31.29,30.697,30.715,1919014,0
MGP.US,D,20201217,000000,30.988,30.988,30.197,30.79,2626444,0
MGP.US,D,20201218,000000,30.81,30.942,30.045,30.366,1168670,0
MGP.US,D,20201221,000000,30.026,30.207,29.707,29.867,654364,0
MGP.US,D,20201222,000000,29.801,30.026,29.753,29.904,700344,0
MGP.US,D,20201223,000000,30.121,30.217,29.668,29.716,592973,0
MGP.US,D,20201224,000000,29.659,29.979,29.65,29.801,342759,0
MGP.US,D,20201228,000000,29.923,30.177,29.763,29.97,568470,0
MGP.US,D,20201229,000000,30.092,30.357,29.641,29.697,620502,0
MGP.US,D,20201230,000000,29.829,30.09,29.724,29.858,565760,0
MGP.US,D,20201231,000000,29.945,30.146,29.504,29.982,573930,0
MGP.US,D,20210104,000000,29.935,30.154,29.225,29.389,1263045,0
MGP.US,D,20210105,000000,29.225,29.992,29.225,29.829,770294,0
MGP.US,D,20210106,000000,29.905,30.25,29.724,29.876,1538920,0
MGP.US,D,20210107,000000,29.896,30.111,29.724,30.021,1095407,0
MGP.US,D,20210108,000000,30.146,30.423,29.589,30.154,778309,0
MGP.US,D,20210111,000000,29.905,30.126,29.781,29.905,447410,0
MGP.US,D,20210112,000000,29.809,30.039,29.527,29.705,558794,0
MGP.US,D,20210113,000000,29.733,29.953,29.407,29.561,884997,0
MGP.US,D,20210114,000000,29.695,29.791,28.938,29.005,716984,0
MGP.US,D,20210115,000000,28.881,29.724,28.66,29.389,1225518,0
MGP.US,D,20210119,000000,29.541,30.079,29.12,29.801,757752,0
MGP.US,D,20210120,000000,29.791,31.064,29.724,30.749,893660,0
MGP.US,D,20210121,000000,30.605,30.777,30.069,30.385,714207,0
MGP.US,D,20210122,000000,30.164,30.317,29.873,29.982,656178,0
MGP.US,D,20210125,000000,30.049,30.519,29.876,30.221,658120,0
MGP.US,D,20210126,000000,30.346,30.42,29.742,30.173,773845,0
MGP.US,D,20210127,000000,30.173,30.231,28.67,29.034,2033607,0
MGP.US,D,20210128,000000,28.948,30.298,28.861,30.173,1369385,0
MGP.US,D,20210129,000000,29.925,29.962,29.034,29.838,944176,0
MGP.US,D,20210201,000000,29.915,30.413,29.608,30.289,689192,0
MGP.US,D,20210202,000000,30.509,31.304,30.241,31.275,1071042,0
MGP.US,D,20210203,000000,31.141,31.218,30.826,31.189,720710,0
MGP.US,D,20210204,000000,31.17,31.64,30.997,31.371,690014,0
MGP.US,D,20210205,000000,31.438,31.725,31.28,31.582,355146,0
MGP.US,D,20210208,000000,31.707,31.707,31.275,31.438,328940,0
MGP.US,D,20210209,000000,31.505,31.62,31.237,31.343,359902,0
MGP.US,D,20210210,000000,31.543,32.118,31.486,31.525,590637,0
MGP.US,D,20210211,000000,31.61,32.148,31.505,31.62,753754,0
MGP.US,D,20210212,000000,31.525,31.945,31.505,31.831,539076,0
MGP.US,D,20210216,000000,32.004,32.108,31.324,31.811,568789,0
MGP.US,D,20210217,000000,31.898,32.137,31.63,32.041,621884,0
MGP.US,D,20210218,000000,31.851,32.108,31.497,31.505,612120,0
MGP.US,D,20210219,000000,31.63,31.821,31.007,31.084,978421,0
MGP.US,D,20210222,000000,31.208,31.371,30.843,31.141,2106605,0
MGP.US,D,20210223,000000,31.054,32.128,30.95,31.821,1176216,0
MGP.US,D,20210224,000000,31.945,32.224,31.553,31.553,963538,0
MGP.US,D,20210225,000000,31.61,32.138,31.027,31.275,865206,0
MGP.US,D,20210226,000000,31.563,32.128,31.515,31.63,785838,0
MGP.US,D,20210301,000000,32.081,32.712,31.851,32.377,2062330,0
MGP.US,D,20210302,000000,32.339,32.616,32.089,32.282,1749075,0
MGP.US,D,20210303,000000,32.185,32.396,31.543,31.908,1046124,0
MGP.US,D,20210304,000000,31.869,32.53,30.84,31.534,816429,0
MGP.US,D,20210305,000000,31.725,31.792,30.91,31.764,795974,0
MGP.US,D,20210308,000000,31.86,32.157,31.438,31.438,659123,0
MGP.US,D,20210309,000000,31.592,31.831,31.16,31.256,1184562,0
MGP.US,D,20210310,000000,31.486,31.994,31.227,31.668,1050823,0
MGP.US,D,20210311,000000,31.218,31.467,30.701,31.304,8381887,0
MGP.US,D,20210312,000000,31.592,31.955,30.95,31.888,3983937,0
MGP.US,D,20210315,000000,32.377,32.904,32.262,32.732,2671035,0
MGP.US,D,20210316,000000,32.76,32.76,32.329,32.386,1946794,0
MGP.US,D,20210317,000000,32.377,32.416,31.975,31.994,1896349,0
MGP.US,D,20210318,000000,31.898,32.138,31.543,31.6,1415467,0
MGP.US,D,20210319,000000,31.582,31.994,31.18,31.64,1359485,0
MGP.US,D,20210322,000000,31.64,31.917,31.294,31.381,1931764,0
MGP.US,D,20210323,000000,31.304,31.515,30.853,31.343,1896815,0
MGP.US,D,20210324,000000,31.371,31.908,30.979,30.979,1219903,0
MGP.US,D,20210325,000000,30.893,31.275,30.47,31.208,1497084,0
MGP.US,D,20210326,000000,31.324,31.515,30.853,31.361,828283,0
MGP.US,D,20210329,000000,31.351,31.735,30.969,31.189,1680917,0
MGP.US,D,20210330,000000,31.126,31.642,30.971,31.573,1937544,0
MGP.US,D,20210331,000000,31.457,32.05,31.389,31.729,1491175,0
MGP.US,D,20210401,000000,31.894,32.721,31.738,32.721,1262741,0
MGP.US,D,20210405,000000,32.925,32.965,32.556,32.847,1006050,0
MGP.US,D,20210406,000000,32.935,33.577,32.838,33.567,1407427,0
MGP.US,D,20210407,000000,33.558,33.674,33.169,33.645,996146,0
MGP.US,D,20210408,000000,33.869,34.112,33.742,34.005,1310616,0
MGP.US,D,20210409,000000,34.005,34.005,33.348,33.421,752805,0
MGP.US,D,20210412,000000,33.46,33.898,33.119,33.772,794194,0
MGP.US,D,20210413,000000,33.733,34.132,33.499,34.034,723146,0
MGP.US,D,20210414,000000,34.092,34.409,33.854,33.859,901383,0
MGP.US,D,20210415,000000,33.946,34.326,33.946,34.248,886373,0
MGP.US,D,20210416,000000,34.394,34.394,34.19,34.306,1722360,0
MGP.US,D,20210419,000000,34.394,34.404,34.15,34.19,1207367,0
MGP.US,D,20210420,000000,34.142,34.288,33.84,34.19,1244606,0
MGP.US,D,20210421,000000,34.248,34.482,34.142,34.424,2383647,0
MGP.US,D,20210422,000000,34.414,34.735,34.248,34.248,616498,0
MGP.US,D,20210423,000000,34.278,34.389,34.059,34.21,538633,0
MGP.US,D,20210426,000000,34.501,34.618,34.346,34.472,553386,0
MGP.US,D,20210427,000000,34.442,34.52,34.278,34.394,554011,0
MGP.US,D,20210428,000000,34.53,34.958,34.482,34.744,575741,0
MGP.US,D,20210429,000000,34.958,35.153,34.506,34.939,848332,0
MGP.US,D,20210430,000000,34.783,35.279,34.696,35.036,896061,0
MGP.US,D,20210503,000000,35.251,35.397,34.803,34.822,713274,0
MGP.US,D,20210504,000000,34.424,34.744,34.074,34.142,914902,0
MGP.US,D,20210505,000000,34.15,34.21,33.635,33.966,693138,0
MGP.US,D,20210506,000000,33.888,34.054,33.436,33.694,613127,0
MGP.US,D,20210507,000000,33.723,34.296,33.504,34.278,1393825,0
MGP.US,D,20210510,000000,34.472,34.472,33.723,33.723,494468,0
MGP.US,D,20210511,000000,33.441,33.441,32.945,33.081,840084,0
MGP.US,D,20210512,000000,32.915,33.343,32.517,32.673,759749,0
MGP.US,D,20210513,000000,32.702,33.275,32.663,32.983,791613,0
MGP.US,D,20210514,000000,33.169,34.019,33.101,33.84,703845,0
MGP.US,D,20210517,000000,33.674,34.21,33.383,34.064,960286,0
MGP.US,D,20210518,000000,34.142,34.589,33.888,33.946,1110535,0
MGP.US,D,20210519,000000,33.616,33.908,33.411,33.869,824201,0
MGP.US,D,20210520,000000,33.946,34.253,33.946,34.219,546395,0
MGP.US,D,20210521,000000,34.238,34.569,34.219,34.384,1217556,0
MGP.US,D,20210524,000000,34.686,35.163,34.53,34.997,855937,0
MGP.US,D,20210525,000000,35.017,35.387,34.924,34.939,901837,0
MGP.US,D,20210526,000000,34.89,35.309,34.803,34.822,568456,0
MGP.US,D,20210527,000000,34.608,34.919,34.492,34.579,758675,0
MGP.US,D,20210528,000000,34.812,35.017,34.657,34.89,478140,0
MGP.US,D,20210601,000000,34.949,35.017,34.822,34.968,600877,0
MGP.US,D,20210602,000000,35.182,35.211,34.725,34.871,1797317,0
MGP.US,D,20210603,000000,34.851,34.977,34.725,34.783,626856,0
MGP.US,D,20210604,000000,34.939,35.182,34.735,35.123,571017,0
MGP.US,D,20210607,000000,35.259,36.194,35.259,35.892,1172073,0
MGP.US,D,20210608,000000,36.018,36.315,35.931,36.174,1139734,0
MGP.US,D,20210609,000000,36.398,36.612,36.282,36.456,973940,0
MGP.US,D,20210610,000000,36.436,36.436,36.048,36.222,811553,0
MGP.US,D,20210611,000000,36.184,36.262,35.97,35.989,918648,0
MGP.US,D,20210614,000000,36.116,36.116,35.561,35.804,1577146,0
MGP.US,D,20210615,000000,35.804,35.999,35.62,35.804,840209,0
MGP.US,D,20210616,000000,35.98,36.252,35.843,36.028,2203161,0
MGP.US,D,20210617,000000,36.028,36.213,35.513,35.727,2354788,0
MGP.US,D,20210618,000000,35.727,35.795,35.289,35.6,3970701,0
MGP.US,D,20210621,000000,35.746,35.843,35.269,35.707,1145760,0
MGP.US,D,20210622,000000,35.697,36.116,35.581,35.96,1426794,0
MGP.US,D,20210623,000000,36.116,36.194,35.892,35.941,817688,0
MGP.US,D,20210624,000000,35.95,36.053,35.347,35.387,1107155,0
MGP.US,D,20210625,000000,35.337,35.989,35.269,35.882,968439,0
MGP.US,D,20210628,000000,35.989,36.028,35.085,35.493,1198536,0
MGP.US,D,20210629,000000,35.528,35.863,35.33,35.765,1842150,0
MGP.US,D,20210630,000000,35.676,36.347,35.617,36.13,2274894,0
MGP.US,D,20210701,000000,36.179,36.244,35.572,35.656,2061556,0
MGP.US,D,20210702,000000,35.646,36.672,35.646,36.495,1777457,0
MGP.US,D,20210706,000000,36.485,36.485,35.35,35.715,1299601,0
MGP.US,D,20210707,000000,35.715,35.932,35.439,35.656,1059644,0
MGP.US,D,20210708,000000,35.409,35.814,35.153,35.557,1546568,0
MGP.US,D,20210709,000000,35.705,36.09,35.617,36.09,989418,0
MGP.US,D,20210712,000000,36.09,36.56,35.883,36.495,1914715,0
MGP.US,D,20210713,000000,36.411,36.445,36.061,36.061,1051556,0
MGP.US,D,20210714,000000,36.07,36.702,36.07,36.495,1122654,0
MGP.US,D,20210715,000000,36.327,36.475,36.169,36.209,997157,0
MGP.US,D,20210716,000000,36.307,36.574,36.169,36.179,642783,0
MGP.US,D,20210719,000000,35.883,35.937,34.969,35.4,1253532,0
MGP.US,D,20210720,000000,35.646,36.682,35.503,36.485,1221076,0
MGP.US,D,20210721,000000,36.495,37.432,36.278,37.175,793035,0
MGP.US,D,20210722,000000,37.027,37.126,36.534,36.939,715942,0
MGP.US,D,20210723,000000,37.096,37.323,36.879,37.314,474354,0
MGP.US,D,20210726,000000,37.422,37.718,37.185,37.294,864449,0
MGP.US,D,20210727,000000,37.244,37.471,37.116,37.412,722080,0
MGP.US,D,20210728,000000,37.738,37.738,37.037,37.491,616290,0
MGP.US,D,20210729,000000,37.491,37.618,37.101,37.106,817481,0
MGP.US,D,20210730,000000,37.185,37.58,37.136,37.294,641801,0
MGP.US,D,20210802,000000,37.442,37.827,36.741,36.83,683616,0
MGP.US,D,20210803,000000,36.8,36.8,36.07,36.593,768683,0
MGP.US,D,20210804,000000,39.306,39.563,36.919,39.08,10226716,0
MGP.US,D,20210805,000000,38.951,40.451,38.951,40.283,4600912,0
MGP.US,D,20210806,000000,40.135,40.747,39.869,40.125,2265276,0
MGP.US,D,20210809,000000,39.859,40.055,39.445,39.701,1888431,0
MGP.US,D,20210810,000000,39.711,40.244,38.902,38.912,2280221,0
MGP.US,D,20210811,000000,38.774,40.254,38.774,39.908,1402661,0
MGP.US,D,20210812,000000,39.869,39.977,39.563,39.78,985954,0
MGP.US,D,20210813,000000,40.066,40.106,39.602,39.681,1554379,0
MGP.US,D,20210816,000000,39.415,39.82,39.415,39.711,739201,0
MGP.US,D,20210817,000000,39.553,39.701,39.134,39.543,1026910,0
MGP.US,D,20210818,000000,39.612,39.691,39.277,39.474,853832,0
MGP.US,D,20210819,000000,39.168,39.464,38.58,38.823,920930,0
MGP.US,D,20210820,000000,38.724,38.991,38.404,38.774,954147,0
MGP.US,D,20210823,000000,38.803,39.237,38.759,38.793,1223043,0
MGP.US,D,20210824,000000,38.991,38.991,38.557,38.734,1090551,0
MGP.US,D,20210825,000000,39.099,39.538,38.655,39.247,1594986,0
MGP.US,D,20210826,000000,39.247,39.494,38.976,39.445,1433355,0
MGP.US,D,20210827,000000,39.464,40.407,39.385,40.076,1814008,0
MGP.US,D,20210830,000000,40.076,40.451,39.82,40.431,1070146,0
MGP.US,D,20210831,000000,40.106,40.915,40.017,40.905,1954701,0
MGP.US,D,20210901,000000,40.5,41.635,40.451,41.378,1652564,0
MGP.US,D,20210902,000000,41.23,42.138,41.073,42.138,3451513,0
MGP.US,D,20210903,000000,42.237,42.612,41.793,42.523,1156916,0
MGP.US,D,20210907,000000,42.345,42.414,41.857,42.02,1365484,0
MGP.US,D,20210908,000000,41.931,42.395,41.724,42.089,1508840,0
MGP.US,D,20210909,000000,41.438,41.58,39.898,39.918,2193110,0
MGP.US,D,20210910,000000,39.662,40.372,39.494,39.849,1453214,0
MGP.US,D,20210913,000000,40.323,40.323,39.78,39.968,521249,0
MGP.US,D,20210914,000000,40.115,40.362,39.514,39.8,575345,0
MGP.US,D,20210915,000000,39.829,40.333,39.701,40.145,770792,0
MGP.US,D,20210916,000000,40.145,40.392,39.889,40.037,812254,0
MGP.US,D,20210917,000000,39.918,40.254,39.316,39.484,604783,0
MGP.US,D,20210920,000000,38.932,39.593,38.798,39.395,657354,0
MGP.US,D,20210921,000000,39.524,39.855,39.375,39.405,838352,0
MGP.US,D,20210922,000000,39.691,40.066,39.484,39.879,779135,0
MGP.US,D,20210923,000000,40.204,40.599,39.977,40.54,561455,0
MGP.US,D,20210924,000000,40.54,40.589,40.175,40.254,492534,0
MGP.US,D,20210927,000000,40.323,40.609,39.514,39.622,427354,0
MGP.US,D,20210928,000000,39.218,39.287,38.132,38.31,1316013,0
MGP.US,D,20210929,000000,38.64,39.01,38.42,38.65,800652,0
MGP.US,D,20210930,000000,38.74,38.91,38.22,38.3,864441,0
MGP.US,D,20211001,000000,38.31,39.33,38.3,39.07,658724,0
MGP.US,D,20211004,000000,38.95,39.53,38.88,39.19,647479,0
MGP.US,D,20211005,000000,39.36,39.36,38.65,38.7,1038648,0
MGP.US,D,20211006,000000,38.6,39.83,38.54,39.79,490829,0
MGP.US,D,20211007,000000,39.93,40.31,39.71,39.81,561994,0
MGP.US,D,20211008,000000,39.93,40.02,39.16,39.21,1348563,0
MGP.US,D,20211011,000000,39.16,39.76,39.13,39.33,452044,0
MGP.US,D,20211012,000000,39.51,40.12,39.42,39.79,826248,0
MGP.US,D,20211013,000000,39.73,40.21,39.73,40.09,1123622,0
MGP.US,D,20211014,000000,40.21,40.5,40.18,40.3,472379,0
MGP.US,D,20211015,000000,40.5,40.685,40.27,40.38,835397,0
MGP.US,D,20211018,000000,40.2,40.75,39.95,40.65,559121,0
MGP.US,D,20211019,000000,40.73,41,40.39,40.47,456247,0
MGP.US,D,20211020,000000,40.55,40.85,40.37,40.82,751636,0
MGP.US,D,20211021,000000,40.99,41.44,40.36,40.55,933412,0
MGP.US,D,20211022,000000,40.7,41.025,40.47,40.66,468767,0
MGP.US,D,20211025,000000,40.81,40.95,40.395,40.67,769608,0
MGP.US,D,20211026,000000,40.82,41.03,40.5,40.51,452781,0
MGP.US,D,20211027,000000,40.72,40.74,39.89,40,436039,0
MGP.US,D,20211028,000000,40.02,40.39,39.62,40.28,1247390,0
MGP.US,D,20211029,000000,40.08,40.08,39.37,39.38,966637,0
MGP.US,D,20211101,000000,39.44,39.89,39.18,39.72,645371,0
MGP.US,D,20211102,000000,39.93,40.13,39.52,39.55,466079,0
MGP.US,D,20211103,000000,39.53,39.9999,39.37,39.82,822457,0
MGP.US,D,20211104,000000,40,40.36,39.08,39.15,608162,0
MGP.US,D,20211105,000000,39.51,40.12,39.27,39.84,636126,0
MGP.US,D,20211108,000000,39.93,39.95,39.37,39.6,595543,0
MGP.US,D,20211109,000000,39.57,39.68,39.12,39.33,419799,0
MGP.US,D,20211110,000000,39.12,39.66,38.855,38.91,347488,0
MGP.US,D,20211111,000000,38.86,39.22,38.721,39.22,502368,0
MGP.US,D,20211112,000000,39.22,39.43,38.66,38.75,381950,0
MGP.US,D,20211115,000000,38.905,39.7,38.76,39.68,798742,0
MGP.US,D,20211116,000000,39.62,39.695,39.23,39.4,1053671,0
MGP.US,D,20211117,000000,39.25,39.34,38.6,39.13,1308953,0
MGP.US,D,20211118,000000,39.22,39.47,39.04,39.43,748309,0
MGP.US,D,20211119,000000,39.35,39.35,38.23,38.48,892503,0
MGP.US,D,20211122,000000,38.62,38.75,38.09,38.1,560914,0
MGP.US,D,20211123,000000,38.23,38.47,37.75,38.24,457937,0
MGP.US,D,20211124,000000,38.26,38.57,38.02,38.28,585375,0
MGP.US,D,20211126,000000,37.9,37.9,36.8,37.49,762260,0
MGP.US,D,20211129,000000,37.73,38.34,37.175,37.89,664758,0
MGP.US,D,20211130,000000,37.51,37.57,36.52,36.61,1102147,0
MGP.US,D,20211201,000000,37.11,37.68,36.18,36.19,1387098,0
MGP.US,D,20211202,000000,36.44,37.46,36.23,37.09,589848,0
MGP.US,D,20211203,000000,37.17,37.36,36.7,36.89,448299,0
MGP.US,D,20211206,000000,36.83,37.86,36.75,37.52,424660,0
MGP.US,D,20211207,000000,38.01,38.51,37.88,38.05,1241710,0
MGP.US,D,20211208,000000,38.01,39.02,37.99,38.86,927688,0
MGP.US,D,20211209,000000,38.61,38.87,38.38,38.43,798838,0
MGP.US,D,20211210,000000,38.43,38.93,38.09,38.24,963046,0
MGP.US,D,20211213,000000,38,38.26,37.77,38.09,751045,0
MGP.US,D,20211214,000000,37.99,38.16,37.35,37.4,778439,0
MGP.US,D,20211215,000000,37.35,37.76,36.85,37.57,1092362,0
MGP.US,D,20211216,000000,37.8,37.93,37.14,37.24,1103995,0
MGP.US,D,20211217,000000,36.93,37.74,36.73,37.46,880762,0
MGP.US,D,20211220,000000,37,37.325,36.45,37.29,1205384,0
MGP.US,D,20211221,000000,37.77,38.85,37.77,38.76,1317648,0
MGP.US,D,20211222,000000,38.955,39.38,38.86,39.31,693561,0
MGP.US,D,20211223,000000,39.55,39.79,39.35,39.71,671067,0
MGP.US,D,20211227,000000,39.76,40.09,39.63,40.07,618081,0
MGP.US,D,20211228,000000,40.045,40.425,39.86,39.99,753450,0
MGP.US,D,20211229,000000,40.1,40.5,39.76,40.49,942889,0
MGP.US,D,20211230,000000,40,40.78,40,40.55,531946,0
MGP.US,D,20211231,000000,40.555,41.13,40.51,40.85,528991,0
MGP.US,D,20220103,000000,40.96,41.07,40.28,40.57,2372267,0
MGP.US,D,20220104,000000,40.57,41.1,40.42,40.8,1061715,0
MGP.US,D,20220105,000000,40.92,40.96,39.26,39.28,667837,0
MGP.US,D,20220106,000000,39.26,39.77,38.62,39.19,1507101,0
MGP.US,D,20220107,000000,39.22,39.35,38.58,38.59,836535,0
MGP.US,D,20220110,000000,38.5,38.82,38.0601,38.75,1380013,0
MGP.US,D,20220111,000000,38.75,39.235,38.28,39.11,719798,0
MGP.US,D,20220112,000000,39.12,39.38,38.9,38.99,1014720,0
MGP.US,D,20220113,000000,39.17,39.17,38.34,38.39,1015536,0
MGP.US,D,20220114,000000,38.31,38.74,38.04,38.62,1232646,0
MGP.US,D,20220118,000000,38.46,38.59,37.9,38.01,985450,0
MGP.US,D,20220119,000000,38.06,38.35,37.67,37.69,1215393,0
MGP.US,D,20220120,000000,37.99,38.21,37.26,37.28,1244133,0
MGP.US,D,20220121,000000,37.25,37.3,36.58,36.87,1296089,0
