<TICKER>,<PER>,<DATE>,<TIME>,<OPEN>,<HIGH>,<LOW>,<CLOSE>,<VOL>,<OPENINT>
NABL.US,D,20210721,000000,12.65,13.63,11.66,13.32,1806658,0
NABL.US,D,20210722,000000,12.16,13.32,12.01,12.53,1155630,0
NABL.US,D,20210723,000000,12.1,13.33,11.8,12.7,2233167,0
NABL.US,D,20210726,000000,13,13.14,12.29,12.39,1474620,0
NABL.US,D,20210727,000000,12.71,13.45,12.16,13.39,1453169,0
NABL.US,D,20210728,000000,13.4,13.425,12.92,13.22,606009,0
NABL.US,D,20210729,000000,13.5,13.56,13.2219,13.47,499877,0
NABL.US,D,20210730,000000,13.38,14.07,13.2,13.8,732819,0
NABL.US,D,20210802,000000,13.89,14.73,13.76,14.28,361827,0
NABL.US,D,20210803,000000,14.28,14.28,13.9,14.22,296008,0
NABL.US,D,20210804,000000,14.04,14.21,13.97,14.06,244051,0
NABL.US,D,20210805,000000,14.12,14.32,13.93,14.12,247746,0
NABL.US,D,20210806,000000,14.06,14.56,13.95,14.55,383851,0
NABL.US,D,20210809,000000,14.55,14.68,13.5506,13.57,163251,0
NABL.US,D,20210810,000000,13.56,13.7196,13.34,13.52,251314,0
NABL.US,D,20210811,000000,13.52,13.79,13.435,13.73,165826,0
NABL.US,D,20210812,000000,13.63,13.8099,13.34,13.51,287768,0
NABL.US,D,20210813,000000,13.46,13.57,13.315,13.51,275618,0
NABL.US,D,20210816,000000,13.69,13.72,13.25,13.58,315219,0
NABL.US,D,20210817,000000,13.47,13.76,13.47,13.68,158047,0
NABL.US,D,20210818,000000,13.57,13.68,13.12,13.31,263867,0
NABL.US,D,20210819,000000,13.11,13.3,12.94,13.29,379772,0
NABL.US,D,20210820,000000,13.2,13.54,13.05,13.26,1141339,0
NABL.US,D,20210823,000000,13.27,13.6395,12.96,13.02,240085,0
NABL.US,D,20210824,000000,13.01,13.19,12.9,12.92,249169,0
NABL.US,D,20210825,000000,13.3,14.64,13.0902,13.83,657820,0
NABL.US,D,20210826,000000,14,14.15,13.26,13.88,637354,0
NABL.US,D,20210827,000000,13.8,14.23,13.76,13.78,1472730,0
NABL.US,D,20210830,000000,13.88,14.28,12.92,13.11,522553,0
NABL.US,D,20210831,000000,13.21,13.61,13.12,13.53,1737594,0
NABL.US,D,20210901,000000,13.5,14.01,13.29,13.89,460448,0
NABL.US,D,20210902,000000,13.88,14.3,13.63,14.22,867028,0
NABL.US,D,20210903,000000,14.29,14.635,14.25,14.4,658179,0
NABL.US,D,20210907,000000,14.59,15.54,14.49,15.05,974183,0
NABL.US,D,20210908,000000,14.83,15.12,14.34,14.72,600767,0
NABL.US,D,20210909,000000,14.5,14.6,13.59,13.73,1395494,0
NABL.US,D,20210910,000000,13.72,14.455,13.55,14.4,857870,0
NABL.US,D,20210913,000000,14.74,14.98,13.54,13.56,955350,0
NABL.US,D,20210914,000000,13.5,14.32,13.47,14.3,917631,0
NABL.US,D,20210915,000000,14.12,14.38,13.54,13.56,1580949,0
NABL.US,D,20210916,000000,13.65,14.595,13.645,14.51,1757181,0
NABL.US,D,20210917,000000,14.44,15.77,14.4,15.52,4855165,0
NABL.US,D,20210920,000000,15.15,15.235,13.91,14.33,1302883,0
NABL.US,D,20210921,000000,14.32,14.8,14.25,14.46,2114223,0
NABL.US,D,20210922,000000,14.5,14.57,14.17,14.37,546581,0
NABL.US,D,20210923,000000,14.31,14.5,13.59,13.76,458007,0
NABL.US,D,20210924,000000,13.72,13.76,13.51,13.54,577079,0
NABL.US,D,20210927,000000,13.52,13.65,13.01,13.26,402657,0
NABL.US,D,20210928,000000,13.21,13.21,12.76,12.83,561938,0
NABL.US,D,20210929,000000,12.77,12.78,11.98,12.44,1464309,0
NABL.US,D,20210930,000000,12.43,12.58,12.3,12.41,265342,0
NABL.US,D,20211001,000000,12.4,12.78,12.13,12.78,459983,0
NABL.US,D,20211004,000000,12.73,12.73,11.87,12.14,492622,0
NABL.US,D,20211005,000000,12.1,12.68,12.1,12.66,805067,0
NABL.US,D,20211006,000000,12.44,13.08,12.34,13,465485,0
NABL.US,D,20211007,000000,13.11,13.33,12.745,12.89,763190,0
NABL.US,D,20211008,000000,12.87,12.97,12.24,12.31,347866,0
NABL.US,D,20211011,000000,12.17,12.77,12.17,12.54,763061,0
NABL.US,D,20211012,000000,12.48,12.685,12.28,12.5,687685,0
NABL.US,D,20211013,000000,12.57,12.63,12.26,12.5,583963,0
NABL.US,D,20211014,000000,12.51,12.77,12.5,12.59,696261,0
NABL.US,D,20211015,000000,12.71,13.01,12.61,12.97,1573980,0
NABL.US,D,20211018,000000,12.98,13.12,12.68,12.7,214393,0
NABL.US,D,20211019,000000,12.77,13.13,12.7,13.11,274779,0
NABL.US,D,20211020,000000,13.17,13.315,13.085,13.13,511555,0
NABL.US,D,20211021,000000,13.16,13.41,13.07,13.21,136126,0
NABL.US,D,20211022,000000,13.2,13.2,12.82,12.88,113068,0
NABL.US,D,20211025,000000,12.89,13.425,12.89,13.27,146755,0
NABL.US,D,20211026,000000,13.29,13.5,13.13,13.21,129737,0
NABL.US,D,20211027,000000,13.22,13.33,12.85,12.86,157676,0
NABL.US,D,20211028,000000,12.95,13.3,12.84,13.17,184052,0
NABL.US,D,20211029,000000,13.08,13.43,13.01,13.3,165450,0
NABL.US,D,20211101,000000,13.38,13.82,13.27,13.71,269457,0
NABL.US,D,20211102,000000,13.68,14.01,13.51,13.96,283347,0
NABL.US,D,20211103,000000,14,14.18,13.68,14.01,299559,0
NABL.US,D,20211104,000000,13.98,14.41,13.98,14.24,245241,0
NABL.US,D,20211105,000000,14.38,14.38,13.74,13.83,276141,0
NABL.US,D,20211108,000000,13.85,14.17,13.85,14,215168,0
NABL.US,D,20211109,000000,13.98,14.32,13.5,13.72,173073,0
NABL.US,D,20211110,000000,13.74,13.8,13.32,13.46,148565,0
NABL.US,D,20211111,000000,13.39,13.52,12.99,13.11,247288,0
NABL.US,D,20211112,000000,13.09,13.48,13.07,13.32,126723,0
NABL.US,D,20211115,000000,13.36,13.43,12.8,13.15,173335,0
NABL.US,D,20211116,000000,13.23,13.23,12.78,12.83,287808,0
NABL.US,D,20211117,000000,12.85,13,12.58,12.66,434699,0
NABL.US,D,20211118,000000,12.64,12.64,12.09,12.13,247446,0
NABL.US,D,20211119,000000,12.15,12.27,11.76,11.91,346051,0
NABL.US,D,20211122,000000,11.99,12.07,11.46,11.5,345744,0
NABL.US,D,20211123,000000,11.25,11.39,10.69,10.94,580914,0
NABL.US,D,20211124,000000,10.93,11.36,10.7,11.35,380716,0
NABL.US,D,20211126,000000,11.14,11.44,10.9,11.27,489333,0
NABL.US,D,20211129,000000,11.49,11.7962,11.04,11.71,627550,0
NABL.US,D,20211130,000000,11.66,11.9,11.4,11.8,2169788,0
NABL.US,D,20211201,000000,11.95,12.16,10.773,10.87,640724,0
NABL.US,D,20211202,000000,10.75,11.04,10.47,10.71,739657,0
NABL.US,D,20211203,000000,10.74,11.16,10.32,11.13,925072,0
NABL.US,D,20211206,000000,11.18,12.13,10.73,12.06,1125161,0
NABL.US,D,20211207,000000,12.25,12.56,12.01,12.45,781508,0
NABL.US,D,20211208,000000,12.27,12.75,12.1001,12.52,466012,0
NABL.US,D,20211209,000000,12.39,12.67,12.2,12.28,722362,0
NABL.US,D,20211210,000000,12.4,12.72,12.04,12.43,816237,0
NABL.US,D,20211213,000000,12.36,12.36,11.18,11.53,687245,0
NABL.US,D,20211214,000000,11.34,11.44,10.92,11.26,641736,0
NABL.US,D,20211215,000000,11.23,11.56,10.94,11.56,601760,0
NABL.US,D,20211216,000000,11.67,11.97,11.05,11.18,1125155,0
NABL.US,D,20211217,000000,11.06,11.935,10.87,11.41,2804555,0
NABL.US,D,20211220,000000,11.25,11.38,10.98,11.29,671063,0
NABL.US,D,20211221,000000,11.4,11.58,11.14,11.35,693435,0
NABL.US,D,20211222,000000,11.35,11.46,11.15,11.4,529277,0
NABL.US,D,20211223,000000,11.41,11.76,11.17,11.72,944595,0
NABL.US,D,20211227,000000,11.73,11.96,11.55,11.68,404642,0
NABL.US,D,20211228,000000,11.59,11.66,11.2,11.21,1037645,0
NABL.US,D,20211229,000000,11.1,11.22,10.63,11.04,727521,0
NABL.US,D,20211230,000000,11.13,11.41,11,11.2,481105,0
NABL.US,D,20211231,000000,11.2,11.35,11.09,11.1,389912,0
NABL.US,D,20220103,000000,11.18,11.62,10.89,11.5,712299,0
NABL.US,D,20220104,000000,11.45,11.45,10.85,11.18,388582,0
NABL.US,D,20220105,000000,11.03,11.22,10.39,10.59,540954,0
NABL.US,D,20220106,000000,10.54,10.815,10.39,10.45,275212,0
NABL.US,D,20220107,000000,10.4,10.63,10.19,10.26,360955,0
NABL.US,D,20220110,000000,10.18,10.45,9.86,10.43,322797,0
NABL.US,D,20220111,000000,10.38,10.69,10.38,10.56,244640,0
NABL.US,D,20220112,000000,10.59,10.67,10.4,10.49,139117,0
NABL.US,D,20220113,000000,10.48,10.595,10.27,10.3,154986,0
NABL.US,D,20220114,000000,10.2,10.37,10.01,10.16,157611,0
NABL.US,D,20220118,000000,9.98,10.23,9.86,10.03,237735,0
NABL.US,D,20220119,000000,10.06,10.56,10.02,10.16,180403,0
NABL.US,D,20220120,000000,10.23,10.66,10.19,10.2,216163,0
NABL.US,D,20220121,000000,10.18,10.46,9.96,9.98,495951,0
