<TICKER>,<PER>,<DATE>,<TIME>,<OPEN>,<HIGH>,<LOW>,<CLOSE>,<VOL>,<OPENINT>
NMCO.US,D,20190919,000000,13.973,14.096,13.809,13.986,147348,0
NMCO.US,D,20190920,000000,14.029,14.125,13.858,13.858,41234,0
NMCO.US,D,20190923,000000,13.891,13.937,13.858,13.866,60541,0
NMCO.US,D,20190924,000000,13.891,14.086,13.802,14.043,114826,0
NMCO.US,D,20190925,000000,14.043,14.062,13.918,14.029,97794,0
NMCO.US,D,20190926,000000,14.062,14.244,14.019,14.188,97764,0
NMCO.US,D,20190927,000000,14.244,14.34,14.207,14.301,80604,0
NMCO.US,D,20190930,000000,14.252,14.34,14.125,14.161,78123,0
NMCO.US,D,20191001,000000,14.235,14.284,14.167,14.252,44246,0
NMCO.US,D,20191002,000000,14.235,14.34,14.2,14.34,57999,0
NMCO.US,D,20191003,000000,14.284,14.34,14.135,14.244,50198,0
NMCO.US,D,20191004,000000,14.252,14.34,14.181,14.244,16061,0
NMCO.US,D,20191007,000000,14.275,14.286,14.043,14.07,46082,0
NMCO.US,D,20191008,000000,14.152,14.284,14.07,14.284,25078,0
NMCO.US,D,20191009,000000,14.331,14.499,14.161,14.34,30615,0
NMCO.US,D,20191010,000000,14.295,14.295,14.07,14.17,51432,0
NMCO.US,D,20191011,000000,14.292,14.331,14.07,14.292,49744,0
NMCO.US,D,20191014,000000,14.292,14.292,14.098,14.284,14388,0
NMCO.US,D,20191015,000000,14.284,14.368,14.26,14.296,11774,0
NMCO.US,D,20191016,000000,14.325,14.377,14.252,14.267,27783,0
NMCO.US,D,20191017,000000,13.955,13.955,13.586,13.668,321939,0
NMCO.US,D,20191018,000000,13.785,13.793,13.668,13.712,94969,0
NMCO.US,D,20191021,000000,13.672,13.704,13.506,13.578,151104,0
NMCO.US,D,20191022,000000,13.614,13.704,13.551,13.578,131426,0
NMCO.US,D,20191023,000000,13.614,13.653,13.532,13.578,119023,0
NMCO.US,D,20191024,000000,13.614,13.614,13.47,13.47,82804,0
NMCO.US,D,20191025,000000,13.465,13.623,13.464,13.532,66506,0
NMCO.US,D,20191028,000000,13.541,13.568,13.47,13.497,81622,0
NMCO.US,D,20191029,000000,13.532,13.694,13.484,13.643,92187,0
NMCO.US,D,20191030,000000,13.586,13.749,13.586,13.729,121278,0
NMCO.US,D,20191031,000000,13.712,13.793,13.614,13.793,74291,0
NMCO.US,D,20191101,000000,13.712,13.739,13.623,13.712,116138,0
NMCO.US,D,20191104,000000,13.704,13.749,13.685,13.704,53831,0
NMCO.US,D,20191105,000000,13.704,13.704,13.633,13.668,105669,0
NMCO.US,D,20191106,000000,13.685,13.819,13.677,13.793,115367,0
NMCO.US,D,20191107,000000,13.802,13.937,13.776,13.785,96371,0
NMCO.US,D,20191108,000000,13.739,13.923,13.633,13.643,79203,0
NMCO.US,D,20191111,000000,13.653,13.854,13.633,13.755,64367,0
NMCO.US,D,20191112,000000,13.749,13.749,13.47,13.578,299959,0
NMCO.US,D,20191113,000000,13.605,13.712,13.578,13.605,95271,0
NMCO.US,D,20191114,000000,13.662,13.859,13.662,13.794,71860,0
NMCO.US,D,20191115,000000,13.768,13.994,13.768,13.948,165968,0
NMCO.US,D,20191118,000000,13.948,13.948,13.75,13.859,169173,0
NMCO.US,D,20191119,000000,13.839,13.918,13.662,13.81,178038,0
NMCO.US,D,20191120,000000,13.849,13.948,13.74,13.948,96404,0
NMCO.US,D,20191121,000000,13.876,13.948,13.75,13.876,74094,0
NMCO.US,D,20191122,000000,13.803,13.948,13.722,13.849,71389,0
NMCO.US,D,20191125,000000,13.777,13.938,13.694,13.74,162577,0
NMCO.US,D,20191126,000000,13.849,13.928,13.75,13.849,157686,0
NMCO.US,D,20191127,000000,13.794,13.901,13.722,13.777,143428,0
NMCO.US,D,20191129,000000,13.777,13.777,13.722,13.76,17654,0
NMCO.US,D,20191202,000000,13.777,13.847,13.74,13.75,57268,0
NMCO.US,D,20191203,000000,13.829,13.948,13.722,13.892,153645,0
NMCO.US,D,20191204,000000,13.829,13.929,13.829,13.901,72918,0
NMCO.US,D,20191205,000000,13.948,13.948,13.781,13.901,99457,0
NMCO.US,D,20191206,000000,13.829,13.948,13.768,13.803,79210,0
NMCO.US,D,20191209,000000,13.81,13.892,13.81,13.82,41513,0
NMCO.US,D,20191210,000000,13.859,13.901,13.81,13.851,81321,0
NMCO.US,D,20191211,000000,13.839,13.948,13.839,13.892,86443,0
NMCO.US,D,20191212,000000,13.998,14.007,13.887,13.922,40385,0
NMCO.US,D,20191213,000000,13.959,14.05,13.915,14.05,109174,0
NMCO.US,D,20191216,000000,14.05,14.05,13.87,13.87,47253,0
NMCO.US,D,20191217,000000,13.959,13.959,13.87,13.959,80586,0
NMCO.US,D,20191218,000000,13.959,13.959,13.887,13.932,50374,0
NMCO.US,D,20191219,000000,13.988,14.026,13.898,13.952,134737,0
NMCO.US,D,20191220,000000,13.915,13.998,13.905,13.998,35719,0
NMCO.US,D,20191223,000000,13.922,13.961,13.887,13.922,74742,0
NMCO.US,D,20191224,000000,13.969,13.969,13.887,13.915,17338,0
NMCO.US,D,20191226,000000,13.915,13.915,13.823,13.853,105885,0
NMCO.US,D,20191227,000000,13.896,13.959,13.78,13.823,87522,0
NMCO.US,D,20191230,000000,13.87,13.879,13.806,13.806,62091,0
NMCO.US,D,20191231,000000,13.879,13.998,13.806,13.998,104540,0
NMCO.US,D,20200102,000000,13.969,14.007,13.887,14.007,38038,0
NMCO.US,D,20200103,000000,13.969,14.041,13.922,14.007,160335,0
NMCO.US,D,20200106,000000,14.067,14.413,14.067,14.384,129889,0
NMCO.US,D,20200107,000000,14.394,14.394,14.186,14.225,130166,0
NMCO.US,D,20200108,000000,14.149,14.374,14.007,14.026,149583,0
NMCO.US,D,20200109,000000,14.05,14.181,14.026,14.103,150261,0
NMCO.US,D,20200110,000000,14.266,14.339,14.056,14.122,96550,0
NMCO.US,D,20200113,000000,14.113,14.186,13.978,14.033,140533,0
NMCO.US,D,20200114,000000,14.059,14.15,13.942,14.033,226299,0
NMCO.US,D,20200115,000000,14.033,14.132,13.998,14.033,93613,0
NMCO.US,D,20200116,000000,14.093,14.122,14.007,14.083,93242,0
NMCO.US,D,20200117,000000,14.033,14.142,14.033,14.122,66634,0
NMCO.US,D,20200121,000000,14.252,14.275,14.059,14.15,113807,0
NMCO.US,D,20200122,000000,14.122,14.216,14.016,14.122,470189,0
NMCO.US,D,20200123,000000,14.122,14.169,14.059,14.083,81289,0
NMCO.US,D,20200124,000000,14.083,14.142,14.076,14.076,132839,0
NMCO.US,D,20200127,000000,14.177,14.187,14.098,14.142,77515,0
NMCO.US,D,20200128,000000,14.169,14.196,14.103,14.15,151876,0
NMCO.US,D,20200129,000000,14.187,14.187,14.122,14.142,157367,0
NMCO.US,D,20200130,000000,14.177,14.177,14.132,14.142,53500,0
NMCO.US,D,20200131,000000,14.187,14.196,14.15,14.177,68463,0
NMCO.US,D,20200203,000000,14.177,14.244,14.174,14.235,98238,0
NMCO.US,D,20200204,000000,14.235,14.235,14.177,14.235,74937,0
NMCO.US,D,20200205,000000,14.244,14.244,14.15,14.187,96847,0
NMCO.US,D,20200206,000000,14.177,14.244,14.159,14.244,68524,0
NMCO.US,D,20200207,000000,14.235,14.34,14.235,14.331,85128,0
NMCO.US,D,20200210,000000,14.292,14.35,14.244,14.35,83485,0
NMCO.US,D,20200211,000000,14.358,14.358,14.226,14.26,74727,0
NMCO.US,D,20200212,000000,14.26,14.301,14.244,14.284,97355,0
NMCO.US,D,20200213,000000,14.287,14.344,14.271,14.305,79662,0
NMCO.US,D,20200214,000000,14.296,14.344,14.287,14.315,50584,0
NMCO.US,D,20200218,000000,14.325,14.381,14.21,14.255,170191,0
NMCO.US,D,20200219,000000,14.255,14.296,14.21,14.271,173332,0
NMCO.US,D,20200220,000000,14.325,14.371,14.279,14.371,129914,0
NMCO.US,D,20200221,000000,14.381,14.409,14.325,14.344,129266,0
NMCO.US,D,20200224,000000,14.371,14.465,14.287,14.352,245961,0
NMCO.US,D,20200225,000000,14.352,14.41,14.035,14.144,477562,0
NMCO.US,D,20200226,000000,14.22,14.239,14.035,14.062,268681,0
NMCO.US,D,20200227,000000,14.053,14.135,13.834,13.934,303797,0
NMCO.US,D,20200228,000000,13.916,14.01,13.763,13.934,288136,0
NMCO.US,D,20200302,000000,14.062,14.429,14.01,14.344,282104,0
NMCO.US,D,20200303,000000,14.448,14.535,14.22,14.39,228500,0
NMCO.US,D,20200304,000000,14.334,14.39,14.229,14.362,131984,0
NMCO.US,D,20200305,000000,14.296,14.381,14.239,14.264,115645,0
NMCO.US,D,20200306,000000,14.271,14.271,14,14.181,137462,0
NMCO.US,D,20200309,000000,14.01,14.279,13.888,13.954,318349,0
NMCO.US,D,20200310,000000,13.972,14.535,13.763,13.815,430168,0
NMCO.US,D,20200311,000000,13.79,13.888,13.597,13.688,405332,0
NMCO.US,D,20200312,000000,12.752,13.342,11.869,12.434,518011,0
NMCO.US,D,20200313,000000,12.752,13.032,11.869,12.206,384870,0
NMCO.US,D,20200316,000000,10.928,11.603,10.403,11.059,386217,0
NMCO.US,D,20200317,000000,11.294,11.595,10.392,10.858,300269,0
NMCO.US,D,20200318,000000,10.065,10.476,8.3973,10.018,346751,0
NMCO.US,D,20200319,000000,9.79,10.676,9.0076,10.027,462526,0
NMCO.US,D,20200320,000000,10.018,10.374,9.592,9.636,398696,0
NMCO.US,D,20200323,000000,9.3551,9.562,8.2969,8.3063,460914,0
NMCO.US,D,20200324,000000,8.8074,10.111,8.7158,9.927,328778,0
NMCO.US,D,20200325,000000,9.664,11.534,9.664,11.52,517171,0
NMCO.US,D,20200326,000000,11.22,12.503,11.049,12.243,353920,0
NMCO.US,D,20200327,000000,12.196,12.283,11.164,12.253,226096,0
NMCO.US,D,20200330,000000,12.04,12.424,11.997,12.424,193223,0
NMCO.US,D,20200331,000000,12.378,12.651,11.795,11.795,328305,0
NMCO.US,D,20200401,000000,11.786,11.821,10.875,11.21,160872,0
NMCO.US,D,20200402,000000,11.019,11.174,10.703,10.8,156403,0
NMCO.US,D,20200403,000000,10.8,11.019,10.476,10.649,107108,0
NMCO.US,D,20200406,000000,10.649,10.928,9.8,10.336,279528,0
NMCO.US,D,20200407,000000,10.355,10.384,10.018,10.018,230003,0
NMCO.US,D,20200408,000000,10.101,10.401,9.874,10.21,294323,0
NMCO.US,D,20200409,000000,10.429,11.184,10.3,10.318,364046,0
NMCO.US,D,20200413,000000,10.336,10.534,10.065,10.476,149507,0
NMCO.US,D,20200414,000000,10.748,11.254,10.595,10.933,254122,0
NMCO.US,D,20200415,000000,10.978,11.073,10.529,10.661,225077,0
NMCO.US,D,20200416,000000,10.706,10.748,10.239,10.338,268930,0
NMCO.US,D,20200417,000000,10.488,10.748,10.338,10.567,121699,0
NMCO.US,D,20200420,000000,10.557,10.567,10.321,10.449,87441,0
NMCO.US,D,20200421,000000,10.338,10.52,10.293,10.338,99809,0
NMCO.US,D,20200422,000000,10.52,10.52,10.156,10.21,119160,0
NMCO.US,D,20200423,000000,10.21,10.283,10.037,10.055,127209,0
NMCO.US,D,20200424,000000,10.027,10.421,9.617,9.77,254153,0
NMCO.US,D,20200427,000000,9.609,9.751,9.56,9.698,222716,0
NMCO.US,D,20200428,000000,9.799,10.166,9.751,9.854,189274,0
NMCO.US,D,20200429,000000,9.77,10.257,9.77,10.047,197986,0
NMCO.US,D,20200430,000000,10.027,10.274,9.751,10.129,184632,0
NMCO.US,D,20200501,000000,10.267,10.338,10.119,10.338,111788,0
NMCO.US,D,20200504,000000,10.183,10.411,9.927,10.248,108242,0
NMCO.US,D,20200505,000000,10.293,10.293,10.119,10.201,82733,0
NMCO.US,D,20200506,000000,10.147,10.284,9.999,10.156,105214,0
NMCO.US,D,20200507,000000,10.219,10.274,9.79,9.844,390028,0
NMCO.US,D,20200508,000000,10.018,10.027,9.855,9.927,141029,0
NMCO.US,D,20200511,000000,9.828,10.018,9.828,9.999,92209,0
NMCO.US,D,20200512,000000,9.999,10.018,9.864,9.927,144221,0
NMCO.US,D,20200513,000000,9.927,9.972,9.625,9.79,150622,0
NMCO.US,D,20200514,000000,9.736,9.857,9.548,9.857,78737,0
NMCO.US,D,20200515,000000,9.921,9.921,9.717,9.894,73053,0
NMCO.US,D,20200518,000000,9.94,9.94,9.682,9.753,114870,0
NMCO.US,D,20200519,000000,9.71,9.812,9.618,9.682,172804,0
NMCO.US,D,20200520,000000,9.7,10.069,9.7,10.069,88176,0
NMCO.US,D,20200521,000000,9.985,10.141,9.93,10.069,103172,0
NMCO.US,D,20200522,000000,10.069,10.141,9.971,9.975,105755,0
NMCO.US,D,20200526,000000,10.106,10.289,10.056,10.262,105319,0
NMCO.US,D,20200527,000000,10.262,10.475,10.262,10.475,194444,0
NMCO.US,D,20200528,000000,10.525,10.695,10.353,10.544,145470,0
NMCO.US,D,20200529,000000,10.592,10.842,10.592,10.802,134075,0
NMCO.US,D,20200601,000000,10.898,11.033,10.765,10.94,89546,0
NMCO.US,D,20200602,000000,11.004,11.004,10.712,10.784,82904,0
NMCO.US,D,20200603,000000,10.784,10.95,10.68,10.784,69227,0
NMCO.US,D,20200604,000000,10.677,10.851,10.619,10.719,136137,0
NMCO.US,D,20200605,000000,10.738,10.848,10.554,10.794,275780,0
NMCO.US,D,20200608,000000,10.907,11.023,10.794,10.878,133609,0
NMCO.US,D,20200609,000000,10.842,11.042,10.685,10.729,183273,0
NMCO.US,D,20200610,000000,10.738,10.968,10.738,10.907,187879,0
NMCO.US,D,20200611,000000,10.832,10.968,10.747,10.794,146731,0
NMCO.US,D,20200612,000000,10.917,10.943,10.757,10.909,44608,0
NMCO.US,D,20200615,000000,10.815,11.085,10.805,10.82,94076,0
NMCO.US,D,20200616,000000,10.901,11.006,10.844,10.844,66914,0
NMCO.US,D,20200617,000000,10.901,11.027,10.641,10.757,191400,0
NMCO.US,D,20200618,000000,10.767,10.917,10.67,10.844,129557,0
NMCO.US,D,20200619,000000,10.776,10.868,10.714,10.721,137061,0
NMCO.US,D,20200622,000000,10.721,10.971,10.721,10.825,133009,0
NMCO.US,D,20200623,000000,10.835,10.98,10.805,10.926,136180,0
NMCO.US,D,20200624,000000,10.853,10.901,10.679,10.835,122480,0
NMCO.US,D,20200625,000000,10.786,10.961,10.786,10.943,127110,0
NMCO.US,D,20200626,000000,10.853,10.943,10.853,10.909,68426,0
NMCO.US,D,20200629,000000,10.891,10.984,10.853,10.914,75055,0
NMCO.US,D,20200630,000000,10.891,11.075,10.891,10.971,139966,0
NMCO.US,D,20200701,000000,11.037,11.037,10.943,11.037,89741,0
NMCO.US,D,20200702,000000,11.047,11.517,11.047,11.158,547301,0
NMCO.US,D,20200706,000000,11.184,11.599,11.184,11.599,114722,0
NMCO.US,D,20200707,000000,11.582,11.82,11.453,11.82,199133,0
NMCO.US,D,20200708,000000,11.922,11.922,11.748,11.804,204722,0
NMCO.US,D,20200709,000000,11.758,11.885,11.758,11.885,67216,0
NMCO.US,D,20200710,000000,11.912,12.135,11.776,12.043,128929,0
NMCO.US,D,20200713,000000,12.043,12.043,11.885,11.97,93667,0
NMCO.US,D,20200714,000000,12.019,12.101,11.815,11.896,107319,0
NMCO.US,D,20200715,000000,11.896,11.949,11.535,11.786,145662,0
NMCO.US,D,20200716,000000,11.74,11.858,11.74,11.805,159046,0
NMCO.US,D,20200717,000000,11.758,11.906,11.758,11.906,46383,0
NMCO.US,D,20200720,000000,11.934,12.045,11.841,12.045,116674,0
NMCO.US,D,20200721,000000,12.037,12.091,11.982,12.027,100899,0
NMCO.US,D,20200722,000000,12.01,12.069,11.924,11.972,178156,0
NMCO.US,D,20200723,000000,11.972,12.036,11.786,11.914,92284,0
NMCO.US,D,20200724,000000,11.972,11.991,11.871,11.958,91035,0
NMCO.US,D,20200727,000000,11.934,12.055,11.887,11.982,124143,0
NMCO.US,D,20200728,000000,12.019,12.109,11.982,12.091,106089,0
NMCO.US,D,20200729,000000,12.045,12.119,11.991,12.091,227920,0
NMCO.US,D,20200730,000000,12.109,12.109,11.896,12.001,189184,0
NMCO.US,D,20200731,000000,12.001,12.054,11.896,11.944,122073,0
NMCO.US,D,20200803,000000,11.991,12.101,11.934,12.001,81945,0
NMCO.US,D,20200804,000000,11.982,12.185,11.982,12.171,122250,0
NMCO.US,D,20200805,000000,12.091,12.185,12.091,12.109,126876,0
NMCO.US,D,20200806,000000,12.101,12.213,12.073,12.213,74725,0
NMCO.US,D,20200807,000000,12.158,12.245,12.138,12.204,72773,0
NMCO.US,D,20200810,000000,12.204,12.361,12.193,12.313,114767,0
NMCO.US,D,20200811,000000,12.37,12.521,12.269,12.332,84002,0
NMCO.US,D,20200812,000000,12.332,12.332,12.158,12.233,86215,0
NMCO.US,D,20200813,000000,12.366,12.423,12.066,12.217,151088,0
NMCO.US,D,20200814,000000,12.28,12.28,12.169,12.208,69611,0
NMCO.US,D,20200817,000000,12.169,12.198,11.935,12.066,268961,0
NMCO.US,D,20200818,000000,12.104,12.198,12.029,12.198,120201,0
NMCO.US,D,20200819,000000,12.131,12.198,12.128,12.151,81444,0
NMCO.US,D,20200820,000000,12.198,12.198,12.075,12.084,83423,0
NMCO.US,D,20200821,000000,12.169,12.169,11.915,12.084,150093,0
NMCO.US,D,20200824,000000,12.084,12.084,11.963,12.066,116602,0
NMCO.US,D,20200825,000000,12.075,12.141,11.993,12.039,175786,0
NMCO.US,D,20200826,000000,12.029,12.169,11.993,12.057,167186,0
NMCO.US,D,20200827,000000,12.047,12.131,11.897,11.963,105894,0
NMCO.US,D,20200828,000000,11.915,12.02,11.897,11.945,95304,0
NMCO.US,D,20200831,000000,11.963,12.151,11.851,12.151,54036,0
NMCO.US,D,20200901,000000,12.151,12.161,12.075,12.104,94940,0
NMCO.US,D,20200902,000000,12.161,12.161,12.094,12.112,57130,0
NMCO.US,D,20200903,000000,12.112,12.189,12.024,12.104,147277,0
NMCO.US,D,20200904,000000,12.141,12.141,11.973,12.094,52442,0
NMCO.US,D,20200908,000000,12.141,12.141,11.915,12.003,62515,0
NMCO.US,D,20200909,000000,12.094,12.094,11.88,12.039,100665,0
NMCO.US,D,20200910,000000,12.084,12.165,12.039,12.121,42097,0
NMCO.US,D,20200911,000000,12.075,12.208,12.075,12.208,77932,0
NMCO.US,D,20200914,000000,12.162,12.21,12.048,12.133,40830,0
NMCO.US,D,20200915,000000,12.133,12.162,12.03,12.085,83822,0
NMCO.US,D,20200916,000000,12.076,12.133,11.916,12.039,120211,0
NMCO.US,D,20200917,000000,12.048,12.048,11.729,11.729,256904,0
NMCO.US,D,20200918,000000,11.729,11.801,11.569,11.709,152788,0
NMCO.US,D,20200921,000000,11.626,11.729,11.54,11.662,174054,0
NMCO.US,D,20200922,000000,11.671,11.709,11.611,11.662,89517,0
NMCO.US,D,20200923,000000,11.671,11.805,11.042,11.446,140439,0
NMCO.US,D,20200924,000000,11.437,11.569,11.39,11.409,138916,0
NMCO.US,D,20200925,000000,11.437,11.54,11.437,11.474,91887,0
NMCO.US,D,20200928,000000,11.484,11.767,11.484,11.681,138782,0
NMCO.US,D,20200929,000000,11.626,11.776,11.522,11.739,64263,0
NMCO.US,D,20200930,000000,11.691,11.861,11.616,11.861,52657,0
NMCO.US,D,20201001,000000,11.851,11.984,11.701,11.974,89797,0
NMCO.US,D,20201002,000000,11.831,12.03,11.795,11.999,70351,0
NMCO.US,D,20201005,000000,11.916,11.955,11.861,11.861,60812,0
NMCO.US,D,20201006,000000,11.888,11.955,11.841,11.897,61863,0
NMCO.US,D,20201007,000000,11.907,11.926,11.767,11.776,156869,0
NMCO.US,D,20201008,000000,11.776,11.861,11.588,11.588,139608,0
NMCO.US,D,20201009,000000,11.616,11.683,11.588,11.626,80267,0
NMCO.US,D,20201012,000000,11.701,11.719,11.55,11.578,107150,0
NMCO.US,D,20201013,000000,11.606,11.626,11.509,11.616,84464,0
NMCO.US,D,20201014,000000,11.58,11.618,11.495,11.59,92536,0
NMCO.US,D,20201015,000000,11.533,11.683,11.401,11.533,145283,0
NMCO.US,D,20201016,000000,11.523,11.542,11.401,11.41,162805,0
NMCO.US,D,20201019,000000,11.447,11.566,11.363,11.533,303266,0
NMCO.US,D,20201020,000000,11.505,11.599,11.447,11.561,96351,0
NMCO.US,D,20201021,000000,11.628,11.646,11.542,11.628,135559,0
NMCO.US,D,20201022,000000,11.571,11.637,11.542,11.561,93759,0
NMCO.US,D,20201023,000000,11.505,11.542,11.419,11.457,154319,0
NMCO.US,D,20201026,000000,11.428,11.447,11.182,11.25,265426,0
NMCO.US,D,20201027,000000,11.258,11.325,11.107,11.107,313654,0
NMCO.US,D,20201028,000000,10.974,11.097,10.974,11.002,304316,0
NMCO.US,D,20201029,000000,11.041,11.087,10.993,11.002,175356,0
NMCO.US,D,20201030,000000,10.993,11.097,10.936,11.051,247230,0
NMCO.US,D,20201102,000000,11.172,11.22,11.041,11.162,170799,0
NMCO.US,D,20201103,000000,11.146,11.267,11.146,11.24,108745,0
NMCO.US,D,20201104,000000,11.286,11.533,11.267,11.533,99247,0
NMCO.US,D,20201105,000000,11.58,11.59,11.438,11.571,149329,0
NMCO.US,D,20201106,000000,11.571,11.618,11.513,11.571,69607,0
NMCO.US,D,20201109,000000,11.608,11.664,11.542,11.618,211723,0
NMCO.US,D,20201110,000000,11.616,11.655,11.542,11.655,92494,0
NMCO.US,D,20201111,000000,11.618,11.76,11.599,11.722,154114,0
NMCO.US,D,20201112,000000,11.705,11.827,11.599,11.657,154609,0
NMCO.US,D,20201113,000000,11.639,11.771,11.591,11.619,538574,0
NMCO.US,D,20201116,000000,11.629,11.689,11.588,11.609,167863,0
NMCO.US,D,20201117,000000,11.657,11.666,11.552,11.599,181954,0
NMCO.US,D,20201118,000000,11.591,11.657,11.581,11.599,230682,0
NMCO.US,D,20201119,000000,11.648,11.781,11.629,11.771,325548,0
NMCO.US,D,20201120,000000,11.744,11.837,11.695,11.837,283570,0
NMCO.US,D,20201123,000000,11.884,11.971,11.857,11.943,227603,0
NMCO.US,D,20201124,000000,11.961,12.038,11.894,11.981,311351,0
NMCO.US,D,20201125,000000,11.933,12.011,11.827,11.953,173964,0
NMCO.US,D,20201127,000000,11.961,11.991,11.943,11.971,130586,0
NMCO.US,D,20201130,000000,12.019,12.094,11.933,12.094,286952,0
NMCO.US,D,20201201,000000,12.161,12.265,12.038,12.258,359070,0
NMCO.US,D,20201202,000000,12.303,12.322,12.074,12.19,304547,0
NMCO.US,D,20201203,000000,12.17,12.265,12.122,12.2,319271,0
NMCO.US,D,20201204,000000,12.161,12.438,12.122,12.239,321718,0
NMCO.US,D,20201207,000000,12.229,12.448,12.229,12.265,322476,0
NMCO.US,D,20201208,000000,12.312,12.458,12.219,12.341,323486,0
NMCO.US,D,20201209,000000,12.361,12.458,12.273,12.293,396200,0
NMCO.US,D,20201210,000000,12.258,12.379,12.17,12.361,482228,0
NMCO.US,D,20201211,000000,12.361,12.409,12.273,12.369,253827,0
NMCO.US,D,20201214,000000,12.343,12.42,12.266,12.295,364206,0
NMCO.US,D,20201215,000000,12.295,12.401,12.25,12.324,488442,0
NMCO.US,D,20201216,000000,12.305,12.371,12.266,12.333,653218,0
NMCO.US,D,20201217,000000,12.314,12.333,12.211,12.23,475705,0
NMCO.US,D,20201218,000000,12.22,12.295,12.143,12.25,563931,0
NMCO.US,D,20201221,000000,12.171,12.25,12.153,12.211,738441,0
NMCO.US,D,20201222,000000,12.201,12.261,12.162,12.191,547649,0
NMCO.US,D,20201223,000000,12.181,12.211,12.162,12.201,430781,0
NMCO.US,D,20201224,000000,12.22,12.25,12.171,12.201,326653,0
NMCO.US,D,20201228,000000,12.211,12.25,12.153,12.181,994699,0
NMCO.US,D,20201229,000000,12.181,12.25,12.075,12.22,905576,0
NMCO.US,D,20201230,000000,12.23,12.314,12.191,12.305,530302,0
NMCO.US,D,20201231,000000,12.305,12.401,12.287,12.381,626216,0
NMCO.US,D,20210104,000000,12.42,12.496,12.275,12.371,280007,0
NMCO.US,D,20210105,000000,12.371,12.496,12.371,12.496,189777,0
NMCO.US,D,20210106,000000,12.45,12.562,12.45,12.562,229359,0
NMCO.US,D,20210107,000000,12.562,12.679,12.562,12.679,317103,0
NMCO.US,D,20210108,000000,12.689,12.745,12.679,12.707,239084,0
NMCO.US,D,20210111,000000,12.689,12.84,12.689,12.791,191997,0
NMCO.US,D,20210112,000000,12.84,12.859,12.791,12.791,257851,0
NMCO.US,D,20210113,000000,12.8,12.965,12.791,12.889,239120,0
NMCO.US,D,20210114,000000,12.928,13.006,12.881,12.938,291282,0
NMCO.US,D,20210115,000000,12.996,13.111,12.986,13.042,286709,0
NMCO.US,D,20210119,000000,13.141,13.187,13.033,13.091,237458,0
NMCO.US,D,20210120,000000,13.149,13.197,13.081,13.091,244026,0
NMCO.US,D,20210121,000000,13.091,13.207,13.052,13.141,198511,0
NMCO.US,D,20210122,000000,13.187,13.245,13.141,13.187,127571,0
NMCO.US,D,20210125,000000,13.197,13.265,13.149,13.236,306610,0
NMCO.US,D,20210126,000000,13.275,13.369,13.229,13.331,143718,0
NMCO.US,D,20210127,000000,13.379,13.485,13.245,13.418,210322,0
NMCO.US,D,20210128,000000,13.418,13.765,13.341,13.409,222966,0
NMCO.US,D,20210129,000000,13.457,13.485,13.351,13.437,551459,0
NMCO.US,D,20210201,000000,13.485,13.725,13.341,13.427,185807,0
NMCO.US,D,20210202,000000,13.437,13.533,13.437,13.475,139245,0
NMCO.US,D,20210203,000000,13.485,13.561,13.462,13.515,207554,0
NMCO.US,D,20210204,000000,13.524,13.561,13.457,13.466,206392,0
NMCO.US,D,20210205,000000,13.515,13.515,13.447,13.457,212514,0
NMCO.US,D,20210208,000000,13.505,13.581,13.475,13.485,188041,0
NMCO.US,D,20210209,000000,13.475,13.696,13.475,13.639,285529,0
NMCO.US,D,20210210,000000,13.725,13.725,13.599,13.696,91864,0
NMCO.US,D,20210211,000000,13.727,13.747,13.641,13.727,78974,0
NMCO.US,D,20210212,000000,13.727,13.76,13.689,13.698,110992,0
NMCO.US,D,20210216,000000,13.698,13.734,13.572,13.679,315806,0
NMCO.US,D,20210217,000000,13.689,13.737,13.543,13.651,224219,0
NMCO.US,D,20210218,000000,13.689,13.698,13.516,13.516,467812,0
NMCO.US,D,20210219,000000,13.582,13.593,13.476,13.496,180678,0
NMCO.US,D,20210222,000000,13.496,13.525,13.312,13.312,339942,0
NMCO.US,D,20210223,000000,13.283,13.4,13.071,13.37,427334,0
NMCO.US,D,20210224,000000,13.255,13.525,13.226,13.361,142201,0
NMCO.US,D,20210225,000000,13.351,13.38,13.14,13.236,306630,0
NMCO.US,D,20210226,000000,13.217,13.361,13.168,13.361,137367,0
NMCO.US,D,20210301,000000,13.467,13.562,13.38,13.496,127229,0
NMCO.US,D,20210302,000000,13.496,13.591,13.4,13.553,146006,0
NMCO.US,D,20210303,000000,13.543,13.543,13.41,13.458,166388,0
NMCO.US,D,20210304,000000,13.516,13.582,13.265,13.361,163291,0
NMCO.US,D,20210305,000000,13.428,13.471,13.361,13.438,52553,0
NMCO.US,D,20210308,000000,13.496,13.516,13.428,13.476,205540,0
NMCO.US,D,20210309,000000,13.476,13.562,13.467,13.516,94743,0
NMCO.US,D,20210310,000000,13.562,13.727,13.516,13.718,138236,0
NMCO.US,D,20210311,000000,13.785,13.794,13.621,13.698,185173,0
NMCO.US,D,20210312,000000,13.749,13.749,13.554,13.69,119607,0
NMCO.US,D,20210315,000000,13.749,13.768,13.653,13.729,111255,0
NMCO.US,D,20210316,000000,13.71,13.768,13.662,13.71,92767,0
NMCO.US,D,20210317,000000,13.729,13.729,13.563,13.662,107992,0
NMCO.US,D,20210318,000000,13.643,13.643,13.535,13.578,150870,0
NMCO.US,D,20210319,000000,13.643,13.661,13.544,13.633,72421,0
NMCO.US,D,20210322,000000,13.623,13.623,13.517,13.535,95215,0
NMCO.US,D,20210323,000000,13.554,13.603,13.517,13.573,95640,0
NMCO.US,D,20210324,000000,13.593,13.626,13.535,13.554,73764,0
NMCO.US,D,20210325,000000,13.544,13.593,13.411,13.554,131912,0
NMCO.US,D,20210326,000000,13.554,13.573,13.517,13.544,105759,0
NMCO.US,D,20210329,000000,13.554,13.583,13.526,13.544,135634,0
NMCO.US,D,20210330,000000,13.554,13.583,13.517,13.544,329851,0
NMCO.US,D,20210331,000000,13.583,13.653,13.535,13.583,322183,0
NMCO.US,D,20210401,000000,13.671,13.737,13.643,13.7,145017,0
NMCO.US,D,20210405,000000,13.7,13.72,13.593,13.671,131735,0
NMCO.US,D,20210406,000000,13.7,13.796,13.623,13.796,133513,0
NMCO.US,D,20210407,000000,13.796,13.845,13.729,13.796,190066,0
NMCO.US,D,20210408,000000,13.855,13.946,13.796,13.855,223391,0
NMCO.US,D,20210409,000000,13.885,14.001,13.796,13.855,122868,0
NMCO.US,D,20210412,000000,13.865,13.922,13.848,13.922,174728,0
NMCO.US,D,20210413,000000,13.922,14.087,13.866,14.03,140011,0
NMCO.US,D,20210414,000000,14.032,14.119,14.032,14.089,59338,0
NMCO.US,D,20210415,000000,14.109,14.233,14.069,14.109,119694,0
NMCO.US,D,20210416,000000,14.089,14.246,14.089,14.236,59301,0
NMCO.US,D,20210419,000000,14.236,14.236,14.04,14.059,132199,0
NMCO.US,D,20210420,000000,14.128,14.265,14.04,14.069,74809,0
NMCO.US,D,20210421,000000,14.128,14.197,14.032,14.089,74923,0
NMCO.US,D,20210422,000000,14.089,14.187,14.04,14.177,61136,0
NMCO.US,D,20210423,000000,14.177,14.302,14.148,14.284,106158,0
NMCO.US,D,20210426,000000,14.332,14.381,14.217,14.371,58982,0
NMCO.US,D,20210427,000000,14.293,14.411,14.099,14.158,174668,0
NMCO.US,D,20210428,000000,14.246,14.302,14.207,14.284,55025,0
NMCO.US,D,20210429,000000,14.342,14.42,14.089,14.158,159460,0
NMCO.US,D,20210430,000000,14.168,14.401,14.138,14.381,101445,0
NMCO.US,D,20210503,000000,14.43,14.575,14.293,14.371,166333,0
NMCO.US,D,20210504,000000,14.342,14.585,14.342,14.489,276576,0
NMCO.US,D,20210505,000000,14.585,14.585,14.391,14.508,95532,0
NMCO.US,D,20210506,000000,14.44,14.673,14.392,14.45,354996,0
NMCO.US,D,20210507,000000,14.508,14.644,14.44,14.585,180034,0
NMCO.US,D,20210510,000000,14.585,14.624,14.45,14.498,166808,0
NMCO.US,D,20210511,000000,14.575,14.634,14.479,14.555,114368,0
NMCO.US,D,20210512,000000,14.575,14.575,14.352,14.47,188879,0
NMCO.US,D,20210513,000000,14.5,14.577,14.403,14.529,108821,0
NMCO.US,D,20210514,000000,14.607,14.607,14.472,14.567,72935,0
NMCO.US,D,20210517,000000,14.557,14.557,14.515,14.548,50452,0
NMCO.US,D,20210518,000000,14.5,14.593,14.442,14.529,116829,0
NMCO.US,D,20210519,000000,14.529,14.548,14.422,14.548,162449,0
NMCO.US,D,20210520,000000,14.481,14.587,14.481,14.539,68267,0
NMCO.US,D,20210521,000000,14.597,14.597,14.422,14.52,185362,0
NMCO.US,D,20210524,000000,14.567,14.597,14.496,14.548,98717,0
NMCO.US,D,20210525,000000,14.548,14.587,14.51,14.548,139998,0
NMCO.US,D,20210526,000000,14.607,14.607,14.529,14.548,118770,0
NMCO.US,D,20210527,000000,14.587,14.587,14.539,14.548,144283,0
NMCO.US,D,20210528,000000,14.587,14.587,14.5,14.557,76200,0
NMCO.US,D,20210601,000000,14.617,14.647,14.597,14.647,156586,0
NMCO.US,D,20210602,000000,14.647,14.696,14.607,14.657,138424,0
NMCO.US,D,20210603,000000,14.706,14.773,14.686,14.763,125732,0
NMCO.US,D,20210604,000000,14.802,14.802,14.696,14.744,110795,0
NMCO.US,D,20210607,000000,14.706,14.773,14.676,14.686,135652,0
NMCO.US,D,20210608,000000,14.726,14.802,14.686,14.792,94561,0
NMCO.US,D,20210609,000000,14.792,14.831,14.754,14.792,157745,0
NMCO.US,D,20210610,000000,14.821,14.988,14.773,14.93,226751,0
NMCO.US,D,20210611,000000,14.94,14.94,14.831,14.881,149410,0
NMCO.US,D,20210614,000000,14.962,15,14.903,14.913,81217,0
NMCO.US,D,20210615,000000,14.972,14.972,14.785,14.833,133776,0
NMCO.US,D,20210616,000000,14.853,14.873,14.785,14.843,81170,0
NMCO.US,D,20210617,000000,14.863,14.883,14.717,14.873,150007,0
NMCO.US,D,20210618,000000,14.863,14.951,14.775,14.803,86404,0
NMCO.US,D,20210621,000000,14.853,14.952,14.803,14.873,91636,0
NMCO.US,D,20210622,000000,14.932,15.049,14.913,14.972,105039,0
NMCO.US,D,20210623,000000,14.922,15.03,14.922,14.962,63945,0
NMCO.US,D,20210624,000000,15.01,15.128,14.833,15.088,191321,0
NMCO.US,D,20210625,000000,15.128,15.128,14.982,15.049,70110,0
NMCO.US,D,20210628,000000,15.108,15.128,15.05,15.108,59305,0
NMCO.US,D,20210629,000000,15.138,15.148,15.098,15.118,78963,0
NMCO.US,D,20210630,000000,15.148,15.197,15.098,15.128,104319,0
NMCO.US,D,20210701,000000,15.197,15.343,15.128,15.343,132424,0
NMCO.US,D,20210702,000000,15.353,15.373,15.295,15.373,61888,0
NMCO.US,D,20210706,000000,15.304,15.462,15.265,15.373,111861,0
NMCO.US,D,20210707,000000,15.432,15.53,15.343,15.53,190687,0
NMCO.US,D,20210708,000000,15.423,15.49,15.363,15.442,85462,0
NMCO.US,D,20210709,000000,15.481,15.687,15.423,15.668,101818,0
NMCO.US,D,20210712,000000,15.658,15.932,15.605,15.775,307591,0
NMCO.US,D,20210713,000000,15.785,15.823,15.658,15.677,180680,0
NMCO.US,D,20210714,000000,15.757,15.757,15.414,15.491,138678,0
NMCO.US,D,20210715,000000,15.541,15.6,15.473,15.551,115049,0
NMCO.US,D,20210716,000000,15.63,15.718,15.463,15.511,565591,0
NMCO.US,D,20210719,000000,15.521,15.615,15.168,15.364,161390,0
NMCO.US,D,20210720,000000,15.423,15.65,15.266,15.6,121306,0
NMCO.US,D,20210721,000000,15.62,15.62,15.513,15.59,84003,0
NMCO.US,D,20210722,000000,15.64,15.645,15.364,15.433,67864,0
NMCO.US,D,20210723,000000,15.473,15.561,15.384,15.511,50708,0
NMCO.US,D,20210726,000000,15.541,15.541,15.473,15.501,79401,0
NMCO.US,D,20210727,000000,15.423,15.551,15.324,15.501,117179,0
NMCO.US,D,20210728,000000,15.561,15.65,15.423,15.6,63413,0
NMCO.US,D,20210729,000000,15.65,15.65,15.513,15.65,78002,0
NMCO.US,D,20210730,000000,15.699,15.709,15.404,15.551,106809,0
NMCO.US,D,20210802,000000,15.65,15.679,15.551,15.6,79210,0
NMCO.US,D,20210803,000000,15.551,15.551,15.443,15.482,121048,0
NMCO.US,D,20210804,000000,15.521,15.709,15.521,15.679,114884,0
NMCO.US,D,20210805,000000,15.689,15.699,15.443,15.463,95313,0
NMCO.US,D,20210806,000000,15.453,15.516,15.404,15.433,66401,0
NMCO.US,D,20210809,000000,15.473,15.6,15.473,15.58,84725,0
NMCO.US,D,20210810,000000,15.58,15.6,15.496,15.561,111397,0
NMCO.US,D,20210811,000000,15.58,15.689,15.551,15.689,130861,0
NMCO.US,D,20210812,000000,15.681,15.754,15.632,15.691,108994,0
NMCO.US,D,20210813,000000,15.711,15.739,15.592,15.739,131337,0
NMCO.US,D,20210816,000000,15.73,15.759,15.612,15.612,114912,0
NMCO.US,D,20210817,000000,15.701,15.701,15.542,15.612,108455,0
NMCO.US,D,20210818,000000,15.612,15.672,15.532,15.572,78614,0
NMCO.US,D,20210819,000000,15.552,15.754,15.512,15.592,66776,0
NMCO.US,D,20210820,000000,15.672,15.681,15.473,15.483,186067,0
NMCO.US,D,20210823,000000,15.492,15.699,15.454,15.681,150110,0
NMCO.US,D,20210824,000000,15.711,15.711,15.562,15.652,105797,0
NMCO.US,D,20210825,000000,15.691,15.691,15.473,15.582,73624,0
NMCO.US,D,20210826,000000,15.612,15.662,15.564,15.632,101989,0
NMCO.US,D,20210827,000000,15.612,15.613,15.424,15.454,187146,0
NMCO.US,D,20210830,000000,15.464,15.632,15.415,15.572,136881,0
NMCO.US,D,20210831,000000,15.542,15.662,15.483,15.483,166841,0
NMCO.US,D,20210901,000000,15.483,15.622,15.483,15.512,149368,0
NMCO.US,D,20210902,000000,15.512,15.552,15.473,15.512,82912,0
NMCO.US,D,20210903,000000,15.492,15.517,15.361,15.395,96893,0
NMCO.US,D,20210907,000000,15.395,15.532,15.395,15.454,96944,0
NMCO.US,D,20210908,000000,15.492,15.507,15.356,15.444,105802,0
NMCO.US,D,20210909,000000,15.464,15.492,15.398,15.473,90788,0
NMCO.US,D,20210910,000000,15.483,15.512,15.424,15.492,59525,0
NMCO.US,D,20210913,000000,15.483,15.72,15.444,15.612,146931,0
NMCO.US,D,20210914,000000,15.664,15.693,15.336,15.366,155594,0
NMCO.US,D,20210915,000000,15.435,15.564,15.435,15.544,74580,0
NMCO.US,D,20210916,000000,15.564,15.564,15.386,15.425,41283,0
NMCO.US,D,20210917,000000,15.445,15.514,15.406,15.445,68504,0
NMCO.US,D,20210920,000000,15.445,15.445,15.286,15.346,94040,0
NMCO.US,D,20210921,000000,15.336,15.474,15.326,15.346,86493,0
NMCO.US,D,20210922,000000,15.356,15.445,15.346,15.376,121463,0
NMCO.US,D,20210923,000000,15.406,15.406,15.276,15.286,82505,0
NMCO.US,D,20210924,000000,15.276,15.386,15.217,15.306,78642,0
NMCO.US,D,20210927,000000,15.306,15.336,15.246,15.276,118374,0
NMCO.US,D,20210928,000000,15.256,15.256,14.969,15.068,122095,0
NMCO.US,D,20210929,000000,15.078,15.276,15.068,15.118,134244,0
NMCO.US,D,20210930,000000,15.078,15.128,14.959,14.988,109340,0
NMCO.US,D,20211001,000000,15.078,15.098,14.988,15.088,81787,0
NMCO.US,D,20211004,000000,15.068,15.197,14.988,15.018,68497,0
NMCO.US,D,20211005,000000,15.088,15.118,14.83,14.84,203157,0
NMCO.US,D,20211006,000000,14.87,14.89,14.701,14.89,175415,0
NMCO.US,D,20211007,000000,14.949,15.088,14.938,14.998,106561,0
NMCO.US,D,20211008,000000,15.028,15.028,14.929,14.959,35913,0
NMCO.US,D,20211011,000000,14.979,14.979,14.929,14.949,16765,0
NMCO.US,D,20211012,000000,14.969,15.197,14.9,14.979,87695,0
NMCO.US,D,20211013,000000,15.018,15.177,14.942,15.108,84835,0
NMCO.US,D,20211014,000000,15.16,15.329,15.13,15.16,72207,0
NMCO.US,D,20211015,000000,15.12,15.21,15.035,15.14,57135,0
NMCO.US,D,20211018,000000,15.179,15.179,15.09,15.17,35103,0
NMCO.US,D,20211019,000000,15.17,15.17,14.881,15,87326,0
NMCO.US,D,20211020,000000,14.96,15.08,14.94,14.97,96736,0
NMCO.US,D,20211021,000000,14.97,15.01,14.93,14.95,49341,0
NMCO.US,D,20211022,000000,15.01,15.05,14.841,14.921,115109,0
NMCO.US,D,20211025,000000,14.911,14.94,14.791,14.93,102503,0
NMCO.US,D,20211026,000000,14.881,14.94,14.821,14.891,138546,0
NMCO.US,D,20211027,000000,14.93,14.94,14.781,14.791,294376,0
NMCO.US,D,20211028,000000,14.791,14.93,14.771,14.871,131175,0
NMCO.US,D,20211029,000000,14.871,15.13,14.851,14.98,61532,0
NMCO.US,D,20211101,000000,15.09,15.16,15,15.14,74505,0
NMCO.US,D,20211102,000000,15.17,15.269,15.115,15.249,77758,0
NMCO.US,D,20211103,000000,15.249,15.289,14.99,15.11,109045,0
NMCO.US,D,20211104,000000,15.199,15.309,15.12,15.279,62435,0
NMCO.US,D,20211105,000000,15.309,15.349,15.279,15.349,66690,0
NMCO.US,D,20211108,000000,15.389,15.578,15.326,15.528,78081,0
NMCO.US,D,20211109,000000,15.568,15.588,15.488,15.538,73449,0
NMCO.US,D,20211110,000000,15.658,17.241,15.414,15.498,114163,0
NMCO.US,D,20211111,000000,15.438,15.578,15.438,15.548,23501,0
NMCO.US,D,20211112,000000,15.53,15.67,15.5151,15.6,93710,0
NMCO.US,D,20211115,000000,15.65,15.65,15.4,15.55,82478,0
NMCO.US,D,20211116,000000,15.6,15.6,15.22,15.44,76446,0
NMCO.US,D,20211117,000000,15.44,15.46,15.33,15.41,59897,0
NMCO.US,D,20211118,000000,15.48,15.5,15.36,15.43,38600,0
NMCO.US,D,20211119,000000,15.47,15.48,15.37,15.48,28495,0
NMCO.US,D,20211122,000000,15.5,15.525,15.29,15.36,36866,0
NMCO.US,D,20211123,000000,15.36,15.4,15.2,15.32,124809,0
NMCO.US,D,20211124,000000,15.32,15.36,15.28,15.32,45686,0
NMCO.US,D,20211126,000000,15.19,15.3566,15.19,15.26,25668,0
NMCO.US,D,20211129,000000,15.37,15.47,15.35,15.41,40307,0
NMCO.US,D,20211130,000000,15.45,15.53,15.4378,15.53,78371,0
NMCO.US,D,20211201,000000,15.66,15.68,15.55,15.64,115253,0
NMCO.US,D,20211202,000000,15.67,15.67,15.57,15.64,55770,0
NMCO.US,D,20211203,000000,15.61,15.64,15.5,15.51,228710,0
NMCO.US,D,20211206,000000,15.53,15.64,15.52,15.62,53808,0
NMCO.US,D,20211207,000000,15.67,15.73,15.65,15.72,73605,0
NMCO.US,D,20211208,000000,15.73,15.73,15.61,15.7,88845,0
NMCO.US,D,20211209,000000,15.7,15.89,15.58,15.84,113698,0
NMCO.US,D,20211210,000000,15.9,15.98,15.8811,15.94,132109,0
NMCO.US,D,20211213,000000,15.95,15.95,15.7,15.72,66867,0
NMCO.US,D,20211214,000000,15.68,15.76,15.45,15.72,78443,0
NMCO.US,D,20211215,000000,15.76,15.76,15.4697,15.7,67727,0
NMCO.US,D,20211216,000000,15.81,15.9,15.52,15.6,93924,0
NMCO.US,D,20211217,000000,15.64,15.88,15.56,15.78,64309,0
NMCO.US,D,20211220,000000,15.81,15.87,15.6434,15.81,98528,0
NMCO.US,D,20211221,000000,15.83,15.866,15.67,15.8,79081,0
NMCO.US,D,20211222,000000,15.84,15.86,15.65,15.7,78977,0
NMCO.US,D,20211223,000000,15.73,15.76,15.65,15.685,49324,0
NMCO.US,D,20211227,000000,15.69,15.8299,15.64,15.73,106693,0
NMCO.US,D,20211228,000000,15.74,15.91,15.682,15.73,184701,0
NMCO.US,D,20211229,000000,15.78,15.887,15.5,15.77,194332,0
NMCO.US,D,20211230,000000,15.84,15.84,15.7105,15.83,91313,0
NMCO.US,D,20211231,000000,15.89,15.91,15.66,15.66,126728,0
NMCO.US,D,20220103,000000,15.75,15.75,15.53,15.59,80155,0
NMCO.US,D,20220104,000000,15.62,15.6497,15.49,15.59,113336,0
NMCO.US,D,20220105,000000,15.6,15.6295,15.48,15.575,100675,0
NMCO.US,D,20220106,000000,15.55,15.615,15.45,15.54,101835,0
NMCO.US,D,20220107,000000,15.58,15.63,15.48,15.5,85667,0
NMCO.US,D,20220110,000000,15.5,15.54,15.35,15.52,132797,0
NMCO.US,D,20220111,000000,15.57,15.57,15.37,15.47,82315,0
NMCO.US,D,20220112,000000,15.49,15.55,15.31,15.39,138324,0
NMCO.US,D,20220113,000000,15.41,15.41,15.2116,15.24,86481,0
NMCO.US,D,20220114,000000,15.2,15.21,14.92,14.97,253758,0
NMCO.US,D,20220118,000000,14.9,14.91,14.56,14.63,438530,0
NMCO.US,D,20220119,000000,14.63,14.82,14.48,14.67,425293,0
NMCO.US,D,20220120,000000,14.64,14.95,14.5,14.52,186520,0
NMCO.US,D,20220121,000000,14.49,14.79,14.45,14.74,614011,0
