<TICKER>,<PER>,<DATE>,<TIME>,<OPEN>,<HIGH>,<LOW>,<CLOSE>,<VOL>,<OPENINT>
NSTC.US,D,20210428,000000,9.97,9.97,9.97,9.97,2201,0
NSTC.US,D,20210429,000000,9.95,9.99,9.94,9.95,10364,0
NSTC.US,D,20210430,000000,9.83,9.83,9.82,9.83,6135,0
NSTC.US,D,20210503,000000,9.82,9.8581,9.8,9.841,14262,0
NSTC.US,D,20210506,000000,9.8556,9.95,9.84,9.9,15868,0
NSTC.US,D,20210507,000000,9.8636,9.8636,9.8636,9.8636,148,0
NSTC.US,D,20210512,000000,9.818,9.818,9.818,9.818,230,0
NSTC.US,D,20210513,000000,9.81,9.81,9.81,9.81,412,0
NSTC.US,D,20210514,000000,9.81,9.828,9.8,9.828,101233,0
NSTC.US,D,20210518,000000,9.83,9.83,9.74,9.75,6487,0
NSTC.US,D,20210520,000000,9.8,9.8,9.7,9.7,107821,0
NSTC.US,D,20210521,000000,9.7,9.745,9.7,9.71,91269,0
NSTC.US,D,20210524,000000,9.72,9.8,9.72,9.72,19123,0
NSTC.US,D,20210525,000000,9.7,9.72,9.7,9.71,17399,0
NSTC.US,D,20210526,000000,9.8009,9.845,9.8,9.8,1503,0
NSTC.US,D,20210528,000000,9.8,9.8,9.71,9.77,5490,0
NSTC.US,D,20210601,000000,9.77,9.78,9.77,9.78,1501,0
NSTC.US,D,20210602,000000,9.74,9.77,9.74,9.77,4578,0
NSTC.US,D,20210603,000000,9.75,9.79,9.75,9.79,2956,0
NSTC.US,D,20210604,000000,9.8,9.8,9.75,9.79,5401,0
NSTC.US,D,20210607,000000,9.77,9.77,9.77,9.77,1215,0
NSTC.US,D,20210608,000000,9.91,9.91,9.8,9.8,960,0
NSTC.US,D,20210609,000000,9.85,9.85,9.81,9.83,33616,0
NSTC.US,D,20210610,000000,9.83,9.85,9.83,9.85,1449,0
NSTC.US,D,20210614,000000,9.84,9.88,9.82,9.83,39183,0
NSTC.US,D,20210615,000000,9.83,9.83,9.83,9.83,305,0
NSTC.US,D,20210616,000000,9.84,9.88,9.83,9.85,8255,0
NSTC.US,D,20210617,000000,9.83,9.84,9.81,9.83,37425,0
NSTC.US,D,20210618,000000,9.83,9.85,9.82,9.82,2400,0
NSTC.US,D,20210621,000000,9.81,9.83,9.81,9.83,2640,0
NSTC.US,D,20210623,000000,9.81,9.8337,9.81,9.8337,1080,0
NSTC.US,D,20210628,000000,9.77,9.77,9.71,9.73,4142,0
NSTC.US,D,20210629,000000,9.75,9.75,9.74,9.75,87769,0
NSTC.US,D,20210630,000000,9.78,9.83,9.78,9.78,4190,0
NSTC.US,D,20210701,000000,9.76,9.78,9.75,9.75,28529,0
NSTC.US,D,20210702,000000,9.735,9.74,9.735,9.74,600,0
NSTC.US,D,20210706,000000,9.75,9.79,9.75,9.79,36053,0
NSTC.US,D,20210707,000000,9.82,9.835,9.82,9.835,282,0
NSTC.US,D,20210708,000000,9.79,9.85,9.77,9.8,6352,0
NSTC.US,D,20210709,000000,9.8,9.8,9.76,9.76,12532,0
NSTC.US,D,20210712,000000,9.76,9.77,9.75,9.77,15448,0
NSTC.US,D,20210714,000000,9.76,9.76,9.75,9.75,1994,0
NSTC.US,D,20210715,000000,9.75,9.75,9.75,9.75,709,0
NSTC.US,D,20210716,000000,9.75,9.76,9.75,9.76,700,0
NSTC.US,D,20210719,000000,9.74,9.74,9.73,9.73,12834,0
NSTC.US,D,20210720,000000,9.7301,9.75,9.7301,9.75,2200,0
NSTC.US,D,20210721,000000,9.74,9.75,9.74,9.75,100731,0
NSTC.US,D,20210727,000000,9.7,9.74,9.7,9.74,2372,0
NSTC.US,D,20210730,000000,9.73,9.73,9.73,9.73,500004,0
NSTC.US,D,20210802,000000,9.73,9.73,9.73,9.73,669,0
NSTC.US,D,20210805,000000,9.69,9.69,9.69,9.69,102,0
NSTC.US,D,20210806,000000,9.71,9.76,9.68,9.76,2144,0
NSTC.US,D,20210810,000000,9.78,9.78,9.7104,9.7104,388,0
NSTC.US,D,20210811,000000,9.69,9.69,9.69,9.69,147,0
NSTC.US,D,20210812,000000,9.71,9.73,9.69,9.73,3796,0
NSTC.US,D,20210813,000000,9.87,9.88,9.7,9.75,1403,0
NSTC.US,D,20210817,000000,9.73,9.74,9.73,9.73,922,0
NSTC.US,D,20210819,000000,9.66,9.66,9.66,9.66,200,0
NSTC.US,D,20210820,000000,9.65,9.65,9.65,9.65,601,0
NSTC.US,D,20210823,000000,9.68,9.74,9.66,9.74,56867,0
NSTC.US,D,20210824,000000,9.72,9.75,9.71,9.75,53566,0
NSTC.US,D,20210826,000000,9.7,9.75,9.7,9.75,175900,0
NSTC.US,D,20210830,000000,9.66,9.66,9.66,9.66,101,0
NSTC.US,D,20210831,000000,9.66,9.75,9.66,9.75,19289,0
NSTC.US,D,20210901,000000,9.75,9.75,9.65,9.73,15993,0
NSTC.US,D,20210902,000000,9.66,9.6943,9.66,9.6943,3102,0
NSTC.US,D,20210903,000000,9.715,9.77,9.66,9.66,7339,0
NSTC.US,D,20210907,000000,9.72,9.72,9.72,9.72,354,0
NSTC.US,D,20210908,000000,9.661,9.7163,9.661,9.6727,304,0
NSTC.US,D,20210910,000000,9.67,9.73,9.66,9.71,4761,0
NSTC.US,D,20210913,000000,9.68,9.69,9.68,9.69,1190,0
NSTC.US,D,20210914,000000,9.69,9.73,9.69,9.73,762,0
NSTC.US,D,20210915,000000,9.71,9.74,9.71,9.74,4678,0
NSTC.US,D,20210916,000000,9.73,9.75,9.73,9.74,2836,0
NSTC.US,D,20210917,000000,9.71,9.74,9.71,9.74,16816,0
NSTC.US,D,20210922,000000,9.69,9.74,9.69,9.74,18649,0
NSTC.US,D,20210928,000000,9.7,9.75,9.7,9.75,1529,0
NSTC.US,D,20210930,000000,9.72,9.74,9.72,9.74,16026,0
NSTC.US,D,20211001,000000,9.74,9.76,9.73,9.76,24459,0
NSTC.US,D,20211004,000000,9.77,9.77,9.73,9.76,752816,0
NSTC.US,D,20211005,000000,9.71,9.77,9.71,9.77,421499,0
NSTC.US,D,20211006,000000,9.76,9.77,9.73,9.77,16832,0
NSTC.US,D,20211007,000000,9.77,9.77,9.77,9.77,402,0
NSTC.US,D,20211008,000000,9.77,9.77,9.77,9.77,3729,0
NSTC.US,D,20211011,000000,9.77,9.77,9.73,9.76,67909,0
NSTC.US,D,20211013,000000,9.75,9.75,9.75,9.75,211,0
NSTC.US,D,20211014,000000,9.77,9.77,9.74,9.76,17735,0
NSTC.US,D,20211015,000000,9.77,9.77,9.74,9.76,2652,0
NSTC.US,D,20211018,000000,9.73,9.77,9.73,9.77,3305,0
NSTC.US,D,20211020,000000,9.76,9.76,9.73,9.73,300002,0
NSTC.US,D,20211025,000000,9.77,9.77,9.77,9.77,101,0
NSTC.US,D,20211027,000000,9.73,9.77,9.73,9.77,600,0
NSTC.US,D,20211028,000000,9.77,9.77,9.77,9.77,120,0
NSTC.US,D,20211029,000000,9.77,9.77,9.77,9.77,2051,0
NSTC.US,D,20211101,000000,9.77,9.77,9.765,9.77,3799,0
NSTC.US,D,20211102,000000,9.76,9.77,9.76,9.77,681,0
NSTC.US,D,20211103,000000,9.76,9.79,9.76,9.79,7030,0
NSTC.US,D,20211109,000000,9.76,9.79,9.76,9.79,530801,0
NSTC.US,D,20211110,000000,9.76,9.76,9.76,9.76,200,0
NSTC.US,D,20211112,000000,9.78,9.78,9.78,9.78,107,0
NSTC.US,D,20211115,000000,9.76,9.8,9.76,9.79,82518,0
NSTC.US,D,20211116,000000,9.76,9.79,9.76,9.79,25820,0
NSTC.US,D,20211117,000000,9.8,9.8,9.8,9.8,1600,0
NSTC.US,D,20211119,000000,9.76,9.79,9.76,9.79,15866,0
NSTC.US,D,20211122,000000,9.76,9.79,9.76,9.79,1809,0
NSTC.US,D,20211123,000000,9.8,9.8,9.77,9.77,10373,0
NSTC.US,D,20211126,000000,9.77,9.79,9.77,9.79,2700,0
NSTC.US,D,20211130,000000,9.77,9.78,9.76,9.78,14008,0
NSTC.US,D,20211201,000000,9.78,9.78,9.76,9.78,55133,0
NSTC.US,D,20211202,000000,9.76,9.78,9.76,9.78,73330,0
NSTC.US,D,20211206,000000,9.75,9.77,9.75,9.77,155413,0
NSTC.US,D,20211207,000000,9.77,9.79,9.76,9.77,107906,0
NSTC.US,D,20211208,000000,9.75,9.78,9.71,9.72,1676034,0
NSTC.US,D,20211209,000000,9.74,9.76,9.72,9.76,12771,0
NSTC.US,D,20211210,000000,9.74,9.75,9.73,9.75,1505401,0
NSTC.US,D,20211213,000000,9.76,9.76,9.74,9.74,5781,0
NSTC.US,D,20211214,000000,9.74,9.76,9.74,9.76,1010301,0
NSTC.US,D,20211215,000000,9.72,9.77,9.72,9.77,112804,0
NSTC.US,D,20211216,000000,9.74,9.74,9.72,9.73,83847,0
NSTC.US,D,20211217,000000,9.74,9.76,9.73,9.73,9925,0
NSTC.US,D,20211220,000000,9.75,9.75,9.73,9.74,3228,0
NSTC.US,D,20211221,000000,9.76,9.76,9.71,9.74,1903,0
NSTC.US,D,20211222,000000,9.74,9.75,9.72,9.75,10394,0
NSTC.US,D,20211227,000000,9.73,9.74,9.71,9.74,2092,0
NSTC.US,D,20211228,000000,9.69,9.76,9.69,9.76,4852,0
NSTC.US,D,20211229,000000,9.71,9.75,9.71,9.74,11347,0
NSTC.US,D,20211230,000000,9.72,9.75,9.71,9.75,9132,0
NSTC.US,D,20211231,000000,9.72,9.75,9.71,9.75,7362,0
NSTC.US,D,20220103,000000,9.74,9.74,9.73,9.74,101899,0
NSTC.US,D,20220104,000000,9.74,9.74,9.73,9.73,10276,0
NSTC.US,D,20220105,000000,9.74,9.74,9.72,9.73,7632,0
NSTC.US,D,20220106,000000,9.72,9.725,9.72,9.72,11093,0
NSTC.US,D,20220107,000000,9.72,9.72,9.72,9.72,9338,0
NSTC.US,D,20220110,000000,9.71,9.73,9.71,9.73,7495,0
NSTC.US,D,20220111,000000,9.72,9.73,9.72,9.72,178064,0
NSTC.US,D,20220112,000000,9.72,9.72,9.71,9.72,28583,0
NSTC.US,D,20220113,000000,9.72,9.72,9.71,9.71,7726,0
NSTC.US,D,20220118,000000,9.72,9.72,9.7,9.72,100203,0
NSTC.US,D,20220119,000000,9.7,9.72,9.7,9.72,125349,0
NSTC.US,D,20220121,000000,9.69,9.7,9.68,9.69,37674,0
