<TICKER>,<PER>,<DATE>,<TIME>,<OPEN>,<HIGH>,<LOW>,<CLOSE>,<VOL>,<OPENINT>
NTB.US,D,20160916,000000,19.78,20.002,19.372,19.504,6253913,0
NTB.US,D,20160919,000000,19.624,19.837,19.308,19.308,640946,0
NTB.US,D,20160920,000000,19.191,19.345,18.913,19.345,608200,0
NTB.US,D,20160921,000000,19.079,19.308,18.913,18.939,302505,0
NTB.US,D,20160922,000000,19.032,19.032,18.904,18.921,475896,0
NTB.US,D,20160923,000000,18.913,19.009,18.876,18.969,334117,0
NTB.US,D,20160926,000000,18.913,19.095,18.908,18.969,194861,0
NTB.US,D,20160927,000000,19.001,19.025,18.913,18.939,258158,0
NTB.US,D,20160928,000000,18.93,19.032,18.719,18.954,405260,0
NTB.US,D,20160929,000000,19.013,19.227,18.921,19.207,155997,0
NTB.US,D,20160930,000000,19.149,19.67,19.135,19.512,462323,0
NTB.US,D,20161003,000000,19.467,19.662,19.467,19.521,331845,0
NTB.US,D,20161004,000000,19.662,19.797,19.504,19.728,326296,0
NTB.US,D,20161005,000000,19.78,20.165,19.761,20.04,273966,0
NTB.US,D,20161006,000000,19.978,20.173,19.92,20.158,153971,0
NTB.US,D,20161007,000000,20.216,20.293,20.096,20.165,155754,0
NTB.US,D,20161010,000000,20.22,20.22,20.048,20.182,185846,0
NTB.US,D,20161011,000000,20.144,20.339,19.882,20.3,449393,0
NTB.US,D,20161012,000000,20.173,20.333,20.103,20.333,92282,0
NTB.US,D,20161013,000000,20.136,20.373,20.069,20.278,245809,0
NTB.US,D,20161014,000000,20.296,20.333,20.22,20.333,199729,0
NTB.US,D,20161017,000000,20.254,20.286,20.139,20.27,307022,0
NTB.US,D,20161018,000000,20.27,20.333,20.136,20.158,163821,0
NTB.US,D,20161019,000000,20.064,20.333,19.772,20.208,161610,0
NTB.US,D,20161020,000000,20.165,20.191,19.814,20.173,227156,0
NTB.US,D,20161021,000000,20.12,20.136,19.882,20.056,72098,0
NTB.US,D,20161024,000000,20.064,20.064,19.728,19.952,61494,0
NTB.US,D,20161025,000000,19.924,20.136,19.873,20.096,110790,0
NTB.US,D,20161026,000000,20.08,20.23,20.052,20.096,71189,0
NTB.US,D,20161027,000000,20.056,20.056,19.891,19.907,119391,0
NTB.US,D,20161028,000000,19.882,19.882,19.728,19.78,50319,0
NTB.US,D,20161031,000000,19.859,20.04,19.718,19.94,33947,0
NTB.US,D,20161101,000000,19.907,20.103,19.891,20.073,157150,0
NTB.US,D,20161102,000000,20.019,20.254,19.994,20.064,187403,0
NTB.US,D,20161103,000000,19.986,20.236,19.979,20.236,103572,0
NTB.US,D,20161104,000000,20.216,20.782,20.216,20.678,178217,0
NTB.US,D,20161107,000000,20.742,20.782,20.452,20.71,74439,0
NTB.US,D,20161108,000000,20.685,20.816,20.607,20.782,60581,0
NTB.US,D,20161109,000000,20.875,21.343,20.729,21.321,168980,0
NTB.US,D,20161110,000000,21.408,21.666,21.408,21.65,187428,0
NTB.US,D,20161111,000000,21.65,23.139,21.556,22.728,299361,0
NTB.US,D,20161114,000000,22.781,23.139,22.126,22.623,206085,0
NTB.US,D,20161115,000000,22.45,23.044,22.379,22.94,150366,0
NTB.US,D,20161116,000000,22.94,23.533,22.613,23.497,190346,0
NTB.US,D,20161117,000000,23.533,23.612,23.122,23.329,99256,0
NTB.US,D,20161118,000000,23.217,23.686,23.18,23.355,79238,0
NTB.US,D,20161121,000000,23.488,23.488,22.728,23.165,98224,0
NTB.US,D,20161122,000000,23.252,23.252,22.843,22.94,41740,0
NTB.US,D,20161123,000000,22.851,23.369,22.747,23.085,17889,0
NTB.US,D,20161125,000000,23.131,23.131,22.949,22.966,3866,0
NTB.US,D,20161128,000000,23.018,23.018,22.056,22.315,30325,0
NTB.US,D,20161129,000000,22.259,22.728,21.701,21.953,150445,0
NTB.US,D,20161130,000000,22.033,23.281,22.033,22.781,133525,0
NTB.US,D,20161201,000000,22.758,23.061,22.45,22.728,221945,0
NTB.US,D,20161202,000000,22.871,22.94,22.467,22.728,55954,0
NTB.US,D,20161205,000000,22.706,23.139,22.623,22.91,129788,0
NTB.US,D,20161206,000000,22.981,23.731,22.592,22.958,137548,0
NTB.US,D,20161207,000000,22.94,22.94,22.442,22.584,156437,0
NTB.US,D,20161208,000000,22.584,22.94,22.584,22.94,279942,0
NTB.US,D,20161209,000000,22.94,23.731,22.765,23.584,900730,0
NTB.US,D,20161212,000000,23.566,23.812,23.522,23.781,236059,0
NTB.US,D,20161213,000000,23.669,24.128,23.652,23.74,484252,0
NTB.US,D,20161214,000000,23.566,24.073,23.566,24.073,215248,0
NTB.US,D,20161215,000000,23.945,25.252,23.795,24.738,452303,0
NTB.US,D,20161216,000000,25.03,25.149,24.695,25.131,1682021,0
NTB.US,D,20161219,000000,25.038,25.467,24.957,25.235,326773,0
NTB.US,D,20161220,000000,25.416,25.719,24.967,25.719,227754,0
NTB.US,D,20161221,000000,25.819,26.025,25.676,25.917,263393,0
NTB.US,D,20161222,000000,26.004,26.018,25.685,25.71,182740,0
NTB.US,D,20161223,000000,25.813,25.813,25.166,25.552,86399,0
NTB.US,D,20161227,000000,25.669,25.764,25.573,25.719,79811,0
NTB.US,D,20161228,000000,25.632,25.719,25.069,25.077,96438,0
NTB.US,D,20161229,000000,25.149,25.393,24.657,25.084,119111,0
NTB.US,D,20161230,000000,25.014,25.038,24.626,24.87,92112,0
NTB.US,D,20170103,000000,25.077,25.156,24.921,24.998,105615,0
NTB.US,D,20170104,000000,25.102,26.067,24.839,25.623,333578,0
NTB.US,D,20170105,000000,25.519,25.963,25.282,25.401,167148,0
NTB.US,D,20170106,000000,25.582,25.695,25.36,25.695,142335,0
NTB.US,D,20170109,000000,25.685,25.685,25.322,25.385,98255,0
NTB.US,D,20170110,000000,25.385,25.529,25.235,25.315,228923,0
NTB.US,D,20170111,000000,25.393,25.599,25.149,25.315,61631,0
NTB.US,D,20170112,000000,25.282,25.282,24.825,24.879,50765,0
NTB.US,D,20170113,000000,24.967,25.432,24.967,25.393,308576,0
NTB.US,D,20170117,000000,25.331,25.331,24.767,25.062,256557,0
NTB.US,D,20170118,000000,25.062,25.488,25.006,25.488,183589,0
NTB.US,D,20170119,000000,25.354,25.644,25.069,25.568,174443,0
NTB.US,D,20170120,000000,25.614,26.018,25.205,25.963,134333,0
NTB.US,D,20170123,000000,25.782,26.336,25.782,26.278,169258,0
NTB.US,D,20170124,000000,26.293,26.961,26.067,26.866,247022,0
NTB.US,D,20170125,000000,26.872,27.245,26.85,27.164,186911,0
NTB.US,D,20170126,000000,27.262,27.364,26.872,26.961,53514,0
NTB.US,D,20170127,000000,26.801,26.973,26.77,26.817,38113,0
NTB.US,D,20170130,000000,26.826,26.826,26.302,26.336,30677,0
NTB.US,D,20170131,000000,26.336,26.441,25.909,26.018,89353,0
NTB.US,D,20170201,000000,26.214,26.589,26.092,26.224,707458,0
NTB.US,D,20170202,000000,26.293,26.675,26.097,26.214,814094,0
NTB.US,D,20170203,000000,26.233,26.336,25.8,26.092,75209,0
NTB.US,D,20170206,000000,26.097,26.105,25.734,25.827,71560,0
NTB.US,D,20170207,000000,25.909,25.979,25.467,25.474,88007,0
NTB.US,D,20170208,000000,25.226,25.322,24.128,24.753,211145,0
NTB.US,D,20170209,000000,24.767,25.599,24.767,25.537,158409,0
NTB.US,D,20170210,000000,25.703,25.874,25.432,25.782,147654,0
NTB.US,D,20170213,000000,25.663,25.883,25.354,25.432,105980,0
NTB.US,D,20170214,000000,25.71,26.105,25.331,25.719,146532,0
NTB.US,D,20170215,000000,25.79,26.611,25.773,26.319,116182,0
NTB.US,D,20170216,000000,26.285,26.412,25.669,25.937,81205,0
NTB.US,D,20170217,000000,25.9,26.352,25.813,26.114,109916,0
NTB.US,D,20170221,000000,26.121,26.285,25.835,26.049,53638,0
NTB.US,D,20170222,000000,25.511,25.782,25.141,25.64,208096,0
NTB.US,D,20170223,000000,25.432,25.537,24.949,25.038,5211059,0
NTB.US,D,20170224,000000,24.761,25.315,24.721,25.21,722199,0
NTB.US,D,20170227,000000,25.162,25.614,25.162,25.467,389872,0
NTB.US,D,20170228,000000,25.511,25.98,25.345,25.79,524529,0
NTB.US,D,20170301,000000,26.127,26.667,26.034,26.501,559807,0
NTB.US,D,20170302,000000,26.618,26.659,25.98,26.493,357088,0
NTB.US,D,20170303,000000,26.692,26.84,26.51,26.794,360656,0
NTB.US,D,20170306,000000,26.604,27.526,26.51,27.134,411411,0
NTB.US,D,20170307,000000,27.055,27.624,26.58,27.148,556912,0
NTB.US,D,20170308,000000,27.284,27.591,26.872,26.921,315132,0
NTB.US,D,20170309,000000,26.84,27.368,26.497,26.729,377062,0
NTB.US,D,20170310,000000,26.72,26.886,26.243,26.352,752005,0
NTB.US,D,20170313,000000,26.465,26.574,26.338,26.57,1693729,0
NTB.US,D,20170314,000000,26.579,26.672,26.369,26.514,348600,0
NTB.US,D,20170315,000000,26.522,26.6,26.272,26.427,314652,0
NTB.US,D,20170316,000000,26.514,26.552,25.952,26.193,306008,0
NTB.US,D,20170317,000000,26.243,26.448,26.174,26.369,355593,0
NTB.US,D,20170320,000000,26.427,26.427,26.094,26.128,111551,0
NTB.US,D,20170321,000000,25.555,25.962,24.924,24.995,315500,0
NTB.US,D,20170322,000000,25.036,25.434,24.652,25.243,234873,0
NTB.US,D,20170323,000000,25.297,25.637,25.1,25.197,189540,0
NTB.US,D,20170324,000000,25.197,25.262,24.708,24.763,248812,0
NTB.US,D,20170327,000000,24.341,24.508,23.806,24.244,429884,0
NTB.US,D,20170328,000000,24.244,24.36,23.869,24.253,707414,0
NTB.US,D,20170329,000000,24.3,25.469,24.239,25.235,478033,0
NTB.US,D,20170330,000000,25.443,26.018,25.443,25.673,307180,0
NTB.US,D,20170331,000000,25.724,26.082,25.426,25.482,301812,0
NTB.US,D,20170403,000000,25.608,25.97,25.373,25.859,500574,0
NTB.US,D,20170404,000000,25.752,25.874,25.564,25.745,246261,0
NTB.US,D,20170405,000000,25.797,25.797,25.297,25.355,447556,0
NTB.US,D,20170406,000000,25.402,25.817,25.316,25.482,217695,0
NTB.US,D,20170407,000000,25.462,25.527,25.225,25.418,174435,0
NTB.US,D,20170410,000000,25.505,25.555,25.124,25.323,334449,0
NTB.US,D,20170411,000000,25.278,25.364,24.954,25.278,298765,0
NTB.US,D,20170412,000000,25.323,25.323,24.796,24.981,307899,0
NTB.US,D,20170413,000000,24.891,24.956,24.422,24.508,317249,0
NTB.US,D,20170417,000000,24.678,25.076,24.422,25.053,301838,0
NTB.US,D,20170418,000000,24.964,25.148,24.779,24.986,75315,0
NTB.US,D,20170419,000000,25.131,25.38,25.003,25.282,169776,0
NTB.US,D,20170420,000000,25.482,25.833,25.364,25.752,173014,0
NTB.US,D,20170421,000000,25.666,25.673,25.252,25.364,185503,0
NTB.US,D,20170424,000000,25.716,25.788,25.532,25.651,196734,0
NTB.US,D,20170425,000000,25.732,26.018,25.637,25.707,351670,0
NTB.US,D,20170426,000000,26.346,26.481,25.805,26.193,995018,0
NTB.US,D,20170427,000000,26.331,26.522,26.185,26.208,682138,0
NTB.US,D,20170428,000000,26.338,26.585,25.923,26.552,366297,0
NTB.US,D,20170501,000000,26.736,27.399,26.736,27.128,420336,0
NTB.US,D,20170502,000000,27.035,27.209,26.974,27.097,200046,0
NTB.US,D,20170503,000000,27.128,27.51,26.881,27.224,367193,0
NTB.US,D,20170504,000000,27.23,27.72,27.191,27.679,338587,0
NTB.US,D,20170505,000000,27.75,28.215,27.575,27.67,176271,0
NTB.US,D,20170508,000000,27.711,27.808,27.399,27.641,176597,0
NTB.US,D,20170509,000000,27.679,27.766,27.318,27.536,129051,0
NTB.US,D,20170510,000000,27.359,27.662,27.266,27.423,286630,0
NTB.US,D,20170511,000000,27.383,27.723,27.013,27.705,213384,0
NTB.US,D,20170512,000000,27.537,27.694,27.416,27.545,338311,0
NTB.US,D,20170515,000000,27.448,27.57,27.408,27.439,470011,0
NTB.US,D,20170516,000000,27.448,27.537,26.964,27.431,205843,0
NTB.US,D,20170517,000000,27.156,27.344,26.496,26.616,270157,0
NTB.US,D,20170518,000000,26.561,27.021,26.382,26.842,273828,0
NTB.US,D,20170519,000000,26.868,27.263,26.868,26.889,259726,0
NTB.US,D,20170522,000000,27.021,27.021,26.634,26.842,590942,0
NTB.US,D,20170523,000000,26.819,26.925,26.681,26.835,220436,0
NTB.US,D,20170524,000000,26.842,26.842,26.52,26.763,101264,0
NTB.US,D,20170525,000000,26.722,26.957,26.616,26.722,441075,0
NTB.US,D,20170526,000000,26.616,26.722,26.471,26.706,107284,0
NTB.US,D,20170530,000000,26.513,26.73,26.231,26.73,201536,0
NTB.US,D,20170531,000000,26.643,26.738,26.465,26.585,154489,0
NTB.US,D,20170601,000000,26.593,27.053,26.345,27.038,451703,0
NTB.US,D,20170602,000000,27.038,27.256,26.842,26.925,266331,0
NTB.US,D,20170605,000000,26.86,27.206,26.681,26.748,276346,0
NTB.US,D,20170606,000000,26.643,27.156,26.447,27.005,363297,0
NTB.US,D,20170607,000000,27.093,27.616,27.084,27.56,305874,0
NTB.US,D,20170608,000000,27.56,28.381,27.545,27.85,463957,0
NTB.US,D,20170609,000000,27.917,28.486,27.871,28.141,593367,0
NTB.US,D,20170612,000000,28.077,28.407,27.271,27.795,476960,0
NTB.US,D,20170613,000000,27.997,28.214,27.891,28.141,446891,0
NTB.US,D,20170614,000000,28.027,28.214,27.85,28.108,438630,0
NTB.US,D,20170615,000000,27.923,28.197,27.923,28.044,256879,0
NTB.US,D,20170616,000000,27.948,28.407,27.907,28.174,388099,0
NTB.US,D,20170619,000000,28.381,28.571,27.85,27.9,448705,0
NTB.US,D,20170620,000000,27.858,28.204,27.408,27.416,364958,0
NTB.US,D,20170621,000000,27.423,27.511,26.908,27.19,650971,0
NTB.US,D,20170622,000000,27.279,27.303,26.673,27.06,582599,0
NTB.US,D,20170623,000000,26.969,27.317,26.643,26.755,6901467,0
NTB.US,D,20170626,000000,26.673,27.271,26.48,26.957,774755,0
NTB.US,D,20170627,000000,26.979,27.39,26.819,26.875,862874,0
NTB.US,D,20170628,000000,27.093,27.353,26.868,27.183,620620,0
NTB.US,D,20170629,000000,27.423,27.858,27.156,27.359,895361,0
NTB.US,D,20170630,000000,27.325,27.502,27.093,27.487,383848,0
NTB.US,D,20170703,000000,27.69,28.214,27.399,28.069,250324,0
NTB.US,D,20170705,000000,27.85,28.214,27.565,28.108,528190,0
NTB.US,D,20170706,000000,28.044,28.149,27.746,27.826,486511,0
NTB.US,D,20170707,000000,27.98,28.762,27.803,28.214,631038,0
NTB.US,D,20170710,000000,28.23,28.381,27.9,28.319,587807,0
NTB.US,D,20170711,000000,28.214,28.391,27.987,28.115,313904,0
NTB.US,D,20170712,000000,28.165,28.56,28.115,28.26,356322,0
NTB.US,D,20170713,000000,28.247,28.247,27.907,28.156,195200,0
NTB.US,D,20170714,000000,27.961,28.149,27.795,28.006,232369,0
NTB.US,D,20170717,000000,27.917,28.1,27.842,27.882,332000,0
NTB.US,D,20170718,000000,27.698,27.948,27.616,27.624,219841,0
NTB.US,D,20170719,000000,27.634,27.778,27.545,27.624,226563,0
NTB.US,D,20170720,000000,27.608,27.778,27.59,27.754,190426,0
NTB.US,D,20170721,000000,28.221,28.26,27.613,27.672,280646,0
NTB.US,D,20170724,000000,27.599,27.811,27.439,27.738,412261,0
NTB.US,D,20170725,000000,27.997,28.1,27.834,28.035,533285,0
NTB.US,D,20170726,000000,28.181,28.23,27.537,27.616,620686,0
NTB.US,D,20170727,000000,27.738,27.948,27.56,27.746,328779,0
NTB.US,D,20170728,000000,27.643,27.672,27.303,27.335,209438,0
NTB.US,D,20170731,000000,27.529,27.577,27.246,27.482,348479,0
NTB.US,D,20170801,000000,27.57,28.174,27.553,28.012,479198,0
NTB.US,D,20170802,000000,28.1,28.149,27.657,27.842,131397,0
NTB.US,D,20170803,000000,27.803,27.858,27.457,27.672,229555,0
NTB.US,D,20170804,000000,27.834,28.012,27.834,27.882,161191,0
NTB.US,D,20170807,000000,27.858,27.939,27.65,27.826,185447,0
NTB.US,D,20170808,000000,27.73,28.044,27.672,27.834,327268,0
NTB.US,D,20170809,000000,27.786,28.006,27.335,27.511,209707,0
NTB.US,D,20170810,000000,27.407,27.49,27.016,27.041,178297,0
NTB.US,D,20170811,000000,27.123,27.169,26.699,26.966,225759,0
NTB.US,D,20170814,000000,27.211,27.342,26.951,27.309,220570,0
NTB.US,D,20170815,000000,27.415,27.438,27.149,27.268,118573,0
NTB.US,D,20170816,000000,27.301,27.463,27.07,27.179,138567,0
NTB.US,D,20170817,000000,27.041,27.187,26.381,26.422,186739,0
NTB.US,D,20170818,000000,26.153,26.657,26.099,26.52,179176,0
NTB.US,D,20170821,000000,26.529,26.529,26.299,26.38,122454,0
NTB.US,D,20170822,000000,26.446,26.686,26.384,26.6,322770,0
NTB.US,D,20170823,000000,26.413,26.966,26.406,26.854,218221,0
NTB.US,D,20170824,000000,26.973,27.276,26.854,27.179,227358,0
NTB.US,D,20170825,000000,27.234,27.381,26.884,27.203,132040,0
NTB.US,D,20170828,000000,27.169,27.169,26.813,27.016,305217,0
NTB.US,D,20170829,000000,26.951,26.951,26.77,26.829,155661,0
NTB.US,D,20170830,000000,26.901,26.96,26.65,26.723,141821,0
NTB.US,D,20170831,000000,26.796,26.918,26.65,26.756,167634,0
NTB.US,D,20170901,000000,26.813,27.057,26.813,26.934,156062,0
NTB.US,D,20170905,000000,26.934,26.934,26.178,26.186,231744,0
NTB.US,D,20170906,000000,26.268,26.329,26.089,26.113,187575,0
NTB.US,D,20170907,000000,26.186,26.227,25.518,25.656,392133,0
NTB.US,D,20170908,000000,25.715,26.235,25.689,25.843,404957,0
NTB.US,D,20170911,000000,26.039,26.65,25.946,26.616,267589,0
NTB.US,D,20170912,000000,26.699,27.187,26.699,27.138,573403,0
NTB.US,D,20170913,000000,27.114,27.52,27.07,27.502,388207,0
NTB.US,D,20170914,000000,27.529,28.003,27.511,27.87,421361,0
NTB.US,D,20170915,000000,27.798,28.139,27.707,28.048,523070,0
NTB.US,D,20170918,000000,28.074,28.673,28.032,28.628,326227,0
NTB.US,D,20170919,000000,28.553,28.839,28.477,28.577,357181,0
NTB.US,D,20170920,000000,28.587,29.475,28.537,29.205,985961,0
NTB.US,D,20170921,000000,29.196,29.587,29.196,29.391,550024,0
NTB.US,D,20170922,000000,29.409,29.8,29.303,29.758,195168,0
NTB.US,D,20170925,000000,29.238,29.506,28.568,28.782,433580,0
NTB.US,D,20170926,000000,28.813,28.992,28.577,28.577,313877,0
NTB.US,D,20170927,000000,28.806,28.854,28.563,28.831,476460,0
NTB.US,D,20170928,000000,28.936,29.79,28.936,29.629,463243,0
NTB.US,D,20170929,000000,29.602,29.864,29.563,29.814,402529,0
NTB.US,D,20171002,000000,29.766,29.814,29.48,29.766,236679,0
NTB.US,D,20171003,000000,29.83,29.871,29.409,29.766,405689,0
NTB.US,D,20171004,000000,29.79,30.132,29.48,29.512,454230,0
NTB.US,D,20171005,000000,29.686,30.101,29.499,29.822,365736,0
NTB.US,D,20171006,000000,29.79,30.041,29.725,30.02,298628,0
NTB.US,D,20171009,000000,30.049,30.229,29.945,30.049,179087,0
NTB.US,D,20171010,000000,30.222,30.353,30.003,30.011,277809,0
NTB.US,D,20171011,000000,29.994,30.336,29.594,29.602,122485,0
NTB.US,D,20171012,000000,29.571,29.708,29.091,29.425,211507,0
NTB.US,D,20171013,000000,29.438,29.512,29.196,29.438,168119,0
NTB.US,D,20171016,000000,29.48,29.571,29.222,29.367,267906,0
NTB.US,D,20171017,000000,29.475,29.475,28.854,28.904,200071,0
NTB.US,D,20171018,000000,28.97,29.232,28.904,29.142,179051,0
NTB.US,D,20171019,000000,28.846,29.269,28.846,29.149,159594,0
NTB.US,D,20171020,000000,29.506,29.571,29.295,29.438,175260,0
NTB.US,D,20171023,000000,29.548,29.573,28.936,29.009,109050,0
NTB.US,D,20171024,000000,29.17,29.466,28.926,29.142,339492,0
NTB.US,D,20171025,000000,30.516,30.572,29.521,29.734,738091,0
NTB.US,D,20171026,000000,30.041,31.002,29.822,30.953,448699,0
NTB.US,D,20171027,000000,30.953,31.704,30.863,30.927,685541,0
NTB.US,D,20171030,000000,30.774,31.239,30.47,30.516,217390,0
NTB.US,D,20171031,000000,30.516,30.727,30.362,30.392,304073,0
NTB.US,D,20171101,000000,30.652,30.695,29.686,30.041,374083,0
NTB.US,D,20171102,000000,30.101,30.279,28.831,29.269,625712,0
NTB.US,D,20171103,000000,29.222,29.717,28.806,29.602,363160,0
NTB.US,D,20171106,000000,29.642,29.66,29.069,29.391,406829,0
NTB.US,D,20171107,000000,29.538,29.669,29.005,29.123,359483,0
NTB.US,D,20171108,000000,28.976,29.669,28.367,29.642,436241,0
NTB.US,D,20171109,000000,29.382,29.584,29.114,29.48,290765,0
NTB.US,D,20171110,000000,29.466,29.795,29.466,29.719,192839,0
NTB.US,D,20171113,000000,29.555,30.278,29.331,30.228,278915,0
NTB.US,D,20171114,000000,30.106,31.05,30.106,30.904,1203012,0
NTB.US,D,20171115,000000,30.745,31.075,30.525,30.681,351825,0
NTB.US,D,20171116,000000,30.913,31.007,30.778,30.86,293672,0
NTB.US,D,20171117,000000,30.663,30.827,30.582,30.787,202978,0
NTB.US,D,20171120,000000,30.827,30.886,30.714,30.86,411230,0
NTB.US,D,20171121,000000,31.058,31.098,30.736,30.868,515071,0
NTB.US,D,20171122,000000,30.919,31.377,30.913,31.319,212736,0
NTB.US,D,20171124,000000,31.437,31.595,31.254,31.437,76045,0
NTB.US,D,20171127,000000,31.468,31.655,31.441,31.532,466254,0
NTB.US,D,20171128,000000,31.599,32.354,31.552,32.14,711388,0
NTB.US,D,20171129,000000,32.312,32.989,32.272,32.634,946945,0
NTB.US,D,20171130,000000,32.692,33.127,32.437,32.659,724538,0
NTB.US,D,20171201,000000,32.774,33.396,31.751,32.757,648576,0
NTB.US,D,20171204,000000,33.441,33.495,32.52,32.535,868164,0
NTB.US,D,20171205,000000,32.651,32.814,31.007,31.117,939299,0
NTB.US,D,20171206,000000,31.075,31.532,30.77,31.196,445384,0
NTB.US,D,20171207,000000,31.205,31.812,31.147,31.78,239070,0
NTB.US,D,20171208,000000,31.927,31.927,31.403,31.576,125906,0
NTB.US,D,20171211,000000,31.615,31.749,31.081,31.188,240710,0
NTB.US,D,20171212,000000,31.205,31.444,30.986,30.993,236548,0
NTB.US,D,20171213,000000,31.075,31.254,30.63,30.646,300376,0
NTB.US,D,20171214,000000,30.77,30.969,30.424,30.525,152734,0
NTB.US,D,20171215,000000,30.681,31.512,30.681,30.959,815924,0
NTB.US,D,20171218,000000,31.254,31.578,30.851,31.188,471822,0
NTB.US,D,20171219,000000,31.474,31.599,30.745,30.919,457086,0
NTB.US,D,20171220,000000,31.024,31.123,30.392,30.499,343432,0
NTB.US,D,20171221,000000,30.606,30.844,30.443,30.73,423826,0
NTB.US,D,20171222,000000,30.796,31.024,30.508,30.949,175121,0
NTB.US,D,20171226,000000,30.969,31.179,30.541,30.582,216490,0
NTB.US,D,20171227,000000,30.555,30.77,30.045,30.098,235132,0
NTB.US,D,20171228,000000,30.106,30.361,29.884,30.113,301503,0
NTB.US,D,20171229,000000,30.121,30.18,29.785,29.793,333066,0
NTB.US,D,20180102,000000,29.892,30.18,29.728,30.155,275585,0
NTB.US,D,20180103,000000,30.163,30.467,29.753,30.106,256749,0
NTB.US,D,20180104,000000,30.293,30.805,30.073,30.697,494253,0
NTB.US,D,20180105,000000,31.117,31.39,30.704,30.787,421789,0
NTB.US,D,20180108,000000,30.919,31.367,30.582,31.075,368657,0
NTB.US,D,20180109,000000,31.812,32.084,31.502,31.772,405338,0
NTB.US,D,20180110,000000,31.855,32.782,31.772,32.455,339908,0
NTB.US,D,20180111,000000,32.418,33.372,32.018,33.127,366911,0
NTB.US,D,20180112,000000,33.306,33.52,32.889,33.026,340267,0
NTB.US,D,20180116,000000,33.388,33.432,33.035,33.043,215531,0
NTB.US,D,20180117,000000,33.07,33.258,32.847,33.234,270317,0
NTB.US,D,20180118,000000,33.185,33.323,33.003,33.14,262739,0
NTB.US,D,20180119,000000,33.026,33.323,32.88,33.078,391378,0
NTB.US,D,20180122,000000,33.078,33.193,32.692,32.889,292838,0
NTB.US,D,20180123,000000,32.831,33.053,32.535,32.831,698035,0
NTB.US,D,20180124,000000,33.085,33.163,32.699,32.953,335087,0
NTB.US,D,20180125,000000,33.11,33.25,32.791,33.043,270042,0
NTB.US,D,20180126,000000,33.149,33.349,32.839,33.306,223593,0
NTB.US,D,20180129,000000,33.224,33.441,33.168,33.297,133690,0
NTB.US,D,20180130,000000,33.078,33.478,33.003,33.11,181250,0
NTB.US,D,20180131,000000,33.297,33.36,32.88,32.998,317179,0
NTB.US,D,20180201,000000,32.863,33.823,32.74,33.799,295065,0
NTB.US,D,20180202,000000,33.587,33.974,33.243,33.349,262179,0
NTB.US,D,20180205,000000,32.944,33.396,32.018,32.018,632528,0
NTB.US,D,20180206,000000,31.502,32.615,31.346,32.321,1654142,0
NTB.US,D,20180207,000000,32.183,32.953,32.18,32.446,303198,0
NTB.US,D,20180208,000000,32.485,32.493,31.418,31.418,482478,0
NTB.US,D,20180209,000000,31.812,32.52,31.474,32.306,307034,0
NTB.US,D,20180212,000000,32.437,32.437,31.936,32.099,282329,0
NTB.US,D,20180213,000000,31.863,32.265,31.845,32.207,464953,0
NTB.US,D,20180214,000000,32.051,33.11,32.051,33.062,262087,0
NTB.US,D,20180215,000000,33.661,36.946,33.661,36.855,1548869,0
NTB.US,D,20180216,000000,36.837,37.002,36.377,36.436,899946,0
NTB.US,D,20180220,000000,36.837,36.946,36.837,36.837,513082,0
NTB.US,D,20180221,000000,36.796,37.937,36.796,37.725,479241,0
NTB.US,D,20180222,000000,37.782,37.879,37.47,37.602,289201,0
NTB.US,D,20180223,000000,37.807,38.908,37.807,38.876,259858,0
NTB.US,D,20180226,000000,38.908,39.406,38.612,38.741,367362,0
NTB.US,D,20180227,000000,38.741,38.995,37.659,37.833,368335,0
NTB.US,D,20180228,000000,38.049,38.189,37.675,37.757,386679,0
NTB.US,D,20180301,000000,37.7,37.741,37.269,37.369,462778,0
NTB.US,D,20180302,000000,37.252,38.081,36.916,37.833,332772,0
NTB.US,D,20180305,000000,37.842,38.081,37.409,37.833,319359,0
NTB.US,D,20180306,000000,38.089,38.621,37.608,38.593,596000,0
NTB.US,D,20180307,000000,38.287,39.086,38.24,38.984,587921,0
NTB.US,D,20180308,000000,39.106,39.263,38.403,38.578,233786,0
NTB.US,D,20180309,000000,39.014,39.099,38.652,38.825,227423,0
NTB.US,D,20180312,000000,38.859,38.99,38.659,38.703,230633,0
NTB.US,D,20180313,000000,38.786,38.934,38.578,38.9,363989,0
NTB.US,D,20180314,000000,39.008,39.19,38.652,38.751,358192,0
NTB.US,D,20180315,000000,38.859,38.859,38.337,38.461,237743,0
NTB.US,D,20180316,000000,38.602,38.741,38.295,38.329,756630,0
NTB.US,D,20180319,000000,38.314,38.88,38.001,38.816,284115,0
NTB.US,D,20180320,000000,38.9,39.163,38.678,38.793,245004,0
NTB.US,D,20180321,000000,38.94,39.091,38.694,38.816,306907,0
NTB.US,D,20180322,000000,38.42,38.486,37.418,37.501,329387,0
NTB.US,D,20180323,000000,37.492,37.761,36.21,36.21,322576,0
NTB.US,D,20180326,000000,36.831,37.85,36.617,37.617,289485,0
NTB.US,D,20180327,000000,37.807,37.807,36.805,36.912,158671,0
NTB.US,D,20180328,000000,36.897,37.296,36.458,36.608,279356,0
NTB.US,D,20180329,000000,36.889,37.451,36.789,37.154,338892,0
NTB.US,D,20180402,000000,37.171,37.283,35.888,36.071,242045,0
NTB.US,D,20180403,000000,36.153,36.706,36.135,36.639,267980,0
NTB.US,D,20180404,000000,36.094,37.13,36.094,37.006,309875,0
NTB.US,D,20180405,000000,37.319,37.825,37.178,37.668,350008,0
NTB.US,D,20180406,000000,37.46,37.668,36.366,36.839,288274,0
NTB.US,D,20180409,000000,37.26,37.718,37.006,37.038,450020,0
NTB.US,D,20180410,000000,37.551,38.269,37.213,37.991,307901,0
NTB.US,D,20180411,000000,37.873,37.923,37.435,37.775,129044,0
NTB.US,D,20180412,000000,38.022,38.156,37.807,37.891,149942,0
NTB.US,D,20180413,000000,38.156,38.156,37.428,37.536,202660,0
NTB.US,D,20180416,000000,37.635,37.882,37.311,37.784,350902,0
NTB.US,D,20180417,000000,38.081,38.081,37.063,37.304,266391,0
NTB.US,D,20180418,000000,37.527,37.923,37.213,37.784,202262,0
NTB.US,D,20180419,000000,37.718,38.395,37.511,38.278,324333,0
NTB.US,D,20180420,000000,38.221,38.585,38.106,38.52,350842,0
NTB.US,D,20180423,000000,38.703,38.908,38.305,38.395,253712,0
NTB.US,D,20180424,000000,38.569,40.3,38.569,40.25,477108,0
NTB.US,D,20180425,000000,40.357,40.365,39.969,40.176,250128,0
NTB.US,D,20180426,000000,40.58,40.858,40.307,40.648,195101,0
NTB.US,D,20180427,000000,40.662,40.662,39.899,40.017,257341,0
NTB.US,D,20180430,000000,40.307,40.307,39.282,39.282,201228,0
NTB.US,D,20180501,000000,39.141,39.978,38.852,39.935,253007,0
NTB.US,D,20180502,000000,39.969,40.002,39.413,39.786,199772,0
NTB.US,D,20180503,000000,39.811,40.438,39.602,40.388,273045,0
NTB.US,D,20180504,000000,40.096,41.094,39.995,40.938,188767,0
NTB.US,D,20180507,000000,41.064,41.089,40.522,40.688,225695,0
NTB.US,D,20180508,000000,40.67,40.805,40.477,40.763,260314,0
NTB.US,D,20180509,000000,41.089,41.089,40.67,40.955,126253,0
NTB.US,D,20180510,000000,41.012,41.186,40.704,40.837,171336,0
NTB.US,D,20180511,000000,40.837,40.981,40.445,40.522,133460,0
NTB.US,D,20180514,000000,40.722,40.722,39.737,39.802,152637,0
NTB.US,D,20180515,000000,39.702,40.462,39.693,40.179,207742,0
NTB.US,D,20180516,000000,40.211,40.522,39.852,40.319,219179,0
NTB.US,D,20180517,000000,40.371,40.487,40.144,40.304,152592,0
NTB.US,D,20180518,000000,40.455,40.469,39.862,39.971,166992,0
NTB.US,D,20180521,000000,40.053,40.438,39.985,40.438,142871,0
NTB.US,D,20180522,000000,40.469,40.855,40.211,40.329,213081,0
NTB.US,D,20180523,000000,40.287,40.287,39.386,39.602,214535,0
NTB.US,D,20180524,000000,39.219,39.237,38.703,38.978,532099,0
NTB.US,D,20180525,000000,38.845,40.162,38.845,40.028,168187,0
NTB.US,D,20180529,000000,39.846,39.928,38.901,39.176,214187,0
NTB.US,D,20180530,000000,39.495,40.012,39.368,39.987,153055,0
NTB.US,D,20180531,000000,39.829,40.388,39.728,39.846,216995,0
NTB.US,D,20180601,000000,40.137,40.235,39.979,40.179,148550,0
NTB.US,D,20180604,000000,40.204,40.469,39.802,40.287,144620,0
NTB.US,D,20180605,000000,40.304,40.329,39.719,39.895,147065,0
NTB.US,D,20180606,000000,39.885,40.1,39.852,40.028,139450,0
NTB.US,D,20180607,000000,40.179,40.179,39.294,39.528,115607,0
NTB.US,D,20180608,000000,39.626,39.737,39.229,39.395,205672,0
NTB.US,D,20180611,000000,39.335,39.602,39.093,39.519,256604,0
NTB.US,D,20180612,000000,39.512,39.979,39.319,39.635,205066,0
NTB.US,D,20180613,000000,39.877,40.544,39.754,40.338,345979,0
NTB.US,D,20180614,000000,40.347,40.697,40.028,40.229,342224,0
NTB.US,D,20180615,000000,40.053,40.235,39.862,40.019,424308,0
NTB.US,D,20180618,000000,39.552,40.469,39.185,40.053,284720,0
NTB.US,D,20180619,000000,39.719,40.132,39.565,40.045,301762,0
NTB.US,D,20180620,000000,40.244,40.379,39.987,40.287,240779,0
NTB.US,D,20180621,000000,40.287,40.477,39.686,39.76,496538,0
NTB.US,D,20180622,000000,39.945,40.416,39.746,40.104,1053488,0
NTB.US,D,20180625,000000,39.979,39.979,38.895,39.229,255205,0
NTB.US,D,20180626,000000,39.194,39.524,38.952,39.251,328603,0
NTB.US,D,20180627,000000,39.194,39.194,38.677,38.853,287278,0
NTB.US,D,20180628,000000,38.877,39.219,38.642,38.877,260860,0
NTB.US,D,20180629,000000,39.176,39.237,38.084,38.15,279053,0
NTB.US,D,20180702,000000,37.741,39.239,37.726,39.219,180104,0
NTB.US,D,20180703,000000,39.202,39.303,38.78,39.044,60026,0
NTB.US,D,20180705,000000,39.303,39.327,39.001,39.268,138415,0
NTB.US,D,20180706,000000,39.211,39.535,39.044,39.519,222862,0
NTB.US,D,20180709,000000,39.552,40.028,39.552,39.895,291146,0
NTB.US,D,20180710,000000,40.003,40.003,39.168,39.343,149201,0
NTB.US,D,20180711,000000,39.061,39.386,38.927,39.194,123554,0
NTB.US,D,20180712,000000,39.602,39.602,38.801,38.895,144583,0
NTB.US,D,20180713,000000,38.845,39.016,38.452,38.761,156510,0
NTB.US,D,20180716,000000,38.885,39.331,38.751,38.992,91383,0
NTB.US,D,20180717,000000,38.8,39.418,38.8,39.352,169288,0
NTB.US,D,20180718,000000,39.277,39.631,39.219,39.535,221039,0
NTB.US,D,20180719,000000,39.503,39.503,38.909,39.161,274578,0
NTB.US,D,20180720,000000,39.251,40.273,39.251,39.904,218158,0
NTB.US,D,20180723,000000,39.746,40.679,39.746,40.421,180789,0
NTB.US,D,20180724,000000,40.311,40.368,39.135,39.176,139151,0
NTB.US,D,20180725,000000,40.287,41.722,39.936,41.714,492565,0
NTB.US,D,20180726,000000,41.722,42.139,41.58,41.912,362268,0
NTB.US,D,20180727,000000,42.057,42.139,41.178,41.312,187661,0
NTB.US,D,20180730,000000,41.621,41.687,41.038,41.056,154728,0
NTB.US,D,20180731,000000,41.262,41.379,40.653,41.271,281368,0
NTB.US,D,20180801,000000,41.271,41.797,41.146,41.749,432661,0
NTB.US,D,20180802,000000,41.772,42.132,41.664,42.031,262393,0
NTB.US,D,20180803,000000,42.14,42.351,41.988,42.291,194226,0
NTB.US,D,20180806,000000,42.427,43.115,42.098,43.074,302416,0
NTB.US,D,20180807,000000,43.225,43.671,43.168,43.476,315502,0
NTB.US,D,20180808,000000,43.628,43.679,43.3,43.679,205393,0
NTB.US,D,20180809,000000,43.671,44.268,43.504,44.192,329299,0
NTB.US,D,20180810,000000,43.882,44.124,43.586,44.024,169884,0
NTB.US,D,20180813,000000,44.124,44.124,43.486,43.679,210470,0
NTB.US,D,20180814,000000,43.896,44.377,43.841,44.101,286857,0
NTB.US,D,20180815,000000,44.015,44.301,43.51,43.812,254755,0
NTB.US,D,20180816,000000,43.981,44.974,43.845,44.897,209569,0
NTB.US,D,20180817,000000,44.687,45.088,44.647,44.923,241257,0
NTB.US,D,20180820,000000,45.065,45.071,44.259,44.259,209765,0
NTB.US,D,20180821,000000,44.276,44.822,44.276,44.402,148612,0
NTB.US,D,20180822,000000,44.301,44.395,44.058,44.242,156148,0
NTB.US,D,20180823,000000,44.227,44.504,43.882,43.914,200467,0
NTB.US,D,20180824,000000,43.988,44.331,43.97,44.091,138164,0
NTB.US,D,20180827,000000,44.268,44.381,43.792,43.931,116943,0
NTB.US,D,20180828,000000,44.042,44.042,43.428,43.595,219184,0
NTB.US,D,20180829,000000,43.595,43.873,43.309,43.687,154785,0
NTB.US,D,20180830,000000,43.604,43.804,43.393,43.628,111797,0
NTB.US,D,20180831,000000,43.552,44.504,43.51,44.427,462177,0
NTB.US,D,20180904,000000,44.42,44.808,44.133,44.233,133571,0
NTB.US,D,20180905,000000,44.227,44.343,43.552,43.981,161683,0
NTB.US,D,20180906,000000,43.967,44.155,43.705,43.729,142004,0
NTB.US,D,20180907,000000,43.745,43.789,43.319,43.645,289192,0
NTB.US,D,20180910,000000,43.804,43.855,43.158,43.319,308707,0
NTB.US,D,20180911,000000,43.243,43.573,43.082,43.458,388161,0
NTB.US,D,20180912,000000,43.486,43.486,42.947,43.158,416499,0
NTB.US,D,20180913,000000,43.342,43.385,42.62,42.663,113456,0
NTB.US,D,20180914,000000,42.663,42.965,42.663,42.854,127284,0
NTB.US,D,20180917,000000,42.788,42.788,41.528,41.625,179842,0
NTB.US,D,20180918,000000,41.493,42.165,41.493,41.95,277129,0
NTB.US,D,20180919,000000,41.997,42.989,41.956,42.965,277948,0
NTB.US,D,20180920,000000,43.199,43.772,43.039,43.486,189381,0
NTB.US,D,20180921,000000,43.57,43.737,43.145,43.291,411504,0
NTB.US,D,20180924,000000,43.258,43.864,42.561,43.595,301647,0
NTB.US,D,20180925,000000,43.831,43.831,43.326,43.495,119107,0
NTB.US,D,20180926,000000,43.57,44.527,43.41,43.745,305620,0
NTB.US,D,20180927,000000,43.729,43.729,43.147,43.3,116978,0
NTB.US,D,20180928,000000,43.199,43.721,43.199,43.604,146396,0
NTB.US,D,20181001,000000,43.949,43.949,42.685,42.822,104787,0
NTB.US,D,20181002,000000,42.585,42.677,42.015,42.14,109516,0
NTB.US,D,20181003,000000,42.375,43.401,42.116,43.158,157368,0
NTB.US,D,20181004,000000,43.09,43.78,42.989,43.243,200103,0
NTB.US,D,20181005,000000,43.595,43.595,42.41,43.452,259649,0
NTB.US,D,20181008,000000,43.385,44.183,43.385,44.133,238426,0
NTB.US,D,20181009,000000,43.89,44.781,43.89,44.351,261876,0
NTB.US,D,20181010,000000,44.284,44.748,43.78,43.89,290811,0
NTB.US,D,20181011,000000,43.745,43.89,42.628,42.864,393445,0
NTB.US,D,20181012,000000,43.418,43.418,41.728,42.797,406649,0
NTB.US,D,20181015,000000,42.745,43.798,42.41,43.182,1004115,0
NTB.US,D,20181016,000000,43.132,43.967,42.502,43.906,505512,0
NTB.US,D,20181017,000000,43.896,44.67,43.458,44.655,279478,0
NTB.US,D,20181018,000000,44.367,44.73,44.199,44.478,423657,0
NTB.US,D,20181019,000000,44.259,44.696,43.335,43.552,574730,0
NTB.US,D,20181022,000000,43.789,44.459,43.504,43.504,422288,0
NTB.US,D,20181023,000000,42.854,43.225,41.746,43.007,466710,0
NTB.US,D,20181024,000000,40.366,41.618,29.975,33.218,4793967,0
NTB.US,D,20181025,000000,33.741,34.388,32.026,32.716,1743026,0
NTB.US,D,20181026,000000,32.093,32.866,31.89,32.277,746442,0
NTB.US,D,20181029,000000,32.649,32.74,31.477,31.859,718132,0
NTB.US,D,20181030,000000,31.849,32.842,31.829,32.774,632177,0
NTB.US,D,20181031,000000,33.169,34.271,32.959,33.876,573371,0
NTB.US,D,20181101,000000,34.01,34.858,33.717,34.498,586241,0
NTB.US,D,20181102,000000,34.718,35.301,34.718,35.279,381026,0
NTB.US,D,20181105,000000,35.227,35.413,34.718,35.076,355421,0
NTB.US,D,20181106,000000,34.923,35.329,34.582,34.88,288708,0
NTB.US,D,20181107,000000,34.965,35.745,34.31,35.72,344421,0
NTB.US,D,20181108,000000,35.643,35.983,35.117,35.252,310823,0
NTB.US,D,20181109,000000,35.194,35.279,34.727,35.057,204723,0
NTB.US,D,20181112,000000,35.076,35.186,34.302,34.344,215011,0
NTB.US,D,20181113,000000,34.294,34.455,33.275,33.521,293953,0
NTB.US,D,20181114,000000,33.86,34.149,32.733,33.147,192300,0
NTB.US,D,20181115,000000,32.997,34.081,32.792,34.056,336132,0
NTB.US,D,20181116,000000,33.682,34.429,33.529,33.86,404303,0
NTB.US,D,20181119,000000,33.758,33.87,33.223,33.606,329923,0
NTB.US,D,20181120,000000,33.198,33.476,32.216,32.257,242080,0
NTB.US,D,20181121,000000,32.462,32.997,32.128,32.741,156417,0
NTB.US,D,20181123,000000,32.512,33.106,32.385,32.867,88166,0
NTB.US,D,20181126,000000,33.3,33.717,32.935,33.597,279952,0
NTB.US,D,20181127,000000,33.309,33.845,33.309,33.734,187950,0
NTB.US,D,20181128,000000,33.785,34.566,33.615,34.115,788696,0
NTB.US,D,20181129,000000,33.817,34.285,32.665,33.521,656561,0
NTB.US,D,20181130,000000,33.42,33.691,33.073,33.674,342445,0
NTB.US,D,20181203,000000,34.184,34.406,33.477,33.682,1188250,0
NTB.US,D,20181204,000000,33.582,33.621,29.456,29.642,535821,0
NTB.US,D,20181206,000000,29.27,30.144,28.898,29.591,1216008,0
NTB.US,D,20181207,000000,29.438,30.138,29.304,29.787,713174,0
NTB.US,D,20181210,000000,29.702,29.787,29.184,29.513,275409,0
NTB.US,D,20181211,000000,29.982,29.982,29.135,29.152,408998,0
NTB.US,D,20181212,000000,29.609,29.702,29.092,29.1,238004,0
NTB.US,D,20181213,000000,29.229,29.251,28.395,28.77,379524,0
NTB.US,D,20181214,000000,28.447,29.034,27.895,27.946,347104,0
NTB.US,D,20181217,000000,27.725,28.319,27.32,27.718,317243,0
NTB.US,D,20181218,000000,27.886,27.946,27.276,27.276,335713,0
NTB.US,D,20181219,000000,27.284,27.513,26.25,26.605,636835,0
NTB.US,D,20181220,000000,26.503,26.699,25.493,25.8,770491,0
NTB.US,D,20181221,000000,25.724,26.402,25.724,25.909,616227,0
NTB.US,D,20181224,000000,25.594,26.309,25.366,25.483,147478,0
NTB.US,D,20181226,000000,25.461,26.418,24.972,26.402,469767,0
NTB.US,D,20181227,000000,25.936,26.393,25.594,26.367,289788,0
NTB.US,D,20181228,000000,26.495,27.046,26.412,26.58,284605,0
NTB.US,D,20181231,000000,26.681,27.07,26.121,26.605,281648,0
NTB.US,D,20190102,000000,26.273,27.232,26.266,27.062,212973,0
NTB.US,D,20190103,000000,26.774,27.101,26.07,26.412,278721,0
NTB.US,D,20190104,000000,26.861,27.435,26.741,27.395,252070,0
NTB.US,D,20190107,000000,27.403,28.114,27.232,27.682,249931,0
NTB.US,D,20190108,000000,27.852,28.106,27.432,27.98,238971,0
NTB.US,D,20190109,000000,28.183,28.515,27.971,28.371,232449,0
NTB.US,D,20190110,000000,28.345,28.377,27.861,28.192,158910,0
NTB.US,D,20190111,000000,28.106,28.285,27.784,27.921,192656,0
NTB.US,D,20190114,000000,27.811,28.099,27.547,27.556,236224,0
NTB.US,D,20190115,000000,28.183,28.319,27.495,27.877,336437,0
NTB.US,D,20190116,000000,28.092,28.354,28.022,28.083,320152,0
NTB.US,D,20190117,000000,27.921,29.1,27.811,28.838,694542,0
NTB.US,D,20190118,000000,28.966,29.304,28.64,29.211,316773,0
NTB.US,D,20190122,000000,29.034,29.304,28.63,28.997,220307,0
NTB.US,D,20190123,000000,29.025,29.406,28.905,29.152,283039,0
NTB.US,D,20190124,000000,29.108,29.687,29.066,29.456,242201,0
NTB.US,D,20190125,000000,29.702,30.272,29.466,30.161,250868,0
NTB.US,D,20190128,000000,29.906,30.386,29.591,30.305,258197,0
NTB.US,D,20190129,000000,30.365,31.06,30.365,30.755,218747,0
NTB.US,D,20190130,000000,30.798,30.936,30.196,30.5,303171,0
NTB.US,D,20190131,000000,30.281,30.475,29.6,29.746,266969,0
NTB.US,D,20190201,000000,29.906,30.272,29.839,29.889,250706,0
NTB.US,D,20190204,000000,29.915,30.212,29.77,29.871,274531,0
NTB.US,D,20190205,000000,29.906,30.169,29.559,29.585,205587,0
NTB.US,D,20190206,000000,29.482,29.761,29.371,29.634,277291,0
NTB.US,D,20190207,000000,29.542,29.915,29.507,29.702,284648,0
NTB.US,D,20190208,000000,29.719,29.949,29.329,29.398,170600,0
NTB.US,D,20190211,000000,29.507,29.871,29.337,29.585,364103,0
NTB.US,D,20190212,000000,29.864,30.117,29.669,30.027,394744,0
NTB.US,D,20190213,000000,30.058,30.365,30.058,30.272,122146,0
NTB.US,D,20190214,000000,29.933,30.068,29.762,29.821,172071,0
NTB.US,D,20190215,000000,30.093,30.585,29.965,30.518,225930,0
NTB.US,D,20190219,000000,30.33,30.969,30.33,30.568,418207,0
NTB.US,D,20190220,000000,31.093,35.151,31.016,34.88,844729,0
NTB.US,D,20190221,000000,34.574,35.062,34.209,34.795,718104,0
NTB.US,D,20190222,000000,35.024,35.507,34.889,34.989,365500,0
NTB.US,D,20190225,000000,35.272,35.481,34.676,34.676,486780,0
NTB.US,D,20190226,000000,34.336,34.599,33.822,34.056,252037,0
NTB.US,D,20190227,000000,33.853,34.31,33.547,33.709,426804,0
NTB.US,D,20190228,000000,33.709,34.956,33.529,34.574,741927,0
NTB.US,D,20190301,000000,34.54,34.643,33.681,34.161,302802,0
NTB.US,D,20190304,000000,34.118,34.574,33.673,34.008,777612,0
NTB.US,D,20190305,000000,33.92,34.308,33.57,33.758,232699,0
NTB.US,D,20190306,000000,33.681,33.681,32.578,32.583,212622,0
NTB.US,D,20190307,000000,32.437,32.437,31.794,31.863,234617,0
NTB.US,D,20190308,000000,31.621,32.027,31.364,31.528,416618,0
NTB.US,D,20190311,000000,31.528,32.54,31.309,32.162,500469,0
NTB.US,D,20190312,000000,32.162,32.557,31.769,31.794,274040,0
NTB.US,D,20190313,000000,31.743,31.992,31.468,31.88,465876,0
NTB.US,D,20190314,000000,31.845,32.487,31.845,32.352,154103,0
NTB.US,D,20190315,000000,32.532,32.911,32.223,32.369,475311,0
NTB.US,D,20190318,000000,32.395,32.906,32.369,32.616,189594,0
NTB.US,D,20190319,000000,32.781,33.074,32.137,32.206,211105,0
NTB.US,D,20190320,000000,32.162,32.481,31.543,31.553,454253,0
NTB.US,D,20190321,000000,31.262,31.605,30.774,30.85,186330,0
NTB.US,D,20190322,000000,30.388,30.714,28.567,28.586,685000,0
NTB.US,D,20190325,000000,28.586,29.253,28.378,29.039,728423,0
NTB.US,D,20190326,000000,29.162,29.95,28.988,29.934,202240,0
NTB.US,D,20190327,000000,29.754,30.185,29.543,30.08,135502,0
NTB.US,D,20190328,000000,30.12,30.543,29.889,30.371,137538,0
NTB.US,D,20190329,000000,30.592,30.912,30.223,30.782,262843,0
NTB.US,D,20190401,000000,31.143,31.596,30.997,31.52,201836,0
NTB.US,D,20190402,000000,31.331,31.44,30.551,30.704,178874,0
NTB.US,D,20190403,000000,31.081,31.409,30.935,31.271,149476,0
NTB.US,D,20190404,000000,31.186,31.543,31.159,31.254,125359,0
NTB.US,D,20190405,000000,31.186,31.931,30.989,31.504,207564,0
NTB.US,D,20190408,000000,31.39,31.681,31.322,31.528,109143,0
NTB.US,D,20190409,000000,31.435,31.906,30.92,30.989,204950,0
NTB.US,D,20190410,000000,30.98,31.82,30.704,31.735,137193,0
NTB.US,D,20190411,000000,31.743,32.279,31.535,31.639,102439,0
NTB.US,D,20190412,000000,31.845,32.411,31.528,32.343,130543,0
NTB.US,D,20190415,000000,32.387,32.472,31.349,31.76,130642,0
NTB.US,D,20190416,000000,31.897,32.54,31.845,32.487,124737,0
NTB.US,D,20190417,000000,32.626,32.706,32.035,32.052,150275,0
NTB.US,D,20190418,000000,31.863,32.131,31.513,31.658,135138,0
NTB.US,D,20190422,000000,31.468,31.707,31.215,31.382,81191,0
NTB.US,D,20190423,000000,31.382,32.198,31.262,32.198,186708,0
NTB.US,D,20190424,000000,32.137,32.162,31.707,32.008,364650,0
NTB.US,D,20190425,000000,32.602,33.785,32.172,33.699,201846,0
NTB.US,D,20190426,000000,33.846,34.317,33.502,34.247,220703,0
NTB.US,D,20190429,000000,34.146,34.669,33.806,34.367,432666,0
NTB.US,D,20190430,000000,34.54,34.71,34.222,34.334,176528,0
NTB.US,D,20190501,000000,34.317,34.367,33.483,34.017,184408,0
NTB.US,D,20190502,000000,34.017,34.746,34.017,34.54,167314,0
NTB.US,D,20190503,000000,34.782,35.26,34.619,35.104,168834,0
NTB.US,D,20190506,000000,34.512,34.912,34.314,34.749,156211,0
NTB.US,D,20190507,000000,34.393,34.558,33.509,33.777,215728,0
NTB.US,D,20190508,000000,33.768,34.521,33.546,33.803,115170,0
NTB.US,D,20190509,000000,33.44,34.062,33.369,33.942,92543,0
NTB.US,D,20190510,000000,33.785,33.983,33.385,33.872,110114,0
NTB.US,D,20190513,000000,33.393,33.664,33.108,33.377,235986,0
NTB.US,D,20190514,000000,33.334,33.932,33.229,33.777,103087,0
NTB.US,D,20190515,000000,33.524,33.646,33.075,33.179,152356,0
NTB.US,D,20190516,000000,33.343,34.184,33.343,33.646,170064,0
NTB.US,D,20190517,000000,33.212,33.352,32.19,32.309,252825,0
NTB.US,D,20190520,000000,32.309,33.004,32.144,32.979,153262,0
NTB.US,D,20190521,000000,33.22,33.412,33.012,33.15,168262,0
NTB.US,D,20190522,000000,32.961,32.988,32.19,32.216,105915,0
NTB.US,D,20190523,000000,31.902,31.902,30.957,31.141,150870,0
NTB.US,D,20190524,000000,31.321,31.747,31.321,31.687,71904,0
NTB.US,D,20190528,000000,31.373,31.575,30.731,30.74,122209,0
NTB.US,D,20190529,000000,30.393,30.947,30.359,30.723,152342,0
NTB.US,D,20190530,000000,30.689,30.879,29.734,29.864,162593,0
NTB.US,D,20190531,000000,29.233,29.366,28.347,28.64,814444,0
NTB.US,D,20190603,000000,28.755,29.882,28.755,29.475,203362,0
NTB.US,D,20190604,000000,29.882,30.628,29.839,30.576,196846,0
NTB.US,D,20190605,000000,30.566,30.827,30.151,30.689,164472,0
NTB.US,D,20190606,000000,30.601,30.601,29.442,29.734,247274,0
NTB.US,D,20190607,000000,29.725,29.926,29.378,29.544,221315,0
NTB.US,D,20190610,000000,29.734,30.758,29.734,30.723,193405,0
NTB.US,D,20190611,000000,31.008,31.252,30.662,30.906,212667,0
NTB.US,D,20190612,000000,30.879,31.26,30.81,31.141,142729,0
NTB.US,D,20190613,000000,31.33,31.575,30.992,31.409,160908,0
NTB.US,D,20190614,000000,31.426,31.555,30.975,31.495,165912,0
NTB.US,D,20190617,000000,31.53,31.747,31.317,31.555,139685,0
NTB.US,D,20190618,000000,31.591,32.476,31.53,31.765,145636,0
NTB.US,D,20190619,000000,31.929,32.459,31.742,31.868,89093,0
NTB.US,D,20190620,000000,32.025,32.025,31.382,31.642,112737,0
NTB.US,D,20190621,000000,31.409,31.661,31.147,31.417,233310,0
NTB.US,D,20190624,000000,31.356,31.661,30.888,30.897,254363,0
NTB.US,D,20190625,000000,30.947,30.947,30.185,30.341,511354,0
NTB.US,D,20190626,000000,30.472,30.628,30.099,30.22,180544,0
NTB.US,D,20190627,000000,30.212,30.516,30.151,30.22,517073,0
NTB.US,D,20190628,000000,30.437,30.836,29.423,29.456,2010997,0
NTB.US,D,20190701,000000,29.206,29.769,28.755,29.493,689389,0
NTB.US,D,20190702,000000,29.301,29.595,28.667,29.318,308342,0
NTB.US,D,20190703,000000,29.378,29.665,29.363,29.447,159559,0
NTB.US,D,20190705,000000,29.603,29.984,29.546,29.716,297120,0
NTB.US,D,20190708,000000,29.396,29.414,28.789,29.137,273382,0
NTB.US,D,20190709,000000,28.867,29.534,28.625,29.284,693177,0
NTB.US,D,20190710,000000,29.343,29.575,28.875,28.91,273840,0
NTB.US,D,20190711,000000,28.987,29.431,28.676,29.353,204355,0
NTB.US,D,20190712,000000,29.483,29.613,29.343,29.466,349171,0
NTB.US,D,20190715,000000,29.525,29.539,28.837,28.954,146046,0
NTB.US,D,20190716,000000,28.917,29.369,28.735,28.987,203467,0
NTB.US,D,20190717,000000,28.885,28.972,28.337,28.364,245377,0
NTB.US,D,20190718,000000,28.364,28.667,28.276,28.657,186169,0
NTB.US,D,20190719,000000,28.607,29.162,28.607,28.867,164835,0
NTB.US,D,20190722,000000,28.745,28.784,28.274,28.667,141124,0
NTB.US,D,20190723,000000,28.875,29.048,28.19,28.902,313200,0
NTB.US,D,20190724,000000,28.875,29.803,28.759,28.91,392806,0
NTB.US,D,20190725,000000,28.789,28.91,27.904,28.06,424281,0
NTB.US,D,20190726,000000,28.32,28.364,28.042,28.259,346501,0
NTB.US,D,20190729,000000,28.19,28.39,27.341,27.358,189418,0
NTB.US,D,20190730,000000,27.037,27.321,26.801,27.219,449867,0
NTB.US,D,20190731,000000,27.21,27.462,27.011,27.262,261011,0
NTB.US,D,20190801,000000,27.166,27.653,26.03,26.203,307549,0
NTB.US,D,20190802,000000,26.151,26.286,25.604,25.792,280983,0
NTB.US,D,20190805,000000,25.394,25.394,24.418,24.768,228288,0
NTB.US,D,20190806,000000,24.929,25.104,24.224,24.919,318170,0
NTB.US,D,20190807,000000,24.452,24.796,24.39,24.777,353712,0
NTB.US,D,20190808,000000,25.051,25.411,24.967,25.184,355242,0
NTB.US,D,20190809,000000,25.104,25.203,24.689,24.768,381972,0
NTB.US,D,20190812,000000,24.426,24.693,23.969,23.978,157216,0
NTB.US,D,20190813,000000,23.863,24.365,23.616,23.697,198975,0
NTB.US,D,20190814,000000,23.009,23.52,22.956,23.396,482775,0
NTB.US,D,20190815,000000,23.475,23.59,23.147,23.273,567260,0
NTB.US,D,20190816,000000,23.457,23.969,23.452,23.819,302131,0
NTB.US,D,20190819,000000,24.136,24.434,23.993,24.091,191954,0
NTB.US,D,20190820,000000,24.091,24.382,23.729,23.785,233643,0
NTB.US,D,20190821,000000,23.915,24.443,23.819,24.25,311366,0
NTB.US,D,20190822,000000,24.399,24.61,24.276,24.39,267821,0
NTB.US,D,20190823,000000,24.257,24.399,23.668,23.775,410664,0
NTB.US,D,20190826,000000,23.969,24.091,23.668,23.923,336676,0
NTB.US,D,20190827,000000,24.03,24.373,23.978,24.207,379410,0
NTB.US,D,20190828,000000,24.021,24.434,23.88,23.969,185767,0
NTB.US,D,20190829,000000,24.17,24.646,24.17,24.628,251748,0
NTB.US,D,20190830,000000,24.744,24.981,24.17,24.257,149084,0
NTB.US,D,20190903,000000,23.986,24.257,23.554,23.863,256948,0
NTB.US,D,20190904,000000,24.136,24.188,23.678,23.96,200809,0
NTB.US,D,20190905,000000,24.39,25.051,24.207,24.919,164156,0
NTB.US,D,20190906,000000,24.839,24.937,24.47,24.61,138035,0
NTB.US,D,20190909,000000,24.805,25.824,24.716,25.73,165316,0
NTB.US,D,20190910,000000,25.877,26.838,25.817,26.75,315503,0
NTB.US,D,20190911,000000,26.908,27.321,26.415,27.305,195239,0
NTB.US,D,20190912,000000,27.049,27.489,26.785,27.321,284033,0
NTB.US,D,20190913,000000,27.56,28.071,27.349,27.736,201483,0
NTB.US,D,20190916,000000,27.401,27.775,27.242,27.34,196028,0
NTB.US,D,20190917,000000,27.093,27.093,26.496,26.986,126825,0
NTB.US,D,20190918,000000,26.776,28.256,26.689,28.122,559044,0
NTB.US,D,20190919,000000,28.051,28.492,27.656,27.664,501731,0
NTB.US,D,20190920,000000,27.691,27.991,27.049,27.225,338755,0
NTB.US,D,20190923,000000,26.953,27.691,26.899,27.63,300047,0
NTB.US,D,20190924,000000,27.463,27.875,27.341,27.64,415987,0
NTB.US,D,20190925,000000,27.524,27.775,27.101,27.482,206953,0
NTB.US,D,20190926,000000,27.374,27.454,26.407,26.442,138298,0
NTB.US,D,20190927,000000,26.531,26.953,26.116,26.17,148011,0
NTB.US,D,20190930,000000,26.211,26.311,25.744,26.09,394753,0
NTB.US,D,20191001,000000,26.398,26.538,24.707,24.786,534455,0
NTB.US,D,20191002,000000,24.673,25.007,24.399,24.707,208893,0
NTB.US,D,20191003,000000,24.566,25.077,24.399,24.972,175915,0
NTB.US,D,20191004,000000,24.953,24.989,23.88,24.356,211222,0
NTB.US,D,20191007,000000,24.382,25.021,24.17,24.777,193146,0
NTB.US,D,20191008,000000,24.365,24.595,24.127,24.399,184798,0
NTB.US,D,20191009,000000,24.443,24.786,24.25,24.628,247923,0
NTB.US,D,20191010,000000,24.786,25.377,24.78,25.077,311496,0
NTB.US,D,20191011,000000,25.35,26.513,25.35,26.116,174423,0
NTB.US,D,20191014,000000,25.862,26.362,25.722,26.327,120756,0
NTB.US,D,20191015,000000,26.37,26.644,26.002,26.45,130573,0
NTB.US,D,20191016,000000,26.495,27.278,26.436,26.592,134366,0
NTB.US,D,20191017,000000,26.565,26.978,26.545,26.926,199330,0
NTB.US,D,20191018,000000,26.731,27.153,26.731,26.995,122783,0
NTB.US,D,20191021,000000,27.384,27.64,27.252,27.278,241027,0
NTB.US,D,20191022,000000,27.145,27.656,27.016,27.129,167771,0
NTB.US,D,20191023,000000,26.485,27.577,26.485,27.225,235129,0
NTB.US,D,20191024,000000,27.225,27.738,27.221,27.321,352211,0
NTB.US,D,20191025,000000,27.278,28.395,27.111,28.184,632735,0
NTB.US,D,20191028,000000,28.387,29.356,28.387,29.24,498563,0
NTB.US,D,20191029,000000,29.046,29.629,28.88,29.62,218002,0
NTB.US,D,20191030,000000,29.706,29.776,29.082,29.356,275720,0
NTB.US,D,20191031,000000,29.303,29.451,28.649,29.002,266392,0
NTB.US,D,20191101,000000,29.101,29.298,29.021,29.138,261881,0
NTB.US,D,20191104,000000,29.414,29.966,29.351,29.852,166887,0
NTB.US,D,20191105,000000,29.852,30.564,29.852,30.378,211576,0
NTB.US,D,20191106,000000,30.394,30.947,30.154,30.18,385949,0
NTB.US,D,20191107,000000,30.36,30.644,30.332,30.492,240662,0
NTB.US,D,20191108,000000,30.369,30.653,30.243,30.501,148899,0
NTB.US,D,20191111,000000,30.18,30.243,29.673,30.021,206589,0
NTB.US,D,20191112,000000,29.976,30.26,29.814,30.012,195150,0
NTB.US,D,20191113,000000,29.682,29.787,29.199,29.663,263804,0
NTB.US,D,20191114,000000,29.467,29.838,29.467,29.644,132849,0
NTB.US,D,20191115,000000,29.877,30.117,29.529,29.877,144800,0
NTB.US,D,20191118,000000,29.734,29.976,29.511,29.956,122834,0
NTB.US,D,20191119,000000,29.976,30.26,29.799,30.11,118124,0
NTB.US,D,20191120,000000,29.949,30.235,29.762,30.045,202534,0
NTB.US,D,20191121,000000,30.101,30.26,29.771,30.021,176327,0
NTB.US,D,20191122,000000,30.163,30.77,30.163,30.6,159011,0
NTB.US,D,20191125,000000,30.653,31.306,30.653,31.18,190580,0
NTB.US,D,20191126,000000,31.09,31.497,31.037,31.287,241044,0
NTB.US,D,20191127,000000,31.367,31.393,30.992,31.064,114870,0
NTB.US,D,20191129,000000,30.77,31.078,30.77,30.823,66593,0
NTB.US,D,20191202,000000,30.858,31.196,30.76,30.914,120622,0
NTB.US,D,20191203,000000,30.386,30.85,30.341,30.796,127767,0
NTB.US,D,20191204,000000,30.886,31.564,30.866,31.18,206642,0
NTB.US,D,20191205,000000,31.188,31.502,31.099,31.118,159064,0
NTB.US,D,20191206,000000,31.412,31.769,31.216,31.225,220458,0
NTB.US,D,20191209,000000,30.992,31.268,30.985,31.009,172627,0
NTB.US,D,20191210,000000,31.047,31.564,30.853,31.535,339739,0
NTB.US,D,20191211,000000,31.544,31.964,31.384,31.964,148716,0
NTB.US,D,20191212,000000,31.929,32.714,31.92,32.634,413434,0
NTB.US,D,20191213,000000,32.394,32.945,32.241,32.634,180162,0
NTB.US,D,20191216,000000,33.017,33.615,33.008,33.348,171420,0
NTB.US,D,20191217,000000,33.358,33.812,33.15,33.669,117580,0
NTB.US,D,20191218,000000,33.946,33.946,33.463,33.624,105499,0
NTB.US,D,20191219,000000,33.651,33.812,33.41,33.463,141445,0
NTB.US,D,20191220,000000,33.561,33.705,33.339,33.5,397460,0
NTB.US,D,20191223,000000,33.49,33.5,33.025,33.063,101965,0
NTB.US,D,20191224,000000,33.001,33.401,32.866,33.33,46861,0
NTB.US,D,20191226,000000,33.33,33.419,33.241,33.302,57341,0
NTB.US,D,20191227,000000,33.276,33.285,32.804,32.92,105709,0
NTB.US,D,20191230,000000,32.92,33.16,32.822,33.063,99385,0
NTB.US,D,20191231,000000,33.001,33.241,32.883,33.025,116269,0
NTB.US,D,20200102,000000,33.231,33.391,32.785,33.383,102343,0
NTB.US,D,20200103,000000,32.92,33.373,32.833,33.044,148290,0
NTB.US,D,20200106,000000,32.777,32.923,32.522,32.734,147550,0
NTB.US,D,20200107,000000,32.499,32.804,32.402,32.589,132438,0
NTB.US,D,20200108,000000,32.589,33.009,32.589,32.795,108883,0
NTB.US,D,20200109,000000,32.695,32.758,32.366,32.519,180441,0
NTB.US,D,20200110,000000,32.41,33.141,32.321,32.428,163092,0
NTB.US,D,20200113,000000,32.474,32.63,32.277,32.349,247122,0
NTB.US,D,20200114,000000,32.349,32.535,32.197,32.287,254247,0
NTB.US,D,20200115,000000,32.009,32.241,31.635,31.714,221330,0
NTB.US,D,20200116,000000,31.964,32.615,31.832,32.545,518151,0
NTB.US,D,20200117,000000,32.714,32.903,32.029,32.045,168958,0
NTB.US,D,20200121,000000,32.054,32.206,31.331,31.403,142266,0
NTB.US,D,20200122,000000,31.591,32.019,31.46,31.574,182530,0
NTB.US,D,20200123,000000,31.403,31.608,31.065,31.44,248947,0
NTB.US,D,20200124,000000,31.35,31.564,30.904,31.099,169035,0
NTB.US,D,20200127,000000,30.511,30.862,30.279,30.341,108288,0
NTB.US,D,20200128,000000,30.546,30.729,30.35,30.627,145295,0
NTB.US,D,20200129,000000,30.636,30.702,30.252,30.369,178185,0
NTB.US,D,20200130,000000,29.993,30.6,29.877,30.6,141155,0
NTB.US,D,20200131,000000,30.386,30.42,29.591,29.637,145581,0
NTB.US,D,20200203,000000,29.699,30.297,29.699,29.77,127698,0
NTB.US,D,20200204,000000,30.235,30.475,30.021,30.145,189767,0
NTB.US,D,20200205,000000,30.583,31.037,30.583,30.904,252655,0
NTB.US,D,20200206,000000,31.099,31.099,30.619,30.644,114252,0
NTB.US,D,20200207,000000,30.458,30.463,30.003,30.18,226067,0
NTB.US,D,20200210,000000,30.012,30.394,29.974,30.394,156232,0
NTB.US,D,20200211,000000,30.53,31.056,30.53,30.609,116552,0
NTB.US,D,20200212,000000,30.947,31.077,30.331,30.787,328027,0
NTB.US,D,20200213,000000,30.707,30.823,30.341,30.546,149510,0
NTB.US,D,20200214,000000,30.511,30.554,29.913,30.083,181128,0
NTB.US,D,20200218,000000,30.037,30.297,29.778,29.814,154604,0
NTB.US,D,20200219,000000,29.814,30.44,29.814,30.145,150906,0
NTB.US,D,20200220,000000,30.012,30.842,30.012,30.386,318314,0
NTB.US,D,20200221,000000,30.36,30.36,29.69,29.976,367252,0
NTB.US,D,20200224,000000,29.244,29.244,28.46,28.557,291603,0
NTB.US,D,20200225,000000,28.701,28.701,27.282,27.336,189271,0
NTB.US,D,20200226,000000,27.3,27.653,26.982,26.991,231257,0
NTB.US,D,20200227,000000,26.44,27.244,25.961,26.223,296577,0
NTB.US,D,20200228,000000,25.653,26.042,24.65,25.039,355743,0
NTB.US,D,20200302,000000,25.247,26.305,25.129,26.285,301471,0
NTB.US,D,20200303,000000,26.242,26.62,24.731,24.911,380810,0
NTB.US,D,20200304,000000,25.227,25.283,24.116,24.468,641260,0
NTB.US,D,20200305,000000,23.691,24.188,23.228,23.618,455114,0
NTB.US,D,20200306,000000,22.632,23.826,22.479,23.248,463521,0
NTB.US,D,20200309,000000,22.217,22.414,19.511,19.647,493186,0
NTB.US,D,20200310,000000,20.19,20.621,19.231,19.953,419772,0
NTB.US,D,20200311,000000,19.313,19.774,18.914,19.194,378248,0
NTB.US,D,20200312,000000,17.25,18.878,17.187,17.196,377046,0
NTB.US,D,20200313,000000,18.336,19.647,17.521,19.584,614884,0
NTB.US,D,20200316,000000,17.187,17.911,16.471,16.518,355308,0
NTB.US,D,20200317,000000,16.68,17.521,15.667,17.295,574233,0
NTB.US,D,20200318,000000,15.947,16.742,15.459,16.156,529260,0
NTB.US,D,20200319,000000,15.83,16.573,15.079,15.459,437766,0
NTB.US,D,20200320,000000,15.378,15.459,13.066,13.596,1089183,0
NTB.US,D,20200323,000000,13.361,14.779,12.447,13.759,489909,0
NTB.US,D,20200324,000000,14.535,16.399,14.218,16.389,384813,0
NTB.US,D,20200325,000000,16.282,17.239,15.207,15.413,510750,0
NTB.US,D,20200326,000000,15.595,16.219,15.423,16.083,543922,0
NTB.US,D,20200327,000000,15.378,15.459,14.373,14.935,407919,0
NTB.US,D,20200330,000000,15.378,15.966,14.961,15.885,647591,0
NTB.US,D,20200331,000000,15.459,15.807,14.945,15.404,465414,0
NTB.US,D,20200401,000000,14.779,14.779,13.912,14.03,613347,0
NTB.US,D,20200402,000000,14.03,15.223,13.842,14.988,273413,0
NTB.US,D,20200403,000000,15.026,15.241,14.3,14.437,419204,0
NTB.US,D,20200406,000000,15.288,16.128,15.17,15.622,493331,0
NTB.US,D,20200407,000000,16.291,17.049,15.595,15.675,653007,0
NTB.US,D,20200408,000000,16.092,16.663,15.739,16.282,535811,0
NTB.US,D,20200409,000000,16.282,17.639,16.282,17.339,443618,0
NTB.US,D,20200413,000000,17.396,17.593,16.227,16.924,396461,0
NTB.US,D,20200414,000000,17.486,17.549,16.649,16.905,356050,0
NTB.US,D,20200415,000000,16.191,16.337,15.595,15.912,336080,0
NTB.US,D,20200416,000000,16.055,16.115,15.17,15.567,437706,0
NTB.US,D,20200417,000000,16.282,17.137,16.282,16.59,703193,0
NTB.US,D,20200420,000000,16.247,17.349,16.029,16.663,365129,0
NTB.US,D,20200421,000000,15.966,16.68,15.903,16.137,251843,0
NTB.US,D,20200422,000000,16.67,16.824,15.541,15.641,400662,0
NTB.US,D,20200423,000000,15.622,16.486,15.622,16.101,439505,0
NTB.US,D,20200424,000000,16.219,16.717,16.048,16.582,273110,0
NTB.US,D,20200427,000000,16.68,18.01,16.68,17.82,348700,0
NTB.US,D,20200428,000000,18.497,19.076,18.027,18.38,581400,0
NTB.US,D,20200429,000000,19.042,20.298,19.032,20.073,511709,0
NTB.US,D,20200430,000000,19.61,20.053,19.005,19.91,414025,0
NTB.US,D,20200501,000000,19.9,20.316,19.076,19.774,613669,0
NTB.US,D,20200504,000000,19.81,20.253,19.122,19.747,485042,0
NTB.US,D,20200505,000000,19.992,20.471,18.643,18.77,446221,0
NTB.US,D,20200506,000000,18.861,18.895,18.102,18.102,266078,0
NTB.US,D,20200507,000000,18.226,19.42,18.226,18.634,265175,0
NTB.US,D,20200508,000000,19.213,20.253,19.209,20.19,322774,0
NTB.US,D,20200511,000000,19.938,19.938,19.323,19.756,481468,0
NTB.US,D,20200512,000000,19.8,19.941,18.861,18.942,686007,0
NTB.US,D,20200513,000000,18.552,18.682,17.649,17.759,456620,0
NTB.US,D,20200514,000000,17.148,18.276,16.863,18.268,340265,0
NTB.US,D,20200515,000000,18.175,18.746,18.008,18.581,218017,0
NTB.US,D,20200518,000000,19.828,20.826,19.682,20.743,494564,0
NTB.US,D,20200519,000000,20.918,20.918,19.838,19.883,262894,0
NTB.US,D,20200520,000000,20.326,21.252,20.199,20.873,380396,0
NTB.US,D,20200521,000000,20.734,21.252,20.467,20.55,234820,0
NTB.US,D,20200522,000000,20.734,20.799,20.04,20.531,259689,0
NTB.US,D,20200526,000000,21.687,22.683,21.464,22.443,219604,0
NTB.US,D,20200527,000000,23.497,24.144,22.591,23.994,307731,0
NTB.US,D,20200528,000000,24.366,24.366,22.674,22.765,211087,0
NTB.US,D,20200529,000000,22.232,23.109,22,22.574,245965,0
NTB.US,D,20200601,000000,22.683,23.1,22.406,22.434,235938,0
NTB.US,D,20200602,000000,21.621,22.554,21.529,21.667,376794,0
NTB.US,D,20200603,000000,22.387,23.339,22.11,23.035,391277,0
NTB.US,D,20200604,000000,22.823,23.793,22.527,23.764,261845,0
NTB.US,D,20200605,000000,25.899,26.559,25.557,25.741,409977,0
NTB.US,D,20200608,000000,26.36,26.685,25.992,26.232,293601,0
NTB.US,D,20200609,000000,25.317,25.945,25.076,25.548,256010,0
NTB.US,D,20200610,000000,25.289,25.32,24.227,24.319,260786,0
NTB.US,D,20200611,000000,22.868,23.164,21.795,21.852,289453,0
NTB.US,D,20200612,000000,23.164,23.459,21.971,22.868,338197,0
NTB.US,D,20200615,000000,22.009,22.75,21.621,22.618,398008,0
NTB.US,D,20200616,000000,23.885,24.18,23.117,23.726,210212,0
NTB.US,D,20200617,000000,23.903,23.903,22.775,22.841,166113,0
NTB.US,D,20200618,000000,22.489,23.498,22.371,23.174,135504,0
NTB.US,D,20200619,000000,23.459,23.525,22.083,22.415,413089,0
NTB.US,D,20200622,000000,22.046,22.762,21.888,22.554,169796,0
NTB.US,D,20200623,000000,23.071,23.293,22.471,22.508,196290,0
NTB.US,D,20200624,000000,22.046,22.174,21.186,21.594,193442,0
NTB.US,D,20200625,000000,21.325,22.582,21.325,22.554,273060,0
NTB.US,D,20200626,000000,22.038,22.038,21.177,21.657,689071,0
NTB.US,D,20200629,000000,22.13,22.924,22,22.471,162749,0
NTB.US,D,20200630,000000,22.174,22.887,22.174,22.536,255597,0
NTB.US,D,20200701,000000,22.618,22.638,21.639,21.677,154394,0
NTB.US,D,20200702,000000,22.471,22.823,21.648,21.751,190518,0
NTB.US,D,20200706,000000,22.425,22.75,22.267,22.683,194243,0
NTB.US,D,20200707,000000,22.307,22.498,21.712,21.77,225987,0
NTB.US,D,20200708,000000,21.712,22.165,21.51,21.888,185845,0
NTB.US,D,20200709,000000,21.687,21.917,20.882,21.029,236033,0
NTB.US,D,20200710,000000,21.112,22.277,21.112,22.258,162508,0
NTB.US,D,20200713,000000,22.582,22.98,22.234,22.517,132544,0
NTB.US,D,20200714,000000,22.415,22.775,22,22.361,226454,0
NTB.US,D,20200715,000000,22.915,23.819,22.897,23.561,367204,0
NTB.US,D,20200716,000000,23.2,23.903,23.109,23.459,126557,0
NTB.US,D,20200717,000000,23.33,23.632,22.75,22.758,165596,0
NTB.US,D,20200720,000000,22.638,22.73,22.355,22.544,110315,0
NTB.US,D,20200721,000000,22.794,23.741,22.794,23.726,161630,0
NTB.US,D,20200722,000000,23.266,23.672,23.192,23.432,223029,0
NTB.US,D,20200723,000000,24.237,24.864,23.627,24.579,289210,0
NTB.US,D,20200724,000000,24.846,25.281,24.679,24.754,289090,0
NTB.US,D,20200727,000000,24.579,24.745,24.217,24.412,222044,0
NTB.US,D,20200728,000000,24.254,24.589,24.254,24.412,179711,0
NTB.US,D,20200729,000000,24.328,24.827,24.096,24.809,134373,0
NTB.US,D,20200730,000000,24.096,24.466,23.784,24.366,130201,0
NTB.US,D,20200731,000000,24.135,24.311,23.627,24.052,163985,0
NTB.US,D,20200803,000000,24.078,24.745,23.994,24.402,179722,0
NTB.US,D,20200804,000000,24.384,24.384,23.604,23.886,132443,0
NTB.US,D,20200805,000000,24.149,24.44,23.997,24.186,203212,0
NTB.US,D,20200806,000000,24.026,24.467,24.026,24.355,178383,0
NTB.US,D,20200807,000000,24.073,24.863,23.913,24.731,551070,0
NTB.US,D,20200810,000000,24.901,25.333,24.684,24.768,482612,0
NTB.US,D,20200811,000000,25.36,26.066,25.171,25.794,399910,0
NTB.US,D,20200812,000000,26.076,26.141,25.193,25.549,160433,0
NTB.US,D,20200813,000000,25.37,25.52,25.108,25.323,95838,0
NTB.US,D,20200814,000000,25.041,25.794,25.003,25.389,102346,0
NTB.US,D,20200817,000000,25.277,25.407,24.976,25.258,137026,0
NTB.US,D,20200818,000000,25.228,25.258,24.562,24.617,134308,0
NTB.US,D,20200819,000000,24.666,25.059,24.547,24.608,92409,0
NTB.US,D,20200820,000000,24.392,24.599,24.215,24.365,131366,0
NTB.US,D,20200821,000000,24.121,24.617,23.904,24.111,124821,0
NTB.US,D,20200824,000000,24.412,24.666,24.158,24.657,125423,0
NTB.US,D,20200825,000000,25.003,25.003,24.26,24.562,152844,0
NTB.US,D,20200826,000000,24.477,24.692,23.801,23.904,163997,0
NTB.US,D,20200827,000000,24.026,24.43,23.895,24.026,187134,0
NTB.US,D,20200828,000000,24.29,24.29,23.632,23.98,122624,0
NTB.US,D,20200831,000000,23.829,23.971,23.585,23.679,181912,0
NTB.US,D,20200901,000000,23.547,23.943,23.182,23.783,133384,0
NTB.US,D,20200902,000000,23.717,24.056,23.585,23.98,131722,0
NTB.US,D,20200903,000000,24.149,24.891,23.904,23.951,183053,0
NTB.US,D,20200904,000000,24.562,24.562,23.783,24.064,133759,0
NTB.US,D,20200908,000000,23.895,23.904,23.312,23.529,181195,0
NTB.US,D,20200909,000000,23.688,23.688,23.369,23.491,166993,0
NTB.US,D,20200910,000000,23.613,23.819,23.227,23.247,162530,0
NTB.US,D,20200911,000000,23.284,23.416,22.993,23.182,140997,0
NTB.US,D,20200914,000000,23.302,23.788,23.124,23.744,189848,0
NTB.US,D,20200915,000000,23.792,23.853,23.276,23.312,202890,0
NTB.US,D,20200916,000000,23.312,23.65,23.182,23.266,191843,0
NTB.US,D,20200917,000000,23.03,23.386,22.842,23.199,146984,0
NTB.US,D,20200918,000000,23.331,23.416,22.842,22.983,599552,0
NTB.US,D,20200921,000000,22.655,22.673,21.292,21.555,257526,0
NTB.US,D,20200922,000000,21.593,21.771,20.794,20.916,236222,0
NTB.US,D,20200923,000000,20.889,21.357,20.203,20.249,273455,0
NTB.US,D,20200924,000000,20.362,21.197,20.273,20.662,267371,0
NTB.US,D,20200925,000000,20.39,20.672,20.333,20.541,166567,0
NTB.US,D,20200928,000000,20.794,21.433,20.794,21.245,307806,0
NTB.US,D,20200929,000000,21.255,21.255,20.625,20.625,414338,0
NTB.US,D,20200930,000000,20.644,21.311,20.644,20.935,200779,0
NTB.US,D,20201001,000000,20.916,21.442,20.719,21.415,210882,0
NTB.US,D,20201002,000000,21.038,22.238,21.038,22.053,171950,0
NTB.US,D,20201005,000000,22.419,23.124,22.299,23.021,168650,0
NTB.US,D,20201006,000000,23.51,24.421,23.302,23.312,224646,0
NTB.US,D,20201007,000000,23.604,24.046,23.227,23.386,169287,0
NTB.US,D,20201008,000000,23.951,24.421,23.575,23.988,188737,0
NTB.US,D,20201009,000000,24.27,24.27,23.575,23.632,123780,0
NTB.US,D,20201012,000000,23.632,24.091,23.51,23.951,156569,0
NTB.US,D,20201013,000000,23.734,23.899,23.35,23.669,193051,0
NTB.US,D,20201014,000000,23.801,24.017,23.445,23.452,135441,0
NTB.US,D,20201015,000000,23.218,23.838,23.101,23.708,332763,0
NTB.US,D,20201016,000000,23.688,24.43,23.459,24.28,186554,0
NTB.US,D,20201019,000000,24.43,24.722,24.195,24.44,209488,0
NTB.US,D,20201020,000000,24.75,25.228,24.647,25.059,144708,0
NTB.US,D,20201021,000000,24.956,25.744,24.947,25.567,157011,0
NTB.US,D,20201022,000000,25.689,26.592,25.624,26.553,210261,0
NTB.US,D,20201023,000000,26.78,27.015,26.474,26.573,169929,0
NTB.US,D,20201026,000000,26.215,26.329,25.754,26.093,104925,0
NTB.US,D,20201027,000000,25.981,25.981,24.712,24.712,203652,0
NTB.US,D,20201028,000000,24.336,24.702,24.13,24.459,220472,0
NTB.US,D,20201029,000000,23.971,24.44,23.51,24.402,338965,0
NTB.US,D,20201030,000000,24.421,24.871,24.29,24.863,242786,0
NTB.US,D,20201102,000000,25.323,26.066,24.966,25.962,162257,0
NTB.US,D,20201103,000000,26.657,27.832,26.638,27.596,347464,0
NTB.US,D,20201104,000000,27.485,27.485,25.183,25.238,209234,0
NTB.US,D,20201105,000000,25.248,26.657,25.206,26.535,143140,0
NTB.US,D,20201106,000000,26.807,26.93,25.952,26.254,155423,0
NTB.US,D,20201109,000000,28.498,30.303,28.264,29.607,411155,0
NTB.US,D,20201110,000000,30.036,31.342,29.541,30.922,263898,0
NTB.US,D,20201111,000000,30.981,30.981,29.56,30.322,196941,0
NTB.US,D,20201112,000000,29.808,29.913,28.988,29.465,277135,0
NTB.US,D,20201113,000000,29.541,30.589,29.541,30.285,186008,0
NTB.US,D,20201116,000000,31.446,31.933,30.809,31.933,222491,0
NTB.US,D,20201117,000000,31.465,32.161,31.123,32.151,143344,0
NTB.US,D,20201118,000000,32.4,32.648,31.733,31.762,156623,0
NTB.US,D,20201119,000000,31.6,31.603,30.599,31.505,100492,0
NTB.US,D,20201120,000000,31.219,31.704,30.961,31.247,231535,0
NTB.US,D,20201123,000000,31.78,32.047,31.17,31.647,104559,0
NTB.US,D,20201124,000000,32.428,32.847,32.029,32.553,176125,0
NTB.US,D,20201125,000000,31.446,32.056,31.399,31.733,110496,0
NTB.US,D,20201127,000000,31.561,31.561,30.818,30.931,137848,0
NTB.US,D,20201130,000000,30.56,30.751,30.018,30.17,238570,0
NTB.US,D,20201201,000000,30.761,30.951,29.913,30.466,212410,0
NTB.US,D,20201202,000000,30.475,30.703,29.979,30.39,151817,0
NTB.US,D,20201203,000000,30.579,30.579,29.77,30.009,135153,0
NTB.US,D,20201204,000000,30.417,30.875,30.322,30.855,159636,0
NTB.US,D,20201207,000000,30.579,30.579,29.722,30.227,99048,0
NTB.US,D,20201208,000000,29.874,30.255,29.254,29.741,182604,0
NTB.US,D,20201209,000000,30.104,30.398,29.712,29.732,156655,0
NTB.US,D,20201210,000000,29.56,29.979,29.132,29.817,155733,0
NTB.US,D,20201211,000000,29.494,29.903,29.056,29.132,130584,0
NTB.US,D,20201214,000000,29.675,29.675,28.817,28.902,142508,0
NTB.US,D,20201215,000000,29.198,29.403,28.636,29.293,170828,0
NTB.US,D,20201216,000000,29.58,29.58,28.664,29.122,201844,0
NTB.US,D,20201217,000000,29.254,29.293,28.845,29.227,185001,0
NTB.US,D,20201218,000000,29.198,29.827,29.065,29.323,676147,0
NTB.US,D,20201221,000000,29.254,29.254,28.626,29.246,147009,0
NTB.US,D,20201222,000000,29.227,29.227,28.684,28.684,131375,0
NTB.US,D,20201223,000000,28.865,29.847,28.821,29.722,121177,0
NTB.US,D,20201224,000000,29.969,29.969,29.379,29.684,37748,0
NTB.US,D,20201228,000000,29.941,30.351,29.684,29.837,72357,0
NTB.US,D,20201229,000000,29.913,29.913,29.303,29.589,107855,0
NTB.US,D,20201230,000000,29.589,30.027,29.589,29.856,88383,0
NTB.US,D,20201231,000000,29.788,30.104,29.646,29.693,97143,0
NTB.US,D,20210104,000000,30.036,30.153,29.16,29.808,150409,0
NTB.US,D,20210105,000000,29.817,30.665,29.636,30.199,174750,0
NTB.US,D,20210106,000000,30.991,33.295,30.991,32.8,211878,0
NTB.US,D,20210107,000000,32.991,33.486,32.504,32.982,194515,0
NTB.US,D,20210108,000000,33.277,33.277,32.038,32.495,137774,0
NTB.US,D,20210111,000000,31.999,32.82,31.999,32.667,71670,0
NTB.US,D,20210112,000000,32.714,33.496,32.643,33.4,129148,0
NTB.US,D,20210113,000000,33.162,33.533,32.81,33.095,159260,0
NTB.US,D,20210114,000000,33.39,33.828,33.058,33.533,171368,0
NTB.US,D,20210115,000000,32.753,33.238,32.438,32.553,146497,0
NTB.US,D,20210119,000000,32.695,32.838,31.647,31.97,124857,0
NTB.US,D,20210120,000000,31.752,31.999,31.256,31.98,81207,0
NTB.US,D,20210121,000000,31.762,31.98,31.657,31.666,89951,0
NTB.US,D,20210122,000000,31.143,32.029,31.067,31.99,128922,0
NTB.US,D,20210125,000000,31.609,31.713,30.922,31.505,105447,0
NTB.US,D,20210126,000000,31.733,31.733,30.398,30.513,78773,0
NTB.US,D,20210127,000000,29.808,30.179,28.578,29.083,282408,0
NTB.US,D,20210128,000000,29.503,30.285,29.503,30.055,168980,0
NTB.US,D,20210129,000000,29.847,30.17,28.845,28.979,204247,0
NTB.US,D,20210201,000000,28.816,29.531,28.639,29.503,107233,0
NTB.US,D,20210202,000000,29.874,29.874,29.541,29.712,101691,0
NTB.US,D,20210203,000000,29.512,29.874,29.36,29.732,91059,0
NTB.US,D,20210204,000000,29.656,30.629,29.656,30.56,92708,0
NTB.US,D,20210205,000000,30.855,30.999,30.361,30.847,100461,0
NTB.US,D,20210208,000000,30.875,31.266,30.811,31.266,136102,0
NTB.US,D,20210209,000000,30.991,31.704,30.855,31.676,108705,0
NTB.US,D,20210210,000000,31.742,31.923,31.228,31.694,130838,0
NTB.US,D,20210211,000000,31.809,32.685,30.914,31.093,150918,0
NTB.US,D,20210212,000000,31.515,31.98,31.17,31.523,114251,0
NTB.US,D,20210216,000000,31.742,32.381,31.647,32.066,208701,0
NTB.US,D,20210217,000000,32.066,32.286,31.876,32.114,154397,0
NTB.US,D,20210218,000000,31.818,32.009,31.313,31.361,116589,0
NTB.US,D,20210219,000000,31.485,32.305,31.485,32.181,228402,0
NTB.US,D,20210222,000000,31.78,32.724,31.429,32.667,562013,0
NTB.US,D,20210223,000000,32.628,33.728,32.58,33.101,172378,0
NTB.US,D,20210224,000000,33.226,34.703,33.226,34.549,182860,0
NTB.US,D,20210225,000000,34.519,35.476,34.519,35.167,272086,0
NTB.US,D,20210226,000000,34.646,35.563,34.592,35.224,256734,0
NTB.US,D,20210301,000000,35.842,36.45,35.563,36.249,236067,0
NTB.US,D,20210302,000000,36.055,36.055,35.668,35.949,195331,0
NTB.US,D,20210303,000000,36.393,38.093,36.393,37.223,289046,0
NTB.US,D,20210304,000000,37.175,37.996,35.08,35.718,184208,0
NTB.US,D,20210305,000000,36.518,37.155,35.549,37.021,172608,0
NTB.US,D,20210308,000000,37.58,38.304,37.281,37.802,127170,0
NTB.US,D,20210309,000000,37.522,37.57,36.567,36.596,132640,0
NTB.US,D,20210310,000000,36.673,37.86,36.596,37.252,210451,0
NTB.US,D,20210311,000000,37.465,37.783,36.915,37.754,159371,0
NTB.US,D,20210312,000000,38.314,39.192,38.17,39.095,254790,0
NTB.US,D,20210315,000000,39.095,39.414,37.812,38.217,186480,0
NTB.US,D,20210316,000000,38.217,38.604,37.599,38.033,162177,0
NTB.US,D,20210317,000000,38.468,38.564,37.765,38.217,89478,0
NTB.US,D,20210318,000000,38.623,39.926,38.619,39.076,192670,0
NTB.US,D,20210319,000000,39.192,39.192,38.16,39.038,480328,0
NTB.US,D,20210322,000000,38.758,38.758,36.683,37.706,192952,0
NTB.US,D,20210323,000000,37.368,37.802,36.266,36.45,124401,0
NTB.US,D,20210324,000000,36.894,37.455,35.901,35.91,196338,0
NTB.US,D,20210325,000000,35.736,36.354,35.331,36.132,205925,0
NTB.US,D,20210326,000000,36.914,37.03,36.363,36.807,129116,0
NTB.US,D,20210329,000000,36.441,36.789,35.553,35.727,113667,0
NTB.US,D,20210330,000000,35.978,37.049,35.959,36.789,152054,0
NTB.US,D,20210331,000000,37.011,37.378,36.596,36.894,188696,0
NTB.US,D,20210401,000000,37.136,37.261,36.431,36.653,121520,0
NTB.US,D,20210405,000000,37.522,37.522,36.393,36.894,128643,0
NTB.US,D,20210406,000000,36.624,37.088,36.117,36.18,114931,0
NTB.US,D,20210407,000000,36.249,36.418,35.631,35.805,123108,0
NTB.US,D,20210408,000000,35.65,36.239,35.023,35.997,97120,0
NTB.US,D,20210409,000000,36.286,36.383,35.878,36.142,118091,0
NTB.US,D,20210412,000000,36.354,36.904,36.306,36.76,83892,0
NTB.US,D,20210413,000000,36.46,36.46,35.65,35.765,77041,0
NTB.US,D,20210414,000000,35.872,36.765,35.819,36.567,78091,0
NTB.US,D,20210415,000000,36.779,36.798,36.112,36.721,126916,0
NTB.US,D,20210416,000000,37.397,37.465,36.721,37.301,169277,0
NTB.US,D,20210419,000000,37.175,37.562,36.775,37.107,102999,0
NTB.US,D,20210420,000000,36.76,36.827,36.006,36.219,143292,0
NTB.US,D,20210421,000000,35.891,36.924,35.891,36.817,119278,0
NTB.US,D,20210422,000000,36.866,36.866,36.132,36.393,154122,0
NTB.US,D,20210423,000000,36.537,37.763,36.465,37.609,153455,0
NTB.US,D,20210426,000000,37.86,38.237,37.338,37.455,81306,0
NTB.US,D,20210427,000000,37.415,37.619,36.971,37.522,126431,0
NTB.US,D,20210428,000000,37.455,38.033,37.184,37.899,115156,0
NTB.US,D,20210429,000000,37.966,38.584,37.011,37.57,130002,0
NTB.US,D,20210430,000000,37.291,38.815,37.291,37.86,236207,0
NTB.US,D,20210503,000000,38.217,38.604,37.619,38.381,118698,0
NTB.US,D,20210504,000000,37.966,38.42,37.706,38.083,120634,0
NTB.US,D,20210505,000000,38.033,38.507,38.033,38.227,63492,0
NTB.US,D,20210506,000000,38.237,38.458,37.869,38.44,56569,0
NTB.US,D,20210507,000000,38.043,38.883,37.942,38.748,86678,0
NTB.US,D,20210510,000000,38.912,39.319,38.574,38.574,161923,0
NTB.US,D,20210511,000000,38.115,38.594,37.667,37.852,139739,0
NTB.US,D,20210512,000000,38.037,38.272,36.28,36.505,130636,0
NTB.US,D,20210513,000000,36.603,38.057,36.31,37.949,151033,0
NTB.US,D,20210514,000000,37.979,38.496,37.579,38.37,112517,0
NTB.US,D,20210517,000000,38.174,38.379,37.735,38.282,46833,0
NTB.US,D,20210518,000000,38.291,38.506,37.52,37.579,63396,0
NTB.US,D,20210519,000000,37.12,37.435,36.393,37.364,83772,0
NTB.US,D,20210520,000000,37.218,37.452,36.456,37.374,96222,0
NTB.US,D,20210521,000000,37.901,38.282,37.374,37.745,97168,0
NTB.US,D,20210524,000000,37.871,37.871,36.807,37.052,108345,0
NTB.US,D,20210525,000000,37.061,37.247,35.841,35.861,201028,0
NTB.US,D,20210526,000000,35.861,36.749,35.841,36.729,88714,0
NTB.US,D,20210527,000000,37.218,37.432,36.769,37.052,120176,0
NTB.US,D,20210528,000000,37.169,37.354,36.408,37.228,113530,0
NTB.US,D,20210601,000000,37.598,37.871,36.973,37.023,70394,0
NTB.US,D,20210602,000000,37.169,37.208,36.729,37.013,144468,0
NTB.US,D,20210603,000000,37.023,37.256,36.925,36.993,79662,0
NTB.US,D,20210604,000000,37.14,37.14,36.34,36.525,126200,0
NTB.US,D,20210607,000000,36.544,36.798,36.027,36.603,144112,0
NTB.US,D,20210608,000000,36.358,36.486,36.124,36.183,80815,0
NTB.US,D,20210609,000000,36.066,36.086,35.587,35.655,86723,0
NTB.US,D,20210610,000000,35.978,36.095,35.07,35.09,69481,0
NTB.US,D,20210611,000000,35.128,35.768,35.128,35.637,79592,0
NTB.US,D,20210614,000000,35.647,35.841,35.041,35.295,83395,0
NTB.US,D,20210615,000000,35.334,36.505,35.334,36.418,113603,0
NTB.US,D,20210616,000000,36.212,37.256,35.851,36.925,127077,0
NTB.US,D,20210617,000000,37.003,37.266,35.353,35.831,158193,0
NTB.US,D,20210618,000000,35.647,35.753,34.485,35.08,279081,0
NTB.US,D,20210621,000000,35.597,36.192,35.461,35.725,108714,0
NTB.US,D,20210622,000000,35.529,35.783,34.953,35.578,75772,0
NTB.US,D,20210623,000000,35.49,35.812,35.353,35.451,100565,0
NTB.US,D,20210624,000000,35.822,35.988,35.304,35.831,114714,0
NTB.US,D,20210625,000000,35.959,36.149,35.597,35.783,375891,0
NTB.US,D,20210628,000000,35.725,35.768,34.826,35.09,142084,0
NTB.US,D,20210629,000000,35.266,35.49,34.592,34.641,77920,0
NTB.US,D,20210630,000000,34.231,34.797,33.803,34.601,322333,0
NTB.US,D,20210701,000000,35.032,35.178,34.468,35.158,106228,0
NTB.US,D,20210702,000000,35.041,35.148,34.699,34.865,88978,0
NTB.US,D,20210706,000000,34.807,34.846,33.83,34.67,162792,0
NTB.US,D,20210707,000000,34.26,35.022,34.241,34.651,98878,0
NTB.US,D,20210708,000000,33.968,34.358,33.509,33.821,192559,0
NTB.US,D,20210709,000000,34.465,35.032,34.358,34.914,90549,0
NTB.US,D,20210712,000000,34.543,35.266,34.475,35.128,121594,0
NTB.US,D,20210713,000000,34.914,34.914,34.114,34.133,110010,0
NTB.US,D,20210714,000000,34.319,34.856,33.772,33.938,66466,0
NTB.US,D,20210715,000000,33.674,34.309,33.655,34.289,71302,0
NTB.US,D,20210716,000000,34.729,34.729,33.225,33.313,98691,0
NTB.US,D,20210719,000000,33.021,33.177,32.257,32.484,215496,0
NTB.US,D,20210720,000000,32.542,33.363,32.542,32.718,149539,0
NTB.US,D,20210721,000000,33.167,33.684,33.167,33.635,93558,0
NTB.US,D,20210722,000000,33.353,33.601,32.698,32.786,68890,0
NTB.US,D,20210723,000000,33.187,33.353,32.826,33.089,51363,0
NTB.US,D,20210726,000000,33.225,33.684,33.225,33.333,73166,0
NTB.US,D,20210727,000000,32.698,33.431,32.474,32.582,117817,0
NTB.US,D,20210728,000000,32.532,33.03,31.928,32.601,195095,0
NTB.US,D,20210729,000000,32.738,33.313,32.62,32.854,187395,0
NTB.US,D,20210730,000000,32.933,33.28,31.898,32.347,167081,0
NTB.US,D,20210802,000000,32.386,33.343,32.103,32.347,143870,0
NTB.US,D,20210803,000000,32.532,32.638,31.869,32.494,68886,0
NTB.US,D,20210804,000000,32.161,32.444,31.937,32.055,49605,0
NTB.US,D,20210805,000000,32.327,32.62,32.064,32.113,171635,0
NTB.US,D,20210806,000000,32.679,33.802,32.347,33.557,161889,0
NTB.US,D,20210809,000000,33.429,33.735,33.004,33.488,112477,0
NTB.US,D,20210810,000000,33.37,33.888,33.201,33.518,75862,0
NTB.US,D,20210811,000000,33.666,33.795,33.271,33.725,70071,0
NTB.US,D,20210812,000000,33.894,34.151,33.597,34.012,145571,0
NTB.US,D,20210813,000000,33.943,34.259,33.844,34.21,78494,0
NTB.US,D,20210816,000000,33.874,34.319,33.735,34.012,109472,0
NTB.US,D,20210817,000000,33.706,34.081,33.122,33.122,115044,0
NTB.US,D,20210818,000000,32.964,33.538,32.757,32.776,85034,0
NTB.US,D,20210819,000000,32.46,32.668,31.995,32.163,76622,0
NTB.US,D,20210820,000000,32.124,32.737,32.117,32.618,113569,0
NTB.US,D,20210823,000000,32.776,32.786,32.598,32.687,58646,0
NTB.US,D,20210824,000000,32.727,32.931,32.598,32.766,110080,0
NTB.US,D,20210825,000000,32.806,33.528,32.707,33.132,111210,0
NTB.US,D,20210826,000000,33.29,33.35,32.845,32.925,70504,0
NTB.US,D,20210827,000000,32.895,33.903,32.792,33.874,94686,0
NTB.US,D,20210830,000000,34.091,34.091,32.92,32.954,77375,0
NTB.US,D,20210831,000000,33.083,33.273,32.845,32.934,68546,0
NTB.US,D,20210901,000000,33.014,33.014,32.579,32.786,59730,0
NTB.US,D,20210902,000000,32.766,33.271,32.638,32.668,87440,0
NTB.US,D,20210903,000000,32.648,32.944,32.628,32.925,92823,0
NTB.US,D,20210907,000000,32.905,33.122,32.401,32.48,121491,0
NTB.US,D,20210908,000000,32.232,32.302,31.886,32.005,82719,0
NTB.US,D,20210909,000000,32.005,32.351,31.941,32.025,80498,0
NTB.US,D,20210910,000000,32.213,32.648,31.867,31.896,73517,0
NTB.US,D,20210913,000000,32.144,32.302,31.754,31.975,42391,0
NTB.US,D,20210914,000000,32.104,32.104,31.372,31.382,90221,0
NTB.US,D,20210915,000000,31.402,32.203,31.402,32.025,125762,0
NTB.US,D,20210916,000000,32.203,32.203,31.629,31.738,91724,0
NTB.US,D,20210917,000000,31.788,32.134,31.58,31.797,220929,0
NTB.US,D,20210920,000000,31.392,31.61,30.601,31.135,96123,0
NTB.US,D,20210921,000000,31.392,31.402,30.749,31.056,67931,0
NTB.US,D,20210922,000000,31.392,31.738,31.095,31.471,78598,0
NTB.US,D,20210923,000000,31.699,32.915,31.54,32.786,133402,0
NTB.US,D,20210924,000000,32.658,33.231,32.608,33.043,62445,0
NTB.US,D,20210927,000000,32.925,34.398,32.905,34.17,172713,0
NTB.US,D,20210928,000000,34.299,34.358,33.617,34.111,218613,0
NTB.US,D,20210929,000000,34.24,35.411,33.903,35.268,172656,0
NTB.US,D,20210930,000000,35.515,35.97,34.823,35.11,222104,0
NTB.US,D,20211001,000000,35.228,36.187,34.516,35.95,130105,0
NTB.US,D,20211004,000000,36.108,36.563,35.466,35.703,147870,0
NTB.US,D,20211005,000000,36.089,36.751,35.466,36.583,123269,0
NTB.US,D,20211006,000000,36.168,36.531,35.604,36.336,92262,0
NTB.US,D,20211007,000000,36.711,36.978,36.533,36.899,109823,0
NTB.US,D,20211008,000000,36.771,36.959,36.346,36.781,53815,0
NTB.US,D,20211011,000000,37.028,37.028,36.464,36.464,38278,0
NTB.US,D,20211012,000000,36.346,36.524,36.148,36.326,46439,0
NTB.US,D,20211013,000000,36.286,36.682,35.673,36.662,74436,0
NTB.US,D,20211014,000000,36.909,37.7,36.306,37.67,153570,0
NTB.US,D,20211015,000000,38.659,38.729,38.051,38.155,197610,0
NTB.US,D,20211018,000000,38.106,38.808,37.809,38.748,169542,0
NTB.US,D,20211019,000000,38.995,38.995,38.061,38.372,126281,0
NTB.US,D,20211020,000000,38.402,39.272,38.076,39.124,163511,0
NTB.US,D,20211021,000000,39.292,39.302,38.906,39.104,165936,0
NTB.US,D,20211022,000000,39.203,39.544,39.203,39.332,94034,0
NTB.US,D,20211025,000000,39.401,39.51,39.045,39.45,103191,0
NTB.US,D,20211026,000000,39.519,39.519,38.897,39.203,126478,0
NTB.US,D,20211027,000000,38.966,38.966,37.25,37.364,307604,0
NTB.US,D,20211028,000000,37.483,37.483,34.744,35.08,249452,0
NTB.US,D,20211029,000000,34.961,35.792,34.655,35.495,357466,0
NTB.US,D,20211101,000000,35.831,37.052,35.831,36.632,298753,0
NTB.US,D,20211102,000000,36.82,36.998,36.524,36.86,107240,0
NTB.US,D,20211103,000000,36.751,38.324,36.751,38.145,244262,0
NTB.US,D,20211104,000000,38.303,38.303,37.572,37.957,108992,0
NTB.US,D,20211105,000000,38.402,39.154,38.402,38.837,205243,0
NTB.US,D,20211108,000000,38.887,39.302,38.442,38.59,111905,0
NTB.US,D,20211109,000000,38.4,39.15,38,39.02,217353,0
NTB.US,D,20211110,000000,39.07,39.94,39.07,39.88,118545,0
NTB.US,D,20211111,000000,39.66,40.48,39.52,40.25,124208,0
NTB.US,D,20211112,000000,40.18,40.305,39.4101,39.82,92931,0
NTB.US,D,20211115,000000,39.86,40.27,39.4101,39.65,176847,0
NTB.US,D,20211116,000000,39.75,39.75,38.97,39.17,125365,0
NTB.US,D,20211117,000000,38.85,39.12,38.41,38.9,140838,0
NTB.US,D,20211118,000000,38.95,39.37,38.86,39.35,104840,0
NTB.US,D,20211119,000000,38.82,39.09,38.56,38.7,162399,0
NTB.US,D,20211122,000000,39.17,40.45,39.15,39.52,201495,0
NTB.US,D,20211123,000000,39.59,40.32,39.59,40.07,135280,0
NTB.US,D,20211124,000000,40.07,40.21,39.7,40.04,83230,0
NTB.US,D,20211126,000000,38.91,39.34,37.57,38.3,164662,0
NTB.US,D,20211129,000000,38.79,38.79,36.98,36.99,113067,0
NTB.US,D,20211130,000000,36.48,37.23,36.205,36.83,163207,0
NTB.US,D,20211201,000000,37.75,38.66,37.05,37.24,207914,0
NTB.US,D,20211202,000000,37.66,38.5,37.1,37.36,234838,0
NTB.US,D,20211203,000000,37.5,37.5,35.91,36.17,194778,0
NTB.US,D,20211206,000000,36.88,37.09,36.28,36.75,151648,0
NTB.US,D,20211207,000000,37.15,37.285,36.41,36.88,146635,0
NTB.US,D,20211208,000000,36.9,37.15,36.61,37.06,85071,0
NTB.US,D,20211209,000000,36.63,36.78,36.095,36.62,114137,0
NTB.US,D,20211210,000000,36.75,36.85,36.2273,36.35,113077,0
NTB.US,D,20211213,000000,36.39,36.65,36.02,36.12,123921,0
NTB.US,D,20211214,000000,36.15,36.85,36.15,36.6,135210,0
NTB.US,D,20211215,000000,36.76,37.21,36.32,36.94,142953,0
NTB.US,D,20211216,000000,37.39,38.05,37.18,37.64,142210,0
NTB.US,D,20211217,000000,38.83,38.83,36.97,37.72,655018,0
NTB.US,D,20211220,000000,37.12,37.16,35.69,36.65,273214,0
NTB.US,D,20211221,000000,36.99,37.6185,36.99,37.33,140372,0
NTB.US,D,20211222,000000,37.18,37.56,36.5809,37.55,123093,0
NTB.US,D,20211223,000000,37.8,38.14,37.51,37.95,145797,0
NTB.US,D,20211227,000000,37.96,38.6,37.735,38.6,60128,0
NTB.US,D,20211228,000000,38.3,38.86,38.3,38.68,66444,0
NTB.US,D,20211229,000000,38.77,38.78,38.06,38.18,116476,0
NTB.US,D,20211230,000000,38.41,38.59,37.67,37.99,95460,0
NTB.US,D,20211231,000000,37.76,38.265,37.76,38.11,53159,0
NTB.US,D,20220103,000000,38.07,38.98,38.0101,38.65,128630,0
NTB.US,D,20220104,000000,38.9,39.59,38.85,38.88,93759,0
NTB.US,D,20220105,000000,38.89,39.2725,38.47,38.48,149798,0
NTB.US,D,20220106,000000,38.75,39.34,38.51,39.3,167467,0
NTB.US,D,20220107,000000,39.12,39.72,39.12,39.53,153985,0
NTB.US,D,20220110,000000,39.49,39.6497,38.88,39,89563,0
NTB.US,D,20220111,000000,39.57,40.7,39.37,40.65,235678,0
NTB.US,D,20220112,000000,40.84,41.65,40.83,40.86,146801,0
NTB.US,D,20220113,000000,40.89,41.5,40.79,40.88,94170,0
NTB.US,D,20220114,000000,40.47,40.99,40.13,40.9,126726,0
NTB.US,D,20220118,000000,40.69,40.97,40.18,40.27,130854,0
NTB.US,D,20220119,000000,40.5,40.5,39.19,39.26,146581,0
NTB.US,D,20220120,000000,39.46,39.815,38.02,38.09,95591,0
NTB.US,D,20220121,000000,37.96,38.57,37.56,37.56,151179,0
