<TICKER>,<PER>,<DATE>,<TIME>,<OPEN>,<HIGH>,<LOW>,<CLOSE>,<VOL>,<OPENINT>
NUDV.US,D,20210929,000000,24.83,24.93,24.8227,24.8336,91211,0
NUDV.US,D,20210930,000000,24.4422,24.4422,24.4422,24.4422,3,0
NUDV.US,D,20211001,000000,24.6371,24.6371,24.6371,24.6371,19,0
NUDV.US,D,20211004,000000,24.501,24.501,24.501,24.501,2,0
NUDV.US,D,20211005,000000,24.73,24.8,24.6977,24.6977,1019,0
NUDV.US,D,20211006,000000,24.731,24.731,24.731,24.731,52,0
NUDV.US,D,20211007,000000,24.9083,24.9083,24.9083,24.9083,3,0
NUDV.US,D,20211008,000000,24.873,24.873,24.873,24.873,43,0
NUDV.US,D,20211011,000000,25.005,25.005,24.783,24.783,301,0
NUDV.US,D,20211012,000000,24.73,24.73,24.7102,24.7102,103,0
NUDV.US,D,20211013,000000,24.67,24.7867,24.67,24.7867,356,0
NUDV.US,D,20211014,000000,25.2099,25.2099,25.2099,25.2099,1,0
NUDV.US,D,20211015,000000,25.3543,25.3543,25.3543,25.3543,7,0
NUDV.US,D,20211018,000000,25.25,25.2755,25.25,25.2755,239,0
NUDV.US,D,20211019,000000,25.4589,25.4589,25.4589,25.4589,1,0
NUDV.US,D,20211020,000000,25.68,25.699,25.68,25.699,117,0
NUDV.US,D,20211021,000000,25.6777,25.6777,25.6777,25.6777,1,0
NUDV.US,D,20211022,000000,25.7212,25.7212,25.7212,25.7212,16,0
NUDV.US,D,20211025,000000,25.7102,25.7102,25.7102,25.7102,56,0
NUDV.US,D,20211026,000000,25.83,25.83,25.7561,25.7561,615,0
NUDV.US,D,20211027,000000,25.59,25.59,25.458,25.458,386,0
NUDV.US,D,20211028,000000,25.68,25.7257,25.6796,25.7257,207,0
NUDV.US,D,20211029,000000,25.7116,25.7116,25.7116,25.7116,1,0
NUDV.US,D,20211101,000000,25.76,25.76,25.7,25.7524,3223,0
NUDV.US,D,20211102,000000,25.87,25.96,25.87,25.9122,805,0
NUDV.US,D,20211103,000000,25.9,26.03,25.89,26.0209,672,0
NUDV.US,D,20211104,000000,25.95,25.95,25.86,25.912,2610,0
NUDV.US,D,20211105,000000,26.14,26.14,25.94,25.9828,2709,0
NUDV.US,D,20211108,000000,26,26.0111,25.93,26.0111,1128,0
NUDV.US,D,20211109,000000,25.98,26.0296,25.96,26.0296,1007,0
NUDV.US,D,20211110,000000,26.12,26.12,26.02,26.0418,1156,0
NUDV.US,D,20211111,000000,26.01,26.04,26.01,26.0352,845,0
NUDV.US,D,20211112,000000,26.16,26.17,26.1523,26.1523,3221,0
NUDV.US,D,20211115,000000,26.14,26.16,26.12,26.12,2203,0
NUDV.US,D,20211116,000000,26.23,26.31,26.1754,26.1754,1205,0
NUDV.US,D,20211117,000000,26.02,26.08,26.02,26.0595,3496,0
NUDV.US,D,20211118,000000,25.92,25.952,25.92,25.952,840,0
NUDV.US,D,20211119,000000,25.87,25.89,25.82,25.8257,1704,0
NUDV.US,D,20211122,000000,26.17,26.18,25.9972,25.9972,532,0
NUDV.US,D,20211123,000000,26.05,26.14,26.01,26.137,4207,0
NUDV.US,D,20211124,000000,26.08,26.1432,26.08,26.1432,1921,0
NUDV.US,D,20211126,000000,25.58,25.69,25.56,25.6259,1527,0
NUDV.US,D,20211129,000000,25.74,25.9,25.74,25.8111,2198,0
NUDV.US,D,20211130,000000,25.25,25.36,25.1016,25.1016,3800,0
NUDV.US,D,20211201,000000,25.65,25.65,25,25,3231,0
NUDV.US,D,20211202,000000,25.43,25.64,25.43,25.4934,3848,0
NUDV.US,D,20211203,000000,25.5899,25.5899,25.34,25.5388,8818,0
NUDV.US,D,20211206,000000,25.87,25.9,25.8592,25.8592,1051,0
NUDV.US,D,20211207,000000,26.18,26.18,26.11,26.11,1908,0
NUDV.US,D,20211208,000000,26,26.13,26,26.1032,1083,0
NUDV.US,D,20211209,000000,25.9699,26.09,25.9699,26.0076,2163,0
NUDV.US,D,20211210,000000,26.12,26.12,26.03,26.115,2870,0
NUDV.US,D,20211213,000000,26.05,26.12,26.05,26.0788,2131,0
NUDV.US,D,20211214,000000,26.01,26.02,25.96,25.9855,1534,0
NUDV.US,D,20211215,000000,26.03,26.2836,26.03,26.2836,310,0
NUDV.US,D,20211216,000000,26.42,26.42,26.28,26.328,1429,0
NUDV.US,D,20211217,000000,26.17,26.17,26.0171,26.0171,2093,0
NUDV.US,D,20211220,000000,25.52,25.7659,25.52,25.7659,1146,0
NUDV.US,D,20211221,000000,25.92,26.02,25.92,25.9927,2162,0
NUDV.US,D,20211222,000000,26.08,26.14,26.08,26.1352,517,0
NUDV.US,D,20211223,000000,26.32,26.33,26.29,26.33,1550,0
NUDV.US,D,20211227,000000,26.42,26.606,26.42,26.606,508,0
NUDV.US,D,20211228,000000,26.73,26.73,26.6967,26.6967,620,0
NUDV.US,D,20211229,000000,26.7799,26.8052,26.7799,26.8052,287,0
NUDV.US,D,20211230,000000,26.76,26.82,26.7415,26.7415,2468,0
NUDV.US,D,20211231,000000,26.77,26.85,26.74,26.77,2584,0
NUDV.US,D,20220103,000000,26.57,26.7231,26.55,26.7231,2679,0
NUDV.US,D,20220104,000000,26.9999,27.08,26.9999,27.0329,853,0
NUDV.US,D,20220105,000000,27.1,27.18,26.8002,26.8002,2438,0
NUDV.US,D,20220106,000000,26.78,26.93,26.7541,26.8253,3184,0
NUDV.US,D,20220107,000000,26.84,26.93,26.84,26.86,3069,0
NUDV.US,D,20220110,000000,26.57,26.7985,26.57,26.7985,7063,0
NUDV.US,D,20220111,000000,26.73,26.93,26.72,26.9168,2941,0
NUDV.US,D,20220112,000000,26.88,26.89,26.81,26.88,5461,0
NUDV.US,D,20220113,000000,26.93,27.04,26.82,26.82,6009,0
NUDV.US,D,20220114,000000,26.54,26.6893,26.47,26.6893,3608,0
NUDV.US,D,20220118,000000,26.61,26.61,26.25,26.34,6407,0
NUDV.US,D,20220119,000000,26.29,26.35,26.1,26.1,3407,0
NUDV.US,D,20220120,000000,26.34,26.34,25.83,25.83,946,0
NUDV.US,D,20220121,000000,25.8,25.9499,25.61,25.62,6596,0
