<TICKER>,<PER>,<DATE>,<TIME>,<OPEN>,<HIGH>,<LOW>,<CLOSE>,<VOL>,<OPENINT>
NVT.US,D,20180503,000000,20.381,21.943,20.381,21.248,5501924,0
NVT.US,D,20180504,000000,21.195,23.5,20.617,22.505,6305626,0
NVT.US,D,20180507,000000,22.089,23.806,22.037,22.904,5150403,0
NVT.US,D,20180508,000000,22.37,22.796,21.383,22.264,7046154,0
NVT.US,D,20180509,000000,22.037,22.495,21.883,22.126,3327392,0
NVT.US,D,20180510,000000,22.333,23.272,22.145,22.578,4735337,0
NVT.US,D,20180511,000000,22.688,23.432,22.613,23.128,2658643,0
NVT.US,D,20180514,000000,23.5,23.5,22.697,23.184,1192793,0
NVT.US,D,20180515,000000,23.348,23.409,22.523,22.813,1610253,0
NVT.US,D,20180516,000000,22.732,22.823,22.434,22.561,2412248,0
NVT.US,D,20180517,000000,22.362,22.741,22.278,22.587,1253395,0
NVT.US,D,20180518,000000,22.552,22.93,22.552,22.847,2097053,0
NVT.US,D,20180521,000000,22.847,23.165,22.723,23.012,1613553,0
NVT.US,D,20180522,000000,23.204,23.825,22.876,23.508,1721065,0
NVT.US,D,20180523,000000,23.272,23.77,23.066,23.77,982081,0
NVT.US,D,20180524,000000,23.617,24.194,23.436,24.014,1782532,0
NVT.US,D,20180525,000000,23.915,24.124,23.572,23.825,1073089,0
NVT.US,D,20180529,000000,23.796,24.485,23.608,24.042,1681694,0
NVT.US,D,20180530,000000,24.132,25.181,23.617,24.158,2542941,0
NVT.US,D,20180531,000000,24.132,24.576,23.978,24.476,2421599,0
NVT.US,D,20180601,000000,24.547,24.803,24.204,24.223,1514030,0
NVT.US,D,20180604,000000,24.304,25.498,24.223,24.975,1265267,0
NVT.US,D,20180605,000000,25.036,26.119,24.828,25.741,1857981,0
NVT.US,D,20180606,000000,25.741,26.147,25.335,25.399,744106,0
NVT.US,D,20180607,000000,25.435,25.544,24.348,24.819,1191513,0
NVT.US,D,20180608,000000,24.702,25.163,24.457,24.837,1415889,0
NVT.US,D,20180611,000000,24.819,25.143,24.286,24.819,1405914,0
NVT.US,D,20180612,000000,24.819,24.955,24.286,24.404,1452449,0
NVT.US,D,20180613,000000,24.521,24.737,24.348,24.503,1508713,0
NVT.US,D,20180614,000000,24.539,24.539,23.462,24.168,1742368,0
NVT.US,D,20180615,000000,23.944,24.404,23.862,24.223,3413950,0
NVT.US,D,20180618,000000,24.033,24.597,23.77,24.312,1235362,0
NVT.US,D,20180619,000000,24.06,24.718,23.897,24.656,1570467,0
NVT.US,D,20180620,000000,24.675,24.793,24.304,24.466,2161276,0
NVT.US,D,20180621,000000,24.386,24.756,24.223,24.547,1375228,0
NVT.US,D,20180622,000000,24.774,24.774,23.853,24.214,2190373,0
NVT.US,D,20180625,000000,24.186,24.26,23.137,23.194,1327864,0
NVT.US,D,20180626,000000,23.137,23.31,22.804,22.886,1007107,0
NVT.US,D,20180627,000000,22.857,23.365,22.434,22.569,937091,0
NVT.US,D,20180628,000000,22.561,22.561,22.018,22.434,1050184,0
NVT.US,D,20180629,000000,22.434,22.813,22.402,22.688,867209,0
NVT.US,D,20180702,000000,22.631,22.732,21.992,22.378,956351,0
NVT.US,D,20180703,000000,22.495,22.776,22.297,22.388,451231,0
NVT.US,D,20180705,000000,22.485,22.543,22.145,22.37,695458,0
NVT.US,D,20180706,000000,22.333,22.495,22.073,22.305,461569,0
NVT.US,D,20180709,000000,22.254,23.128,22.229,23.128,943692,0
NVT.US,D,20180710,000000,23.165,23.204,22.596,22.696,1089523,0
NVT.US,D,20180711,000000,22.552,22.65,21.818,21.934,787668,0
NVT.US,D,20180712,000000,21.952,22.37,21.883,22.008,937034,0
NVT.US,D,20180713,000000,22.136,23.22,21.952,22.587,1372912,0
NVT.US,D,20180716,000000,22.587,22.741,22.297,22.468,866425,0
NVT.US,D,20180717,000000,22.416,22.621,21.837,22.17,1105714,0
NVT.US,D,20180718,000000,22.126,22.767,21.982,22.533,1024383,0
NVT.US,D,20180719,000000,22.378,23.22,22.314,22.896,931288,0
NVT.US,D,20180720,000000,22.847,22.957,22.154,22.225,812575,0
NVT.US,D,20180723,000000,22.323,23.114,22.234,22.804,840934,0
NVT.US,D,20180724,000000,22.957,23.372,22.83,23.004,1108091,0
NVT.US,D,20180725,000000,22.984,24.602,22.984,24.25,3320326,0
NVT.US,D,20180726,000000,24.53,25.534,24.023,24.585,3539300,0
NVT.US,D,20180727,000000,24.737,24.936,23.925,24.329,2167960,0
NVT.US,D,20180730,000000,24.386,24.803,24.114,24.329,2357715,0
NVT.US,D,20180731,000000,24.557,25.082,24.377,24.765,8037844,0
NVT.US,D,20180801,000000,24.9,24.945,24.368,24.61,922515,0
NVT.US,D,20180802,000000,24.422,24.88,24.422,24.775,663984,0
NVT.US,D,20180803,000000,24.738,25.631,24.547,25.52,1008731,0
NVT.US,D,20180806,000000,25.575,26.258,25.457,25.958,1492021,0
NVT.US,D,20180807,000000,25.975,27.139,25.975,26.369,1653142,0
NVT.US,D,20180808,000000,26.276,26.276,25.685,25.94,1132181,0
NVT.US,D,20180809,000000,25.903,26.03,25.447,25.883,798748,0
NVT.US,D,20180810,000000,25.822,25.864,25.322,25.421,658880,0
NVT.US,D,20180813,000000,25.622,25.622,24.675,24.729,350298,0
NVT.US,D,20180814,000000,24.794,25.039,24.594,24.784,273217,0
NVT.US,D,20180815,000000,24.594,24.902,23.838,24.446,1107536,0
NVT.US,D,20180816,000000,24.629,24.967,24.328,24.747,629320,0
NVT.US,D,20180817,000000,24.757,24.875,24.567,24.829,453027,0
NVT.US,D,20180820,000000,24.902,25.389,24.82,24.911,312120,0
NVT.US,D,20180821,000000,25.011,25.404,24.957,25.375,624956,0
NVT.US,D,20180822,000000,25.23,25.603,25.23,25.575,515235,0
NVT.US,D,20180823,000000,25.464,25.743,25.293,25.464,491087,0
NVT.US,D,20180824,000000,25.421,25.675,25.239,25.447,343184,0
NVT.US,D,20180827,000000,25.431,25.702,25.394,25.53,328541,0
NVT.US,D,20180828,000000,25.556,26.148,25.366,25.431,785696,0
NVT.US,D,20180829,000000,25.356,26.211,25.075,26.129,806005,0
NVT.US,D,20180830,000000,25.975,26.176,25.347,25.54,759758,0
NVT.US,D,20180831,000000,25.421,25.649,25.085,25.548,523385,0
NVT.US,D,20180904,000000,25.54,25.804,25.057,25.685,583110,0
NVT.US,D,20180905,000000,25.556,25.945,25.293,25.864,528147,0
NVT.US,D,20180906,000000,25.975,26.129,25.685,26.011,692337,0
NVT.US,D,20180907,000000,25.839,25.984,25.167,25.413,678201,0
NVT.US,D,20180910,000000,25.54,26.39,25.464,25.757,947824,0
NVT.US,D,20180911,000000,25.556,25.794,25.275,25.565,559251,0
NVT.US,D,20180912,000000,25.464,25.873,25.167,25.548,280824,0
NVT.US,D,20180913,000000,25.702,26.011,25.413,25.53,1117785,0
NVT.US,D,20180914,000000,25.585,25.958,25.447,25.839,740400,0
NVT.US,D,20180917,000000,25.804,26.158,25.338,25.966,773277,0
NVT.US,D,20180918,000000,25.813,26.193,25.693,26.058,644577,0
NVT.US,D,20180919,000000,26.03,26.658,25.893,26.585,649285,0
NVT.US,D,20180920,000000,26.784,26.965,26.176,26.54,709803,0
NVT.US,D,20180921,000000,26.457,26.905,26.36,26.758,1789843,0
NVT.US,D,20180924,000000,26.695,26.905,26.076,26.712,713224,0
NVT.US,D,20180925,000000,26.775,26.958,25.912,25.984,919283,0
NVT.US,D,20180926,000000,25.984,25.984,25.011,25.075,1921777,0
NVT.US,D,20180927,000000,25.185,25.267,24.384,24.557,7374482,0
NVT.US,D,20180928,000000,24.456,24.784,24.328,24.703,1626896,0
NVT.US,D,20181001,000000,24.829,25.383,24.829,25.057,775684,0
NVT.US,D,20181002,000000,24.929,25.176,24.412,24.557,1174683,0
NVT.US,D,20181003,000000,24.719,24.848,23.867,24.784,848832,0
NVT.US,D,20181004,000000,24.648,25.267,24.529,24.648,715460,0
NVT.US,D,20181005,000000,24.648,24.919,24.201,24.258,693007,0
NVT.US,D,20181008,000000,24.211,24.829,23.853,24.82,625542,0
NVT.US,D,20181009,000000,24.576,24.656,24.121,24.22,618088,0
NVT.US,D,20181010,000000,23.958,24.103,23.42,23.447,765606,0
NVT.US,D,20181011,000000,23.237,23.401,22.301,22.456,1485629,0
NVT.US,D,20181012,000000,22.874,22.874,21.588,21.945,1028750,0
NVT.US,D,20181015,000000,22.083,22.173,21.737,21.884,1015076,0
NVT.US,D,20181016,000000,22.083,23.311,22.056,23.065,1255041,0
NVT.US,D,20181017,000000,23.085,23.566,22.968,23.212,1177880,0
NVT.US,D,20181018,000000,23.027,23.255,22.46,22.661,1299063,0
NVT.US,D,20181019,000000,22.697,22.918,22.184,22.34,2858142,0
NVT.US,D,20181022,000000,22.406,22.46,21.388,21.443,1375317,0
NVT.US,D,20181023,000000,20.958,21.132,20.262,20.857,1702270,0
NVT.US,D,20181024,000000,20.74,20.83,19.438,19.492,2131907,0
NVT.US,D,20181025,000000,19.85,22.706,19.502,21.626,3694490,0
NVT.US,D,20181026,000000,21.975,22.588,21.547,21.901,2111621,0
NVT.US,D,20181029,000000,22.194,22.892,21.397,21.643,1149060,0
NVT.US,D,20181030,000000,21.692,22.231,21.653,21.985,1191828,0
NVT.US,D,20181031,000000,22.285,22.387,21.975,22.36,2592629,0
NVT.US,D,20181101,000000,22.294,22.954,22.184,22.809,871255,0
NVT.US,D,20181102,000000,22.962,23.321,22.725,23.273,920843,0
NVT.US,D,20181105,000000,23.117,23.676,23.045,23.255,713375,0
NVT.US,D,20181106,000000,23.084,23.935,23.045,23.824,817729,0
NVT.US,D,20181107,000000,24.145,24.619,23.998,24.547,768664,0
NVT.US,D,20181108,000000,24.344,24.786,24.198,24.283,511540,0
NVT.US,D,20181109,000000,24.007,24.136,23.521,23.521,835391,0
NVT.US,D,20181112,000000,23.412,23.56,22.433,22.441,1042013,0
NVT.US,D,20181113,000000,22.451,22.842,22.131,22.415,1419568,0
NVT.US,D,20181114,000000,22.79,23.145,22.369,22.544,742600,0
NVT.US,D,20181115,000000,22.424,22.716,22.377,22.633,1319166,0
NVT.US,D,20181116,000000,22.441,22.716,22.184,22.515,1215791,0
NVT.US,D,20181119,000000,22.34,22.69,22.285,22.495,717912,0
NVT.US,D,20181120,000000,22.184,22.681,22.056,22.184,479461,0
NVT.US,D,20181121,000000,22.085,22.852,22.065,22.524,462803,0
NVT.US,D,20181123,000000,22.241,23.303,22.241,23.074,383342,0
NVT.US,D,20181126,000000,23.283,23.636,23.145,23.55,551382,0
NVT.US,D,20181127,000000,23.384,23.7,22.515,22.852,591317,0
NVT.US,D,20181128,000000,22.799,23.194,22.131,22.901,926905,0
NVT.US,D,20181129,000000,22.862,23.34,22.615,22.944,727771,0
NVT.US,D,20181130,000000,22.872,23.001,22.579,22.91,906282,0
NVT.US,D,20181203,000000,23.394,23.676,22.468,23.165,730047,0
NVT.US,D,20181204,000000,23.175,23.175,22.04,22.065,493176,0
NVT.US,D,20181206,000000,21.591,21.975,21.059,21.673,1142239,0
NVT.US,D,20181207,000000,21.581,22.03,21.022,21.151,451553,0
NVT.US,D,20181210,000000,21.013,21.288,20.546,20.665,740994,0
NVT.US,D,20181211,000000,21.086,21.297,20.372,20.656,616394,0
NVT.US,D,20181212,000000,21.052,21.526,20.885,20.914,464377,0
NVT.US,D,20181213,000000,21.059,21.278,20.391,20.638,531257,0
NVT.US,D,20181214,000000,20.482,20.8,20.455,20.656,612007,0
NVT.US,D,20181217,000000,20.63,20.701,19.622,19.768,924514,0
NVT.US,D,20181218,000000,20.016,20.016,18.971,19.181,1510787,0
NVT.US,D,20181219,000000,19.219,20.051,18.926,19.163,829805,0
NVT.US,D,20181220,000000,19.035,19.366,18.614,19.092,1310404,0
NVT.US,D,20181221,000000,19.21,19.266,18.046,18.65,2305721,0
NVT.US,D,20181224,000000,18.395,19.008,18.192,18.596,453567,0
NVT.US,D,20181226,000000,18.604,19.557,18.55,19.54,723271,0
NVT.US,D,20181227,000000,19.1,19.694,18.898,19.685,696542,0
NVT.US,D,20181228,000000,19.777,20.464,19.759,20.124,716355,0
NVT.US,D,20181231,000000,20.19,20.6,20.028,20.565,742946,0
NVT.US,D,20190102,000000,20.711,20.83,20.007,20.61,721672,0
NVT.US,D,20190103,000000,20.509,20.509,19.694,19.823,533655,0
NVT.US,D,20190104,000000,20.144,20.6,19.979,20.464,1059859,0
NVT.US,D,20190107,000000,20.62,20.749,20.042,20.217,1645055,0
NVT.US,D,20190108,000000,20.491,21.215,20.309,20.848,1344967,0
NVT.US,D,20190109,000000,21.086,21.233,20.711,21.196,659488,0
NVT.US,D,20190110,000000,21.069,21.406,20.74,21.388,368978,0
NVT.US,D,20190111,000000,21.307,21.406,21.077,21.288,415413,0
NVT.US,D,20190114,000000,21.233,21.609,20.975,21.406,541872,0
NVT.US,D,20190115,000000,21.481,21.653,21.188,21.344,631130,0
NVT.US,D,20190116,000000,21.353,21.745,21.307,21.617,546698,0
NVT.US,D,20190117,000000,21.443,22.36,21.443,22.065,827542,0
NVT.US,D,20190118,000000,22.302,22.748,21.955,22.579,652679,0
NVT.US,D,20190122,000000,22.302,22.827,22.049,22.331,1079237,0
NVT.US,D,20190123,000000,22.415,22.661,22.002,22.369,637553,0
NVT.US,D,20190124,000000,22.369,22.617,22.139,22.377,488901,0
NVT.US,D,20190125,000000,22.7,23.01,22.52,22.966,617847,0
NVT.US,D,20190128,000000,22.635,22.914,22.377,22.738,1510366,0
NVT.US,D,20190129,000000,22.886,23.032,22.756,22.876,964939,0
NVT.US,D,20190130,000000,23.05,23.337,22.921,23.04,1733940,0
NVT.US,D,20190131,000000,22.958,23.327,21.834,23.069,2923598,0
NVT.US,D,20190201,000000,23.161,23.778,22.891,22.996,1044025,0
NVT.US,D,20190204,000000,22.958,23.525,22.938,23.43,802517,0
NVT.US,D,20190205,000000,23.327,23.585,23.05,23.142,1216869,0
NVT.US,D,20190206,000000,23.079,23.291,22.966,23.05,2221990,0
NVT.US,D,20190207,000000,22.914,23.372,22.829,23.142,2275805,0
NVT.US,D,20190208,000000,23.04,23.502,22.976,23.42,1158860,0
NVT.US,D,20190211,000000,23.464,23.844,23.337,23.676,965224,0
NVT.US,D,20190212,000000,23.795,24.26,23.549,23.99,981688,0
NVT.US,D,20190213,000000,24.166,24.417,24,24.26,1001492,0
NVT.US,D,20190214,000000,24.103,24.479,24.018,24.313,934716,0
NVT.US,D,20190215,000000,24.525,24.868,24.441,24.849,582429,0
NVT.US,D,20190219,000000,25.004,25.042,24.498,24.894,637520,0
NVT.US,D,20190220,000000,24.858,25.495,24.794,25.29,861329,0
NVT.US,D,20190221,000000,25.198,25.273,24.746,25.004,726646,0
NVT.US,D,20190222,000000,25.088,25.475,25.088,25.28,727647,0
NVT.US,D,20190225,000000,25.355,25.605,25.255,25.309,1521726,0
NVT.US,D,20190226,000000,25.208,25.643,25.171,25.171,1857283,0
NVT.US,D,20190227,000000,25.162,25.447,25.152,25.3,671831,0
NVT.US,D,20190228,000000,25.355,25.586,25.032,25.337,1302793,0
NVT.US,D,20190301,000000,25.556,25.818,25.374,25.605,736257,0
NVT.US,D,20190304,000000,25.715,25.87,25.107,25.365,657613,0
NVT.US,D,20190305,000000,25.273,25.541,25.051,25.051,1207012,0
NVT.US,D,20190306,000000,25.051,25.236,24.95,24.95,698011,0
NVT.US,D,20190307,000000,24.912,25.088,24.616,24.858,1310346,0
NVT.US,D,20190308,000000,24.582,24.886,24.512,24.636,801566,0
NVT.US,D,20190311,000000,24.591,25.116,24.591,24.868,810851,0
NVT.US,D,20190312,000000,24.903,25.046,24.804,24.894,480826,0
NVT.US,D,20190313,000000,24.97,25.374,24.868,25.329,962821,0
NVT.US,D,20190314,000000,25.264,25.264,24.894,25.042,1040498,0
NVT.US,D,20190315,000000,24.96,25.264,24.804,24.903,3068129,0
NVT.US,D,20190318,000000,24.988,25.208,24.84,25.134,2271826,0
NVT.US,D,20190319,000000,25.255,25.605,25.071,25.107,871352,0
NVT.US,D,20190320,000000,25.023,25.228,24.694,24.84,926506,0
NVT.US,D,20190321,000000,24.654,25.08,24.654,24.84,673315,0
NVT.US,D,20190322,000000,24.654,24.756,23.725,23.763,749777,0
NVT.US,D,20190325,000000,23.725,24.287,23.641,24.166,1586076,0
NVT.US,D,20190326,000000,24.451,24.507,23.795,24.084,1276718,0
NVT.US,D,20190327,000000,24.047,24.654,24.047,24.507,1037322,0
NVT.US,D,20190328,000000,24.564,25.027,24.544,24.794,1285689,0
NVT.US,D,20190329,000000,25.023,25.28,24.737,24.876,649875,0
NVT.US,D,20190401,000000,25.061,25.629,25.061,25.355,708066,0
NVT.US,D,20190402,000000,25.374,25.634,25.171,25.513,735785,0
NVT.US,D,20190403,000000,25.705,25.919,25.475,25.495,912560,0
NVT.US,D,20190404,000000,25.634,25.919,25.634,25.779,813964,0
NVT.US,D,20190405,000000,25.771,25.89,25.549,25.761,595903,0
NVT.US,D,20190408,000000,25.705,25.753,25.495,25.678,533647,0
NVT.US,D,20190409,000000,25.513,25.556,24.921,24.978,568852,0
NVT.US,D,20190410,000000,24.931,25.509,24.894,25.088,1137085,0
NVT.US,D,20190411,000000,25.08,25.799,25.08,25.634,3129919,0
NVT.US,D,20190412,000000,25.799,26.129,25.412,25.818,1426552,0
NVT.US,D,20190415,000000,25.808,26.034,25.615,25.88,1434021,0
NVT.US,D,20190416,000000,25.956,25.956,25.771,25.88,1450907,0
NVT.US,D,20190417,000000,26.076,26.17,25.919,26.002,1771449,0
NVT.US,D,20190418,000000,26.104,26.196,25.964,26.104,818588,0
NVT.US,D,20190422,000000,25.853,26.196,25.853,25.982,1110286,0
NVT.US,D,20190423,000000,25.992,26.336,25.973,26.161,1483436,0
NVT.US,D,20190424,000000,26.131,26.428,26.121,26.346,1891875,0
NVT.US,D,20190425,000000,25.9,26.021,24.666,25.613,2842442,0
NVT.US,D,20190426,000000,25.502,25.836,25.085,25.482,1620576,0
NVT.US,D,20190429,000000,25.462,26.206,25.462,25.929,1586283,0
NVT.US,D,20190430,000000,25.91,26.021,25.599,25.929,3694696,0
NVT.US,D,20190501,000000,26.021,26.021,25.77,25.826,1514652,0
NVT.US,D,20190502,000000,25.743,25.853,25.214,25.352,2266998,0
NVT.US,D,20190503,000000,25.4,25.695,25.075,25.335,2323741,0
NVT.US,D,20190506,000000,24.852,25.352,24.852,25.224,1606072,0
NVT.US,D,20190507,000000,24.935,25.167,24.388,24.574,1810830,0
NVT.US,D,20190508,000000,24.526,24.768,24.33,24.339,929573,0
NVT.US,D,20190509,000000,24.129,24.588,24.036,24.359,1279748,0
NVT.US,D,20190510,000000,24.201,24.499,23.915,24.138,1247363,0
NVT.US,D,20190513,000000,23.599,24.269,23.202,23.283,1656623,0
NVT.US,D,20190514,000000,23.34,23.749,23.312,23.535,1330035,0
NVT.US,D,20190515,000000,23.293,23.599,23.224,23.321,1084360,0
NVT.US,D,20190516,000000,23.468,23.762,23.34,23.458,1280944,0
NVT.US,D,20190517,000000,23.202,23.791,23.192,23.293,1219992,0
NVT.US,D,20190520,000000,23.153,23.51,22.484,22.561,2065736,0
NVT.US,D,20190521,000000,22.727,22.833,22.57,22.718,1961541,0
NVT.US,D,20190522,000000,22.57,22.811,22.266,22.421,1188413,0
NVT.US,D,20190523,000000,22.104,22.29,21.966,22.217,1673335,0
NVT.US,D,20190524,000000,22.357,22.439,22.143,22.272,1608601,0
NVT.US,D,20190528,000000,22.439,22.523,21.884,21.938,1072429,0
NVT.US,D,20190529,000000,21.762,22.134,21.734,21.856,1188407,0
NVT.US,D,20190530,000000,21.875,22.068,21.568,21.65,853332,0
NVT.US,D,20190531,000000,21.309,21.508,21.151,21.391,1420270,0
NVT.US,D,20190603,000000,21.428,21.875,21.363,21.67,1504051,0
NVT.US,D,20190604,000000,21.893,22.337,21.893,22.308,1143475,0
NVT.US,D,20190605,000000,22.412,22.449,21.548,22.087,1306955,0
NVT.US,D,20190606,000000,22.087,22.207,21.88,22.134,1352531,0
NVT.US,D,20190607,000000,22.246,22.367,22.114,22.227,856836,0
NVT.US,D,20190610,000000,22.318,22.837,22.268,22.69,918770,0
NVT.US,D,20190611,000000,22.931,22.949,21.924,21.994,1625541,0
NVT.US,D,20190612,000000,22.068,22.217,21.91,22.143,870818,0
NVT.US,D,20190613,000000,22.236,22.449,22.058,22.347,1124808,0
NVT.US,D,20190614,000000,22.266,22.304,21.866,22.17,1247096,0
NVT.US,D,20190617,000000,22.246,22.375,22.134,22.246,897916,0
NVT.US,D,20190618,000000,22.421,22.773,22.318,22.384,1209848,0
NVT.US,D,20190619,000000,22.523,22.523,22.198,22.236,745683,0
NVT.US,D,20190620,000000,22.597,22.644,22.198,22.606,792312,0
NVT.US,D,20190621,000000,22.523,22.811,22.421,22.533,1742271,0
NVT.US,D,20190624,000000,22.57,22.644,22.382,22.543,990561,0
NVT.US,D,20190625,000000,22.624,22.896,22.533,22.69,1022941,0
NVT.US,D,20190626,000000,22.773,23.081,22.764,22.987,950287,0
NVT.US,D,20190627,000000,23.071,23.143,22.793,22.904,1502988,0
NVT.US,D,20190628,000000,22.959,23.237,22.876,22.997,1449056,0
NVT.US,D,20190701,000000,23.35,23.649,23.125,23.211,1042552,0
NVT.US,D,20190702,000000,23.143,23.535,23.091,23.293,1722278,0
NVT.US,D,20190703,000000,23.376,23.654,23.283,23.608,809678,0
NVT.US,D,20190705,000000,23.441,23.535,23.224,23.515,697090,0
NVT.US,D,20190708,000000,23.376,23.582,23.307,23.451,1071212,0
NVT.US,D,20190709,000000,23.255,23.414,22.837,22.914,834862,0
NVT.US,D,20190710,000000,23.041,23.061,22.43,22.543,726638,0
NVT.US,D,20190711,000000,22.57,22.699,22.337,22.459,930054,0
NVT.US,D,20190712,000000,22.494,23.051,22.459,22.931,615752,0
NVT.US,D,20190715,000000,22.997,23.051,22.652,23.041,891144,0
NVT.US,D,20190716,000000,22.949,23.229,22.949,23.051,779555,0
NVT.US,D,20190717,000000,22.949,23.095,22.606,22.764,870721,0
NVT.US,D,20190718,000000,22.793,22.821,22.587,22.615,992638,0
NVT.US,D,20190719,000000,22.69,22.979,22.551,22.596,588836,0
NVT.US,D,20190722,000000,22.551,22.793,22.512,22.671,1231187,0
NVT.US,D,20190723,000000,22.802,23.306,22.802,23.268,744666,0
NVT.US,D,20190724,000000,23.025,23.633,22.979,23.56,3121461,0
NVT.US,D,20190725,000000,23.399,23.511,22.94,23.137,1242132,0
NVT.US,D,20190726,000000,23.118,23.419,22.96,23.287,936698,0
NVT.US,D,20190729,000000,23.334,23.353,22.94,23.205,1006949,0
NVT.US,D,20190730,000000,23.053,23.488,23.018,23.419,893113,0
NVT.US,D,20190731,000000,23.391,23.67,23.018,23.156,3288801,0
NVT.US,D,20190801,000000,22.605,22.699,21.032,21.101,3469520,0
NVT.US,D,20190802,000000,20.784,20.784,20.065,20.149,2216787,0
NVT.US,D,20190805,000000,19.738,19.813,19.306,19.42,1677989,0
NVT.US,D,20190806,000000,19.205,19.672,19.085,19.654,1180864,0
NVT.US,D,20190807,000000,19.345,19.598,19.075,19.569,1292283,0
NVT.US,D,20190808,000000,19.99,20.207,19.719,20.008,1230010,0
NVT.US,D,20190809,000000,19.887,20.008,19.664,19.839,1240096,0
NVT.US,D,20190812,000000,19.699,19.868,19.306,19.728,1644742,0
NVT.US,D,20190813,000000,19.795,20.784,19.709,20.157,1376786,0
NVT.US,D,20190814,000000,19.719,19.804,19.374,19.466,1743048,0
NVT.US,D,20190815,000000,19.485,19.485,19.196,19.234,1327099,0
NVT.US,D,20190816,000000,19.365,19.69,19.306,19.589,1007111,0
NVT.US,D,20190819,000000,19.943,20.045,19.589,19.719,985830,0
NVT.US,D,20190820,000000,19.626,19.626,19.215,19.263,870882,0
NVT.US,D,20190821,000000,19.355,19.537,19.254,19.374,743351,0
NVT.US,D,20190822,000000,19.485,19.569,19.205,19.272,668666,0
NVT.US,D,20190823,000000,19.148,19.263,18.775,18.812,1132715,0
NVT.US,D,20190826,000000,18.934,18.999,18.388,18.73,1565333,0
NVT.US,D,20190827,000000,18.775,18.963,18.299,18.319,1243278,0
NVT.US,D,20190828,000000,18.216,18.654,18.01,18.495,880905,0
NVT.US,D,20190829,000000,18.673,18.86,18.625,18.692,753186,0
NVT.US,D,20190830,000000,18.757,18.989,18.748,18.925,901607,0
NVT.US,D,20190903,000000,18.73,18.907,18.279,18.597,1536559,0
NVT.US,D,20190904,000000,18.851,19.037,18.794,19.027,712437,0
NVT.US,D,20190905,000000,19.306,19.598,19.234,19.476,1907060,0
NVT.US,D,20190906,000000,19.552,19.926,19.476,19.897,1249647,0
NVT.US,D,20190909,000000,20.018,20.345,19.878,20.308,1235772,0
NVT.US,D,20190910,000000,20.401,21.074,20.387,20.858,2105901,0
NVT.US,D,20190911,000000,20.952,21.447,20.522,21.447,765918,0
NVT.US,D,20190912,000000,21.437,21.457,20.504,20.877,2589272,0
NVT.US,D,20190913,000000,21.064,21.172,20.54,20.831,1601952,0
NVT.US,D,20190916,000000,20.811,20.849,20.531,20.748,1032839,0
NVT.US,D,20190917,000000,20.486,20.943,20.215,20.653,1821880,0
NVT.US,D,20190918,000000,20.598,20.719,20.447,20.644,1433621,0
NVT.US,D,20190919,000000,20.606,20.757,20.317,20.392,1444677,0
NVT.US,D,20190920,000000,20.522,20.626,20.187,20.437,4760468,0
NVT.US,D,20190923,000000,20.129,20.531,20.129,20.355,1340558,0
NVT.US,D,20190924,000000,20.279,20.401,19.775,20.167,1947991,0
NVT.US,D,20190925,000000,20.101,20.55,20.027,20.447,1257977,0
NVT.US,D,20190926,000000,20.317,20.437,20.197,20.326,1244798,0
NVT.US,D,20190927,000000,20.504,20.616,20.373,20.457,2757400,0
NVT.US,D,20190930,000000,20.476,20.709,20.373,20.588,1223420,0
NVT.US,D,20191001,000000,19.103,19.934,18.645,18.784,3224058,0
NVT.US,D,20191002,000000,18.589,18.812,18.075,18.625,2591220,0
NVT.US,D,20191003,000000,18.458,18.58,18.056,18.552,1538869,0
NVT.US,D,20191004,000000,18.524,18.524,18.094,18.309,1762723,0
NVT.US,D,20191007,000000,18.244,18.393,17.943,18.328,1487761,0
NVT.US,D,20191008,000000,17.972,18.284,17.804,17.804,882460,0
NVT.US,D,20191009,000000,17.982,17.987,17.785,17.889,634823,0
NVT.US,D,20191010,000000,17.908,18.196,17.86,17.933,1068726,0
NVT.US,D,20191011,000000,18.226,19.36,18.226,18.851,2370357,0
NVT.US,D,20191014,000000,18.748,19.129,18.72,19.009,1200062,0
NVT.US,D,20191015,000000,19.148,19.552,18.999,19.336,1645256,0
NVT.US,D,20191016,000000,19.244,19.645,19.244,19.504,2119055,0
NVT.US,D,20191017,000000,19.683,19.984,19.599,19.816,1062146,0
NVT.US,D,20191018,000000,19.665,19.965,19.665,19.901,1218940,0
NVT.US,D,20191021,000000,20.09,20.399,19.984,20.305,1069286,0
NVT.US,D,20191022,000000,20.296,20.909,20.221,20.57,1353545,0
NVT.US,D,20191023,000000,20.55,20.654,20.238,20.531,1814583,0
NVT.US,D,20191024,000000,20.636,20.759,20.39,20.626,846783,0
NVT.US,D,20191025,000000,20.598,20.69,20.399,20.54,1236722,0
NVT.US,D,20191028,000000,20.768,20.909,20.606,20.644,1097961,0
NVT.US,D,20191029,000000,20.588,20.668,20.485,20.616,1279299,0
NVT.US,D,20191030,000000,21.115,22.086,20.851,21.925,2886451,0
NVT.US,D,20191031,000000,22.03,22.067,21.464,21.728,5418106,0
NVT.US,D,20191101,000000,21.681,21.953,21.305,21.953,1797535,0
NVT.US,D,20191104,000000,22.237,22.878,22.237,22.802,1449049,0
NVT.US,D,20191105,000000,22.773,22.868,22.402,22.585,2096157,0
NVT.US,D,20191106,000000,22.576,22.576,22.262,22.302,1082012,0
NVT.US,D,20191107,000000,22.567,22.622,22.267,22.36,1549249,0
NVT.US,D,20191108,000000,22.398,22.557,22.171,22.549,1081819,0
NVT.US,D,20191111,000000,22.257,22.581,22.218,22.51,1790933,0
NVT.US,D,20191112,000000,22.604,22.746,22.48,22.567,1618369,0
NVT.US,D,20191113,000000,22.36,22.51,22.282,22.331,917690,0
NVT.US,D,20191114,000000,22.18,22.35,22.18,22.237,1251452,0
NVT.US,D,20191115,000000,22.378,22.655,22.247,22.585,1042177,0
NVT.US,D,20191118,000000,22.444,22.713,22.311,22.622,1336479,0
NVT.US,D,20191119,000000,22.727,22.848,22.369,22.83,1942693,0
NVT.US,D,20191120,000000,22.727,23.16,22.604,22.822,1584762,0
NVT.US,D,20191121,000000,23.001,23.033,22.764,22.981,1133677,0
NVT.US,D,20191122,000000,23.056,23.282,22.934,23.245,760101,0
NVT.US,D,20191125,000000,23.387,23.915,23.339,23.49,1680069,0
NVT.US,D,20191126,000000,23.547,23.649,23.387,23.621,625049,0
NVT.US,D,20191127,000000,23.668,23.668,23.349,23.518,907270,0
NVT.US,D,20191129,000000,23.528,23.537,23.245,23.282,289600,0
NVT.US,D,20191202,000000,23.397,23.557,23.152,23.179,595811,0
NVT.US,D,20191203,000000,22.83,23.01,22.651,22.802,781456,0
NVT.US,D,20191204,000000,22.925,23.282,22.916,22.952,760438,0
NVT.US,D,20191205,000000,23.16,23.217,22.746,22.812,652034,0
NVT.US,D,20191206,000000,23.17,23.398,23.086,23.199,806307,0
NVT.US,D,20191209,000000,23.16,23.306,23.095,23.17,599196,0
NVT.US,D,20191210,000000,23.17,23.17,22.746,22.888,1145430,0
NVT.US,D,20191211,000000,22.916,23.001,22.68,22.898,1454187,0
NVT.US,D,20191212,000000,22.981,23.452,22.888,23.434,1096274,0
NVT.US,D,20191213,000000,23.292,23.697,23.086,23.179,1148384,0
NVT.US,D,20191216,000000,23.415,23.697,23.415,23.649,1247547,0
NVT.US,D,20191217,000000,23.737,23.929,23.557,23.576,1739666,0
NVT.US,D,20191218,000000,23.612,23.737,23.425,23.659,1234886,0
NVT.US,D,20191219,000000,23.737,23.78,23.46,23.602,1610866,0
NVT.US,D,20191220,000000,23.849,24.47,23.687,24.132,3026539,0
NVT.US,D,20191223,000000,24.065,24.525,24.042,24.433,1307581,0
NVT.US,D,20191224,000000,24.414,24.433,24.093,24.122,393076,0
NVT.US,D,20191226,000000,24.122,24.187,23.969,24.122,885299,0
NVT.US,D,20191227,000000,24.177,24.309,24.017,24.225,719752,0
NVT.US,D,20191230,000000,24.195,24.244,23.934,24.132,1022060,0
NVT.US,D,20191231,000000,24.093,24.292,24.008,24.103,1055336,0
NVT.US,D,20200102,000000,24.328,24.433,24.103,24.424,1136465,0
NVT.US,D,20200103,000000,24.008,24.187,23.839,24.112,784430,0
NVT.US,D,20200106,000000,23.895,23.959,23.772,23.934,862161,0
NVT.US,D,20200107,000000,23.799,24.065,23.678,23.998,690904,0
NVT.US,D,20200108,000000,23.969,24.273,23.78,24.047,1331369,0
NVT.US,D,20200109,000000,24.149,24.414,23.969,24.336,834573,0
NVT.US,D,20200110,000000,24.356,24.47,24.141,24.168,934891,0
NVT.US,D,20200113,000000,24.195,24.2,23.854,24.093,797357,0
NVT.US,D,20200114,000000,24.027,24.141,23.895,23.969,652870,0
NVT.US,D,20200115,000000,23.905,24.132,23.717,23.849,696525,0
NVT.US,D,20200116,000000,24.047,24.244,23.91,24.225,963389,0
NVT.US,D,20200117,000000,24.282,24.3,23.959,24.093,779789,0
NVT.US,D,20200121,000000,23.959,24.065,23.765,23.978,718874,0
NVT.US,D,20200122,000000,24.451,24.894,24.254,24.507,2382454,0
NVT.US,D,20200123,000000,24.389,24.625,24.114,24.54,1065129,0
NVT.US,D,20200124,000000,24.57,24.598,24.066,24.313,1390189,0
NVT.US,D,20200127,000000,23.765,24.057,23.602,23.772,808101,0
NVT.US,D,20200128,000000,23.867,24.175,23.755,23.944,1250079,0
NVT.US,D,20200129,000000,24.076,24.456,24.049,24.37,1037592,0
NVT.US,D,20200130,000000,23.999,24.46,23.989,24.398,899737,0
NVT.US,D,20200131,000000,24.208,24.208,23.506,23.62,5909272,0
NVT.US,D,20200203,000000,23.809,24.142,23.463,23.555,1531784,0
NVT.US,D,20200204,000000,24.019,24.188,23.726,23.925,2039786,0
NVT.US,D,20200205,000000,24.436,25.697,23.906,25.395,2312413,0
NVT.US,D,20200206,000000,26.077,26.364,25.351,25.424,1651593,0
NVT.US,D,20200207,000000,25.299,25.489,25.128,25.299,1115270,0
NVT.US,D,20200210,000000,25.176,25.469,24.914,25.289,1643187,0
NVT.US,D,20200211,000000,25.45,25.831,25.337,25.547,821755,0
NVT.US,D,20200212,000000,25.727,26.324,25.697,26.059,956150,0
NVT.US,D,20200213,000000,25.813,26.069,25.717,25.982,786906,0
NVT.US,D,20200214,000000,26.077,26.364,25.936,26.268,1022516,0
NVT.US,D,20200218,000000,26.467,26.656,26.258,26.428,1239292,0
NVT.US,D,20200219,000000,26.523,26.998,26.314,26.846,1595547,0
NVT.US,D,20200220,000000,26.798,27.272,26.723,27.083,880115,0
NVT.US,D,20200221,000000,26.904,27.129,26.846,26.931,777224,0
NVT.US,D,20200224,000000,25.84,26.403,25.459,26.144,1709708,0
NVT.US,D,20200225,000000,26.192,26.373,24.776,25.015,1190969,0
NVT.US,D,20200226,000000,25.205,25.395,24.502,24.512,1222581,0
NVT.US,D,20200227,000000,23.999,24.418,23.175,23.26,1583954,0
NVT.US,D,20200228,000000,22.301,23.195,22.111,22.776,1412677,0
NVT.US,D,20200302,000000,22.995,23.876,22.416,23.819,1126407,0
NVT.US,D,20200303,000000,23.809,24.408,22.861,23.023,1863104,0
NVT.US,D,20200304,000000,23.506,23.839,23.032,23.726,1497740,0
NVT.US,D,20200305,000000,22.776,23.032,21.733,21.99,1329296,0
NVT.US,D,20200306,000000,21.22,21.516,20.775,21.307,1077914,0
NVT.US,D,20200309,000000,20.291,20.491,18.764,18.801,2260696,0
NVT.US,D,20200310,000000,19.712,20.187,18.355,19.352,2730374,0
NVT.US,D,20200311,000000,18.659,18.85,17.673,18.128,1464639,0
NVT.US,D,20200312,000000,15.558,17.53,15.225,15.928,1615279,0
NVT.US,D,20200313,000000,16.979,18.08,16.154,18.061,1607469,0
NVT.US,D,20200316,000000,15.661,16.421,15.169,15.567,1871411,0
NVT.US,D,20200317,000000,15.841,15.94,13.869,14.931,1789152,0
NVT.US,D,20200318,000000,13.69,13.908,9.993,11.866,1695970,0
NVT.US,D,20200319,000000,11.715,14.24,11.24,13.84,2109576,0
NVT.US,D,20200320,000000,13.869,14.874,13.48,13.537,2459513,0
NVT.US,D,20200323,000000,13.299,13.47,12.133,13.082,1349573,0
NVT.US,D,20200324,000000,13.822,14.599,13.489,14.381,1244404,0
NVT.US,D,20200325,000000,14.562,15.577,13.68,15.368,929571,0
NVT.US,D,20200326,000000,15.443,16.838,15.227,16.667,1051567,0
NVT.US,D,20200327,000000,15.831,15.955,14.997,15.425,715168,0
NVT.US,D,20200330,000000,15.254,15.928,14.846,15.851,968574,0
NVT.US,D,20200331,000000,15.831,16.145,15.463,16.003,1129761,0
NVT.US,D,20200401,000000,15.036,15.775,14.24,14.788,1243635,0
NVT.US,D,20200402,000000,14.523,15.681,14.523,14.978,859005,0
NVT.US,D,20200403,000000,14.856,15.083,13.972,14.259,1035442,0
NVT.US,D,20200406,000000,14.893,16.022,14.836,15.955,1321148,0
NVT.US,D,20200407,000000,16.82,17.209,15.823,15.871,770582,0
NVT.US,D,20200408,000000,15.899,17.066,15.738,16.904,680446,0
NVT.US,D,20200409,000000,17.331,18.25,16.999,17.076,1211554,0
NVT.US,D,20200413,000000,17.076,17.311,16.63,16.8,874942,0
NVT.US,D,20200414,000000,17.397,17.663,16.79,17.331,1225192,0
NVT.US,D,20200415,000000,16.659,17.028,15.841,16.127,1123788,0
NVT.US,D,20200416,000000,16.098,16.136,15.425,15.871,828698,0
NVT.US,D,20200417,000000,16.525,17.076,16.192,16.694,1208670,0
NVT.US,D,20200420,000000,16.363,16.962,16.003,16.372,941214,0
NVT.US,D,20200421,000000,15.871,16.04,15.463,15.661,1272815,0
NVT.US,D,20200422,000000,16.098,16.571,15.756,16.412,883379,0
NVT.US,D,20200423,000000,16.417,17.086,16.254,16.521,814688,0
NVT.US,D,20200424,000000,16.712,16.914,16.367,16.829,1239009,0
NVT.US,D,20200427,000000,16.904,18.131,16.884,18.007,854881,0
NVT.US,D,20200428,000000,18.141,18.964,18.064,18.294,945336,0
NVT.US,D,20200429,000000,19.146,19.146,17.833,18.228,2026842,0
NVT.US,D,20200430,000000,17.863,18.755,17.671,17.873,4281618,0
NVT.US,D,20200501,000000,17.288,17.632,16.348,16.657,1339456,0
NVT.US,D,20200504,000000,16.1,16.769,15.909,16.597,1037086,0
NVT.US,D,20200505,000000,16.914,17.431,16.67,16.722,696754,0
NVT.US,D,20200506,000000,16.702,16.924,16.215,16.253,709032,0
NVT.US,D,20200507,000000,16.829,17.356,16.752,17.231,805994,0
NVT.US,D,20200508,000000,17.642,18.198,17.552,18.17,1148628,0
NVT.US,D,20200511,000000,17.843,17.988,17.096,17.288,967224,0
NVT.US,D,20200512,000000,17.268,17.47,16.301,16.348,549966,0
NVT.US,D,20200513,000000,16.11,16.272,15.534,15.745,844933,0
NVT.US,D,20200514,000000,15.332,16.166,14.95,15.955,624174,0
NVT.US,D,20200515,000000,15.783,16.607,15.717,16.34,509026,0
NVT.US,D,20200518,000000,17.296,17.814,17.01,17.557,801071,0
NVT.US,D,20200519,000000,17.46,18.198,17.174,17.642,691359,0
NVT.US,D,20200520,000000,18.055,18.333,17.402,17.547,926392,0
NVT.US,D,20200521,000000,17.385,17.938,17.306,17.547,908062,0
NVT.US,D,20200522,000000,17.701,17.701,17.096,17.346,528189,0
NVT.US,D,20200526,000000,18.274,18.515,17.883,17.92,1579779,0
NVT.US,D,20200527,000000,18.572,18.592,17.953,18.37,1677815,0
NVT.US,D,20200528,000000,18.687,18.687,17.893,18.074,578748,0
NVT.US,D,20200529,000000,17.863,17.944,17.119,17.566,819284,0
NVT.US,D,20200601,000000,17.691,18.264,17.605,17.978,955954,0
NVT.US,D,20200602,000000,18.247,18.505,17.883,18.093,717698,0
NVT.US,D,20200603,000000,18.485,19.137,18.284,18.772,1082546,0
NVT.US,D,20200604,000000,18.918,19.731,18.553,19.712,1237711,0
NVT.US,D,20200605,000000,20.566,21.111,20.153,20.307,1075201,0
NVT.US,D,20200608,000000,20.651,21.126,20.207,20.307,817870,0
NVT.US,D,20200609,000000,19.895,20.373,19.665,20.162,699956,0
NVT.US,D,20200610,000000,20.277,20.277,19.156,19.348,994743,0
NVT.US,D,20200611,000000,18.324,18.563,17.715,17.833,716865,0
NVT.US,D,20200612,000000,18.639,18.86,17.596,18.074,868508,0
NVT.US,D,20200615,000000,17.249,18.38,17.154,18.247,790880,0
NVT.US,D,20200616,000000,19.042,19.244,18.208,18.649,592762,0
NVT.US,D,20200617,000000,18.772,18.984,18.274,18.629,908025,0
NVT.US,D,20200618,000000,18.314,18.81,18.255,18.304,1049722,0
NVT.US,D,20200619,000000,18.41,18.553,17.824,17.93,1536714,0
NVT.US,D,20200622,000000,17.883,18.314,17.44,18.255,797656,0
NVT.US,D,20200623,000000,18.639,18.687,18.122,18.208,960780,0
NVT.US,D,20200624,000000,17.912,17.969,17.154,17.306,513744,0
NVT.US,D,20200625,000000,17.249,17.613,17.086,17.586,679423,0
NVT.US,D,20200626,000000,17.557,17.738,17.114,17.24,1074591,0
NVT.US,D,20200629,000000,17.557,18.15,17.174,17.691,1874636,0
NVT.US,D,20200630,000000,17.671,18.189,17.47,17.948,1121766,0
NVT.US,D,20200701,000000,17.968,18.16,17.134,17.566,1295765,0
NVT.US,D,20200702,000000,17.978,18.314,17.863,17.968,785171,0
NVT.US,D,20200706,000000,18.333,18.465,17.767,18.083,636408,0
NVT.US,D,20200707,000000,18.017,18.16,17.711,17.719,595719,0
NVT.US,D,20200708,000000,17.711,17.958,17.431,17.711,679841,0
NVT.US,D,20200709,000000,17.681,17.93,17.058,17.086,1755661,0
NVT.US,D,20200710,000000,17.114,17.596,17.114,17.576,1235039,0
NVT.US,D,20200713,000000,17.777,18.006,17.394,17.557,745740,0
NVT.US,D,20200714,000000,17.527,17.87,17.296,17.843,1009026,0
NVT.US,D,20200715,000000,18.37,18.599,18.093,18.505,1792166,0
NVT.US,D,20200716,000000,18.237,18.984,18.16,18.4,1094147,0
NVT.US,D,20200717,000000,18.485,19.052,18.431,19.012,1058080,0
NVT.US,D,20200720,000000,18.918,19.042,18.17,18.429,545457,0
NVT.US,D,20200721,000000,18.545,18.964,18.38,18.457,745798,0
NVT.US,D,20200722,000000,18.352,18.48,18.083,18.284,846203,0
NVT.US,D,20200723,000000,18.232,18.595,18.105,18.434,1014409,0
NVT.US,D,20200724,000000,18.444,18.561,17.931,18.067,666392,0
NVT.US,D,20200727,000000,17.931,18.547,17.931,18.396,1900871,0
NVT.US,D,20200728,000000,18.279,18.547,18.057,18.202,1011785,0
NVT.US,D,20200729,000000,18.338,18.686,18.289,18.598,1169923,0
NVT.US,D,20200730,000000,18.289,18.396,17.641,17.844,1542522,0
NVT.US,D,20200731,000000,17.68,18.366,16.974,17.564,3456731,0
NVT.US,D,20200803,000000,17.621,18.057,17.419,17.834,875077,0
NVT.US,D,20200804,000000,17.844,18.038,17.555,17.613,715221,0
NVT.US,D,20200805,000000,17.805,18.019,17.641,17.738,1306697,0
NVT.US,D,20200806,000000,17.574,17.829,17.574,17.7,830812,0
NVT.US,D,20200807,000000,17.603,18.289,17.535,18.202,907759,0
NVT.US,D,20200810,000000,18.299,18.736,18.105,18.561,2021939,0
NVT.US,D,20200811,000000,18.937,19.179,18.532,18.696,1952666,0
NVT.US,D,20200812,000000,18.871,19.084,18.598,18.676,1616439,0
NVT.US,D,20200813,000000,18.551,19.102,18.502,19.005,1599857,0
NVT.US,D,20200814,000000,18.801,19.054,18.754,18.841,1558285,0
NVT.US,D,20200817,000000,18.851,18.976,18.551,18.781,1142366,0
NVT.US,D,20200818,000000,18.764,18.937,18.454,18.551,1692797,0
NVT.US,D,20200819,000000,18.532,18.831,18.467,18.607,609293,0
NVT.US,D,20200820,000000,18.366,18.721,18.25,18.522,1018034,0
NVT.US,D,20200821,000000,18.454,18.647,18.439,18.551,1147012,0
NVT.US,D,20200824,000000,18.696,18.956,18.58,18.899,791848,0
NVT.US,D,20200825,000000,19.024,19.135,18.744,18.871,977333,0
NVT.US,D,20200826,000000,18.861,19.044,18.667,18.861,1047096,0
NVT.US,D,20200827,000000,18.956,19.159,18.811,18.928,986059,0
NVT.US,D,20200828,000000,18.966,18.995,18.768,18.919,615740,0
NVT.US,D,20200831,000000,18.821,18.88,18.472,18.492,1046705,0
NVT.US,D,20200901,000000,18.444,18.796,18.319,18.676,952811,0
NVT.US,D,20200902,000000,18.716,18.772,18.492,18.706,1446022,0
NVT.US,D,20200903,000000,18.764,18.861,18.309,18.348,1826929,0
NVT.US,D,20200904,000000,18.706,18.744,18.26,18.357,935634,0
NVT.US,D,20200908,000000,18.154,18.338,17.913,17.922,1567827,0
NVT.US,D,20200909,000000,18.038,18.174,17.796,17.95,1299860,0
NVT.US,D,20200910,000000,18.038,18.25,17.467,17.497,1635616,0
NVT.US,D,20200911,000000,17.603,17.767,17.507,17.738,894577,0
NVT.US,D,20200914,000000,17.874,18.115,17.815,17.97,802571,0
NVT.US,D,20200915,000000,17.99,18.202,17.719,18.009,952442,0
NVT.US,D,20200916,000000,18.125,18.328,17.94,18.077,1688180,0
NVT.US,D,20200917,000000,17.815,18.463,17.447,18.348,2078622,0
NVT.US,D,20200918,000000,18.376,18.376,17.362,17.535,3944827,0
NVT.US,D,20200921,000000,17.023,17.188,16.471,16.732,1778313,0
NVT.US,D,20200922,000000,16.693,17.013,16.557,16.77,1392334,0
NVT.US,D,20200923,000000,16.702,17.178,16.481,16.549,885200,0
NVT.US,D,20200924,000000,16.52,16.859,16.364,16.596,751357,0
NVT.US,D,20200925,000000,16.451,16.906,16.451,16.752,591600,0
NVT.US,D,20200928,000000,17.052,17.302,17.052,17.178,605789,0
NVT.US,D,20200929,000000,17.226,17.352,17.003,17.099,448180,0
NVT.US,D,20200930,000000,17.099,17.429,16.983,17.108,718985,0
NVT.US,D,20201001,000000,17.178,17.4,16.974,17.245,770215,0
NVT.US,D,20201002,000000,16.896,17.82,16.896,17.66,983628,0
NVT.US,D,20201005,000000,17.884,18.221,17.884,18.105,1302619,0
NVT.US,D,20201006,000000,18.232,18.532,17.922,17.95,1150572,0
NVT.US,D,20201007,000000,18.26,18.477,17.913,18.192,2187592,0
NVT.US,D,20201008,000000,18.212,19.149,17.99,18.946,6976370,0
NVT.US,D,20201009,000000,19.094,19.363,18.871,18.889,966395,0
NVT.US,D,20201012,000000,18.919,19.034,18.59,18.686,733564,0
NVT.US,D,20201013,000000,18.58,18.754,17.99,18.019,986584,0
NVT.US,D,20201014,000000,17.97,18.353,17.97,18.222,722231,0
NVT.US,D,20201015,000000,17.874,18.744,17.824,18.598,1400220,0
NVT.US,D,20201016,000000,18.627,19.054,18.57,18.791,996223,0
NVT.US,D,20201019,000000,18.781,19.084,18.406,18.434,764003,0
NVT.US,D,20201020,000000,18.627,18.976,18.602,18.861,1139412,0
NVT.US,D,20201021,000000,18.764,18.966,18.502,18.512,1142272,0
NVT.US,D,20201022,000000,18.556,19.26,18.487,19.22,1203001,0
NVT.US,D,20201023,000000,19.306,19.61,19.248,19.425,1206970,0
NVT.US,D,20201026,000000,19.17,19.18,18.527,18.663,1055486,0
NVT.US,D,20201027,000000,18.576,18.618,18.244,18.331,1730356,0
NVT.US,D,20201028,000000,17.921,18.253,17.17,17.18,1733501,0
NVT.US,D,20201029,000000,17.18,17.677,16.994,17.521,1456418,0
NVT.US,D,20201030,000000,17.823,18.39,17.482,17.618,3395069,0
NVT.US,D,20201102,000000,17.863,18.351,17.813,18.253,803169,0
NVT.US,D,20201103,000000,18.517,18.859,18.458,18.761,806692,0
NVT.US,D,20201104,000000,18.497,18.497,17.623,17.94,1086729,0
NVT.US,D,20201105,000000,18.244,18.985,18.039,18.703,724290,0
NVT.US,D,20201106,000000,18.683,18.809,18.087,18.156,668864,0
NVT.US,D,20201109,000000,19.825,20.332,19.444,19.863,1004722,0
NVT.US,D,20201110,000000,19.971,20.42,19.825,20.273,1103663,0
NVT.US,D,20201111,000000,20.479,20.489,19.644,19.727,707131,0
NVT.US,D,20201112,000000,19.581,19.688,19.121,19.376,579603,0
NVT.US,D,20201113,000000,19.542,19.933,19.542,19.825,486611,0
NVT.US,D,20201116,000000,20.332,20.996,20.147,20.986,971681,0
NVT.US,D,20201117,000000,20.673,21.035,20.499,20.947,889639,0
NVT.US,D,20201118,000000,21.172,21.25,20.859,21.045,775650,0
NVT.US,D,20201119,000000,20.937,21.123,20.743,21.103,589991,0
NVT.US,D,20201120,000000,20.918,21.26,20.849,21.172,947883,0
NVT.US,D,20201123,000000,21.426,22.363,21.426,22.343,1181364,0
NVT.US,D,20201124,000000,22.772,23.407,22.636,23.309,1366869,0
NVT.US,D,20201125,000000,23.026,23.193,22.46,23.103,1029195,0
NVT.US,D,20201127,000000,23.203,23.407,22.44,22.86,361183,0
NVT.US,D,20201130,000000,22.831,22.86,22.353,22.45,1112571,0
NVT.US,D,20201201,000000,22.772,22.997,22.293,22.46,900057,0
NVT.US,D,20201202,000000,22.227,22.67,22.227,22.587,811723,0
NVT.US,D,20201203,000000,22.724,22.772,22.402,22.44,587513,0
NVT.US,D,20201204,000000,22.646,23.173,22.636,23.133,662277,0
NVT.US,D,20201207,000000,23.173,23.212,22.714,23.026,705021,0
NVT.US,D,20201208,000000,23.67,23.866,23.427,23.485,1192842,0
NVT.US,D,20201209,000000,23.72,23.765,23.241,23.524,1078029,0
NVT.US,D,20201210,000000,23.203,23.564,22.997,23.427,1116198,0
NVT.US,D,20201211,000000,23.086,23.465,23.036,23.173,763602,0
NVT.US,D,20201214,000000,23.495,23.495,22.646,22.802,699533,0
NVT.US,D,20201215,000000,22.9,23.095,22.606,23.026,1333239,0
NVT.US,D,20201216,000000,23.212,23.212,22.539,22.704,1043423,0
NVT.US,D,20201217,000000,22.9,22.9,22.333,22.558,1576405,0
NVT.US,D,20201218,000000,22.655,22.694,22.011,22.283,1903370,0
NVT.US,D,20201221,000000,22.099,22.343,21.64,22.197,782433,0
NVT.US,D,20201222,000000,22.266,22.266,21.933,22.09,470096,0
NVT.US,D,20201223,000000,22.333,22.636,22.266,22.549,578279,0
NVT.US,D,20201224,000000,22.626,22.646,22.363,22.587,176584,0
NVT.US,D,20201228,000000,22.822,22.88,22.479,22.568,643348,0
NVT.US,D,20201229,000000,22.646,22.646,22.157,22.303,890882,0
NVT.US,D,20201230,000000,22.363,22.84,22.343,22.714,609007,0
NVT.US,D,20201231,000000,22.822,22.855,22.363,22.734,1267646,0
NVT.US,D,20210104,000000,22.724,23.241,21.928,22.002,1130962,0
NVT.US,D,20210105,000000,21.992,23.017,21.856,22.734,1477720,0
NVT.US,D,20210106,000000,23.261,24.237,23.236,23.954,1641262,0
NVT.US,D,20210107,000000,24.315,24.373,23.68,23.71,1396150,0
NVT.US,D,20210108,000000,23.992,24.187,23.407,23.77,1439835,0
NVT.US,D,20210111,000000,23.369,23.72,23.251,23.68,1076997,0
NVT.US,D,20210112,000000,23.77,24.051,23.67,23.876,798719,0
NVT.US,D,20210113,000000,23.954,24.012,23.524,23.77,928167,0
NVT.US,D,20210114,000000,23.935,24.403,23.74,24.032,831951,0
NVT.US,D,20210115,000000,23.71,24.012,23.349,23.68,1359602,0
NVT.US,D,20210119,000000,23.962,24.061,23.251,23.583,1032865,0
NVT.US,D,20210120,000000,23.554,23.886,23.279,23.846,1354932,0
NVT.US,D,20210121,000000,23.684,23.988,23.212,23.232,1394532,0
NVT.US,D,20210122,000000,22.918,23.32,22.777,23.232,939836,0
NVT.US,D,20210125,000000,22.848,23.016,22.494,22.918,3420139,0
NVT.US,D,20210126,000000,23.222,23.29,22.574,22.779,2532386,0
NVT.US,D,20210127,000000,22.347,22.357,21.442,21.776,2963190,0
NVT.US,D,20210128,000000,22.053,22.809,21.709,22.465,2793993,0
NVT.US,D,20210129,000000,22.259,22.259,21.482,22.003,15496117,0
NVT.US,D,20210201,000000,22.416,22.435,21.619,22.013,2047425,0
NVT.US,D,20210202,000000,22.377,22.397,21.895,22.387,2000992,0
NVT.US,D,20210203,000000,22.426,23.055,22.307,22.927,2055959,0
NVT.US,D,20210204,000000,23.085,23.507,23.006,23.153,1546934,0
NVT.US,D,20210205,000000,23.477,23.577,23.143,23.447,1432330,0
NVT.US,D,20210208,000000,23.557,23.772,23.409,23.714,1259533,0
NVT.US,D,20210209,000000,23.35,23.557,22.593,23.025,2085590,0
NVT.US,D,20210210,000000,23.163,23.27,22.426,22.564,1347855,0
NVT.US,D,20210211,000000,22.632,22.956,22.239,22.574,783421,0
NVT.US,D,20210212,000000,22.465,23.045,22.455,23.006,908088,0
NVT.US,D,20210216,000000,23.31,24.107,23.163,23.978,1795705,0
NVT.US,D,20210217,000000,23.921,24.22,23.782,24.136,1304290,0
NVT.US,D,20210218,000000,24.048,24.215,23.605,23.605,1690054,0
NVT.US,D,20210219,000000,23.684,24.972,23.684,24.756,2127171,0
NVT.US,D,20210222,000000,24.657,26.093,24.471,25.886,2332439,0
NVT.US,D,20210223,000000,25.936,26.476,25.699,26.309,1810118,0
NVT.US,D,20210224,000000,26.456,27.027,26.073,26.77,1610373,0
NVT.US,D,20210225,000000,26.79,26.87,25.827,25.886,1276495,0
NVT.US,D,20210226,000000,25.985,26.446,25.582,25.818,1322795,0
NVT.US,D,20210301,000000,26.486,27.096,26.21,27.086,1968830,0
NVT.US,D,20210302,000000,26.938,27.214,26.379,26.693,1623608,0
NVT.US,D,20210303,000000,26.732,27.086,26.486,26.604,1879551,0
NVT.US,D,20210304,000000,26.83,27.042,25.857,26.536,1607751,0
NVT.US,D,20210305,000000,27.037,27.316,26.369,27.253,1465204,0
NVT.US,D,20210308,000000,27.518,28.619,27.391,28.374,2266008,0
NVT.US,D,20210309,000000,28.314,28.738,28.089,28.394,1459043,0
NVT.US,D,20210310,000000,28.433,28.885,28.05,28.648,1091883,0
NVT.US,D,20210311,000000,28.777,28.855,27.96,28.02,1500981,0
NVT.US,D,20210312,000000,28.217,28.954,28.089,28.935,1624976,0
NVT.US,D,20210315,000000,28.935,29.436,28.718,29.426,968125,0
NVT.US,D,20210316,000000,29.239,29.303,28.777,28.925,1013604,0
NVT.US,D,20210317,000000,28.983,29.082,28.619,28.944,928554,0
NVT.US,D,20210318,000000,28.974,29.259,28.404,28.521,816169,0
NVT.US,D,20210319,000000,28.531,28.835,28.079,28.256,2550551,0
NVT.US,D,20210322,000000,28.266,28.344,27.853,28.246,637555,0
NVT.US,D,20210323,000000,27.823,28.03,26.541,26.643,1024695,0
NVT.US,D,20210324,000000,26.977,27.646,26.742,26.761,1240850,0
NVT.US,D,20210325,000000,26.546,27.214,26.122,27.105,646743,0
NVT.US,D,20210326,000000,27.518,27.902,27.115,27.588,807978,0
NVT.US,D,20210329,000000,27.361,27.843,26.81,26.987,688287,0
NVT.US,D,20210330,000000,27.037,27.459,26.9,27.391,454501,0
NVT.US,D,20210331,000000,27.558,27.912,27.268,27.439,932598,0
NVT.US,D,20210401,000000,27.489,28.177,27.234,28.167,844550,0
NVT.US,D,20210405,000000,28.511,28.638,28.127,28.304,517232,0
NVT.US,D,20210406,000000,28.531,28.974,28.294,28.334,849359,0
NVT.US,D,20210407,000000,28.266,28.327,27.803,27.98,406243,0
NVT.US,D,20210408,000000,27.922,27.922,27.401,27.735,471472,0
NVT.US,D,20210409,000000,27.715,28.059,27.401,28.01,545591,0
NVT.US,D,20210412,000000,28.187,28.284,27.945,28.069,337165,0
NVT.US,D,20210413,000000,28.01,28.04,27.42,27.666,319019,0
NVT.US,D,20210414,000000,27.96,28.256,27.823,27.95,346405,0
NVT.US,D,20210415,000000,28.237,28.698,28.02,28.688,811963,0
NVT.US,D,20210416,000000,28.905,29.17,28.825,29.062,941238,0
NVT.US,D,20210419,000000,28.835,29.111,28.668,29.082,1066859,0
NVT.US,D,20210420,000000,28.805,29.288,28.354,28.658,757666,0
NVT.US,D,20210421,000000,28.591,29.288,28.442,29.189,722175,0
NVT.US,D,20210422,000000,29.333,29.412,28.928,29.106,594449,0
NVT.US,D,20210423,000000,29.106,29.842,29.106,29.689,559017,0
NVT.US,D,20210426,000000,29.778,30.233,29.59,29.709,739286,0
NVT.US,D,20210427,000000,29.887,29.996,29.412,29.956,534223,0
NVT.US,D,20210428,000000,29.956,30.213,29.679,30.006,749267,0
NVT.US,D,20210429,000000,30.461,30.856,29.956,30.263,950961,0
NVT.US,D,20210430,000000,30.065,30.589,29.922,30.114,971390,0
NVT.US,D,20210503,000000,30.747,30.757,30.233,30.302,938861,0
NVT.US,D,20210504,000000,30.124,30.712,29.768,30.659,727598,0
NVT.US,D,20210505,000000,30.945,31.311,30.847,30.866,778649,0
NVT.US,D,20210506,000000,30.876,31.341,30.569,31.301,777117,0
NVT.US,D,20210507,000000,30.975,31.459,30.678,31.41,979530,0
NVT.US,D,20210510,000000,31.627,31.983,31.489,31.607,869570,0
NVT.US,D,20210511,000000,31.203,31.449,30.842,31.173,611493,0
NVT.US,D,20210512,000000,31.163,31.351,30.134,30.233,565812,0
NVT.US,D,20210513,000000,30.045,31.063,30.045,30.915,765909,0
NVT.US,D,20210514,000000,31.331,31.4,30.837,31.271,594528,0
NVT.US,D,20210517,000000,31.241,31.727,31.124,31.607,716855,0
NVT.US,D,20210518,000000,31.598,31.924,31.093,31.183,849331,0
NVT.US,D,20210519,000000,30.659,31.103,30.342,31.044,582493,0
NVT.US,D,20210520,000000,30.827,31.281,30.599,31.251,890366,0
NVT.US,D,20210521,000000,31.569,31.647,31.123,31.311,559473,0
NVT.US,D,20210524,000000,31.449,31.672,31.143,31.519,416856,0
NVT.US,D,20210525,000000,31.529,31.707,30.837,30.975,635016,0
NVT.US,D,20210526,000000,31.213,31.469,31.035,31.439,1019510,0
NVT.US,D,20210527,000000,31.697,32.191,31.588,32.161,723985,0
NVT.US,D,20210528,000000,32.191,32.221,31.732,32.181,708822,0
NVT.US,D,20210601,000000,32.607,32.607,32.161,32.518,734195,0
NVT.US,D,20210602,000000,32.636,32.923,32.191,32.656,865184,0
NVT.US,D,20210603,000000,32.518,32.557,32.073,32.29,691828,0
NVT.US,D,20210604,000000,32.399,32.547,32.083,32.142,767348,0
NVT.US,D,20210607,000000,32.083,32.379,31.657,31.776,548740,0
NVT.US,D,20210608,000000,31.795,32.102,31.371,32.092,566357,0
NVT.US,D,20210609,000000,32.053,32.171,31.746,32.112,500368,0
NVT.US,D,20210610,000000,32.27,32.33,31.439,31.539,417387,0
NVT.US,D,20210611,000000,31.598,31.778,31.231,31.469,471065,0
NVT.US,D,20210614,000000,31.469,31.598,31.103,31.311,667758,0
NVT.US,D,20210615,000000,31.41,31.539,31.291,31.509,782491,0
NVT.US,D,20210616,000000,31.351,31.697,31.073,31.311,588227,0
NVT.US,D,20210617,000000,31.241,31.351,29.867,30.253,788630,0
NVT.US,D,20210618,000000,29.768,29.991,29.482,29.541,1149807,0
NVT.US,D,20210621,000000,29.867,30.322,29.784,30.312,965642,0
NVT.US,D,20210622,000000,30.5,30.925,30.213,30.352,802050,0
NVT.US,D,20210623,000000,30.352,30.649,30.193,30.471,452224,0
NVT.US,D,20210624,000000,30.659,30.995,30.295,30.895,619287,0
NVT.US,D,20210625,000000,30.985,31.41,30.885,31.251,1356339,0
NVT.US,D,20210628,000000,31.203,31.371,30.381,30.481,1138470,0
NVT.US,D,20210629,000000,30.727,30.885,30.164,30.342,817683,0
NVT.US,D,20210630,000000,30.273,30.915,30.233,30.895,718528,0
NVT.US,D,20210701,000000,31.103,33.091,31.103,31.479,1206582,0
NVT.US,D,20210702,000000,31.598,31.598,30.876,31.063,507165,0
NVT.US,D,20210706,000000,31.053,31.053,29.907,30.134,543410,0
NVT.US,D,20210707,000000,29.996,30.441,29.907,30.411,565151,0
NVT.US,D,20210708,000000,29.857,30.451,29.64,30.065,325766,0
NVT.US,D,20210709,000000,30.619,30.94,30.283,30.668,929799,0
NVT.US,D,20210712,000000,30.52,31.005,30.381,30.925,436095,0
NVT.US,D,20210713,000000,30.717,30.975,30.352,30.371,384763,0
NVT.US,D,20210714,000000,30.589,30.847,30.381,30.401,716318,0
NVT.US,D,20210715,000000,30.065,30.451,29.66,29.956,913432,0
NVT.US,D,20210716,000000,30.174,30.253,29.214,29.284,588963,0
NVT.US,D,20210719,000000,28.592,28.811,27.958,28.66,1139556,0
NVT.US,D,20210720,000000,28.72,30.213,28.66,29.986,2738391,0
NVT.US,D,20210721,000000,30.223,30.609,30.154,30.273,1185560,0
NVT.US,D,20210722,000000,30.168,30.278,29.621,30.178,1037537,0
NVT.US,D,20210723,000000,30.317,31.004,30.128,30.974,828667,0
NVT.US,D,20210726,000000,31.063,31.421,30.765,30.964,477975,0
NVT.US,D,20210727,000000,30.636,31.043,30.377,30.994,568205,0
NVT.US,D,20210728,000000,30.994,31.282,30.457,31.024,897009,0
NVT.US,D,20210729,000000,31.382,31.69,31.153,31.412,447408,0
NVT.US,D,20210730,000000,31.163,31.591,31.163,31.441,866252,0
NVT.US,D,20210802,000000,31.62,32.376,31.393,31.451,1006720,0
NVT.US,D,20210803,000000,32.327,33.799,32.078,33.52,1872080,0
NVT.US,D,20210804,000000,33.819,34.027,33.073,33.083,1004039,0
NVT.US,D,20210805,000000,33.152,33.421,32.695,32.834,571726,0
NVT.US,D,20210806,000000,33.222,33.381,32.923,33.112,1131922,0
NVT.US,D,20210809,000000,32.963,33.009,32.516,32.744,488184,0
NVT.US,D,20210810,000000,32.854,33.401,32.744,33.083,524665,0
NVT.US,D,20210811,000000,33.172,33.759,32.874,33.59,643025,0
NVT.US,D,20210812,000000,33.6,33.719,33.217,33.6,503950,0
NVT.US,D,20210813,000000,33.62,33.709,33.212,33.252,429361,0
NVT.US,D,20210816,000000,33.053,33.56,32.834,33.361,496366,0
NVT.US,D,20210817,000000,33.272,33.272,32.466,32.864,534765,0
NVT.US,D,20210818,000000,32.834,33.291,32.764,32.814,676459,0
NVT.US,D,20210819,000000,32.366,32.695,32.187,32.267,692899,0
NVT.US,D,20210820,000000,32.187,32.62,32.038,32.595,536596,0
NVT.US,D,20210823,000000,32.824,33.043,32.675,32.834,452340,0
NVT.US,D,20210824,000000,33.023,33.59,32.913,33.351,870337,0
NVT.US,D,20210825,000000,33.361,33.789,33.162,33.749,657503,0
NVT.US,D,20210826,000000,33.878,34.047,33.53,33.55,817043,0
NVT.US,D,20210827,000000,33.799,34.624,33.799,34.316,1394524,0
NVT.US,D,20210830,000000,34.654,34.783,34.291,34.326,779660,0
NVT.US,D,20210831,000000,34.475,34.614,33.918,34.177,884038,0
NVT.US,D,20210901,000000,34.236,34.386,33.789,33.858,905976,0
NVT.US,D,20210902,000000,33.898,34.177,33.858,34.067,556355,0
NVT.US,D,20210903,000000,33.948,33.978,33.331,33.659,576700,0
NVT.US,D,20210907,000000,33.57,33.699,33.102,33.192,449380,0
NVT.US,D,20210908,000000,32.933,33.043,31.969,32.595,918275,0
NVT.US,D,20210909,000000,32.446,33.421,32.446,33.043,1123318,0
NVT.US,D,20210910,000000,33.043,33.6,32.844,32.854,1096995,0
NVT.US,D,20210913,000000,33.272,33.57,32.933,33.222,625067,0
NVT.US,D,20210914,000000,33.212,33.212,32.436,32.436,602600,0
NVT.US,D,20210915,000000,32.416,33.023,32.177,32.874,534526,0
NVT.US,D,20210916,000000,32.943,33.321,32.774,32.993,742117,0
NVT.US,D,20210917,000000,32.904,33.122,32.038,32.466,1576811,0
NVT.US,D,20210920,000000,31.561,32.018,31.014,31.929,681332,0
NVT.US,D,20210921,000000,32.317,32.317,31.103,31.223,730181,0
NVT.US,D,20210922,000000,31.581,32.396,31.431,32.148,858950,0
NVT.US,D,20210923,000000,32.386,33.073,32.138,32.675,645796,0
NVT.US,D,20210924,000000,32.605,32.973,32.368,32.526,480347,0
NVT.US,D,20210927,000000,32.685,33.65,32.685,33.212,566373,0
NVT.US,D,20210928,000000,33.122,33.262,32.476,32.565,840654,0
NVT.US,D,20210929,000000,32.794,32.913,32.526,32.824,386700,0
NVT.US,D,20210930,000000,32.923,33.083,32.158,32.158,675347,0
NVT.US,D,20211001,000000,32.506,33.182,32.187,33.043,774264,0
NVT.US,D,20211004,000000,33.073,33.391,32.645,32.764,638738,0
NVT.US,D,20211005,000000,32.844,33.033,32.307,32.456,780858,0
NVT.US,D,20211006,000000,31.939,32.257,31.242,31.829,844409,0
NVT.US,D,20211007,000000,32.048,32.724,31.919,32.197,471952,0
NVT.US,D,20211008,000000,32.187,32.466,31.949,31.959,417264,0
NVT.US,D,20211011,000000,31.879,32.003,31.103,31.133,512035,0
NVT.US,D,20211012,000000,31.203,31.471,30.914,31.252,639973,0
NVT.US,D,20211013,000000,31.412,31.526,30.956,31.173,415939,0
NVT.US,D,20211014,000000,31.521,31.7,31.043,31.481,1439712,0
NVT.US,D,20211015,000000,31.789,32.346,31.74,31.849,779674,0
NVT.US,D,20211018,000000,31.71,32.724,31.531,32.287,857576,0
NVT.US,D,20211019,000000,32.416,32.545,32.197,32.257,337154,0
NVT.US,D,20211020,000000,32.128,32.824,32.018,32.625,495321,0
NVT.US,D,20211021,000000,32.42,32.82,32.26,32.77,515695,0
NVT.US,D,20211022,000000,32.75,33.375,32.67,33.23,600025,0
NVT.US,D,20211025,000000,33.21,33.48,32.95,33.24,1134518,0
NVT.US,D,20211026,000000,33.43,33.74,33.16,33.27,713835,0
NVT.US,D,20211027,000000,33.36,33.43,32.26,32.3,699526,0
NVT.US,D,20211028,000000,34.29,35.095,33.61,34.45,1694074,0
NVT.US,D,20211029,000000,34.53,35.78,34.46,35.45,1034476,0
NVT.US,D,20211101,000000,35.57,36.27,35.36,35.96,861229,0
NVT.US,D,20211102,000000,36.05,37.06,35.85,37.02,930978,0
NVT.US,D,20211103,000000,36.98,37.81,36.63,37.59,1004387,0
NVT.US,D,20211104,000000,37.63,37.89,36.59,36.75,628793,0
NVT.US,D,20211105,000000,37.21,37.54,36.98,37.17,1086184,0
NVT.US,D,20211108,000000,37.58,37.78,37.19,37.26,857127,0
NVT.US,D,20211109,000000,37.27,37.52,36.48,36.68,716664,0
NVT.US,D,20211110,000000,36.58,37.02,35.895,36.22,772392,0
NVT.US,D,20211111,000000,36.21,36.97,36.13,36.79,644976,0
NVT.US,D,20211112,000000,36.93,37.2,36.58,37.05,729436,0
NVT.US,D,20211115,000000,37.45,37.6,37.2,37.39,616689,0
NVT.US,D,20211116,000000,37.3,38.37,37.2,37.77,846327,0
NVT.US,D,20211117,000000,37.55,38.08,37.505,37.76,556545,0
NVT.US,D,20211118,000000,37.83,38.08,37.44,37.78,557712,0
NVT.US,D,20211119,000000,37.51,37.81,36.96,37.04,570407,0
NVT.US,D,20211122,000000,37.28,37.72,37.06,37.14,727040,0
NVT.US,D,20211123,000000,36.87,37.41,36.23,36.76,1015940,0
NVT.US,D,20211124,000000,36.49,37.21,36.46,37.14,663050,0
NVT.US,D,20211126,000000,36,36.75,35.86,36.26,651964,0
NVT.US,D,20211129,000000,36.68,37.18,35.71,35.85,722613,0
NVT.US,D,20211130,000000,35.46,35.72,34.73,34.83,719129,0
NVT.US,D,20211201,000000,35.61,36.74,34.98,35,1277411,0
NVT.US,D,20211202,000000,35,36.61,34.94,36.27,801002,0
NVT.US,D,20211203,000000,36.14,36.51,35.15,35.66,816736,0
NVT.US,D,20211206,000000,36.03,36.51,35.5,36.25,1054061,0
NVT.US,D,20211207,000000,36.77,37.96,36.75,37.63,1165254,0
NVT.US,D,20211208,000000,37.75,37.98,37.07,37.12,748208,0
NVT.US,D,20211209,000000,36.85,37.76,36.8,37.46,822604,0
NVT.US,D,20211210,000000,37.67,38.01,37.4,37.75,1045484,0
NVT.US,D,20211213,000000,37.71,38,37.15,37.29,787695,0
NVT.US,D,20211214,000000,36.96,37.67,36.35,36.75,1066482,0
NVT.US,D,20211215,000000,36.68,37.41,36.02,37.4,635146,0
NVT.US,D,20211216,000000,37.57,38.48,36.5015,36.72,1293804,0
NVT.US,D,20211217,000000,36.34,36.55,35.51,35.65,2576678,0
NVT.US,D,20211220,000000,35.17,35.2349,33.83,34.82,1355767,0
NVT.US,D,20211221,000000,35.26,36.46,35.26,36.34,1058318,0
NVT.US,D,20211222,000000,36.34,37.06,36.28,36.79,793580,0
NVT.US,D,20211223,000000,37.07,37.69,36.93,37.42,794610,0
NVT.US,D,20211227,000000,37.42,38.07,37.22,38.06,540243,0
NVT.US,D,20211228,000000,37.77,38.34,37.77,38.14,395595,0
NVT.US,D,20211229,000000,38.06,38.44,37.935,38.31,376274,0
NVT.US,D,20211230,000000,38.22,38.47,37.6,37.64,584696,0
NVT.US,D,20211231,000000,37.61,38.21,37.61,38,426003,0
NVT.US,D,20220103,000000,38.5,38.85,37.36,37.89,720377,0
NVT.US,D,20220104,000000,38.4,38.4,37.8,38.12,950570,0
NVT.US,D,20220105,000000,38.32,38.41,37.43,37.5,986542,0
NVT.US,D,20220106,000000,37.5,38.53,37.33,38.27,913354,0
NVT.US,D,20220107,000000,38.26,39.53,37.3325,37.37,447152,0
NVT.US,D,20220110,000000,37,37.2151,35.97,36.66,826342,0
NVT.US,D,20220111,000000,36.68,37.0825,36.33,36.97,935617,0
NVT.US,D,20220112,000000,37.28,37.76,37.07,37.46,723347,0
NVT.US,D,20220113,000000,37.71,38.02,37.385,37.51,582852,0
NVT.US,D,20220114,000000,37.02,37.13,36.51,36.99,498740,0
NVT.US,D,20220118,000000,36.44,37.44,36.41,37.09,1256226,0
NVT.US,D,20220119,000000,37.32,37.59,36,36.01,707562,0
NVT.US,D,20220120,000000,36.01,36.42,35.02,35.13,632231,0
NVT.US,D,20220121,000000,34.85,35.335,34.25,34.58,822355,0
