<TICKER>,<PER>,<DATE>,<TIME>,<OPEN>,<HIGH>,<LOW>,<CLOSE>,<VOL>,<OPENINT>
ONON.US,D,20210915,000000,35.4,38,34.5,35,13765817,0
ONON.US,D,20210916,000000,36,40.13,35.9,37.49,6458744,0
ONON.US,D,20210917,000000,39.64,40.8,38.15,38.95,3661908,0
ONON.US,D,20210920,000000,38,38,34.35,36.01,2779643,0
ONON.US,D,20210921,000000,37.78,39.01,36.01,38.64,1339494,0
ONON.US,D,20210922,000000,39.4,39.8,35.55,35.75,1703681,0
ONON.US,D,20210923,000000,36.55,37.68,35.84,37.34,902269,0
ONON.US,D,20210924,000000,37.2,37.32,35.6,36.02,1180981,0
ONON.US,D,20210927,000000,35.71,35.99,32.92,33.37,1780587,0
ONON.US,D,20210928,000000,32.62,33.04,31.85,32,1776255,0
ONON.US,D,20210929,000000,32.24,33.24,30.31,30.9,2383351,0
ONON.US,D,20210930,000000,30.9,32.4,30.06,30.13,1468851,0
ONON.US,D,20211001,000000,30.14,30.98,29.8,30.5,1062483,0
ONON.US,D,20211004,000000,29.12,30.24,28.1,29.09,1308536,0
ONON.US,D,20211005,000000,29.09,31.18,28.93,30.44,1370182,0
ONON.US,D,20211006,000000,30,30.22,29.22,29.59,743370,0
ONON.US,D,20211007,000000,29.59,30.9694,29.29,29.84,615653,0
ONON.US,D,20211008,000000,30.04,30.42,29.01,30.07,619415,0
ONON.US,D,20211011,000000,30.3,31.62,30.3,30.69,1315704,0
ONON.US,D,20211012,000000,31.31,32.5,30.11,30.54,1164215,0
ONON.US,D,20211013,000000,30.8,31.35,30.649,30.7,684670,0
ONON.US,D,20211014,000000,31.18,31.22,29.15,29.57,1179358,0
ONON.US,D,20211015,000000,29.63,31.06,29.6,29.72,413471,0
ONON.US,D,20211018,000000,29.72,30.52,29.345,30.07,567856,0
ONON.US,D,20211019,000000,30.57,30.9,29.41,29.77,568471,0
ONON.US,D,20211020,000000,30.31,32.5,30.1,31.36,1265312,0
ONON.US,D,20211021,000000,31.18,33.85,31.18,33.71,1294301,0
ONON.US,D,20211022,000000,33.68,34.08,32.5,33.26,778638,0
ONON.US,D,20211025,000000,33.37,36.2,33.0101,34.98,1154443,0
ONON.US,D,20211026,000000,35.24,36.5,34.65,35.58,1571152,0
ONON.US,D,20211027,000000,35.9,35.9,33.68,34,1218292,0
ONON.US,D,20211028,000000,34.36,35.43,32.93,33.7,863696,0
ONON.US,D,20211029,000000,33.36,34.5,33.035,34.16,402670,0
ONON.US,D,20211101,000000,34.45,36.79,34.22,36.58,1037505,0
ONON.US,D,20211102,000000,36.77,36.96,35.21,35.41,542600,0
ONON.US,D,20211103,000000,35.41,38.76,35.33,38.45,1599892,0
ONON.US,D,20211104,000000,38.65,38.7,36.19,37.63,1198764,0
ONON.US,D,20211105,000000,38.08,39.8,37.89,39.19,1037441,0
ONON.US,D,20211108,000000,39.48,39.55,36.9,38.24,2049067,0
ONON.US,D,20211109,000000,38.21,39.42,37.51,37.85,1066204,0
ONON.US,D,20211110,000000,37.43,38.9299,36.91,37.19,783192,0
ONON.US,D,20211111,000000,37.52,37.792,35.55,37.01,765769,0
ONON.US,D,20211112,000000,37.55,37.68,35.85,37.2,662720,0
ONON.US,D,20211115,000000,37.75,38.72,36.1,36.43,2112367,0
ONON.US,D,20211116,000000,39.4,46.7,39.3,45.61,8917015,0
ONON.US,D,20211117,000000,43.05,55.87,43.05,51.45,7956373,0
ONON.US,D,20211118,000000,50.1,50.72,44.95,45,3128772,0
ONON.US,D,20211119,000000,48.39,48.97,42.2076,44.94,3758612,0
ONON.US,D,20211122,000000,45.19,45.4474,41.1,42.56,2243511,0
ONON.US,D,20211123,000000,42.16,45.79,41.3,42.49,2366987,0
ONON.US,D,20211124,000000,42,46.74,42,45.71,1907758,0
ONON.US,D,20211126,000000,44,44,41.15,43.11,1446650,0
ONON.US,D,20211129,000000,43.73,43.89,41.71,42.25,1608740,0
ONON.US,D,20211130,000000,41.26,41.99,38.35,40.16,2145626,0
ONON.US,D,20211201,000000,40.8,41.3999,38.83,39.05,1900423,0
ONON.US,D,20211202,000000,39.29,39.29,37.14,38.75,1906113,0
ONON.US,D,20211203,000000,38.75,39.95,36.01,36.8,2388839,0
ONON.US,D,20211206,000000,36.95,40.58,36.21,40.15,1763950,0
ONON.US,D,20211207,000000,41.17,43.17,40.6,42.39,1601334,0
ONON.US,D,20211208,000000,43.11,43.8,41.31,41.81,1078627,0
ONON.US,D,20211209,000000,41.95,42.5,39.2,39.41,1231537,0
ONON.US,D,20211210,000000,39.55,40.18,37.56,38.28,1496642,0
ONON.US,D,20211213,000000,37.87,38.02,35.51,36.02,2012372,0
ONON.US,D,20211214,000000,35.35,36.86,34.6,36.56,1720920,0
ONON.US,D,20211215,000000,36.21,37.83,34.85,37.2,1092419,0
ONON.US,D,20211216,000000,37.75,38.47,35.67,36.12,1860607,0
ONON.US,D,20211217,000000,35.02,37.25,34.1,36.2,1823631,0
ONON.US,D,20211220,000000,35.25,36.44,34.53,35.26,948571,0
ONON.US,D,20211221,000000,36.81,37.655,35.68,37.58,1034044,0
ONON.US,D,20211222,000000,37.07,37.855,36.685,37.67,486351,0
ONON.US,D,20211223,000000,37.85,38.9493,37,38.61,1089953,0
ONON.US,D,20211227,000000,38.99,39.12,36.37,36.52,1361484,0
ONON.US,D,20211228,000000,36.37,37.25,35.1,35.44,813475,0
ONON.US,D,20211229,000000,35.64,37.1,34.7501,37.03,743471,0
ONON.US,D,20211230,000000,36.74,38.8,36.71,38.07,632685,0
ONON.US,D,20211231,000000,38.07,39.06,37.8,37.81,295722,0
ONON.US,D,20220103,000000,38.75,40.22,38.11,38.68,1497222,0
ONON.US,D,20220104,000000,38.75,39.12,35.81,36.44,1542964,0
ONON.US,D,20220105,000000,36.2,36.2,32,32.86,2613851,0
ONON.US,D,20220106,000000,33.21,34.1,32,33.36,1990340,0
ONON.US,D,20220107,000000,33.34,33.67,31.796,33,1860664,0
ONON.US,D,20220110,000000,32.08,32.38,29.5,31.47,3130249,0
ONON.US,D,20220111,000000,31.79,33.7582,31.72,32.12,6291980,0
ONON.US,D,20220112,000000,32.2,32.73,30,30.68,3799324,0
ONON.US,D,20220113,000000,30.72,30.81,29.07,29.45,2776603,0
ONON.US,D,20220114,000000,29.25,29.49,26.38,28.03,4726798,0
ONON.US,D,20220118,000000,27.18,27.74,26.5,27.37,2772116,0
ONON.US,D,20220119,000000,27.22,27.5075,26.58,26.83,1810615,0
ONON.US,D,20220120,000000,27,28.11,26.16,26.26,3591350,0
ONON.US,D,20220121,000000,26.01,26.24,24.04,25.75,4433210,0
