<TICKER>,<PER>,<DATE>,<TIME>,<OPEN>,<HIGH>,<LOW>,<CLOSE>,<VOL>,<OPENINT>
OPAD-WS.US,D,20210907,000000,1.5,2.02,1.36,1.66,1640837,0
OPAD-WS.US,D,20210908,000000,1.5,1.84,1.4,1.72,411586,0
OPAD-WS.US,D,20210909,000000,1.62,2.18,1.5672,1.59,1956769,0
OPAD-WS.US,D,20210910,000000,1.46,1.73,1.33,1.61,179406,0
OPAD-WS.US,D,20210913,000000,1.47,1.64,1.45,1.5,269847,0
OPAD-WS.US,D,20210914,000000,1.5457,1.87,1.5392,1.6,214838,0
OPAD-WS.US,D,20210915,000000,1.58,1.96,1.53,1.864,250742,0
OPAD-WS.US,D,20210916,000000,2.6,3.5,2.01,3.38,3863138,0
OPAD-WS.US,D,20210917,000000,2.67,2.88,1.94,2.2297,844451,0
OPAD-WS.US,D,20210920,000000,2.07,2.25,1.89,2,130232,0
OPAD-WS.US,D,20210921,000000,1.84,2.17,1.61,1.9,90475,0
OPAD-WS.US,D,20210922,000000,1.99,2.0199,1.66,1.75,101480,0
OPAD-WS.US,D,20210923,000000,1.64,2.03,1.56,1.75,208878,0
OPAD-WS.US,D,20210924,000000,1.79,1.81,1.6299,1.76,159001,0
OPAD-WS.US,D,20210927,000000,1.699,1.81,1.68,1.81,90938,0
OPAD-WS.US,D,20210928,000000,1.99,1.99,1.65,1.79,64178,0
OPAD-WS.US,D,20210929,000000,1.79,1.8,1.62,1.7,111381,0
OPAD-WS.US,D,20210930,000000,1.6601,1.75,1.56,1.75,86266,0
OPAD-WS.US,D,20211001,000000,1.7408,1.75,1.61,1.73,33047,0
OPAD-WS.US,D,20211004,000000,1.55,1.71,1.49,1.59,97400,0
OPAD-WS.US,D,20211005,000000,1.71,1.71,1.6455,1.675,78161,0
OPAD-WS.US,D,20211006,000000,1.58,1.64,1.49,1.5,58265,0
OPAD-WS.US,D,20211007,000000,1.41,1.57,1.41,1.51,164558,0
OPAD-WS.US,D,20211008,000000,1.51,1.85,1.5,1.78,91923,0
OPAD-WS.US,D,20211011,000000,1.55,1.73,1.55,1.6301,51737,0
OPAD-WS.US,D,20211012,000000,1.76,1.76,1.55,1.55,62171,0
OPAD-WS.US,D,20211013,000000,1.55,1.55,1.49,1.5,74590,0
OPAD-WS.US,D,20211014,000000,1.57,1.82,1.56,1.7,258864,0
OPAD-WS.US,D,20211015,000000,1.61,1.6995,1.6001,1.66,4667,0
OPAD-WS.US,D,20211018,000000,1.69,1.87,1.69,1.755,122380,0
OPAD-WS.US,D,20211019,000000,1.59,1.82,1.59,1.71,23876,0
OPAD-WS.US,D,20211020,000000,1.61,1.74,1.51,1.58,32836,0
OPAD-WS.US,D,20211021,000000,1.54,1.63,1.47,1.5,105953,0
OPAD-WS.US,D,20211022,000000,1.44,1.5097,1.43,1.4413,16658,0
OPAD-WS.US,D,20211025,000000,1.42,1.52,1.4,1.42,57697,0
OPAD-WS.US,D,20211026,000000,1.4,1.54,1.4,1.5,14739,0
OPAD-WS.US,D,20211027,000000,1.51,1.72,1.47,1.69,41615,0
OPAD-WS.US,D,20211028,000000,1.6,1.68,1.5,1.63,14840,0
OPAD-WS.US,D,20211029,000000,1.6,1.74,1.56,1.655,39770,0
OPAD-WS.US,D,20211101,000000,1.56,1.7,1.56,1.7,21870,0
OPAD-WS.US,D,20211102,000000,1.63,1.638,1.5,1.638,185394,0
OPAD-WS.US,D,20211103,000000,1.6,1.6,1.48,1.53,155862,0
OPAD-WS.US,D,20211104,000000,1.51,1.65,1.5,1.5884,40859,0
OPAD-WS.US,D,20211105,000000,1.77,1.77,1.6,1.635,31720,0
OPAD-WS.US,D,20211108,000000,1.63,1.66,1.56,1.66,17601,0
OPAD-WS.US,D,20211109,000000,1.55,1.64,1.55,1.64,19290,0
OPAD-WS.US,D,20211110,000000,1.575,1.58,1.5,1.58,28190,0
OPAD-WS.US,D,20211111,000000,1.57,1.66,1.5,1.64,70537,0
OPAD-WS.US,D,20211112,000000,1.5836,1.5902,1.54,1.545,82669,0
OPAD-WS.US,D,20211115,000000,1.51,1.67,1.51,1.66,47237,0
OPAD-WS.US,D,20211116,000000,1.54,1.74,1.54,1.74,83967,0
OPAD-WS.US,D,20211117,000000,1.66,1.6601,1.58,1.58,6918,0
OPAD-WS.US,D,20211118,000000,1.7,1.7,1.56,1.61,14785,0
OPAD-WS.US,D,20211119,000000,1.5402,1.61,1.49,1.5,111448,0
OPAD-WS.US,D,20211122,000000,1.5437,1.545,1.36,1.36,49992,0
OPAD-WS.US,D,20211123,000000,1.36,1.385,1.195,1.195,54954,0
OPAD-WS.US,D,20211124,000000,1.24,1.27,1.19,1.26,19289,0
OPAD-WS.US,D,20211126,000000,1.2516,1.2516,1.2516,1.2516,652,0
OPAD-WS.US,D,20211129,000000,1.27,1.3045,1.25,1.25,3340,0
OPAD-WS.US,D,20211130,000000,1.13,1.26,1.13,1.25,21207,0
OPAD-WS.US,D,20211201,000000,1.25,1.25,1.13,1.1708,6258,0
OPAD-WS.US,D,20211202,000000,1.166,1.1892,1.1,1.11,7640,0
OPAD-WS.US,D,20211203,000000,1.1,1.13,1,1.04,25687,0
OPAD-WS.US,D,20211206,000000,1.055,1.3,1.05,1.3,31217,0
OPAD-WS.US,D,20211207,000000,1.2,1.4999,1.2,1.41,67637,0
OPAD-WS.US,D,20211208,000000,1.41,1.5,1.39,1.41,88925,0
OPAD-WS.US,D,20211209,000000,1.45,1.45,1.39,1.39,8280,0
OPAD-WS.US,D,20211210,000000,1.385,1.4,1.3353,1.35,8316,0
OPAD-WS.US,D,20211213,000000,1.35,1.39,1.26,1.26,3298,0
OPAD-WS.US,D,20211214,000000,1.12,1.19,1.05,1.1,183037,0
OPAD-WS.US,D,20211215,000000,1.09,1.09,0.961,0.9855,55615,0
OPAD-WS.US,D,20211216,000000,1.01,1.01,0.89,0.92,19698,0
OPAD-WS.US,D,20211217,000000,0.9301,1,0.9301,0.9402,40494,0
OPAD-WS.US,D,20211220,000000,1.06,1.06,0.9029,1.05,47412,0
OPAD-WS.US,D,20211221,000000,0.98,1.06,0.9614,0.9936,18148,0
OPAD-WS.US,D,20211222,000000,0.9001,1.0205,0.9001,0.99,157635,0
OPAD-WS.US,D,20211223,000000,0.99,1.05,0.99,1.05,45199,0
OPAD-WS.US,D,20211227,000000,0.8709,1.13,0.8709,1.09,28261,0
OPAD-WS.US,D,20211228,000000,0.98,1.12,0.9701,1.07,11710,0
OPAD-WS.US,D,20211229,000000,0.98,1,0.9,0.9002,54731,0
OPAD-WS.US,D,20211230,000000,0.89,0.95,0.7905,0.95,30578,0
OPAD-WS.US,D,20211231,000000,0.85,1.08,0.8406,1.07,96490,0
OPAD-WS.US,D,20220103,000000,1.02,1.05,1.01,1.05,7031,0
OPAD-WS.US,D,20220104,000000,1.07,1.07,0.9169,0.9903,74890,0
OPAD-WS.US,D,20220105,000000,1,1,0.86,0.89,139851,0
OPAD-WS.US,D,20220106,000000,0.8402,0.8402,0.778,0.7814,39739,0
OPAD-WS.US,D,20220107,000000,1,1,0.7002,0.74,32699,0
OPAD-WS.US,D,20220110,000000,0.72,0.72,0.594,0.63,40519,0
OPAD-WS.US,D,20220111,000000,0.795,0.795,0.6501,0.6502,8546,0
OPAD-WS.US,D,20220112,000000,0.75,0.75,0.65,0.6587,16900,0
OPAD-WS.US,D,20220113,000000,0.6301,0.65,0.57,0.57,38990,0
OPAD-WS.US,D,20220114,000000,0.6201,0.6296,0.515,0.56,80951,0
OPAD-WS.US,D,20220118,000000,0.5601,0.5899,0.4752,0.559899,22555,0
OPAD-WS.US,D,20220119,000000,0.5553,0.5553,0.4105,0.42,150570,0
OPAD-WS.US,D,20220120,000000,0.4102,0.4508,0.4001,0.42,34275,0
OPAD-WS.US,D,20220121,000000,0.4199,0.4466,0.4,0.419699,9247,0
