<TICKER>,<PER>,<DATE>,<TIME>,<OPEN>,<HIGH>,<LOW>,<CLOSE>,<VOL>,<OPENINT>
OPP.US,D,20160930,000000,12.03,12.068,12.03,12.068,125292,0
OPP.US,D,20161003,000000,12.096,12.106,12.052,12.076,31678,0
OPP.US,D,20161004,000000,12.042,12.06,12.03,12.035,40294,0
OPP.US,D,20161005,000000,12.042,12.052,12.03,12.05,106952,0
OPP.US,D,20161006,000000,12.052,12.052,12.03,12.03,51442,0
OPP.US,D,20161007,000000,12.035,12.044,12.03,12.03,22198,0
OPP.US,D,20161010,000000,12.042,12.042,12.03,12.03,12642,0
OPP.US,D,20161011,000000,12.042,12.052,12.03,12.03,23201,0
OPP.US,D,20161012,000000,12.03,12.038,12.03,12.03,9589,0
OPP.US,D,20161013,000000,12.03,12.035,12.03,12.03,16044,0
OPP.US,D,20161014,000000,12.035,12.035,12.03,12.03,21500,0
OPP.US,D,20161017,000000,12.03,12.03,12.03,12.03,203,0
OPP.US,D,20161018,000000,12.035,12.037,12.03,12.03,14955,0
OPP.US,D,20161019,000000,12.042,12.06,12.03,12.044,25901,0
OPP.US,D,20161020,000000,12.03,12.03,12.03,12.03,3245,0
OPP.US,D,20161021,000000,12.06,12.06,12.03,12.032,17625,0
OPP.US,D,20161024,000000,12.03,12.044,12.03,12.032,6679,0
OPP.US,D,20161025,000000,12.031,12.052,12.03,12.052,12722,0
OPP.US,D,20161026,000000,12.03,12.042,12.03,12.03,6240,0
OPP.US,D,20161027,000000,12.042,12.042,12.03,12.042,7771,0
OPP.US,D,20161028,000000,12.03,12.033,12.03,12.03,3790,0
OPP.US,D,20161031,000000,12.035,12.035,12.03,12.035,6801,0
OPP.US,D,20161101,000000,12.042,12.044,12.03,12.044,33779,0
OPP.US,D,20161102,000000,12.035,12.038,12.035,12.035,1497,0
OPP.US,D,20161103,000000,12.044,12.044,12.03,12.03,59847,0
OPP.US,D,20161104,000000,12.179,12.179,12.03,12.03,22263,0
OPP.US,D,20161107,000000,12.03,12.035,12.03,12.03,284114,0
OPP.US,D,20161108,000000,12.03,12.034,12.03,12.031,57047,0
OPP.US,D,20161109,000000,12.03,12.035,12.03,12.03,129543,0
OPP.US,D,20161110,000000,12.03,12.031,12.03,12.031,125359,0
OPP.US,D,20161111,000000,12.03,12.034,12.03,12.03,49455,0
OPP.US,D,20161114,000000,12.016,12.016,11.495,11.495,58007,0
OPP.US,D,20161115,000000,11.375,11.427,11.31,11.342,37492,0
OPP.US,D,20161116,000000,11.33,11.479,11.3,11.438,46569,0
OPP.US,D,20161117,000000,11.434,11.495,10.888,11.192,40114,0
OPP.US,D,20161118,000000,11.073,11.154,11.073,11.085,25663,0
OPP.US,D,20161121,000000,11.229,11.252,10.915,10.993,90344,0
OPP.US,D,20161122,000000,10.984,11.248,10.927,11.122,91779,0
OPP.US,D,20161123,000000,11.172,11.434,11.161,11.422,115617,0
OPP.US,D,20161125,000000,11.434,11.584,11.379,11.566,15553,0
OPP.US,D,20161128,000000,11.566,11.612,11.404,11.604,52503,0
OPP.US,D,20161129,000000,11.584,11.617,11.559,11.579,22425,0
OPP.US,D,20161130,000000,11.617,11.941,11.594,11.828,38141,0
OPP.US,D,20161201,000000,11.84,11.847,11.797,11.797,38347,0
OPP.US,D,20161202,000000,11.797,11.828,11.797,11.828,40739,0
OPP.US,D,20161205,000000,11.835,11.887,11.835,11.887,22902,0
OPP.US,D,20161206,000000,11.86,11.86,11.835,11.847,24802,0
OPP.US,D,20161207,000000,11.842,11.86,11.835,11.847,15291,0
OPP.US,D,20161208,000000,11.835,11.851,11.737,11.737,30539,0
OPP.US,D,20161209,000000,11.673,11.707,11.645,11.707,37616,0
OPP.US,D,20161212,000000,12.009,12.009,11.645,11.658,64157,0
OPP.US,D,20161213,000000,11.691,11.737,11.563,11.737,44009,0
OPP.US,D,20161214,000000,11.803,11.803,11.691,11.696,20218,0
OPP.US,D,20161215,000000,11.768,11.784,11.71,11.745,22984,0
OPP.US,D,20161216,000000,11.691,11.775,11.416,11.442,50522,0
OPP.US,D,20161219,000000,11.487,11.733,11.403,11.553,23667,0
OPP.US,D,20161220,000000,11.529,11.544,11.403,11.445,44279,0
OPP.US,D,20161221,000000,11.478,11.505,11.287,11.379,75870,0
OPP.US,D,20161222,000000,11.462,11.52,11.407,11.495,51910,0
OPP.US,D,20161223,000000,11.516,11.516,11.438,11.438,8380,0
OPP.US,D,20161227,000000,11.354,11.375,11.169,11.195,142095,0
OPP.US,D,20161228,000000,11.254,11.287,11.037,11.076,220904,0
OPP.US,D,20161229,000000,11.063,11.254,11.063,11.254,246704,0
OPP.US,D,20161230,000000,11.336,11.563,11.144,11.222,170498,0
OPP.US,D,20170103,000000,11.227,11.317,11.164,11.24,44023,0
OPP.US,D,20170104,000000,11.426,11.563,11.254,11.563,69548,0
OPP.US,D,20170105,000000,11.563,11.563,11.438,11.469,22983,0
OPP.US,D,20170106,000000,11.498,11.527,11.379,11.396,38704,0
OPP.US,D,20170109,000000,11.379,11.517,11.36,11.487,50156,0
OPP.US,D,20170110,000000,11.465,11.524,11.438,11.498,69962,0
OPP.US,D,20170111,000000,11.485,11.536,11.359,11.389,45303,0
OPP.US,D,20170112,000000,11.366,11.445,11.299,11.323,69005,0
OPP.US,D,20170113,000000,11.598,11.598,11.445,11.452,54392,0
OPP.US,D,20170117,000000,11.477,11.477,11.445,11.476,18464,0
OPP.US,D,20170118,000000,11.524,11.524,11.385,11.438,34260,0
OPP.US,D,20170119,000000,11.505,11.519,11.389,11.42,58025,0
OPP.US,D,20170120,000000,11.498,11.498,11.323,11.353,42155,0
OPP.US,D,20170123,000000,11.385,11.524,11.323,11.478,48348,0
OPP.US,D,20170124,000000,11.498,11.498,11.385,11.42,111061,0
OPP.US,D,20170125,000000,11.385,11.425,11.353,11.407,128445,0
OPP.US,D,20170126,000000,11.505,11.505,11.323,11.402,134484,0
OPP.US,D,20170127,000000,11.425,11.512,11.318,11.505,82266,0
OPP.US,D,20170130,000000,11.414,11.43,11.326,11.334,73033,0
OPP.US,D,20170131,000000,11.445,11.445,11.385,11.402,100362,0
OPP.US,D,20170201,000000,11.414,11.536,11.389,11.498,84410,0
OPP.US,D,20170202,000000,11.553,11.584,11.385,11.559,44735,0
OPP.US,D,20170203,000000,11.898,11.898,11.512,11.559,47770,0
OPP.US,D,20170206,000000,11.555,11.565,11.445,11.516,39078,0
OPP.US,D,20170207,000000,11.559,11.659,11.536,11.651,28357,0
OPP.US,D,20170208,000000,11.668,11.717,11.565,11.584,48734,0
OPP.US,D,20170209,000000,11.659,11.692,11.577,11.604,47066,0
OPP.US,D,20170210,000000,11.529,11.625,11.529,11.604,90217,0
OPP.US,D,20170213,000000,11.505,11.629,11.505,11.565,63564,0
OPP.US,D,20170214,000000,11.568,11.64,11.555,11.631,26623,0
OPP.US,D,20170215,000000,11.63,11.698,11.625,11.692,41017,0
OPP.US,D,20170216,000000,11.708,11.741,11.631,11.739,24687,0
OPP.US,D,20170217,000000,11.698,11.734,11.617,11.63,30336,0
OPP.US,D,20170221,000000,11.629,11.63,11.571,11.607,47901,0
OPP.US,D,20170222,000000,11.571,11.625,11.571,11.604,48285,0
OPP.US,D,20170223,000000,11.584,11.724,11.584,11.63,29127,0
OPP.US,D,20170224,000000,11.598,11.686,11.598,11.631,47359,0
OPP.US,D,20170227,000000,11.631,11.645,11.604,11.604,85585,0
OPP.US,D,20170228,000000,11.617,11.739,11.617,11.677,60319,0
OPP.US,D,20170301,000000,11.724,11.787,11.665,11.777,27735,0
OPP.US,D,20170302,000000,11.76,11.787,11.64,11.659,28584,0
OPP.US,D,20170303,000000,11.784,11.784,11.625,11.665,25564,0
OPP.US,D,20170306,000000,11.692,11.698,11.604,11.651,25650,0
OPP.US,D,20170307,000000,11.657,11.692,11.604,11.612,43017,0
OPP.US,D,20170308,000000,11.631,11.686,11.604,11.604,44119,0
OPP.US,D,20170309,000000,11.686,11.686,11.571,11.571,91580,0
OPP.US,D,20170310,000000,11.659,11.659,11.482,11.497,76135,0
OPP.US,D,20170313,000000,11.476,11.553,11.412,11.45,58306,0
OPP.US,D,20170314,000000,11.528,11.536,11.291,11.291,82048,0
OPP.US,D,20170315,000000,11.344,11.517,11.337,11.432,136113,0
OPP.US,D,20170316,000000,11.471,11.483,11.337,11.406,155477,0
OPP.US,D,20170317,000000,11.458,11.465,11.358,11.452,98813,0
OPP.US,D,20170320,000000,11.432,11.458,11.379,11.413,153240,0
OPP.US,D,20170321,000000,11.465,11.495,11.388,11.471,191788,0
OPP.US,D,20170322,000000,11.445,11.483,11.385,11.438,176106,0
OPP.US,D,20170323,000000,11.438,11.488,11.406,11.458,64825,0
OPP.US,D,20170324,000000,11.488,11.581,11.438,11.581,59058,0
OPP.US,D,20170327,000000,11.581,11.585,11.525,11.563,48972,0
OPP.US,D,20170328,000000,11.567,11.706,11.563,11.706,28404,0
OPP.US,D,20170329,000000,11.706,11.71,11.53,11.681,80951,0
OPP.US,D,20170330,000000,11.681,11.71,11.62,11.668,44496,0
OPP.US,D,20170331,000000,11.706,11.735,11.681,11.735,33580,0
OPP.US,D,20170403,000000,11.775,11.866,11.743,11.837,32748,0
OPP.US,D,20170404,000000,11.837,11.914,11.803,11.861,53507,0
OPP.US,D,20170405,000000,11.861,11.861,11.78,11.791,61540,0
OPP.US,D,20170406,000000,11.889,11.889,11.784,11.797,42889,0
OPP.US,D,20170407,000000,11.784,11.847,11.592,11.663,86859,0
OPP.US,D,20170410,000000,11.689,11.797,11.664,11.797,64517,0
OPP.US,D,20170411,000000,11.756,11.781,11.674,11.699,38734,0
OPP.US,D,20170412,000000,11.784,11.837,11.71,11.816,39322,0
OPP.US,D,20170413,000000,11.808,11.854,11.78,11.854,75936,0
OPP.US,D,20170417,000000,12.004,12.147,11.784,11.808,113520,0
OPP.US,D,20170418,000000,11.861,12.05,11.743,11.824,146666,0
OPP.US,D,20170419,000000,11.824,11.887,11.748,11.756,132484,0
OPP.US,D,20170420,000000,11.756,11.891,11.68,11.78,192336,0
OPP.US,D,20170421,000000,11.784,11.824,11.661,11.661,155361,0
OPP.US,D,20170424,000000,11.748,11.824,11.699,11.756,105638,0
OPP.US,D,20170425,000000,11.816,11.847,11.618,11.646,180148,0
OPP.US,D,20170426,000000,11.705,11.78,11.673,11.78,77112,0
OPP.US,D,20170427,000000,11.78,11.816,11.661,11.784,88152,0
OPP.US,D,20170428,000000,11.897,11.936,11.847,11.915,68199,0
OPP.US,D,20170501,000000,11.847,11.967,11.829,11.936,48819,0
OPP.US,D,20170502,000000,11.93,11.93,11.847,11.879,34934,0
OPP.US,D,20170503,000000,11.797,11.97,11.784,11.946,81029,0
OPP.US,D,20170504,000000,11.847,11.909,11.756,11.808,47939,0
OPP.US,D,20170505,000000,11.808,11.9,11.791,11.89,24627,0
OPP.US,D,20170508,000000,11.967,11.967,11.816,11.847,21466,0
OPP.US,D,20170509,000000,11.861,11.918,11.824,11.854,40423,0
OPP.US,D,20170510,000000,11.879,11.961,11.808,11.956,27031,0
OPP.US,D,20170511,000000,11.925,11.947,11.829,11.91,89369,0
OPP.US,D,20170512,000000,11.861,11.897,11.816,11.829,87283,0
OPP.US,D,20170515,000000,11.916,11.916,11.847,11.847,32134,0
OPP.US,D,20170516,000000,11.861,11.947,11.854,11.897,77834,0
OPP.US,D,20170517,000000,11.866,11.873,11.816,11.843,29771,0
OPP.US,D,20170518,000000,11.854,11.861,11.797,11.824,32857,0
OPP.US,D,20170519,000000,11.879,11.879,11.803,11.861,46822,0
OPP.US,D,20170522,000000,11.868,11.873,11.803,11.824,49781,0
OPP.US,D,20170523,000000,11.847,11.879,11.824,11.829,66800,0
OPP.US,D,20170524,000000,11.824,11.854,11.803,11.847,57008,0
OPP.US,D,20170525,000000,11.89,11.941,11.834,11.941,87654,0
OPP.US,D,20170526,000000,11.956,12.045,11.925,12.045,67312,0
OPP.US,D,20170530,000000,11.991,12.158,11.883,12.158,115498,0
OPP.US,D,20170531,000000,12.172,12.192,12.051,12.137,65154,0
OPP.US,D,20170601,000000,12.11,12.172,12.075,12.168,34563,0
OPP.US,D,20170602,000000,12.203,12.203,12.082,12.164,28791,0
OPP.US,D,20170605,000000,12.099,12.121,11.971,12.121,73661,0
OPP.US,D,20170606,000000,12.031,12.145,11.999,12.099,76478,0
OPP.US,D,20170607,000000,12.172,12.172,11.937,12.031,63439,0
OPP.US,D,20170608,000000,12.011,12.145,12.001,12.099,48804,0
OPP.US,D,20170609,000000,12.103,12.11,11.938,12.081,38377,0
OPP.US,D,20170612,000000,12.081,12.11,12.017,12.052,23246,0
OPP.US,D,20170613,000000,12.179,12.179,12.042,12.145,24947,0
OPP.US,D,20170614,000000,12.081,12.129,12.024,12.087,81159,0
OPP.US,D,20170615,000000,12.068,12.087,12.03,12.044,24942,0
OPP.US,D,20170616,000000,12.044,12.075,12.016,12.044,41991,0
OPP.US,D,20170619,000000,12.03,12.11,12.03,12.11,46277,0
OPP.US,D,20170620,000000,12.192,12.192,12.092,12.11,47256,0
OPP.US,D,20170621,000000,12.075,12.185,12.06,12.185,67193,0
OPP.US,D,20170622,000000,12.172,12.204,12.06,12.121,46257,0
OPP.US,D,20170623,000000,12.116,12.201,12.03,12.172,46088,0
OPP.US,D,20170626,000000,12.179,12.205,12.161,12.179,18845,0
OPP.US,D,20170627,000000,12.103,12.172,12.073,12.075,42145,0
OPP.US,D,20170628,000000,12.068,12.115,12.068,12.087,33212,0
OPP.US,D,20170629,000000,12.087,12.21,12.016,12.204,149957,0
OPP.US,D,20170630,000000,12.286,12.34,12.06,12.34,218569,0
OPP.US,D,20170703,000000,12.2,12.274,12.133,12.158,29666,0
OPP.US,D,20170705,000000,12.092,12.168,12.06,12.092,37428,0
OPP.US,D,20170706,000000,12.03,12.044,11.94,11.991,84952,0
OPP.US,D,20170707,000000,11.966,12.06,11.94,11.94,96778,0
OPP.US,D,20170710,000000,11.966,12.044,11.966,11.983,35321,0
OPP.US,D,20170711,000000,11.969,12.027,11.969,11.998,60341,0
OPP.US,D,20170712,000000,12.111,12.201,12.1,12.144,87161,0
OPP.US,D,20170713,000000,12.168,12.185,12.061,12.075,35614,0
OPP.US,D,20170714,000000,12.138,12.18,12.097,12.13,45176,0
OPP.US,D,20170717,000000,12.13,12.237,12.13,12.237,46879,0
OPP.US,D,20170718,000000,12.228,12.295,12.18,12.289,76200,0
OPP.US,D,20170719,000000,12.295,12.295,12.168,12.281,71287,0
OPP.US,D,20170720,000000,12.262,12.289,12.193,12.241,43691,0
OPP.US,D,20170721,000000,12.303,12.303,12.228,12.281,32725,0
OPP.US,D,20170724,000000,12.316,12.316,12.213,12.228,20177,0
OPP.US,D,20170725,000000,12.212,12.228,12.152,12.172,31012,0
OPP.US,D,20170726,000000,12.172,12.237,12.172,12.201,43471,0
OPP.US,D,20170727,000000,12.237,12.262,12.145,12.172,46954,0
OPP.US,D,20170728,000000,12.152,12.185,12.13,12.145,30553,0
OPP.US,D,20170731,000000,12.18,12.228,12.138,12.185,32492,0
OPP.US,D,20170801,000000,12.159,12.262,12.159,12.212,24415,0
OPP.US,D,20170802,000000,12.205,12.217,12.138,12.168,34941,0
OPP.US,D,20170803,000000,12.185,12.228,12.145,12.185,26435,0
OPP.US,D,20170804,000000,12.185,12.197,12.159,12.164,18107,0
OPP.US,D,20170807,000000,12.145,12.212,12.145,12.159,43844,0
OPP.US,D,20170808,000000,12.145,12.164,12.103,12.13,53596,0
OPP.US,D,20170809,000000,12.13,12.168,12.087,12.168,28051,0
OPP.US,D,20170810,000000,12.185,12.185,12.075,12.111,70723,0
OPP.US,D,20170811,000000,12.111,12.201,12.111,12.201,27838,0
OPP.US,D,20170814,000000,12.205,12.212,12.103,12.193,57107,0
OPP.US,D,20170815,000000,12.168,12.168,12.075,12.117,21228,0
OPP.US,D,20170816,000000,12.201,12.201,12.103,12.173,36233,0
OPP.US,D,20170817,000000,12.181,12.181,12.117,12.123,35289,0
OPP.US,D,20170818,000000,12.117,12.245,12.117,12.117,47162,0
OPP.US,D,20170821,000000,12.117,12.222,12.117,12.138,20655,0
OPP.US,D,20170822,000000,12.186,12.291,12.186,12.251,82059,0
OPP.US,D,20170823,000000,12.263,12.263,12.213,12.213,18102,0
OPP.US,D,20170824,000000,12.229,12.27,12.159,12.201,94838,0
OPP.US,D,20170825,000000,12.213,12.282,12.195,12.229,77651,0
OPP.US,D,20170828,000000,12.258,12.291,12.213,12.263,46473,0
OPP.US,D,20170829,000000,12.258,12.305,12.222,12.275,77769,0
OPP.US,D,20170830,000000,12.277,12.321,12.258,12.321,52511,0
OPP.US,D,20170831,000000,12.321,12.36,12.245,12.291,48424,0
OPP.US,D,20170901,000000,12.087,12.355,12.087,12.305,40959,0
OPP.US,D,20170905,000000,12.312,12.312,12.258,12.277,25443,0
OPP.US,D,20170906,000000,12.282,12.342,12.245,12.321,71011,0
OPP.US,D,20170907,000000,12.291,12.373,12.291,12.318,13871,0
OPP.US,D,20170908,000000,12.229,12.342,12.222,12.342,70633,0
OPP.US,D,20170911,000000,12.291,12.321,12.291,12.318,22137,0
OPP.US,D,20170912,000000,12.321,12.321,12.282,12.321,34425,0
OPP.US,D,20170913,000000,12.318,12.393,12.311,12.393,28700,0
OPP.US,D,20170914,000000,12.427,12.45,12.381,12.412,37922,0
OPP.US,D,20170915,000000,12.439,12.463,12.412,12.45,18464,0
OPP.US,D,20170918,000000,12.439,12.483,12.29,12.317,31354,0
OPP.US,D,20170919,000000,12.311,12.45,12.296,12.347,56968,0
OPP.US,D,20170920,000000,12.32,12.32,12.241,12.277,101514,0
OPP.US,D,20170921,000000,12.393,12.393,12.236,12.29,52781,0
OPP.US,D,20170922,000000,12.262,12.32,12.258,12.262,38183,0
OPP.US,D,20170925,000000,12.262,12.32,12.241,12.262,89923,0
OPP.US,D,20170926,000000,12.269,12.381,12.269,12.364,55296,0
OPP.US,D,20170927,000000,12.342,12.342,12.258,12.335,72403,0
OPP.US,D,20170928,000000,12.317,12.317,12.201,12.262,93696,0
OPP.US,D,20170929,000000,12.311,12.381,12.262,12.29,110593,0
OPP.US,D,20171002,000000,12.36,12.36,12.244,12.258,77696,0
OPP.US,D,20171003,000000,12.241,12.271,12.193,12.236,199020,0
OPP.US,D,20171004,000000,12.456,12.643,12.397,12.517,295464,0
OPP.US,D,20171005,000000,12.517,12.636,12.517,12.61,177753,0
OPP.US,D,20171006,000000,12.643,12.678,12.491,12.522,94532,0
OPP.US,D,20171009,000000,12.541,12.61,12.527,12.567,62313,0
OPP.US,D,20171010,000000,12.587,12.713,12.579,12.605,94691,0
OPP.US,D,20171011,000000,12.605,12.636,12.553,12.61,72604,0
OPP.US,D,20171012,000000,12.567,12.567,12.474,12.517,46360,0
OPP.US,D,20171013,000000,12.497,12.56,12.491,12.56,44001,0
OPP.US,D,20171016,000000,12.56,12.602,12.397,12.483,135049,0
OPP.US,D,20171017,000000,12.475,12.475,12.32,12.393,88077,0
OPP.US,D,20171018,000000,12.36,12.421,12.327,12.36,61910,0
OPP.US,D,20171019,000000,12.335,12.397,12.29,12.335,71177,0
OPP.US,D,20171020,000000,12.304,12.304,12.228,12.241,67130,0
OPP.US,D,20171023,000000,12.236,12.327,12.228,12.277,60254,0
OPP.US,D,20171024,000000,12.258,12.258,12.172,12.18,100454,0
OPP.US,D,20171025,000000,12.335,12.335,12.058,12.073,136024,0
OPP.US,D,20171026,000000,12.08,12.185,12.032,12.066,119142,0
OPP.US,D,20171027,000000,12.066,12.201,12.066,12.168,59427,0
OPP.US,D,20171030,000000,12.211,12.22,12.102,12.127,68123,0
OPP.US,D,20171031,000000,12.22,12.25,12.102,12.22,46436,0
OPP.US,D,20171101,000000,12.205,12.277,12.12,12.168,51833,0
OPP.US,D,20171102,000000,12.197,12.244,12.164,12.22,29733,0
OPP.US,D,20171103,000000,12.18,12.244,12.18,12.22,64459,0
OPP.US,D,20171106,000000,12.244,12.262,12.22,12.244,43871,0
OPP.US,D,20171107,000000,12.236,12.236,12.151,12.18,83329,0
OPP.US,D,20171108,000000,12.18,12.228,12.109,12.127,79577,0
OPP.US,D,20171109,000000,12.102,12.164,12.102,12.136,59633,0
OPP.US,D,20171110,000000,12.228,12.228,12.092,12.092,63890,0
OPP.US,D,20171113,000000,12.073,12.081,11.949,11.968,104620,0
OPP.US,D,20171114,000000,11.949,11.964,11.768,11.776,136833,0
OPP.US,D,20171115,000000,12.085,12.085,11.624,11.806,137750,0
OPP.US,D,20171116,000000,11.933,12.044,11.903,11.964,101252,0
OPP.US,D,20171117,000000,11.905,11.96,11.806,11.806,153544,0
OPP.US,D,20171120,000000,11.898,11.905,11.806,11.834,104547,0
OPP.US,D,20171121,000000,11.86,11.905,11.776,11.841,135165,0
OPP.US,D,20171122,000000,11.853,11.853,11.787,11.819,94510,0
OPP.US,D,20171124,000000,11.82,11.951,11.82,11.891,30306,0
OPP.US,D,20171127,000000,11.891,11.925,11.812,11.866,96919,0
OPP.US,D,20171128,000000,11.743,11.951,11.65,11.905,125392,0
OPP.US,D,20171129,000000,11.969,11.969,11.75,11.834,143528,0
OPP.US,D,20171130,000000,11.866,11.959,11.812,11.841,180470,0
OPP.US,D,20171201,000000,11.847,11.861,11.722,11.784,283641,0
OPP.US,D,20171204,000000,11.82,11.841,11.735,11.757,195888,0
OPP.US,D,20171205,000000,11.787,11.866,11.735,11.861,227092,0
OPP.US,D,20171206,000000,11.861,11.969,11.853,11.959,394649,0
OPP.US,D,20171207,000000,11.996,12.028,11.905,11.988,226884,0
OPP.US,D,20171208,000000,11.898,12.004,11.866,11.981,179770,0
OPP.US,D,20171211,000000,11.939,12.044,11.879,12.015,90469,0
OPP.US,D,20171212,000000,12.004,12.034,11.905,11.905,93028,0
OPP.US,D,20171213,000000,11.891,11.996,11.873,11.981,98323,0
OPP.US,D,20171214,000000,11.988,12.105,11.988,12.045,206841,0
OPP.US,D,20171215,000000,12.029,12.101,12.004,12.045,144757,0
OPP.US,D,20171218,000000,12.029,12.069,11.969,12.004,180594,0
OPP.US,D,20171219,000000,11.969,11.984,11.897,11.951,262374,0
OPP.US,D,20171220,000000,11.925,11.951,11.866,11.916,315186,0
OPP.US,D,20171221,000000,11.883,11.969,11.883,11.951,214624,0
OPP.US,D,20171222,000000,11.939,11.969,11.851,11.969,196023,0
OPP.US,D,20171226,000000,11.969,11.996,11.872,11.916,181892,0
OPP.US,D,20171227,000000,11.91,11.964,11.89,11.942,204554,0
OPP.US,D,20171228,000000,11.91,11.959,11.905,11.951,218330,0
OPP.US,D,20171229,000000,11.969,12.052,11.932,12.023,306243,0
OPP.US,D,20180102,000000,12.01,12.094,12.01,12.045,108087,0
OPP.US,D,20180103,000000,12.069,12.094,12.061,12.069,62312,0
OPP.US,D,20180104,000000,12.087,12.118,12.05,12.094,69790,0
OPP.US,D,20180105,000000,12.119,12.119,11.983,12.004,139578,0
OPP.US,D,20180108,000000,12.029,12.082,11.996,12.052,91337,0
OPP.US,D,20180109,000000,12.075,12.075,11.996,12.01,97305,0
OPP.US,D,20180110,000000,11.969,11.969,11.878,11.905,111287,0
OPP.US,D,20180111,000000,11.91,12.023,11.91,12.001,133584,0
OPP.US,D,20180112,000000,12.029,12.042,11.959,11.981,160805,0
OPP.US,D,20180116,000000,11.996,12.095,11.996,12.01,128541,0
OPP.US,D,20180117,000000,12.015,12.259,12.015,12.163,248134,0
OPP.US,D,20180118,000000,12.185,12.185,11.978,11.981,184320,0
OPP.US,D,20180119,000000,11.981,11.996,11.909,11.959,109593,0
OPP.US,D,20180122,000000,11.996,11.996,11.909,11.932,116897,0
OPP.US,D,20180123,000000,11.964,11.981,11.925,11.959,108069,0
OPP.US,D,20180124,000000,11.988,11.988,11.938,11.942,97868,0
OPP.US,D,20180125,000000,12.053,12.053,11.942,11.964,57619,0
OPP.US,D,20180126,000000,11.942,11.981,11.909,11.975,91722,0
OPP.US,D,20180129,000000,11.752,11.909,11.752,11.817,207353,0
OPP.US,D,20180130,000000,11.803,11.904,11.739,11.779,304099,0
OPP.US,D,20180131,000000,11.871,12.053,11.803,11.969,195611,0
OPP.US,D,20180201,000000,11.865,12.004,11.865,11.975,88840,0
OPP.US,D,20180202,000000,11.924,12.004,11.904,11.909,165633,0
OPP.US,D,20180205,000000,11.904,11.904,11.732,11.732,174094,0
OPP.US,D,20180206,000000,11.76,11.969,11.707,11.951,124841,0
OPP.US,D,20180207,000000,11.969,11.969,11.871,11.889,37541,0
OPP.US,D,20180208,000000,11.969,11.969,11.877,11.877,60268,0
OPP.US,D,20180209,000000,11.938,11.988,11.772,11.845,158679,0
OPP.US,D,20180212,000000,11.883,11.996,11.871,11.924,63929,0
OPP.US,D,20180213,000000,11.938,11.959,11.877,11.924,53030,0
OPP.US,D,20180214,000000,11.904,11.959,11.87,11.909,63834,0
OPP.US,D,20180215,000000,11.909,11.932,11.838,11.915,65566,0
OPP.US,D,20180216,000000,12.004,12.047,11.942,12.016,54353,0
OPP.US,D,20180220,000000,12.004,12.022,11.932,11.932,40706,0
OPP.US,D,20180221,000000,11.969,11.997,11.924,11.924,78164,0
OPP.US,D,20180222,000000,11.96,12.031,11.897,11.951,85983,0
OPP.US,D,20180223,000000,11.969,12.137,11.969,12.102,172618,0
OPP.US,D,20180226,000000,12.102,12.102,11.982,11.982,52285,0
OPP.US,D,20180227,000000,12.077,12.077,11.897,11.924,65048,0
OPP.US,D,20180228,000000,12.004,12.036,11.969,11.982,89645,0
OPP.US,D,20180301,000000,11.969,12.102,11.969,11.982,102897,0
OPP.US,D,20180302,000000,11.986,12.036,11.969,11.969,61467,0
OPP.US,D,20180305,000000,11.982,12.042,11.969,11.997,44861,0
OPP.US,D,20180306,000000,12.071,12.077,12.018,12.042,43004,0
OPP.US,D,20180307,000000,12.047,12.047,11.969,11.997,38377,0
OPP.US,D,20180308,000000,11.982,12.036,11.982,12.004,41194,0
OPP.US,D,20180309,000000,11.969,12.024,11.969,12.004,46439,0
OPP.US,D,20180312,000000,11.969,12.036,11.969,12.004,31188,0
OPP.US,D,20180313,000000,11.969,12.064,11.909,11.924,59704,0
OPP.US,D,20180314,000000,11.942,12.036,11.869,11.932,115770,0
OPP.US,D,20180315,000000,11.915,11.975,11.882,11.915,65686,0
OPP.US,D,20180316,000000,11.938,11.998,11.897,11.989,47806,0
OPP.US,D,20180319,000000,11.909,11.938,11.816,11.889,127529,0
OPP.US,D,20180320,000000,11.942,11.983,11.897,11.938,79233,0
OPP.US,D,20180321,000000,11.938,11.959,11.816,11.891,103369,0
OPP.US,D,20180322,000000,11.924,11.924,11.808,11.828,66479,0
OPP.US,D,20180323,000000,11.882,11.889,11.802,11.837,34705,0
OPP.US,D,20180326,000000,11.857,11.924,11.808,11.844,70391,0
OPP.US,D,20180327,000000,11.904,11.969,11.848,11.863,107702,0
OPP.US,D,20180328,000000,11.869,11.924,11.802,11.924,51725,0
OPP.US,D,20180329,000000,11.932,12.024,11.877,11.942,63556,0
OPP.US,D,20180402,000000,11.942,11.951,11.824,11.824,60368,0
OPP.US,D,20180403,000000,11.857,11.889,11.802,11.808,79064,0
OPP.US,D,20180404,000000,11.802,11.845,11.712,11.735,66431,0
OPP.US,D,20180405,000000,11.784,11.837,11.776,11.808,27314,0
OPP.US,D,20180406,000000,11.802,11.904,11.798,11.83,66220,0
OPP.US,D,20180409,000000,11.904,11.904,11.789,11.816,49983,0
OPP.US,D,20180410,000000,11.824,11.938,11.808,11.915,56417,0
OPP.US,D,20180411,000000,11.924,11.985,11.816,11.837,100978,0
OPP.US,D,20180412,000000,11.762,11.955,11.762,11.915,80351,0
OPP.US,D,20180413,000000,11.965,11.965,11.911,11.915,57193,0
OPP.US,D,20180416,000000,11.951,11.983,11.938,11.965,48232,0
OPP.US,D,20180417,000000,11.965,12.036,11.965,11.99,91539,0
OPP.US,D,20180418,000000,12.025,12.025,11.992,11.998,72554,0
OPP.US,D,20180419,000000,12.011,12.011,11.888,11.908,43992,0
OPP.US,D,20180420,000000,11.908,11.923,11.881,11.881,27540,0
OPP.US,D,20180423,000000,11.965,11.968,11.893,11.896,51815,0
OPP.US,D,20180424,000000,11.896,11.934,11.876,11.876,57458,0
OPP.US,D,20180425,000000,11.937,11.937,11.888,11.893,44207,0
OPP.US,D,20180426,000000,11.881,12.058,11.876,12.058,96886,0
OPP.US,D,20180427,000000,12.092,12.092,11.969,12.05,69691,0
OPP.US,D,20180430,000000,12.073,12.073,12.004,12.073,43042,0
OPP.US,D,20180501,000000,12.037,12.073,11.983,11.983,52742,0
OPP.US,D,20180502,000000,12.103,12.103,11.998,12.016,54533,0
OPP.US,D,20180503,000000,12.073,12.073,11.836,11.95,67452,0
OPP.US,D,20180504,000000,11.983,11.991,11.926,11.969,45445,0
OPP.US,D,20180507,000000,12.016,12.025,11.923,11.99,75814,0
OPP.US,D,20180508,000000,12.066,12.066,11.96,11.983,27386,0
OPP.US,D,20180509,000000,11.958,12.044,11.958,12.004,32870,0
OPP.US,D,20180510,000000,12.051,12.052,11.976,12.007,32205,0
OPP.US,D,20180511,000000,12.092,12.092,11.99,11.99,73102,0
OPP.US,D,20180514,000000,11.976,12.051,11.973,11.983,35070,0
OPP.US,D,20180515,000000,11.957,12.004,11.936,11.94,42858,0
OPP.US,D,20180516,000000,11.949,12.025,11.902,11.969,73980,0
OPP.US,D,20180517,000000,11.93,11.983,11.868,11.887,82424,0
OPP.US,D,20180518,000000,11.887,11.983,11.868,11.908,53202,0
OPP.US,D,20180521,000000,11.99,11.99,11.88,11.887,59799,0
OPP.US,D,20180522,000000,11.902,12.004,11.798,11.834,78425,0
OPP.US,D,20180523,000000,11.82,11.913,11.765,11.765,49443,0
OPP.US,D,20180524,000000,11.765,11.82,11.676,11.779,69037,0
OPP.US,D,20180525,000000,11.752,11.853,11.752,11.847,16637,0
OPP.US,D,20180529,000000,11.902,11.902,11.834,11.875,53455,0
OPP.US,D,20180530,000000,11.868,11.913,11.847,11.887,58664,0
OPP.US,D,20180531,000000,11.936,11.969,11.76,11.853,95451,0
OPP.US,D,20180601,000000,11.902,11.902,11.784,11.895,101658,0
OPP.US,D,20180604,000000,11.957,11.957,11.82,11.913,60747,0
OPP.US,D,20180605,000000,11.957,11.989,11.913,11.983,81437,0
OPP.US,D,20180606,000000,11.983,12.067,11.969,12.004,58451,0
OPP.US,D,20180607,000000,12.08,12.08,12.004,12.051,56939,0
OPP.US,D,20180608,000000,12.059,12.073,12.025,12.059,55475,0
OPP.US,D,20180611,000000,12.049,12.103,12.038,12.051,53975,0
OPP.US,D,20180612,000000,12.037,12.092,12.031,12.059,53643,0
OPP.US,D,20180613,000000,12.168,12.168,12.08,12.125,74362,0
OPP.US,D,20180614,000000,12.058,12.099,11.969,11.969,65688,0
OPP.US,D,20180615,000000,11.906,12.086,11.906,12.01,31637,0
OPP.US,D,20180618,000000,12.073,12.073,11.981,12.01,29395,0
OPP.US,D,20180619,000000,12.027,12.073,12.024,12.058,19430,0
OPP.US,D,20180620,000000,12.125,12.142,12.044,12.099,21274,0
OPP.US,D,20180621,000000,12.086,12.134,12.073,12.08,23840,0
OPP.US,D,20180622,000000,12.103,12.103,11.928,11.939,89487,0
OPP.US,D,20180625,000000,11.956,12.01,11.866,12.004,98112,0
OPP.US,D,20180626,000000,12.002,12.036,11.939,12.036,41605,0
OPP.US,D,20180627,000000,12.036,12.118,12.026,12.076,46066,0
OPP.US,D,20180628,000000,12.134,12.217,12.068,12.125,103687,0
OPP.US,D,20180629,000000,12.217,12.217,12.05,12.168,71998,0
OPP.US,D,20180702,000000,12.257,12.257,12.163,12.217,43963,0
OPP.US,D,20180703,000000,12.224,12.225,12.172,12.186,40604,0
OPP.US,D,20180705,000000,12.172,12.242,12.172,12.232,29120,0
OPP.US,D,20180706,000000,12.244,12.358,12.217,12.355,48031,0
OPP.US,D,20180709,000000,12.333,12.34,12.224,12.284,51845,0
OPP.US,D,20180710,000000,12.277,12.307,12.232,12.307,25221,0
OPP.US,D,20180711,000000,12.299,12.299,12.18,12.244,46037,0
OPP.US,D,20180712,000000,12.163,12.284,12.163,12.217,76430,0
OPP.US,D,20180713,000000,12.118,12.217,12.036,12.05,76004,0
OPP.US,D,20180716,000000,12.073,12.073,11.967,12.01,63874,0
OPP.US,D,20180717,000000,12.066,12.066,11.981,12.01,51478,0
OPP.US,D,20180718,000000,12.103,12.103,11.936,11.947,88658,0
OPP.US,D,20180719,000000,12.024,12.024,11.9,11.919,60454,0
OPP.US,D,20180720,000000,11.988,11.988,11.879,11.969,61175,0
OPP.US,D,20180723,000000,11.981,12.058,11.879,11.956,81080,0
OPP.US,D,20180724,000000,11.947,12.05,11.928,11.956,78348,0
OPP.US,D,20180725,000000,11.947,11.956,11.872,11.956,87157,0
OPP.US,D,20180726,000000,11.906,11.988,11.831,11.919,151950,0
OPP.US,D,20180727,000000,11.879,11.988,11.879,11.893,54411,0
OPP.US,D,20180730,000000,11.939,11.956,11.866,11.956,69017,0
OPP.US,D,20180731,000000,11.962,12.031,11.906,12.031,59274,0
OPP.US,D,20180801,000000,12.031,12.05,11.946,12.036,86747,0
OPP.US,D,20180802,000000,11.962,12.044,11.9,11.996,48588,0
OPP.US,D,20180803,000000,12.004,12.066,11.962,12.058,75716,0
OPP.US,D,20180806,000000,12.066,12.157,12.036,12.142,54870,0
OPP.US,D,20180807,000000,12.051,12.134,12,12.01,36005,0
OPP.US,D,20180808,000000,12.014,12.092,11.969,12.092,27968,0
OPP.US,D,20180809,000000,12.086,12.142,12.044,12.103,24942,0
OPP.US,D,20180810,000000,12.157,12.157,12.01,12.086,40966,0
OPP.US,D,20180813,000000,12.142,12.142,11.975,12.01,31403,0
OPP.US,D,20180814,000000,11.975,12.05,11.969,11.975,32093,0
OPP.US,D,20180815,000000,11.981,11.996,11.969,11.975,59182,0
OPP.US,D,20180816,000000,11.962,12.001,11.9,11.969,56608,0
OPP.US,D,20180817,000000,12.004,12.024,11.988,11.988,47770,0
OPP.US,D,20180820,000000,11.996,12.072,11.975,12.024,28740,0
OPP.US,D,20180821,000000,12.024,12.163,12.024,12.163,58396,0
OPP.US,D,20180822,000000,12.149,12.163,12.103,12.118,59535,0
OPP.US,D,20180823,000000,12.134,12.142,12.123,12.142,33002,0
OPP.US,D,20180824,000000,12.142,12.142,12.069,12.117,41690,0
OPP.US,D,20180827,000000,12.142,12.142,12.086,12.097,56348,0
OPP.US,D,20180828,000000,12.092,12.111,12.05,12.073,90437,0
OPP.US,D,20180829,000000,12.134,12.142,12.024,12.024,115855,0
OPP.US,D,20180830,000000,12.111,12.118,12.01,12.044,63218,0
OPP.US,D,20180831,000000,12.142,12.163,12.004,12.004,71967,0
OPP.US,D,20180904,000000,11.988,12.099,11.988,12.086,25448,0
OPP.US,D,20180905,000000,12.099,12.142,12.051,12.08,63268,0
OPP.US,D,20180906,000000,12.098,12.103,12.058,12.092,25114,0
OPP.US,D,20180907,000000,12.058,12.103,12.058,12.079,27071,0
OPP.US,D,20180910,000000,12.163,12.163,12.044,12.058,23098,0
OPP.US,D,20180911,000000,12.036,12.142,12.036,12.142,40755,0
OPP.US,D,20180912,000000,12.125,12.163,12.066,12.163,67034,0
OPP.US,D,20180913,000000,12.172,12.194,12.103,12.172,53092,0
OPP.US,D,20180914,000000,12.099,12.172,12.09,12.092,40140,0
OPP.US,D,20180917,000000,12.163,12.163,12.009,12.057,25380,0
OPP.US,D,20180918,000000,12.066,12.092,12.009,12.092,78758,0
OPP.US,D,20180919,000000,12.066,12.066,12.023,12.029,23777,0
OPP.US,D,20180920,000000,12.002,12.057,11.994,12.002,49922,0
OPP.US,D,20180921,000000,12.029,12.029,11.987,12.005,22348,0
OPP.US,D,20180924,000000,11.979,12.014,11.847,11.891,66556,0
OPP.US,D,20180925,000000,11.868,11.891,11.773,11.822,108971,0
OPP.US,D,20180926,000000,11.792,11.842,11.779,11.792,56413,0
OPP.US,D,20180927,000000,11.773,11.814,11.746,11.752,37680,0
OPP.US,D,20180928,000000,11.829,11.829,11.675,11.76,40241,0
OPP.US,D,20181001,000000,11.76,12.072,11.76,12.009,80230,0
OPP.US,D,20181002,000000,11.987,12.049,11.974,12.022,40486,0
OPP.US,D,20181003,000000,11.987,12.066,11.917,11.974,45398,0
OPP.US,D,20181004,000000,11.994,12.002,11.703,11.703,95601,0
OPP.US,D,20181005,000000,11.723,11.814,11.692,11.699,68049,0
OPP.US,D,20181008,000000,11.654,11.773,11.57,11.663,51030,0
OPP.US,D,20181009,000000,11.564,11.654,11.536,11.536,74991,0
OPP.US,D,20181010,000000,11.614,11.621,11.438,11.514,112242,0
OPP.US,D,20181011,000000,11.502,11.584,11.445,11.475,68894,0
OPP.US,D,20181012,000000,11.475,11.584,11.423,11.559,51213,0
OPP.US,D,20181015,000000,11.538,11.559,11.483,11.483,67314,0
OPP.US,D,20181016,000000,11.521,11.648,11.521,11.641,38474,0
OPP.US,D,20181017,000000,11.622,11.676,11.584,11.664,33208,0
OPP.US,D,20181018,000000,11.71,11.71,11.571,11.622,28021,0
OPP.US,D,20181019,000000,11.656,11.656,11.555,11.564,62286,0
OPP.US,D,20181022,000000,11.632,11.632,11.579,11.622,20742,0
OPP.US,D,20181023,000000,11.685,11.685,11.299,11.555,34021,0
OPP.US,D,20181024,000000,11.495,11.564,11.495,11.495,51340,0
OPP.US,D,20181025,000000,11.508,11.508,11.32,11.475,196081,0
OPP.US,D,20181026,000000,11.445,11.445,11.306,11.396,62418,0
OPP.US,D,20181029,000000,11.483,11.521,10.999,11.376,87385,0
OPP.US,D,20181030,000000,11.277,11.514,11.154,11.514,98835,0
OPP.US,D,20181031,000000,11.514,11.514,11.32,11.396,82995,0
OPP.US,D,20181101,000000,11.32,11.483,11.32,11.376,75293,0
OPP.US,D,20181102,000000,11.423,11.423,11.244,11.32,73999,0
OPP.US,D,20181105,000000,11.326,11.483,11.315,11.423,27130,0
OPP.US,D,20181106,000000,11.326,11.404,11.222,11.354,63553,0
OPP.US,D,20181107,000000,11.354,11.423,11.326,11.361,33363,0
OPP.US,D,20181108,000000,11.334,11.412,11.334,11.388,44681,0
OPP.US,D,20181109,000000,11.445,11.445,11.381,11.419,65634,0
OPP.US,D,20181112,000000,11.475,11.475,11.32,11.452,102875,0
OPP.US,D,20181113,000000,11.412,11.514,11.412,11.495,77407,0
OPP.US,D,20181114,000000,11.483,11.545,11.389,11.514,48880,0
OPP.US,D,20181115,000000,11.528,11.528,11.444,11.444,67075,0
OPP.US,D,20181116,000000,11.396,11.397,11.338,11.338,34692,0
OPP.US,D,20181119,000000,11.338,11.353,10.993,11.325,100122,0
OPP.US,D,20181120,000000,11.241,11.324,10.846,11.241,144524,0
OPP.US,D,20181121,000000,11.232,11.268,11.008,11.268,146838,0
OPP.US,D,20181123,000000,11.198,11.198,11.089,11.113,42731,0
OPP.US,D,20181126,000000,11.161,11.198,11.022,11.072,90300,0
OPP.US,D,20181127,000000,11.057,11.198,11.022,11.149,162611,0
OPP.US,D,20181128,000000,11.191,11.303,11.09,11.254,221956,0
OPP.US,D,20181129,000000,10.103,11.297,10.103,11.297,86483,0
OPP.US,D,20181130,000000,11.411,11.411,11.276,11.388,79759,0
OPP.US,D,20181203,000000,11.444,11.483,11.353,11.474,61922,0
OPP.US,D,20181204,000000,11.452,11.644,11.283,11.303,140313,0
OPP.US,D,20181206,000000,11.276,11.436,11.202,11.227,132397,0
OPP.US,D,20181207,000000,11.034,11.48,11.034,11.338,17684,0
OPP.US,D,20181210,000000,11.338,11.353,11.229,11.345,61632,0
OPP.US,D,20181211,000000,11.396,11.396,11.089,11.227,180493,0
OPP.US,D,20181212,000000,11.248,11.381,11.248,11.368,185953,0
OPP.US,D,20181213,000000,11.353,11.475,11.302,11.302,77642,0
OPP.US,D,20181214,000000,11.302,11.352,11.088,11.094,124865,0
OPP.US,D,20181217,000000,11.126,11.184,11.004,11.004,135498,0
OPP.US,D,20181218,000000,11.053,11.194,11.004,11.053,249095,0
OPP.US,D,20181219,000000,10.997,11.174,10.959,11.088,143609,0
OPP.US,D,20181220,000000,10.967,11.104,10.514,10.895,376384,0
OPP.US,D,20181221,000000,10.829,10.926,10.68,10.752,118428,0
OPP.US,D,20181224,000000,10.791,10.895,10.581,10.816,88719,0
OPP.US,D,20181226,000000,10.791,11.282,10.791,11.202,221744,0
OPP.US,D,20181227,000000,11.196,11.36,11.136,11.338,201306,0
OPP.US,D,20181228,000000,11.388,11.475,11.227,11.452,214081,0
OPP.US,D,20181231,000000,11.568,11.753,11.568,11.588,281946,0
OPP.US,D,20190102,000000,11.557,11.617,11.515,11.588,61177,0
OPP.US,D,20190103,000000,11.595,11.595,11.515,11.515,34625,0
OPP.US,D,20190104,000000,11.563,11.68,11.557,11.568,31133,0
OPP.US,D,20190107,000000,11.709,11.914,11.625,11.914,87066,0
OPP.US,D,20190108,000000,11.979,12.087,11.923,11.939,124336,0
OPP.US,D,20190109,000000,11.939,12.016,11.759,11.78,68949,0
OPP.US,D,20190110,000000,11.939,11.979,11.846,11.923,47737,0
OPP.US,D,20190111,000000,11.896,12.081,11.886,12.059,72779,0
OPP.US,D,20190114,000000,12.037,12.052,11.908,12.044,66462,0
OPP.US,D,20190115,000000,12.059,12.101,12.016,12.081,113551,0
OPP.US,D,20190116,000000,12.044,12.068,11.881,11.881,81971,0
OPP.US,D,20190117,000000,11.881,11.896,11.709,11.817,67425,0
OPP.US,D,20190118,000000,11.875,11.906,11.817,11.817,89620,0
OPP.US,D,20190122,000000,11.817,11.881,11.733,11.753,72405,0
OPP.US,D,20190123,000000,11.802,11.875,11.77,11.774,43327,0
OPP.US,D,20190124,000000,11.715,11.961,11.715,11.96,60535,0
OPP.US,D,20190125,000000,11.979,12.087,11.753,11.908,37965,0
OPP.US,D,20190128,000000,11.896,11.908,11.839,11.881,36914,0
OPP.US,D,20190129,000000,11.923,11.974,11.908,11.96,37402,0
OPP.US,D,20190130,000000,11.932,12.044,11.932,11.979,60705,0
OPP.US,D,20190131,000000,11.987,12.185,11.987,12.095,101403,0
OPP.US,D,20190201,000000,12.172,12.193,12.044,12.108,111986,0
OPP.US,D,20190204,000000,12.154,12.171,12.031,12.059,93783,0
OPP.US,D,20190205,000000,12.146,12.146,11.868,11.914,103963,0
OPP.US,D,20190206,000000,11.923,11.923,11.724,11.896,120658,0
OPP.US,D,20190207,000000,11.944,12.072,11.902,11.979,107035,0
OPP.US,D,20190208,000000,11.875,12.052,11.808,11.914,75308,0
OPP.US,D,20190211,000000,11.914,12.025,11.914,11.968,39577,0
OPP.US,D,20190212,000000,12.081,12.101,11.944,12.059,62945,0
OPP.US,D,20190213,000000,12.044,12.198,11.949,12.002,93307,0
OPP.US,D,20190214,000000,12.026,12.115,12.009,12.057,28825,0
OPP.US,D,20190215,000000,12.172,12.172,11.857,11.895,70639,0
OPP.US,D,20190219,000000,11.866,12.052,11.866,12.052,87663,0
OPP.US,D,20190220,000000,12.059,12.21,11.978,12.024,78529,0
OPP.US,D,20190221,000000,12.131,12.176,11.913,12.075,98443,0
OPP.US,D,20190222,000000,12.037,12.203,12.037,12.139,79289,0
OPP.US,D,20190225,000000,12.241,12.241,12.059,12.081,69099,0
OPP.US,D,20190226,000000,12.139,12.18,11.942,12.037,65447,0
OPP.US,D,20190227,000000,12.037,12.123,11.937,11.968,98929,0
OPP.US,D,20190228,000000,12.087,12.122,11.895,11.901,103035,0
OPP.US,D,20190301,000000,12.016,12.016,11.872,11.907,120875,0
OPP.US,D,20190304,000000,11.942,11.954,11.866,11.907,105243,0
OPP.US,D,20190305,000000,11.921,12.037,11.901,12.031,113103,0
OPP.US,D,20190306,000000,12.059,12.096,11.968,12.009,71587,0
OPP.US,D,20190307,000000,12.009,12.033,11.907,11.968,74718,0
OPP.US,D,20190308,000000,11.913,12.002,11.907,11.96,41479,0
OPP.US,D,20190311,000000,11.937,12.071,11.937,12.002,116280,0
OPP.US,D,20190312,000000,12.024,12.154,12.024,12.109,131028,0
OPP.US,D,20190313,000000,12.168,12.308,12.096,12.131,144132,0
OPP.US,D,20190314,000000,12.168,12.195,12.131,12.173,37643,0
OPP.US,D,20190315,000000,12.131,12.204,12.051,12.115,98135,0
OPP.US,D,20190318,000000,12.168,12.196,12.059,12.096,80012,0
OPP.US,D,20190319,000000,12.109,12.172,11.969,12,228368,0
OPP.US,D,20190320,000000,12,12.03,11.911,12.015,115710,0
OPP.US,D,20190321,000000,12.036,12.081,11.992,12.059,87163,0
OPP.US,D,20190322,000000,12.067,12.071,11.95,12.031,69540,0
OPP.US,D,20190325,000000,12.023,12.036,11.958,11.971,47008,0
OPP.US,D,20190326,000000,11.984,12.059,11.906,11.927,119719,0
OPP.US,D,20190327,000000,11.95,12.051,11.853,11.981,97488,0
OPP.US,D,20190328,000000,11.992,12.036,11.932,11.967,87741,0
OPP.US,D,20190329,000000,12.007,12.054,11.904,11.95,156541,0
OPP.US,D,20190401,000000,11.992,12.131,11.958,12.131,153559,0
OPP.US,D,20190402,000000,12.139,12.228,12.102,12.22,118861,0
OPP.US,D,20190403,000000,12.276,12.314,12.217,12.276,80696,0
OPP.US,D,20190404,000000,12.276,12.284,12.109,12.284,63883,0
OPP.US,D,20190405,000000,12.293,12.3,12.139,12.204,90148,0
OPP.US,D,20190408,000000,12.237,12.276,12.087,12.276,70866,0
OPP.US,D,20190409,000000,12.276,12.38,12.241,12.35,172154,0
OPP.US,D,20190410,000000,12.357,12.386,12.293,12.357,116435,0
OPP.US,D,20190411,000000,12.357,12.457,12.346,12.416,122105,0
OPP.US,D,20190412,000000,12.457,12.457,12.308,12.373,112557,0
OPP.US,D,20190415,000000,12.386,12.448,12.3,12.425,99384,0
OPP.US,D,20190416,000000,12.443,12.443,12.328,12.373,86590,0
OPP.US,D,20190417,000000,12.248,12.38,12.211,12.242,193544,0
OPP.US,D,20190418,000000,12.314,12.314,12.158,12.237,170845,0
OPP.US,D,20190422,000000,12.237,12.276,12.168,12.188,127688,0
OPP.US,D,20190423,000000,12.173,12.269,12.148,12.228,71024,0
OPP.US,D,20190424,000000,12.22,12.3,12.17,12.173,121450,0
OPP.US,D,20190425,000000,12.181,12.242,12.181,12.237,25641,0
OPP.US,D,20190426,000000,12.242,12.248,12.173,12.211,57525,0
OPP.US,D,20190429,000000,12.22,12.242,12.196,12.196,41791,0
OPP.US,D,20190430,000000,12.242,12.293,12.211,12.269,60772,0
OPP.US,D,20190501,000000,12.308,12.397,12.255,12.386,140389,0
OPP.US,D,20190502,000000,12.3,12.357,12.248,12.32,84681,0
OPP.US,D,20190503,000000,12.393,12.393,12.35,12.38,46545,0
OPP.US,D,20190506,000000,12.242,12.373,12.242,12.284,55430,0
OPP.US,D,20190507,000000,12.314,12.35,12.211,12.293,64483,0
OPP.US,D,20190508,000000,12.314,12.383,12.255,12.314,66986,0
OPP.US,D,20190509,000000,12.314,12.444,12.314,12.416,75109,0
OPP.US,D,20190510,000000,12.438,12.456,12.386,12.438,47068,0
OPP.US,D,20190513,000000,12.386,12.386,12.35,12.373,58814,0
OPP.US,D,20190514,000000,12.425,12.538,12.388,12.425,72904,0
OPP.US,D,20190515,000000,12.452,12.513,12.327,12.425,84101,0
OPP.US,D,20190516,000000,12.482,12.498,12.443,12.482,42538,0
OPP.US,D,20190517,000000,12.506,12.506,12.437,12.498,48855,0
OPP.US,D,20190520,000000,12.519,12.519,12.425,12.519,57706,0
OPP.US,D,20190521,000000,12.465,12.555,12.452,12.452,74190,0
OPP.US,D,20190522,000000,12.465,12.54,12.443,12.519,84702,0
OPP.US,D,20190523,000000,12.555,12.574,12.438,12.511,54105,0
OPP.US,D,20190524,000000,12.576,12.576,12.482,12.519,28458,0
OPP.US,D,20190528,000000,12.585,12.585,12.498,12.506,35333,0
OPP.US,D,20190529,000000,12.457,12.509,12.457,12.457,39825,0
OPP.US,D,20190530,000000,12.452,12.555,12.452,12.49,80467,0
OPP.US,D,20190531,000000,12.555,12.594,12.408,12.425,42716,0
OPP.US,D,20190603,000000,12.482,12.519,12.452,12.519,47035,0
OPP.US,D,20190604,000000,12.585,12.594,12.548,12.585,51601,0
OPP.US,D,20190605,000000,12.594,12.641,12.565,12.612,70775,0
OPP.US,D,20190606,000000,12.667,12.667,12.523,12.621,50177,0
OPP.US,D,20190607,000000,12.667,12.667,12.612,12.636,57371,0
OPP.US,D,20190610,000000,12.69,12.807,12.667,12.753,104444,0
OPP.US,D,20190611,000000,12.812,12.842,12.701,12.753,128912,0
OPP.US,D,20190612,000000,12.82,12.821,12.689,12.726,35070,0
OPP.US,D,20190613,000000,12.791,12.798,12.726,12.739,41811,0
OPP.US,D,20190614,000000,12.739,12.761,12.689,12.716,49220,0
OPP.US,D,20190617,000000,12.689,12.732,12.689,12.716,45797,0
OPP.US,D,20190618,000000,12.732,12.796,12.732,12.778,62308,0
OPP.US,D,20190619,000000,12.761,12.778,12.696,12.761,52588,0
OPP.US,D,20190620,000000,12.851,12.868,12.761,12.799,46217,0
OPP.US,D,20190621,000000,12.766,12.837,12.766,12.771,47750,0
OPP.US,D,20190624,000000,12.31,12.825,12.31,12.733,43919,0
OPP.US,D,20190625,000000,12.732,12.807,12.732,12.739,18421,0
OPP.US,D,20190626,000000,12.82,12.868,12.689,12.745,61965,0
OPP.US,D,20190627,000000,12.689,12.726,12.593,12.701,139722,0
OPP.US,D,20190628,000000,12.813,12.813,12.696,12.696,73904,0
OPP.US,D,20190701,000000,12.716,12.786,12.716,12.778,60998,0
OPP.US,D,20190702,000000,12.813,12.894,12.761,12.881,81017,0
OPP.US,D,20190703,000000,12.942,12.963,12.865,12.942,47405,0
OPP.US,D,20190705,000000,13.001,13.014,12.732,12.881,67521,0
OPP.US,D,20190708,000000,12.925,13.022,12.925,12.972,87447,0
OPP.US,D,20190709,000000,13.038,13.067,12.984,13.06,119538,0
OPP.US,D,20190710,000000,13.06,13.155,12.88,13.051,142306,0
OPP.US,D,20190711,000000,13.082,13.088,12.86,13.03,106980,0
OPP.US,D,20190712,000000,13.082,13.082,12.948,13.014,53594,0
OPP.US,D,20190715,000000,13.06,13.097,12.996,13.097,54282,0
OPP.US,D,20190716,000000,13.051,13.112,12.963,13.014,91984,0
OPP.US,D,20190717,000000,13.014,13.082,12.984,12.984,48340,0
OPP.US,D,20190718,000000,13.014,13.06,12.964,13.051,38084,0
OPP.US,D,20190719,000000,13.045,13.105,13.022,13.045,40131,0
OPP.US,D,20190722,000000,13.045,13.201,13.022,13.105,89761,0
OPP.US,D,20190723,000000,13.105,13.148,12.991,13.007,103733,0
OPP.US,D,20190724,000000,13.045,13.082,12.984,13.03,52014,0
OPP.US,D,20190725,000000,13.119,13.119,12.925,13.001,73359,0
OPP.US,D,20190726,000000,12.948,13.074,12.948,13.045,55758,0
OPP.US,D,20190729,000000,13.142,13.185,13.045,13.067,88318,0
OPP.US,D,20190730,000000,13.097,13.112,12.887,13.014,132382,0
OPP.US,D,20190731,000000,12.976,13.004,12.963,12.984,51557,0
OPP.US,D,20190801,000000,13.001,13.127,12.985,13.067,98462,0
OPP.US,D,20190802,000000,13.112,13.162,13.07,13.119,63503,0
OPP.US,D,20190805,000000,13.097,13.134,12.881,13.038,64276,0
OPP.US,D,20190806,000000,13.088,13.172,13.038,13.127,63824,0
OPP.US,D,20190807,000000,13.112,13.162,12.925,13.134,101358,0
OPP.US,D,20190808,000000,13.208,13.246,13.134,13.185,66857,0
OPP.US,D,20190809,000000,13.074,13.217,12.984,13.082,163010,0
OPP.US,D,20190812,000000,13.134,13.134,13.014,13.022,68672,0
OPP.US,D,20190813,000000,13.051,13.127,13.03,13.097,106163,0
OPP.US,D,20190814,000000,13.127,13.127,12.818,12.908,90701,0
OPP.US,D,20190815,000000,12.932,12.97,12.782,12.825,99677,0
OPP.US,D,20190816,000000,12.88,13.006,12.825,12.975,48047,0
OPP.US,D,20190819,000000,13.037,13.037,12.975,13.021,77421,0
OPP.US,D,20190820,000000,13.037,13.156,13.006,13.156,55061,0
OPP.US,D,20190821,000000,13.156,13.26,13.134,13.15,80009,0
OPP.US,D,20190822,000000,13.222,13.291,13.106,13.173,58830,0
OPP.US,D,20190823,000000,13.156,13.219,13.105,13.156,40181,0
OPP.US,D,20190826,000000,13.15,13.18,13,13.097,76903,0
OPP.US,D,20190827,000000,13.082,13.12,12.975,12.975,67306,0
OPP.US,D,20190828,000000,12.975,13.067,12.892,12.949,114873,0
OPP.US,D,20190829,000000,12.954,13.082,12.954,13.082,41753,0
OPP.US,D,20190830,000000,13.202,13.376,13.089,13.285,129751,0
OPP.US,D,20190903,000000,13.285,13.353,13.082,13.26,55683,0
OPP.US,D,20190904,000000,13.329,13.369,13.163,13.369,93195,0
OPP.US,D,20190905,000000,13.369,13.369,13.127,13.219,87264,0
OPP.US,D,20190906,000000,13.134,13.156,13.031,13.131,107467,0
OPP.US,D,20190909,000000,13.088,13.232,13.088,13.194,49880,0
OPP.US,D,20190910,000000,13.254,13.422,13.222,13.308,125785,0
OPP.US,D,20190911,000000,13.218,13.315,13.193,13.27,70664,0
OPP.US,D,20190912,000000,13.353,13.353,13.179,13.308,155834,0
OPP.US,D,20190913,000000,13.315,13.315,13.179,13.253,60091,0
OPP.US,D,20190916,000000,13.253,13.253,13.182,13.231,42900,0
OPP.US,D,20190917,000000,13.253,13.269,13.222,13.259,40922,0
OPP.US,D,20190918,000000,13.285,13.506,13.259,13.414,95875,0
OPP.US,D,20190919,000000,13.396,13.505,13.396,13.43,36121,0
OPP.US,D,20190920,000000,13.482,13.482,13.269,13.388,40697,0
OPP.US,D,20190923,000000,13.396,13.451,13.37,13.42,65595,0
OPP.US,D,20190924,000000,13.414,13.468,13.329,13.343,83010,0
OPP.US,D,20190925,000000,13.37,13.5,13.322,13.414,62589,0
OPP.US,D,20190926,000000,13.473,13.473,13.218,13.285,150813,0
OPP.US,D,20190927,000000,13.24,13.345,13.16,13.269,94416,0
OPP.US,D,20190930,000000,13.291,13.322,13.218,13.231,104482,0
OPP.US,D,20191001,000000,13.193,13.451,13.193,13.405,87405,0
OPP.US,D,20191002,000000,13.405,13.405,13.184,13.247,55788,0
OPP.US,D,20191003,000000,13.184,13.457,13.184,13.36,85936,0
OPP.US,D,20191004,000000,13.388,13.519,13.388,13.414,78283,0
OPP.US,D,20191007,000000,13.405,13.519,13.4,13.445,63463,0
OPP.US,D,20191008,000000,13.466,13.492,13.322,13.451,85045,0
OPP.US,D,20191009,000000,13.405,13.438,13.218,13.396,120110,0
OPP.US,D,20191010,000000,13.43,13.482,13.36,13.388,76847,0
OPP.US,D,20191011,000000,13.383,13.519,13.302,13.445,61009,0
OPP.US,D,20191014,000000,13.49,13.535,13.376,13.519,74150,0
OPP.US,D,20191015,000000,13.535,13.572,13.37,13.37,159504,0
OPP.US,D,20191016,000000,13.36,13.36,13.094,13.171,125849,0
OPP.US,D,20191017,000000,13.162,13.37,13.102,13.37,74307,0
OPP.US,D,20191018,000000,13.36,13.452,13.282,13.353,56893,0
OPP.US,D,20191021,000000,13.43,13.445,13.264,13.376,61890,0
OPP.US,D,20191022,000000,13.445,13.445,13.223,13.278,129888,0
OPP.US,D,20191023,000000,13.315,13.345,13.259,13.337,38822,0
OPP.US,D,20191024,000000,13.451,13.451,13.315,13.36,86395,0
OPP.US,D,20191025,000000,13.322,13.396,13.306,13.329,44612,0
OPP.US,D,20191028,000000,13.291,13.329,13.218,13.222,77497,0
OPP.US,D,20191029,000000,13.253,13.253,13.109,13.162,70020,0
OPP.US,D,20191030,000000,13.116,13.24,13.116,13.24,45750,0
OPP.US,D,20191031,000000,13.253,13.253,13.184,13.209,71476,0
OPP.US,D,20191101,000000,13.269,13.269,12.737,12.996,311387,0
OPP.US,D,20191104,000000,12.895,13.049,12.813,12.966,202975,0
OPP.US,D,20191105,000000,12.936,12.987,12.888,12.95,132032,0
OPP.US,D,20191106,000000,12.912,12.937,12.576,12.699,289858,0
OPP.US,D,20191107,000000,12.609,12.912,12.609,12.836,144222,0
OPP.US,D,20191108,000000,12.73,12.95,12.645,12.95,136102,0
OPP.US,D,20191111,000000,12.986,13.042,12.861,13.042,84586,0
OPP.US,D,20191112,000000,13.026,13.026,12.812,12.851,102201,0
OPP.US,D,20191113,000000,12.758,12.92,12.729,12.888,141638,0
OPP.US,D,20191114,000000,12.896,12.937,12.668,12.768,175340,0
OPP.US,D,20191115,000000,12.705,12.806,12.686,12.691,63895,0
OPP.US,D,20191118,000000,12.691,12.729,12.572,12.592,141332,0
OPP.US,D,20191119,000000,12.592,12.721,12.592,12.643,85684,0
OPP.US,D,20191120,000000,12.552,12.728,12.528,12.65,59698,0
OPP.US,D,20191121,000000,12.683,12.82,12.62,12.79,92515,0
OPP.US,D,20191122,000000,12.79,12.79,12.691,12.768,62194,0
OPP.US,D,20191125,000000,12.812,12.821,12.636,12.636,104832,0
OPP.US,D,20191126,000000,12.636,12.65,12.521,12.63,191824,0
OPP.US,D,20191127,000000,12.543,12.691,12.543,12.668,60111,0
OPP.US,D,20191129,000000,12.668,12.668,12.599,12.636,78481,0
OPP.US,D,20191202,000000,12.668,12.691,12.599,12.683,121743,0
OPP.US,D,20191203,000000,12.683,12.721,12.612,12.612,102255,0
OPP.US,D,20191204,000000,12.636,12.736,12.62,12.736,89281,0
OPP.US,D,20191205,000000,12.758,12.758,12.683,12.729,88179,0
OPP.US,D,20191206,000000,12.736,12.736,12.643,12.675,101887,0
OPP.US,D,20191209,000000,12.705,12.736,12.675,12.736,91508,0
OPP.US,D,20191210,000000,12.75,12.784,12.636,12.65,154626,0
OPP.US,D,20191211,000000,12.671,12.694,12.593,12.609,116931,0
OPP.US,D,20191212,000000,12.602,12.613,12.529,12.593,167311,0
OPP.US,D,20191213,000000,12.613,12.623,12.522,12.613,104213,0
OPP.US,D,20191216,000000,12.645,12.671,12.609,12.613,77458,0
OPP.US,D,20191217,000000,12.558,12.613,12.529,12.584,319503,0
OPP.US,D,20191218,000000,12.576,12.593,12.51,12.537,221600,0
OPP.US,D,20191219,000000,12.537,12.572,12.484,12.515,275405,0
OPP.US,D,20191220,000000,12.515,12.546,12.467,12.493,233285,0
OPP.US,D,20191223,000000,12.459,12.537,12.43,12.442,209233,0
OPP.US,D,20191224,000000,12.459,12.501,12.438,12.475,74331,0
OPP.US,D,20191226,000000,12.475,12.593,12.475,12.593,252600,0
OPP.US,D,20191227,000000,12.57,12.609,12.529,12.57,187122,0
OPP.US,D,20191230,000000,12.602,12.613,12.576,12.609,187014,0
OPP.US,D,20191231,000000,12.602,12.763,12.584,12.754,362483,0
OPP.US,D,20200102,000000,12.754,12.773,12.694,12.763,156899,0
OPP.US,D,20200103,000000,12.763,12.792,12.687,12.763,64660,0
OPP.US,D,20200106,000000,12.773,12.81,12.746,12.81,169993,0
OPP.US,D,20200107,000000,12.824,12.893,12.773,12.792,254143,0
OPP.US,D,20200108,000000,12.802,12.886,12.802,12.849,123115,0
OPP.US,D,20200109,000000,12.857,12.91,12.824,12.873,125899,0
OPP.US,D,20200110,000000,12.873,12.886,12.849,12.88,65718,0
OPP.US,D,20200113,000000,12.873,12.966,12.873,12.935,165536,0
OPP.US,D,20200114,000000,12.91,13.044,12.91,13.027,157758,0
OPP.US,D,20200115,000000,13.036,13.066,12.974,13.044,174958,0
OPP.US,D,20200116,000000,13.058,13.191,13.034,13.089,121291,0
OPP.US,D,20200117,000000,13.066,13.088,12.995,13.019,149414,0
OPP.US,D,20200121,000000,12.985,13.041,12.985,13.019,72859,0
OPP.US,D,20200122,000000,13.036,13.055,13.007,13.019,89404,0
OPP.US,D,20200123,000000,13.011,13.044,12.985,13.004,70320,0
OPP.US,D,20200124,000000,13.004,13.068,12.985,12.985,75044,0
OPP.US,D,20200127,000000,12.978,12.978,12.879,12.957,72053,0
OPP.US,D,20200128,000000,13.011,13.058,12.957,13.011,68968,0
OPP.US,D,20200129,000000,13.004,13.098,13.004,13.066,85362,0
OPP.US,D,20200130,000000,13.066,13.12,13.019,13.113,87844,0
OPP.US,D,20200131,000000,13.113,13.183,13.089,13.177,172298,0
OPP.US,D,20200203,000000,13.183,13.279,13.183,13.26,114124,0
OPP.US,D,20200204,000000,13.286,13.334,13.207,13.286,98686,0
OPP.US,D,20200205,000000,13.26,13.333,13.231,13.303,102476,0
OPP.US,D,20200206,000000,13.303,13.303,13.254,13.293,64431,0
OPP.US,D,20200207,000000,13.303,13.323,13.26,13.286,98416,0
OPP.US,D,20200210,000000,13.293,13.38,13.293,13.38,107704,0
OPP.US,D,20200211,000000,13.386,13.436,13.207,13.254,150909,0
OPP.US,D,20200212,000000,13.286,13.365,13.286,13.365,126677,0
OPP.US,D,20200213,000000,13.216,13.269,13.214,13.24,35693,0
OPP.US,D,20200214,000000,13.293,13.357,13.27,13.303,113748,0
OPP.US,D,20200218,000000,13.303,13.308,13.27,13.293,46284,0
OPP.US,D,20200219,000000,13.34,13.34,13.248,13.303,86487,0
OPP.US,D,20200220,000000,13.279,13.288,13.16,13.24,119392,0
OPP.US,D,20200221,000000,13.183,13.204,13.113,13.13,144557,0
OPP.US,D,20200224,000000,13.113,13.154,12.957,12.965,169858,0
OPP.US,D,20200225,000000,12.973,13.16,12.915,13.058,345232,0
OPP.US,D,20200226,000000,13.066,13.249,12.949,12.985,145196,0
OPP.US,D,20200227,000000,12.879,12.927,12.649,12.799,296325,0
OPP.US,D,20200228,000000,12.674,12.743,12.495,12.704,246959,0
OPP.US,D,20200302,000000,12.721,13.044,12.704,13.044,161033,0
OPP.US,D,20200303,000000,13.044,13.473,12.942,12.942,198219,0
OPP.US,D,20200304,000000,13.027,13.183,13.011,13.137,138771,0
OPP.US,D,20200305,000000,13.113,13.16,12.957,13.004,112961,0
OPP.US,D,20200306,000000,12.879,13.106,12.879,13.019,156646,0
OPP.US,D,20200309,000000,12.642,12.674,12.433,12.495,172985,0
OPP.US,D,20200310,000000,12.657,12.769,12.556,12.769,111741,0
OPP.US,D,20200311,000000,12.769,12.769,12.249,12.28,84911,0
OPP.US,D,20200312,000000,11.622,11.928,10.572,10.909,362070,0
OPP.US,D,20200313,000000,11.112,11.565,11.025,11.285,110203,0
OPP.US,D,20200316,000000,10.013,10.937,9.922,10.571,212794,0
OPP.US,D,20200317,000000,10.507,10.752,10.052,10.251,293641,0
OPP.US,D,20200318,000000,10.188,10.228,8.393,8.6462,589704,0
OPP.US,D,20200319,000000,8.4623,9.886,8.4623,9.4961,306463,0
OPP.US,D,20200320,000000,9.766,10.235,9.729,10.126,156059,0
OPP.US,D,20200323,000000,9.766,10.052,8.9098,9.538,284559,0
OPP.US,D,20200324,000000,9.677,9.868,9.677,9.813,415016,0
OPP.US,D,20200325,000000,9.705,9.949,9.4258,9.943,220692,0
OPP.US,D,20200326,000000,9.86,10.052,9.79,9.886,148450,0
OPP.US,D,20200327,000000,9.521,9.856,9.4575,9.831,156355,0
OPP.US,D,20200330,000000,9.831,10.181,9.831,10.092,170991,0
OPP.US,D,20200331,000000,10.092,10.205,9.996,10.17,177167,0
OPP.US,D,20200401,000000,9.934,9.943,9.2024,9.677,281254,0
OPP.US,D,20200402,000000,9.538,9.791,9.538,9.727,215698,0
OPP.US,D,20200403,000000,9.813,9.813,9.577,9.766,48865,0
OPP.US,D,20200406,000000,9.848,10.279,9.834,10.205,71193,0
OPP.US,D,20200407,000000,10.243,10.438,10.136,10.331,79072,0
OPP.US,D,20200408,000000,10.361,10.579,10.31,10.433,246115,0
OPP.US,D,20200409,000000,10.696,10.76,10.405,10.579,220612,0
OPP.US,D,20200413,000000,10.466,10.515,9.895,10.485,168305,0
OPP.US,D,20200414,000000,10.586,10.814,10.491,10.602,154022,0
OPP.US,D,20200415,000000,10.349,10.506,10.314,10.473,73114,0
OPP.US,D,20200416,000000,10.384,10.486,10.27,10.357,55144,0
OPP.US,D,20200417,000000,10.489,10.579,10.246,10.514,71861,0
OPP.US,D,20200420,000000,10.384,10.695,10.384,10.447,71185,0
OPP.US,D,20200421,000000,10.425,10.425,10.246,10.246,73494,0
OPP.US,D,20200422,000000,10.384,10.416,10.173,10.314,136453,0
OPP.US,D,20200423,000000,10.27,10.403,10.119,10.165,38896,0
OPP.US,D,20200424,000000,10.191,10.464,10.182,10.454,55660,0
OPP.US,D,20200427,000000,10.514,10.586,10.199,10.261,55394,0
OPP.US,D,20200428,000000,10.253,10.398,10.038,10.173,102508,0
OPP.US,D,20200429,000000,10.403,10.721,10.215,10.473,94887,0
OPP.US,D,20200430,000000,10.641,10.931,10.551,10.721,231798,0
OPP.US,D,20200501,000000,10.437,10.868,10.437,10.714,50257,0
OPP.US,D,20200504,000000,10.651,10.795,10.519,10.535,59581,0
OPP.US,D,20200505,000000,10.535,10.622,10.499,10.514,60009,0
OPP.US,D,20200506,000000,10.595,10.622,10.409,10.57,63120,0
OPP.US,D,20200507,000000,10.657,10.657,10.507,10.57,38563,0
OPP.US,D,20200508,000000,10.56,10.676,10.483,10.574,81562,0
OPP.US,D,20200511,000000,10.586,10.667,10.527,10.551,73623,0
OPP.US,D,20200512,000000,10.632,10.738,10.506,10.69,95679,0
OPP.US,D,20200513,000000,10.746,10.746,10.514,10.586,72222,0
OPP.US,D,20200514,000000,10.513,10.519,10.212,10.39,94256,0
OPP.US,D,20200515,000000,10.265,10.51,9.923,10.429,57342,0
OPP.US,D,20200518,000000,10.617,10.838,10.548,10.651,55713,0
OPP.US,D,20200519,000000,10.543,10.782,10.462,10.579,33299,0
OPP.US,D,20200520,000000,10.57,10.775,10.555,10.633,36400,0
OPP.US,D,20200521,000000,10.617,10.716,10.57,10.716,58095,0
OPP.US,D,20200522,000000,10.642,10.722,10.55,10.722,41053,0
OPP.US,D,20200526,000000,10.756,11.067,10.756,10.847,85727,0
OPP.US,D,20200527,000000,10.928,10.986,10.898,10.96,65218,0
OPP.US,D,20200528,000000,10.993,11.32,10.993,11.215,98541,0
OPP.US,D,20200529,000000,11.271,11.36,11.155,11.303,92307,0
OPP.US,D,20200601,000000,11.229,11.559,11.229,11.45,71611,0
OPP.US,D,20200602,000000,11.574,11.64,11.475,11.54,51114,0
OPP.US,D,20200603,000000,11.55,11.835,11.55,11.605,119152,0
OPP.US,D,20200604,000000,11.622,11.622,11.55,11.583,65994,0
OPP.US,D,20200605,000000,11.664,11.809,11.566,11.664,64758,0
OPP.US,D,20200608,000000,11.802,12.005,11.746,11.835,133934,0
OPP.US,D,20200609,000000,11.746,12.21,11.679,11.696,120225,0
OPP.US,D,20200610,000000,11.614,11.819,11.59,11.762,50366,0
OPP.US,D,20200611,000000,11.605,11.655,11.132,11.394,153297,0
OPP.US,D,20200612,000000,11.508,11.828,11.508,11.614,181369,0
OPP.US,D,20200615,000000,11.582,11.582,11.419,11.507,130250,0
OPP.US,D,20200616,000000,11.59,11.771,11.465,11.672,67309,0
OPP.US,D,20200617,000000,11.656,11.748,11.597,11.648,54955,0
OPP.US,D,20200618,000000,11.582,11.692,11.582,11.582,50727,0
OPP.US,D,20200619,000000,11.59,11.658,11.563,11.569,58860,0
OPP.US,D,20200622,000000,11.483,11.627,11.457,11.605,128287,0
OPP.US,D,20200623,000000,11.582,11.665,11.521,11.596,43220,0
OPP.US,D,20200624,000000,11.582,11.648,11.522,11.582,76998,0
OPP.US,D,20200625,000000,11.507,11.622,11.507,11.59,14302,0
OPP.US,D,20200626,000000,11.605,11.684,11.478,11.514,45832,0
OPP.US,D,20200629,000000,11.507,11.549,11.432,11.522,52418,0
OPP.US,D,20200630,000000,11.573,11.656,11.507,11.507,72135,0
OPP.US,D,20200701,000000,11.631,11.697,11.573,11.665,81851,0
OPP.US,D,20200702,000000,11.665,11.794,11.596,11.596,81066,0
OPP.US,D,20200706,000000,11.711,11.779,11.622,11.762,55052,0
OPP.US,D,20200707,000000,11.771,11.822,11.672,11.687,76155,0
OPP.US,D,20200708,000000,11.771,11.87,11.711,11.738,52970,0
OPP.US,D,20200709,000000,11.797,11.797,11.711,11.779,44612,0
OPP.US,D,20200710,000000,11.779,11.896,11.752,11.787,56397,0
OPP.US,D,20200713,000000,11.762,11.838,11.762,11.787,26482,0
OPP.US,D,20200714,000000,11.812,11.838,11.692,11.756,66287,0
OPP.US,D,20200715,000000,11.822,11.978,11.779,11.945,122692,0
OPP.US,D,20200716,000000,11.936,11.936,11.839,11.879,44800,0
OPP.US,D,20200717,000000,11.911,11.936,11.829,11.829,23032,0
OPP.US,D,20200720,000000,11.81,11.913,11.728,11.753,83850,0
OPP.US,D,20200721,000000,11.753,11.785,11.718,11.718,85814,0
OPP.US,D,20200722,000000,11.736,11.836,11.736,11.808,41637,0
OPP.US,D,20200723,000000,11.785,11.829,11.769,11.777,46074,0
OPP.US,D,20200724,000000,11.809,11.845,11.777,11.795,19347,0
OPP.US,D,20200727,000000,11.795,11.796,11.728,11.785,70056,0
OPP.US,D,20200728,000000,11.829,11.829,11.762,11.768,38800,0
OPP.US,D,20200729,000000,11.753,11.911,11.753,11.81,64861,0
OPP.US,D,20200730,000000,11.836,12.054,11.836,11.954,41221,0
OPP.US,D,20200731,000000,12.046,12.129,11.911,11.936,78181,0
OPP.US,D,20200803,000000,11.963,12.054,11.895,11.963,60772,0
OPP.US,D,20200804,000000,11.978,12.046,11.852,12.003,32848,0
OPP.US,D,20200805,000000,12.021,12.178,12.003,12.012,74449,0
OPP.US,D,20200806,000000,12.046,12.222,12.046,12.12,45109,0
OPP.US,D,20200807,000000,12.071,12.347,12.071,12.222,98655,0
OPP.US,D,20200810,000000,12.187,12.248,12.172,12.213,157641,0
OPP.US,D,20200811,000000,12.187,12.27,12.112,12.112,90313,0
OPP.US,D,20200812,000000,12.187,12.213,12.129,12.156,57602,0
OPP.US,D,20200813,000000,12.293,12.54,12.266,12.463,102044,0
OPP.US,D,20200814,000000,12.335,12.335,12.095,12.148,259318,0
OPP.US,D,20200817,000000,12.148,12.252,12.06,12.077,168127,0
OPP.US,D,20200818,000000,12.095,12.156,12.026,12.117,169406,0
OPP.US,D,20200819,000000,12.111,12.283,12.085,12.241,155681,0
OPP.US,D,20200820,000000,12.273,12.455,12.224,12.403,153376,0
OPP.US,D,20200821,000000,12.369,12.394,12.241,12.352,50674,0
OPP.US,D,20200824,000000,12.301,12.301,12.138,12.205,54660,0
OPP.US,D,20200825,000000,12.179,12.241,12.111,12.197,111542,0
OPP.US,D,20200826,000000,12.138,12.241,12.138,12.197,74571,0
OPP.US,D,20200827,000000,12.215,12.219,12.111,12.111,70874,0
OPP.US,D,20200828,000000,12.111,12.234,12.111,12.138,108233,0
OPP.US,D,20200831,000000,12.205,12.36,12.177,12.197,105704,0
OPP.US,D,20200901,000000,12.197,12.283,12.052,12.052,344257,0
OPP.US,D,20200902,000000,12.069,12.241,12.052,12.06,82270,0
OPP.US,D,20200903,000000,12.06,12.156,12.058,12.095,169684,0
OPP.US,D,20200904,000000,12.077,12.241,12.077,12.197,75392,0
OPP.US,D,20200908,000000,12.156,12.179,12.128,12.164,69126,0
OPP.US,D,20200909,000000,12.215,12.266,12.164,12.241,58936,0
OPP.US,D,20200910,000000,12.258,12.301,12.248,12.283,74689,0
OPP.US,D,20200911,000000,12.241,12.352,12.215,12.352,60032,0
OPP.US,D,20200914,000000,12.352,12.438,12.301,12.36,96825,0
OPP.US,D,20200915,000000,12.413,12.501,12.222,12.309,68985,0
OPP.US,D,20200916,000000,12.431,12.431,11.882,12.169,156030,0
OPP.US,D,20200917,000000,12.057,12.185,12.057,12.107,145995,0
OPP.US,D,20200918,000000,12.091,12.176,12.048,12.048,107084,0
OPP.US,D,20200921,000000,11.875,12.075,11.83,12.03,150436,0
OPP.US,D,20200922,000000,11.943,12.022,11.882,11.987,113016,0
OPP.US,D,20200923,000000,11.987,12.213,11.987,12.048,82082,0
OPP.US,D,20200924,000000,11.875,12.066,11.875,12.048,72947,0
OPP.US,D,20200925,000000,12.004,12.117,12.004,12.075,66926,0
OPP.US,D,20200928,000000,12.117,12.169,12.117,12.149,137661,0
OPP.US,D,20200929,000000,12.075,12.135,11.847,11.891,172110,0
OPP.US,D,20200930,000000,11.952,12.066,11.935,11.935,144562,0
OPP.US,D,20201001,000000,12.013,12.107,12.004,12.075,40273,0
OPP.US,D,20201002,000000,12.048,12.126,12.004,12.107,71441,0
OPP.US,D,20201005,000000,12.048,12.147,12.048,12.075,60564,0
OPP.US,D,20201006,000000,12.057,12.313,12.057,12.145,112025,0
OPP.US,D,20201007,000000,12.145,12.3,12.145,12.213,33661,0
OPP.US,D,20201008,000000,12.222,12.3,12.195,12.282,71353,0
OPP.US,D,20201009,000000,12.247,12.309,12.247,12.272,81312,0
OPP.US,D,20201012,000000,12.282,12.309,12.232,12.272,108795,0
OPP.US,D,20201013,000000,12.204,12.292,12.204,12.265,44953,0
OPP.US,D,20201014,000000,12.232,12.265,12.145,12.204,64801,0
OPP.US,D,20201015,000000,12.038,12.169,11.238,12.066,103632,0
OPP.US,D,20201016,000000,12.066,12.135,12.013,12.066,44941,0
OPP.US,D,20201019,000000,12.013,12.075,11.839,12.048,125831,0
OPP.US,D,20201020,000000,12.004,12.02,11.891,11.969,56690,0
OPP.US,D,20201021,000000,11.908,12.013,11.908,11.916,87284,0
OPP.US,D,20201022,000000,11.916,11.952,11.882,11.882,25154,0
OPP.US,D,20201023,000000,11.875,12.022,11.812,11.899,87811,0
OPP.US,D,20201026,000000,11.812,11.961,11.768,11.768,119068,0
OPP.US,D,20201027,000000,11.83,11.961,11.762,11.875,44908,0
OPP.US,D,20201028,000000,11.83,11.835,11.665,11.735,84365,0
OPP.US,D,20201029,000000,11.682,11.827,11.676,11.822,42526,0
OPP.US,D,20201030,000000,11.882,11.926,11.569,11.673,114787,0
OPP.US,D,20201102,000000,11.639,11.83,11.594,11.673,139519,0
OPP.US,D,20201103,000000,11.639,11.778,11.613,11.652,80746,0
OPP.US,D,20201104,000000,11.649,11.875,11.594,11.804,67532,0
OPP.US,D,20201105,000000,11.812,12.048,11.812,11.969,55855,0
OPP.US,D,20201106,000000,11.899,12.038,11.877,11.926,35262,0
OPP.US,D,20201109,000000,12.161,12.161,11.875,11.961,96462,0
OPP.US,D,20201110,000000,11.961,12.161,11.961,12.145,105359,0
OPP.US,D,20201111,000000,12.169,12.247,12.038,12.135,95765,0
OPP.US,D,20201112,000000,12.099,12.358,12.09,12.214,162504,0
OPP.US,D,20201113,000000,12.274,12.382,12.242,12.32,84585,0
OPP.US,D,20201116,000000,12.32,12.442,12.248,12.372,68699,0
OPP.US,D,20201117,000000,12.312,12.426,12.258,12.39,58444,0
OPP.US,D,20201118,000000,12.338,12.408,12.338,12.39,50538,0
OPP.US,D,20201119,000000,12.346,12.426,12.338,12.426,71241,0
OPP.US,D,20201120,000000,12.426,12.451,12.39,12.417,62007,0
OPP.US,D,20201123,000000,12.426,12.539,12.417,12.487,85602,0
OPP.US,D,20201124,000000,12.478,12.706,12.478,12.515,245269,0
OPP.US,D,20201125,000000,12.539,12.691,12.539,12.594,105981,0
OPP.US,D,20201127,000000,12.646,12.751,12.646,12.682,35883,0
OPP.US,D,20201130,000000,12.733,12.742,12.46,12.539,112022,0
OPP.US,D,20201201,000000,12.558,12.691,12.558,12.602,76086,0
OPP.US,D,20201202,000000,12.618,12.77,12.585,12.726,111790,0
OPP.US,D,20201203,000000,12.698,12.91,12.602,12.726,169631,0
OPP.US,D,20201204,000000,12.78,12.9,12.726,12.77,72208,0
OPP.US,D,20201207,000000,12.77,12.9,12.733,12.751,130710,0
OPP.US,D,20201208,000000,12.78,12.963,12.78,12.849,174757,0
OPP.US,D,20201209,000000,12.927,13.043,12.78,12.794,131382,0
OPP.US,D,20201210,000000,12.794,13.482,12.794,12.9,109595,0
OPP.US,D,20201211,000000,12.829,12.963,12.698,12.918,118886,0
OPP.US,D,20201214,000000,12.998,12.998,12.829,12.858,160514,0
OPP.US,D,20201215,000000,12.963,13.086,12.839,12.998,226487,0
OPP.US,D,20201216,000000,12.89,12.946,12.579,12.786,142136,0
OPP.US,D,20201217,000000,12.729,12.979,12.696,12.874,98854,0
OPP.US,D,20201218,000000,12.874,12.909,12.801,12.827,54822,0
OPP.US,D,20201221,000000,12.712,12.801,12.702,12.738,118764,0
OPP.US,D,20201222,000000,12.688,12.874,12.641,12.786,114803,0
OPP.US,D,20201223,000000,12.847,12.847,12.623,12.668,267111,0
OPP.US,D,20201224,000000,12.757,12.757,12.633,12.668,79373,0
OPP.US,D,20201228,000000,12.641,12.882,12.623,12.702,229054,0
OPP.US,D,20201229,000000,12.738,12.811,12.718,12.801,74968,0
OPP.US,D,20201230,000000,12.792,12.936,12.792,12.811,104905,0
OPP.US,D,20201231,000000,12.899,12.899,12.712,12.777,150736,0
OPP.US,D,20210104,000000,12.748,12.847,12.633,12.82,181764,0
OPP.US,D,20210105,000000,12.847,12.926,12.767,12.847,105787,0
OPP.US,D,20210106,000000,12.847,12.979,12.847,12.926,147141,0
OPP.US,D,20210107,000000,12.954,13.115,12.942,12.998,106578,0
OPP.US,D,20210108,000000,12.998,13.052,12.89,12.963,122686,0
OPP.US,D,20210111,000000,12.936,12.988,12.847,12.866,111183,0
OPP.US,D,20210112,000000,12.926,13.025,12.882,12.998,56468,0
OPP.US,D,20210113,000000,13.061,13.096,12.963,13.016,136695,0
OPP.US,D,20210114,000000,12.971,13.068,12.915,13.034,111388,0
OPP.US,D,20210115,000000,13.068,13.105,12.773,12.844,164283,0
OPP.US,D,20210119,000000,12.897,13.132,12.897,13.051,112033,0
OPP.US,D,20210120,000000,13.068,13.205,13.068,13.142,117324,0
OPP.US,D,20210121,000000,13.068,13.107,12.997,13.015,98359,0
OPP.US,D,20210122,000000,13.024,13.061,12.997,13.034,91016,0
OPP.US,D,20210125,000000,13.024,13.068,12.915,12.971,132193,0
OPP.US,D,20210126,000000,13.024,13.035,12.934,12.952,127163,0
OPP.US,D,20210127,000000,12.944,13.024,12.887,12.924,106670,0
OPP.US,D,20210128,000000,12.971,13.078,12.966,13.068,99970,0
OPP.US,D,20210129,000000,13.133,13.134,12.953,13.034,75521,0
OPP.US,D,20210201,000000,13.123,13.241,13.022,13.159,220391,0
OPP.US,D,20210202,000000,13.151,13.383,13.151,13.294,104632,0
OPP.US,D,20210203,000000,13.294,13.358,13.274,13.34,229338,0
OPP.US,D,20210204,000000,13.349,13.394,13.332,13.384,168028,0
OPP.US,D,20210205,000000,13.394,13.483,13.358,13.483,91431,0
OPP.US,D,20210208,000000,13.483,13.619,13.394,13.475,249552,0
OPP.US,D,20210209,000000,13.475,13.53,13.431,13.503,153895,0
OPP.US,D,20210210,000000,13.511,13.637,13.336,13.437,146490,0
OPP.US,D,20210211,000000,13.437,13.446,13.255,13.429,78199,0
OPP.US,D,20210212,000000,13.429,13.492,13.382,13.41,64154,0
OPP.US,D,20210216,000000,13.41,13.429,13.31,13.392,77673,0
OPP.US,D,20210217,000000,13.437,13.437,13.31,13.364,64825,0
OPP.US,D,20210218,000000,13.392,13.42,13.31,13.355,92963,0
OPP.US,D,20210219,000000,13.401,13.429,13.37,13.392,73196,0
OPP.US,D,20210222,000000,13.41,13.468,13.364,13.437,61873,0
OPP.US,D,20210223,000000,13.465,13.511,13.319,13.492,229188,0
OPP.US,D,20210224,000000,13.492,13.665,13.437,13.628,341725,0
OPP.US,D,20210225,000000,13.492,13.637,13.355,13.537,199041,0
OPP.US,D,20210226,000000,13.593,13.593,13.277,13.437,103520,0
OPP.US,D,20210301,000000,13.492,13.565,13.429,13.446,98522,0
OPP.US,D,20210302,000000,13.446,13.684,13.446,13.628,115728,0
OPP.US,D,20210303,000000,13.665,13.684,13.628,13.637,63117,0
OPP.US,D,20210304,000000,13.602,13.684,13.364,13.41,105934,0
OPP.US,D,20210305,000000,13.401,13.62,13.401,13.437,72702,0
OPP.US,D,20210308,000000,13.437,13.674,13.437,13.637,65582,0
OPP.US,D,20210309,000000,13.665,13.839,13.628,13.628,142113,0
OPP.US,D,20210310,000000,13.628,13.72,13.628,13.702,65417,0
OPP.US,D,20210311,000000,13.72,13.847,13.697,13.738,81132,0
OPP.US,D,20210312,000000,13.738,13.885,13.738,13.794,112390,0
OPP.US,D,20210315,000000,13.811,13.945,13.802,13.876,206860,0
OPP.US,D,20210316,000000,13.985,13.985,13.754,13.837,105821,0
OPP.US,D,20210317,000000,13.809,13.827,13.663,13.809,80679,0
OPP.US,D,20210318,000000,13.801,13.837,13.579,13.617,109113,0
OPP.US,D,20210319,000000,13.634,13.783,13.626,13.735,66554,0
OPP.US,D,20210322,000000,13.773,13.919,13.691,13.846,63052,0
OPP.US,D,20210323,000000,13.745,13.846,13.699,13.735,78003,0
OPP.US,D,20210324,000000,13.726,13.809,13.696,13.735,37174,0
OPP.US,D,20210325,000000,13.767,13.801,13.612,13.634,81934,0
OPP.US,D,20210326,000000,13.726,13.783,13.607,13.735,69646,0
OPP.US,D,20210329,000000,13.653,13.801,13.607,13.617,124039,0
OPP.US,D,20210330,000000,13.709,13.754,13.634,13.754,58419,0
OPP.US,D,20210331,000000,13.801,14.142,13.773,13.911,153471,0
OPP.US,D,20210401,000000,14.003,14.059,13.783,13.884,210392,0
OPP.US,D,20210405,000000,13.875,13.875,13.709,13.866,151872,0
OPP.US,D,20210406,000000,13.884,14.095,13.866,14.068,125033,0
OPP.US,D,20210407,000000,14.059,14.105,13.958,14.068,140961,0
OPP.US,D,20210408,000000,14.068,14.105,13.846,14.076,127013,0
OPP.US,D,20210409,000000,14.113,14.214,14.095,14.142,165424,0
OPP.US,D,20210412,000000,14.142,14.242,14.105,14.122,184776,0
OPP.US,D,20210413,000000,14.095,14.142,14.03,14.095,167162,0
OPP.US,D,20210414,000000,14.085,14.151,14.059,14.113,237218,0
OPP.US,D,20210415,000000,14.131,14.203,14.099,14.168,158951,0
OPP.US,D,20210416,000000,14.168,14.168,13.871,13.955,153853,0
OPP.US,D,20210419,000000,13.935,14.028,13.823,13.833,208442,0
OPP.US,D,20210420,000000,13.852,14.15,13.833,13.945,182490,0
OPP.US,D,20210421,000000,13.918,14.076,13.908,14.001,95710,0
OPP.US,D,20210422,000000,14.011,14.076,14.011,14.076,65917,0
OPP.US,D,20210423,000000,14.121,14.16,14.058,14.141,82027,0
OPP.US,D,20210426,000000,14.178,14.243,14.112,14.15,151667,0
OPP.US,D,20210427,000000,14.197,14.28,14.187,14.253,83842,0
OPP.US,D,20210428,000000,14.28,14.29,14.168,14.224,121930,0
OPP.US,D,20210429,000000,14.206,14.243,14.16,14.206,62258,0
OPP.US,D,20210430,000000,14.261,14.29,14.224,14.261,119534,0
OPP.US,D,20210503,000000,14.29,14.317,14.206,14.206,176169,0
OPP.US,D,20210504,000000,14.317,14.326,14.206,14.234,160410,0
OPP.US,D,20210505,000000,14.28,14.327,14.253,14.28,104171,0
OPP.US,D,20210506,000000,14.327,14.327,14.253,14.271,154949,0
OPP.US,D,20210507,000000,14.327,14.355,14.243,14.327,156653,0
OPP.US,D,20210510,000000,14.374,14.551,14.336,14.429,224492,0
OPP.US,D,20210511,000000,14.429,14.541,14.383,14.503,152807,0
OPP.US,D,20210512,000000,14.503,14.503,14.16,14.374,214475,0
OPP.US,D,20210513,000000,14.288,14.533,14.288,14.523,189614,0
OPP.US,D,20210514,000000,14.533,14.533,14.391,14.494,166115,0
OPP.US,D,20210517,000000,14.552,14.561,14.429,14.467,110469,0
OPP.US,D,20210518,000000,14.485,14.485,14.335,14.373,112678,0
OPP.US,D,20210519,000000,14.391,14.485,14.211,14.373,95761,0
OPP.US,D,20210520,000000,14.391,14.485,14.363,14.409,104826,0
OPP.US,D,20210521,000000,14.513,14.513,14.26,14.354,101775,0
OPP.US,D,20210524,000000,14.382,14.552,14.382,14.494,102956,0
OPP.US,D,20210525,000000,14.57,14.597,14.494,14.597,76821,0
OPP.US,D,20210526,000000,14.588,14.626,14.503,14.617,107368,0
OPP.US,D,20210527,000000,14.597,14.646,14.597,14.646,83734,0
OPP.US,D,20210528,000000,14.636,14.655,14.533,14.626,118450,0
OPP.US,D,20210601,000000,14.636,14.673,14.579,14.607,125312,0
OPP.US,D,20210602,000000,14.607,14.692,14.579,14.617,134266,0
OPP.US,D,20210603,000000,14.579,14.72,14.579,14.579,161091,0
OPP.US,D,20210604,000000,14.597,14.749,14.579,14.73,98325,0
OPP.US,D,20210607,000000,14.692,14.899,14.655,14.853,216564,0
OPP.US,D,20210608,000000,14.955,15.012,14.776,14.87,158665,0
OPP.US,D,20210609,000000,14.964,15.001,14.814,14.87,129130,0
OPP.US,D,20210610,000000,14.87,14.928,14.692,14.711,242628,0
OPP.US,D,20210611,000000,14.759,14.993,14.73,14.908,137519,0
OPP.US,D,20210614,000000,14.947,15.012,14.86,15.002,232989,0
OPP.US,D,20210615,000000,14.926,14.983,14.868,14.963,83181,0
OPP.US,D,20210616,000000,14.916,14.932,14.821,14.868,72432,0
OPP.US,D,20210617,000000,14.792,14.841,14.717,14.764,89869,0
OPP.US,D,20210618,000000,14.764,14.792,14.726,14.755,94749,0
OPP.US,D,20210621,000000,14.802,14.841,14.678,14.717,97095,0
OPP.US,D,20210622,000000,14.717,14.821,14.717,14.77,81833,0
OPP.US,D,20210623,000000,14.755,14.868,14.717,14.773,73422,0
OPP.US,D,20210624,000000,14.802,15.001,14.802,14.926,130837,0
OPP.US,D,20210625,000000,14.868,14.916,14.707,14.746,137101,0
OPP.US,D,20210628,000000,14.792,14.868,14.678,14.726,118788,0
OPP.US,D,20210629,000000,14.773,14.842,14.726,14.773,65003,0
OPP.US,D,20210630,000000,14.831,14.841,14.707,14.802,126397,0
OPP.US,D,20210701,000000,14.755,14.888,14.707,14.811,160315,0
OPP.US,D,20210702,000000,14.811,14.983,14.792,14.926,118325,0
OPP.US,D,20210706,000000,15.106,15.235,14.954,15.144,365456,0
OPP.US,D,20210707,000000,15.239,15.239,15.144,15.239,216903,0
OPP.US,D,20210708,000000,15.201,15.239,15.173,15.211,194513,0
OPP.US,D,20210709,000000,15.239,15.306,15.201,15.288,218444,0
OPP.US,D,20210712,000000,15.325,15.496,15.276,15.362,267192,0
OPP.US,D,20210713,000000,15.43,15.476,15.245,15.372,210980,0
OPP.US,D,20210714,000000,15.467,15.467,15.372,15.391,119620,0
OPP.US,D,20210715,000000,15.448,15.536,15.256,15.266,139502,0
OPP.US,D,20210716,000000,15.275,15.56,15.196,15.218,135688,0
OPP.US,D,20210719,000000,15.132,15.208,14.603,14.671,320934,0
OPP.US,D,20210720,000000,14.757,15.132,14.728,15.132,117487,0
OPP.US,D,20210721,000000,15.208,15.41,15.074,15.39,90531,0
OPP.US,D,20210722,000000,15.39,15.483,15.255,15.41,96365,0
OPP.US,D,20210723,000000,15.457,15.463,15.323,15.361,69018,0
OPP.US,D,20210726,000000,15.314,15.448,15.314,15.333,105929,0
OPP.US,D,20210727,000000,15.294,15.304,15.208,15.208,54704,0
OPP.US,D,20210728,000000,15.208,15.457,15.208,15.371,68913,0
OPP.US,D,20210729,000000,15.352,15.38,15.328,15.352,74963,0
OPP.US,D,20210730,000000,15.419,15.433,15.323,15.352,72457,0
OPP.US,D,20210802,000000,15.352,15.544,15.352,15.438,153621,0
OPP.US,D,20210803,000000,15.429,15.476,15.352,15.457,94032,0
OPP.US,D,20210804,000000,15.476,15.534,15.4,15.438,109330,0
OPP.US,D,20210805,000000,15.448,15.534,15.448,15.476,109941,0
OPP.US,D,20210806,000000,15.448,15.553,15.424,15.486,115236,0
OPP.US,D,20210809,000000,15.476,15.659,15.476,15.659,189476,0
OPP.US,D,20210810,000000,15.659,15.659,15.534,15.659,133492,0
OPP.US,D,20210811,000000,15.631,15.639,15.544,15.611,104170,0
OPP.US,D,20210812,000000,15.611,15.688,15.525,15.601,175191,0
OPP.US,D,20210813,000000,15.639,15.697,15.572,15.582,192376,0
OPP.US,D,20210816,000000,15.474,15.537,15.28,15.28,638118,0
OPP.US,D,20210817,000000,15.31,15.359,15.106,15.165,273347,0
OPP.US,D,20210818,000000,15.175,15.271,14.932,14.961,300363,0
OPP.US,D,20210819,000000,14.874,14.961,14.767,14.787,240383,0
OPP.US,D,20210820,000000,14.825,15.019,14.825,14.951,116860,0
OPP.US,D,20210823,000000,14.99,15.096,14.884,14.893,132161,0
OPP.US,D,20210824,000000,14.961,15.048,14.932,15.019,84922,0
OPP.US,D,20210825,000000,15.058,15.106,14.99,15.068,150061,0
OPP.US,D,20210826,000000,15.068,15.126,15.019,15.068,100176,0
OPP.US,D,20210827,000000,15.086,15.368,15.068,15.116,163266,0
OPP.US,D,20210830,000000,15.116,15.513,15.068,15.446,220142,0
OPP.US,D,20210831,000000,15.494,15.504,15.252,15.329,199875,0
OPP.US,D,20210901,000000,15.368,15.387,15.193,15.213,245390,0
OPP.US,D,20210902,000000,15.223,15.285,15.106,15.106,230938,0
OPP.US,D,20210903,000000,14.893,14.922,14.777,14.796,404025,0
OPP.US,D,20210907,000000,14.796,14.893,14.796,14.874,155625,0
OPP.US,D,20210908,000000,14.893,14.99,14.893,14.961,107103,0
OPP.US,D,20210909,000000,14.999,14.999,14.874,14.981,206199,0
OPP.US,D,20210910,000000,14.999,14.999,14.874,14.874,187330,0
OPP.US,D,20210913,000000,14.902,15.018,14.787,14.796,217681,0
OPP.US,D,20210914,000000,14.864,14.874,14.661,14.718,249292,0
OPP.US,D,20210915,000000,14.727,14.825,14.659,14.777,209851,0
OPP.US,D,20210916,000000,14.767,14.815,14.649,14.649,159150,0
OPP.US,D,20210917,000000,14.649,14.674,14.199,14.346,450103,0
OPP.US,D,20210920,000000,14.12,14.306,14.081,14.267,373144,0
OPP.US,D,20210921,000000,14.355,14.434,14.326,14.395,119701,0
OPP.US,D,20210922,000000,14.375,14.561,14.365,14.493,164782,0
OPP.US,D,20210923,000000,14.541,14.581,14.356,14.434,93522,0
OPP.US,D,20210924,000000,14.463,14.493,14.263,14.306,95153,0
OPP.US,D,20210927,000000,14.316,14.355,14.297,14.306,150714,0
OPP.US,D,20210928,000000,14.316,14.316,14.248,14.258,213781,0
OPP.US,D,20210929,000000,14.287,14.287,14.199,14.248,103762,0
OPP.US,D,20210930,000000,14.287,14.287,14.228,14.267,105893,0
OPP.US,D,20211001,000000,14.297,14.297,14.16,14.16,269565,0
OPP.US,D,20211004,000000,14.228,14.238,14.16,14.199,226992,0
OPP.US,D,20211005,000000,14.258,14.375,14.238,14.375,169816,0
OPP.US,D,20211006,000000,14.316,14.463,14.316,14.434,141080,0
OPP.US,D,20211007,000000,14.443,14.493,14.395,14.473,187017,0
OPP.US,D,20211008,000000,14.463,14.522,14.443,14.502,128656,0
OPP.US,D,20211011,000000,14.502,14.571,14.493,14.527,231941,0
OPP.US,D,20211012,000000,14.551,14.581,14.502,14.532,127330,0
OPP.US,D,20211013,000000,14.591,14.61,14.541,14.581,147076,0
OPP.US,D,20211014,000000,14.59,14.669,14.55,14.619,124735,0
OPP.US,D,20211015,000000,14.629,14.649,14.609,14.619,90404,0
OPP.US,D,20211018,000000,14.619,14.669,14.619,14.639,124572,0
OPP.US,D,20211019,000000,14.629,14.669,14.619,14.619,151507,0
OPP.US,D,20211020,000000,14.609,14.667,14.575,14.599,115771,0
OPP.US,D,20211021,000000,14.639,14.664,14.609,14.649,84228,0
OPP.US,D,20211022,000000,14.649,14.748,14.639,14.639,129682,0
OPP.US,D,20211025,000000,14.649,14.698,14.649,14.669,142428,0
OPP.US,D,20211026,000000,14.698,14.807,14.679,14.718,99775,0
OPP.US,D,20211027,000000,14.758,14.758,14.669,14.698,94096,0
OPP.US,D,20211028,000000,14.679,14.738,14.659,14.708,89322,0
OPP.US,D,20211029,000000,14.728,14.738,14.698,14.718,129696,0
OPP.US,D,20211101,000000,14.738,14.807,14.698,14.797,148725,0
OPP.US,D,20211102,000000,14.807,14.985,14.763,14.936,190042,0
OPP.US,D,20211103,000000,14.936,15.065,14.916,15.065,120509,0
OPP.US,D,20211104,000000,15.045,15.094,15.01,15.065,97804,0
OPP.US,D,20211105,000000,15.094,15.094,15.055,15.077,101770,0
OPP.US,D,20211108,000000,15.094,15.391,15.075,15.302,240932,0
OPP.US,D,20211109,000000,15.342,15.483,15.302,15.421,196077,0
OPP.US,D,20211110,000000,15.41,15.5,15.27,15.27,127844,0
OPP.US,D,20211111,000000,15.25,15.27,15.18,15.18,83472,0
OPP.US,D,20211112,000000,15.23,15.3393,15.225,15.27,70981,0
OPP.US,D,20211115,000000,15.34,15.5,15.25,15.45,193315,0
OPP.US,D,20211116,000000,15.4,15.4384,15.27,15.28,84155,0
OPP.US,D,20211117,000000,15.35,15.43,15.1,15.21,97786,0
OPP.US,D,20211118,000000,15.2,15.2,15.07,15.12,84907,0
OPP.US,D,20211119,000000,15.08,15.1799,14.91,15.03,130355,0
OPP.US,D,20211122,000000,15.01,15.1939,15,15.059,70014,0
OPP.US,D,20211123,000000,14.98,15.0499,14.92,14.97,58142,0
OPP.US,D,20211124,000000,15.01,15.19,14.92,14.96,63136,0
OPP.US,D,20211126,000000,14.95,14.95,14.758,14.9,108318,0
OPP.US,D,20211129,000000,15.25,15.25,14.91,15,129324,0
OPP.US,D,20211130,000000,15.05,15.23,14.9182,15,100113,0
OPP.US,D,20211201,000000,15,15.1,14.8,14.82,146749,0
OPP.US,D,20211202,000000,14.95,15.1,14.85,14.96,94232,0
OPP.US,D,20211203,000000,15.03,15.1824,14.73,14.8,141374,0
OPP.US,D,20211206,000000,14.85,15.13,14.61,14.92,104781,0
OPP.US,D,20211207,000000,15.05,15.3,14.9707,15.1,133773,0
OPP.US,D,20211208,000000,15.21,15.21,14.93,15.05,126590,0
OPP.US,D,20211209,000000,15.2,15.2,15.03,15.11,93500,0
OPP.US,D,20211210,000000,15.14,15.18,15.07,15.18,59073,0
OPP.US,D,20211213,000000,15.18,15.356,15.1101,15.2,120898,0
OPP.US,D,20211214,000000,15.15,15.27,15,15.25,99535,0
OPP.US,D,20211215,000000,15.11,15.1699,14.7,14.76,137516,0
OPP.US,D,20211216,000000,14.77,14.91,14.6,14.65,106101,0
OPP.US,D,20211217,000000,14.61,14.71,14.57,14.62,131418,0
OPP.US,D,20211220,000000,14.4,14.6,14.3,14.53,139900,0
OPP.US,D,20211221,000000,14.53,14.73,14.498,14.73,164581,0
OPP.US,D,20211222,000000,14.83,14.83,14.51,14.67,192236,0
OPP.US,D,20211223,000000,14.58,14.75,14.56,14.74,95710,0
OPP.US,D,20211227,000000,14.81,14.81,14.58,14.66,188793,0
OPP.US,D,20211228,000000,14.62,14.68,14.15,14.18,303470,0
OPP.US,D,20211229,000000,14.25,14.33,14.18,14.19,237901,0
OPP.US,D,20211230,000000,14.2,14.32,13.81,14.04,255803,0
OPP.US,D,20211231,000000,14.03,14.23,14,14.2,225787,0
OPP.US,D,20220103,000000,14.26,14.38,14.2,14.35,148974,0
OPP.US,D,20220104,000000,14.33,14.52,14.2804,14.49,151813,0
OPP.US,D,20220105,000000,14.57,14.67,14.43,14.45,99503,0
OPP.US,D,20220106,000000,14.46,14.6052,14.31,14.52,113958,0
OPP.US,D,20220107,000000,14.48,14.6399,14.48,14.58,84064,0
OPP.US,D,20220110,000000,14.58,14.62,14.4001,14.61,133570,0
OPP.US,D,20220111,000000,14.61,14.8305,14.61,14.77,196019,0
OPP.US,D,20220112,000000,14.79,14.81,14.675,14.73,101624,0
OPP.US,D,20220113,000000,14.54,14.59,14.42,14.43,121989,0
OPP.US,D,20220114,000000,14.49,14.5,14.16,14.21,215048,0
OPP.US,D,20220118,000000,14.2,14.225,14.05,14.09,160348,0
OPP.US,D,20220119,000000,14.11,14.1499,14,14.06,143894,0
OPP.US,D,20220120,000000,14.05,14.15,14.04,14.09,55275,0
OPP.US,D,20220121,000000,14.09,14.1,13.9,13.9,141826,0
