<TICKER>,<PER>,<DATE>,<TIME>,<OPEN>,<HIGH>,<LOW>,<CLOSE>,<VOL>,<OPENINT>
OSI-WS.US,D,20210707,000000,0.896,0.9,0.8,0.8,12200,0
OSI-WS.US,D,20210708,000000,0.8,0.8002,0.74,0.8,52569,0
OSI-WS.US,D,20210709,000000,0.8001,0.8001,0.8,0.8,8700,0
OSI-WS.US,D,20210712,000000,0.84805,0.84805,0.7949,0.7949,26478,0
OSI-WS.US,D,20210713,000000,0.8,0.8,0.7668,0.79,1421,0
OSI-WS.US,D,20210714,000000,0.8,0.8051,0.783399,0.7972,51729,0
OSI-WS.US,D,20210715,000000,0.7867,0.81,0.7668,0.8,2327,0
OSI-WS.US,D,20210716,000000,1.1,1.1,0.7667,0.8068,2400,0
OSI-WS.US,D,20210719,000000,0.78,0.78,0.78,0.78,100,0
OSI-WS.US,D,20210720,000000,0.7801,0.8201,0.7701,0.7701,3636,0
OSI-WS.US,D,20210721,000000,0.83,0.83,0.7751,0.7927,300,0
OSI-WS.US,D,20210722,000000,0.7901,0.7901,0.7059,0.7599,11105,0
OSI-WS.US,D,20210723,000000,0.8411,0.8411,0.6844,0.7644,4424,0
OSI-WS.US,D,20210726,000000,0.6425,0.79,0.6425,0.79,677,0
OSI-WS.US,D,20210727,000000,0.8,0.8,0.8,0.8,500,0
OSI-WS.US,D,20210728,000000,0.75,0.75,0.7102,0.711,7300,0
OSI-WS.US,D,20210729,000000,0.711,0.7111,0.711,0.7111,1011,0
OSI-WS.US,D,20210730,000000,0.7116,0.73,0.7101,0.73,3173,0
OSI-WS.US,D,20210802,000000,0.73,0.73,0.73,0.73,660,0
OSI-WS.US,D,20210803,000000,0.7101,0.7101,0.6801,0.6802,1870,0
OSI-WS.US,D,20210804,000000,0.7,0.7,0.68,0.6999,4099,0
OSI-WS.US,D,20210811,000000,0.62,0.6528,0.62,0.6527,3718,0
OSI-WS.US,D,20210818,000000,0.6101,0.6199,0.58,0.6199,4364,0
OSI-WS.US,D,20210820,000000,0.609999,0.61,0.601016,0.61,3549,0
OSI-WS.US,D,20210824,000000,0.5701,0.5701,0.5701,0.5701,570,0
OSI-WS.US,D,20210827,000000,0.81,0.85,0.5837,0.61,5400,0
OSI-WS.US,D,20210902,000000,0.592143,0.592143,0.56,0.56,839,0
OSI-WS.US,D,20210903,000000,0.6373,0.6373,0.5973,0.5973,305,0
OSI-WS.US,D,20210907,000000,0.6588,0.6688,0.56,0.56,1301,0
OSI-WS.US,D,20210908,000000,0.577666,0.58,0.4513,0.4999,127309,0
OSI-WS.US,D,20210909,000000,0.51,0.51,0.4703,0.4703,2650,0
OSI-WS.US,D,20210910,000000,0.490101,0.519999,0.47,0.48,19700,0
OSI-WS.US,D,20210914,000000,0.5,0.5,0.5,0.5,25600,0
OSI-WS.US,D,20210915,000000,0.5001,0.519999,0.498,0.519999,10050,0
OSI-WS.US,D,20210916,000000,0.51,0.51,0.503438,0.503438,600,0
OSI-WS.US,D,20210917,000000,0.4851,0.5198,0.4851,0.51,11505,0
OSI-WS.US,D,20210920,000000,0.5101,0.519899,0.51,0.51,41300,0
OSI-WS.US,D,20210921,000000,0.5199,0.530951,0.5,0.522,8101,0
OSI-WS.US,D,20210922,000000,0.52995,0.52995,0.52,0.522971,2783,0
OSI-WS.US,D,20210923,000000,0.53,0.531486,0.5001,0.5001,11705,0
OSI-WS.US,D,20210924,000000,0.5399,0.5421,0.5399,0.5421,10000,0
OSI-WS.US,D,20210927,000000,0.5,0.535903,0.499705,0.5359,60232,0
OSI-WS.US,D,20210929,000000,0.4851,0.4851,0.4831,0.4851,6159,0
OSI-WS.US,D,20210930,000000,0.485,0.491,0.4801,0.491,2518,0
OSI-WS.US,D,20211001,000000,0.53,0.53,0.4966,0.51,24010,0
OSI-WS.US,D,20211004,000000,0.52,0.5224,0.51995,0.52235,608,0
OSI-WS.US,D,20211005,000000,0.4849,0.5,0.4849,0.5,706,0
OSI-WS.US,D,20211007,000000,0.55,0.55,0.54,0.54495,3868,0
OSI-WS.US,D,20211008,000000,0.52235,0.54,0.48,0.4999,28056,0
OSI-WS.US,D,20211011,000000,0.5001,0.5001,0.5001,0.5001,400,0
OSI-WS.US,D,20211012,000000,0.51,0.51,0.51,0.51,100,0
OSI-WS.US,D,20211014,000000,0.517,0.517,0.487,0.487,2900,0
OSI-WS.US,D,20211018,000000,0.485,0.485,0.4849,0.485,7068,0
OSI-WS.US,D,20211022,000000,0.5199,0.54,0.5199,0.5397,9526,0
OSI-WS.US,D,20211026,000000,0.5399,0.5599,0.5399,0.5599,9635,0
OSI-WS.US,D,20211101,000000,0.4929,0.5229,0.4929,0.5229,2395,0
OSI-WS.US,D,20211103,000000,0.57,0.57,0.5401,0.5599,1100,0
OSI-WS.US,D,20211104,000000,0.57,0.57,0.57,0.57,300,0
OSI-WS.US,D,20211105,000000,0.56,0.5601,0.56,0.5601,660,0
OSI-WS.US,D,20211109,000000,0.58,0.62,0.5503,0.56,118559,0
OSI-WS.US,D,20211110,000000,0.6,0.6,0.55,0.55,6935,0
OSI-WS.US,D,20211112,000000,0.57545,0.57545,0.57545,0.57545,170,0
OSI-WS.US,D,20211115,000000,0.57,0.5902,0.5065,0.5695,94949,0
OSI-WS.US,D,20211116,000000,0.57,0.57,0.57,0.57,40000,0
OSI-WS.US,D,20211117,000000,0.5679,0.5909,0.5679,0.5839,3167,0
OSI-WS.US,D,20211119,000000,0.5801,0.5801,0.5801,0.5801,185,0
OSI-WS.US,D,20211123,000000,0.62,0.62,0.5662,0.5662,3185,0
OSI-WS.US,D,20211124,000000,0.5201,0.5201,0.5201,0.5201,100,0
OSI-WS.US,D,20211126,000000,0.5101,0.54,0.5101,0.529749,6397,0
OSI-WS.US,D,20211130,000000,0.5601,0.58,0.5601,0.58,950,0
OSI-WS.US,D,20211206,000000,0.5901,0.5901,0.5636,0.5636,2220,0
OSI-WS.US,D,20211207,000000,0.6,0.6256,0.599,0.62,25453,0
OSI-WS.US,D,20211210,000000,0.615921,0.615921,0.615921,0.615921,1010,0
OSI-WS.US,D,20211213,000000,0.61,0.61,0.61,0.61,1015,0
OSI-WS.US,D,20211214,000000,0.62,0.622469,0.61,0.61,5665,0
OSI-WS.US,D,20211215,000000,0.62,0.62,0.58,0.58,2725,0
OSI-WS.US,D,20211216,000000,0.5512,0.5512,0.5512,0.5512,1000,0
OSI-WS.US,D,20211223,000000,0.5601,0.5601,0.560001,0.560001,200,0
OSI-WS.US,D,20220105,000000,0.5686,0.568601,0.55,0.550199,600,0
OSI-WS.US,D,20220106,000000,0.51,0.51,0.51,0.51,150,0
OSI-WS.US,D,20220110,000000,0.51,0.5399,0.51,0.5249,3560,0
OSI-WS.US,D,20220111,000000,0.52,0.5201,0.52,0.5201,4000,0
OSI-WS.US,D,20220112,000000,0.54,0.54,0.52,0.52,4800,0
OSI-WS.US,D,20220113,000000,0.5,0.5075,0.49,0.5075,63315,0
OSI-WS.US,D,20220114,000000,0.4927,0.4927,0.4924,0.4924,3150,0
OSI-WS.US,D,20220119,000000,0.4924,0.4924,0.49,0.4921,2697,0
OSI-WS.US,D,20220121,000000,0.48,0.4969,0.48,0.49,39324,0
