<TICKER>,<PER>,<DATE>,<TIME>,<OPEN>,<HIGH>,<LOW>,<CLOSE>,<VOL>,<OPENINT>
PMT_C.US,D,20210827,000000,24.84,24.85,24.71,24.79,114568,0
PMT_C.US,D,20210830,000000,24.88,24.93,24.81,24.875,328595,0
PMT_C.US,D,20210831,000000,24.88,24.98,24.51,24.55,374571,0
PMT_C.US,D,20210901,000000,24.64,24.82,24.62,24.78,156144,0
PMT_C.US,D,20210902,000000,24.85,24.93,24.83,24.91,197746,0
PMT_C.US,D,20210903,000000,24.92,24.92,24.86,24.88,69303,0
PMT_C.US,D,20210907,000000,24.96,24.97,24.8228,24.87,131000,0
PMT_C.US,D,20210908,000000,24.94,24.94,24.84,24.88,61616,0
PMT_C.US,D,20210909,000000,24.93,24.93,24.78,24.8,145424,0
PMT_C.US,D,20210910,000000,24.86,24.88,24.81,24.85,129596,0
PMT_C.US,D,20210913,000000,24.94,24.95,24.79,24.86,97242,0
PMT_C.US,D,20210914,000000,24.88,24.9,24.79,24.87,71973,0
PMT_C.US,D,20210915,000000,24.87,24.97,24.814,24.95,97846,0
PMT_C.US,D,20210916,000000,24.95,24.99,24.9,24.95,101284,0
PMT_C.US,D,20210917,000000,24.99,24.99,24.96,24.99,122420,0
PMT_C.US,D,20210920,000000,24.94,24.99,24.89,24.99,95253,0
PMT_C.US,D,20210921,000000,24.99,25.05,24.9,24.99,116246,0
PMT_C.US,D,20210922,000000,24.99,25.05,24.99,25.02,113879,0
PMT_C.US,D,20210923,000000,25.01,25.1,24.88,25.05,169870,0
PMT_C.US,D,20210924,000000,25.1,25.1,24.96,25,66585,0
PMT_C.US,D,20210927,000000,25.06,25.06,24.96,25.01,82656,0
PMT_C.US,D,20210928,000000,25.01,25.05,24.94,25,101822,0
PMT_C.US,D,20210929,000000,25.04,25.1,24.9968,25.1,132161,0
PMT_C.US,D,20210930,000000,25.1,25.36,24.98,25.36,1100453,0
PMT_C.US,D,20211001,000000,25.4,25.4,25.12,25.2,39857,0
PMT_C.US,D,20211004,000000,25.18,26.2,25.1,25.19,37766,0
PMT_C.US,D,20211005,000000,25.15,25.19,24.9501,25.18,45118,0
PMT_C.US,D,20211006,000000,25.25,25.25,25.1,25.2,57867,0
PMT_C.US,D,20211007,000000,25.2,25.24,25.1164,25.24,20419,0
PMT_C.US,D,20211008,000000,25.24,25.25,25.16,25.25,35012,0
PMT_C.US,D,20211011,000000,25.25,25.3,25.229,25.3,18131,0
PMT_C.US,D,20211012,000000,25.3,25.3,25.235,25.25,29113,0
PMT_C.US,D,20211013,000000,25.25,25.3,25.2343,25.3,52438,0
PMT_C.US,D,20211014,000000,25.3,25.35,25.26,25.3,96152,0
PMT_C.US,D,20211015,000000,25.32,25.38,25.25,25.25,104422,0
PMT_C.US,D,20211018,000000,25.3104,25.34,25.16,25.32,22100,0
PMT_C.US,D,20211019,000000,25.37,25.37,25.1494,25.2021,30915,0
PMT_C.US,D,20211020,000000,25.22,25.36,25.2,25.272,35059,0
PMT_C.US,D,20211021,000000,25.29,25.3797,25.2174,25.32,33806,0
PMT_C.US,D,20211022,000000,25.38,25.38,25.21,25.22,30821,0
PMT_C.US,D,20211025,000000,25.3463,25.3463,25.2,25.275,20409,0
PMT_C.US,D,20211026,000000,25.3,25.3,25.258,25.28,25422,0
PMT_C.US,D,20211027,000000,25.36,25.36,25.25,25.3,14946,0
PMT_C.US,D,20211028,000000,25.24,25.3,25.22,25.27,19356,0
PMT_C.US,D,20211029,000000,25.3,25.4,25.26,25.4,32534,0
PMT_C.US,D,20211101,000000,25.4,25.4,25.25,25.3,39304,0
PMT_C.US,D,20211102,000000,25.3,25.45,25.3,25.3,30618,0
PMT_C.US,D,20211103,000000,25.38,25.49,25.29,25.48,27771,0
PMT_C.US,D,20211104,000000,25.49,25.49,25.25,25.25,49942,0
PMT_C.US,D,20211105,000000,25.22,25.45,25.09,25.29,47802,0
PMT_C.US,D,20211108,000000,25.35,25.35,25.2772,25.28,18349,0
PMT_C.US,D,20211109,000000,25.32,25.71,25.265,25.55,87598,0
PMT_C.US,D,20211110,000000,25.625,25.66,25.29,25.32,55406,0
PMT_C.US,D,20211111,000000,25.3,25.75,25.27,25.42,23613,0
PMT_C.US,D,20211112,000000,25.55,25.6,25.38,25.47,19734,0
PMT_C.US,D,20211115,000000,25.46,25.54,25.39,25.54,31663,0
PMT_C.US,D,20211116,000000,25.4361,25.6,25.4361,25.5,19698,0
PMT_C.US,D,20211117,000000,25.5,25.7,25.39,25.4,51900,0
PMT_C.US,D,20211118,000000,25.54,25.54,25.18,25.2,40971,0
PMT_C.US,D,20211119,000000,25.25,25.4,25.22,25.4,16843,0
PMT_C.US,D,20211122,000000,25.39,25.55,25.3055,25.55,33571,0
PMT_C.US,D,20211123,000000,25.49,25.49,25.35,25.35,23776,0
PMT_C.US,D,20211124,000000,25.43,25.46,25.22,25.43,29791,0
PMT_C.US,D,20211126,000000,25.45,25.45,25.2887,25.2887,2269,0
PMT_C.US,D,20211129,000000,25.45,25.47,25.29,25.47,60154,0
PMT_C.US,D,20211130,000000,25.06,25.235,24.88,25,51650,0
PMT_C.US,D,20211201,000000,25.02,25.2,25.0002,25.0002,55753,0
PMT_C.US,D,20211202,000000,25.2,25.2,25.09,25.1,27980,0
PMT_C.US,D,20211203,000000,25.14,25.2,25,25.2,41979,0
PMT_C.US,D,20211206,000000,25.38,25.38,25.09,25.2,38750,0
PMT_C.US,D,20211207,000000,25.25,25.25,24.9507,25.01,54136,0
PMT_C.US,D,20211208,000000,25.02,25.08,24.98,24.98,20054,0
PMT_C.US,D,20211209,000000,25.0382,25.0999,24.92,24.97,18022,0
PMT_C.US,D,20211210,000000,24.97,25.1,24.91,25.07,21718,0
PMT_C.US,D,20211213,000000,25.07,25.07,24.8906,25.07,15463,0
PMT_C.US,D,20211214,000000,25,25.0511,24.67,24.73,19070,0
PMT_C.US,D,20211215,000000,24.82,24.99,24.7679,24.94,34102,0
PMT_C.US,D,20211216,000000,24.94,25.16,24.9188,25.095,16673,0
PMT_C.US,D,20211217,000000,25.1,25.1,24.95,25.08,19232,0
PMT_C.US,D,20211220,000000,24.95,25,24.8,24.8,18612,0
PMT_C.US,D,20211221,000000,24.72,25,24.72,24.8322,49604,0
PMT_C.US,D,20211222,000000,24.97,25.1,24.81,25,73556,0
PMT_C.US,D,20211223,000000,25,25.198,24.89,24.91,26563,0
PMT_C.US,D,20211227,000000,25.08,25.21,24.99,25,22188,0
PMT_C.US,D,20211228,000000,25.18,25.18,24.775,24.84,80042,0
PMT_C.US,D,20211229,000000,24.94,24.98,24.84,24.84,17468,0
PMT_C.US,D,20211230,000000,24.95,24.9997,24.86,24.86,32446,0
PMT_C.US,D,20211231,000000,24.97,25.18,24.92,25.18,17345,0
PMT_C.US,D,20220103,000000,25.19,25.21,25.0618,25.07,24711,0
PMT_C.US,D,20220104,000000,25.07,25.2087,24.915,24.97,37327,0
PMT_C.US,D,20220105,000000,24.97,25.0728,24.68,24.68,35369,0
PMT_C.US,D,20220106,000000,24.72,25.08,24.7,25,17496,0
PMT_C.US,D,20220107,000000,24.97,25.08,24.8546,25.01,20108,0
PMT_C.US,D,20220110,000000,24.97,25.025,24.868,24.9,18918,0
PMT_C.US,D,20220111,000000,24.95,25.0589,24.9,24.97,27448,0
PMT_C.US,D,20220112,000000,24.96,25.0207,24.87,24.95,15664,0
PMT_C.US,D,20220113,000000,25.04,25.13,25,25.09,43101,0
PMT_C.US,D,20220114,000000,25.094,25.15,25.04,25.15,16835,0
PMT_C.US,D,20220118,000000,25.13,25.1379,24.97,25.01,39560,0
PMT_C.US,D,20220119,000000,24.99,25.1,24.99,25.05,12036,0
PMT_C.US,D,20220120,000000,25.05,25.16,25.05,25.16,32722,0
PMT_C.US,D,20220121,000000,25.06,25.1433,25.05,25.06,10637,0
