<TICKER>,<PER>,<DATE>,<TIME>,<OPEN>,<HIGH>,<LOW>,<CLOSE>,<VOL>,<OPENINT>
PRIF_H.US,D,20210512,000000,24.86,25,24.7,24.7,27958,0
PRIF_H.US,D,20210513,000000,24.8,24.85,24.632,24.7,19832,0
PRIF_H.US,D,20210514,000000,24.65,24.74,24.62,24.7,24266,0
PRIF_H.US,D,20210517,000000,24.84,24.84,24.73,24.78,18609,0
PRIF_H.US,D,20210518,000000,24.7999,24.88,24.77,24.81,26984,0
PRIF_H.US,D,20210519,000000,24.8995,24.8995,24.76,24.76,20500,0
PRIF_H.US,D,20210520,000000,24.85,24.9,24.8067,24.9,19250,0
PRIF_H.US,D,20210521,000000,24.9,25,24.85,24.99,10293,0
PRIF_H.US,D,20210524,000000,24.98,25.1,24.94,25.05,105451,0
PRIF_H.US,D,20210525,000000,25.044,25.044,24.955,25.03,17682,0
PRIF_H.US,D,20210526,000000,25.15,25.15,24.9,25.0199,9513,0
PRIF_H.US,D,20210527,000000,25.05,25.055,24.9787,25.02,11883,0
PRIF_H.US,D,20210528,000000,25.15,25.15,24.99,25,13959,0
PRIF_H.US,D,20210601,000000,25.03,25.08,25.025,25.05,9993,0
PRIF_H.US,D,20210602,000000,25.08,25.08,25,25,26567,0
PRIF_H.US,D,20210603,000000,25.08,25.08,25.01,25.059,12194,0
PRIF_H.US,D,20210604,000000,25.08,25.35,25.0797,25.35,24449,0
PRIF_H.US,D,20210607,000000,25.2,25.2,25.08,25.1277,17745,0
PRIF_H.US,D,20210608,000000,25.2,25.35,25.08,25.3,10636,0
PRIF_H.US,D,20210609,000000,25.24,25.45,25.217,25.395,10377,0
PRIF_H.US,D,20210610,000000,25.45,25.54,25.385,25.5,7590,0
PRIF_H.US,D,20210611,000000,25.39,25.53,25.39,25.52,8944,0
PRIF_H.US,D,20210614,000000,25.4101,25.5,25.4101,25.5,4120,0
PRIF_H.US,D,20210615,000000,25.4,25.4999,25.4,25.45,6702,0
PRIF_H.US,D,20210616,000000,25.5073,25.5073,25.45,25.45,4364,0
PRIF_H.US,D,20210617,000000,25.4999,25.4999,25.4,25.4,9026,0
PRIF_H.US,D,20210618,000000,25.4,25.48,25.18,25.295,13458,0
PRIF_H.US,D,20210621,000000,25.5,25.5,25.39,25.48,6829,0
PRIF_H.US,D,20210622,000000,25.402,25.5,25.402,25.5,3703,0
PRIF_H.US,D,20210623,000000,25.35,25.55,25.35,25.5,18367,0
PRIF_H.US,D,20210624,000000,25.55,25.55,25.55,25.55,171,0
PRIF_H.US,D,20210625,000000,25.49,25.49,25.4207,25.49,2739,0
PRIF_H.US,D,20210628,000000,25.45,25.45,25.3,25.4,5702,0
PRIF_H.US,D,20210629,000000,25.39,25.46,25.39,25.46,990,0
PRIF_H.US,D,20210630,000000,25.55,25.55,25.55,25.55,470,0
PRIF_H.US,D,20210702,000000,25.35,25.5,25.3401,25.5,2816,0
PRIF_H.US,D,20210706,000000,25.45,25.5279,25.45,25.5279,1395,0
PRIF_H.US,D,20210707,000000,25.4999,25.4999,25.4999,25.4999,420,0
PRIF_H.US,D,20210708,000000,25.45,25.53,25.45,25.477,6300,0
PRIF_H.US,D,20210709,000000,25.4501,25.465,25.45,25.45,1799,0
PRIF_H.US,D,20210712,000000,25.5001,25.55,25.5,25.501,5701,0
PRIF_H.US,D,20210713,000000,25.4924,25.4999,25.4924,25.4999,650,0
PRIF_H.US,D,20210714,000000,25.49,25.49,25.4,25.4,2700,0
PRIF_H.US,D,20210715,000000,25.5399,25.5399,25.11,25.33,2102,0
PRIF_H.US,D,20210716,000000,25.36,25.36,25.33,25.33,1707,0
PRIF_H.US,D,20210719,000000,25.25,25.35,25.25,25.33,3373,0
PRIF_H.US,D,20210720,000000,25.33,25.35,25.33,25.3348,1296,0
PRIF_H.US,D,20210721,000000,25.3361,25.35,25.2999,25.3,4030,0
PRIF_H.US,D,20210722,000000,25.301,25.35,25.29,25.35,1700,0
PRIF_H.US,D,20210723,000000,25.28,25.28,25.2104,25.2495,5300,0
PRIF_H.US,D,20210726,000000,25.3,25.35,25.3,25.3,1501,0
PRIF_H.US,D,20210727,000000,25.277,25.277,25.25,25.25,1209,0
PRIF_H.US,D,20210728,000000,25.21,25.25,25.21,25.25,3935,0
PRIF_H.US,D,20210729,000000,25.245,25.275,25.245,25.275,1104,0
PRIF_H.US,D,20210802,000000,25.28,25.3499,25.23,25.3499,2581,0
PRIF_H.US,D,20210803,000000,25.54,25.55,25.54,25.55,600,0
PRIF_H.US,D,20210805,000000,25.25,25.35,25.2499,25.32,30096,0
PRIF_H.US,D,20210806,000000,25.3395,25.3395,25.3,25.3,5472,0
PRIF_H.US,D,20210809,000000,25.3,25.3,25.25,25.25,8344,0
PRIF_H.US,D,20210810,000000,25.29,25.3,25.1814,25.23,15740,0
PRIF_H.US,D,20210811,000000,25.2861,25.2861,25.23,25.28,1394,0
PRIF_H.US,D,20210812,000000,25.3,25.48,25.26,25.48,8011,0
PRIF_H.US,D,20210813,000000,25.48,25.48,25.4699,25.48,2914,0
PRIF_H.US,D,20210816,000000,25.26,25.32,25.2,25.26,6086,0
PRIF_H.US,D,20210817,000000,25.28,25.28,25.18,25.25,13494,0
PRIF_H.US,D,20210818,000000,25.2,25.21,25.07,25.14,9667,0
PRIF_H.US,D,20210819,000000,25.08,25.08,25.02,25.04,4764,0
PRIF_H.US,D,20210820,000000,25.1404,25.39,25.04,25.28,4467,0
PRIF_H.US,D,20210823,000000,25.19,25.44,25.19,25.44,702,0
PRIF_H.US,D,20210824,000000,25.25,25.25,25.2,25.2,11009,0
PRIF_H.US,D,20210825,000000,25.18,25.2,25.08,25.13,21835,0
PRIF_H.US,D,20210826,000000,25.1,25.202,24.6,24.98,4452,0
PRIF_H.US,D,20210827,000000,25.12,25.18,25.12,25.14,500,0
PRIF_H.US,D,20210830,000000,25.16,25.16,25.02,25.02,7367,0
PRIF_H.US,D,20210831,000000,25.08,25.08,25.03,25.04,4673,0
PRIF_H.US,D,20210901,000000,25.075,25.1687,24.99,25.16,18318,0
PRIF_H.US,D,20210902,000000,25.15,25.17,25.06,25.0875,9939,0
PRIF_H.US,D,20210903,000000,25.08,25.1699,25.04,25.04,13466,0
PRIF_H.US,D,20210907,000000,25.05,25.1599,24.95,25.15,41770,0
PRIF_H.US,D,20210908,000000,25.1699,25.17,25.1699,25.17,1210,0
PRIF_H.US,D,20210909,000000,25.25,25.25,25.15,25.24,5738,0
PRIF_H.US,D,20210910,000000,25.17,25.35,25.17,25.32,73554,0
PRIF_H.US,D,20210913,000000,25.27,25.38,25.27,25.38,6471,0
PRIF_H.US,D,20210914,000000,25,25,24.86,24.93,13313,0
PRIF_H.US,D,20210915,000000,24.92,24.95,24.85,24.9097,16858,0
PRIF_H.US,D,20210916,000000,24.89,25.02,24.89,25.02,5606,0
PRIF_H.US,D,20210917,000000,24.95,25,24.95,25,2685,0
PRIF_H.US,D,20210920,000000,24.93,25,24.77,25,6558,0
PRIF_H.US,D,20210921,000000,24.91,24.97,24.8439,24.97,5125,0
PRIF_H.US,D,20210922,000000,24.9543,25.03,24.945,25,4929,0
PRIF_H.US,D,20210923,000000,25,25.06,24.9466,25,3863,0
PRIF_H.US,D,20210924,000000,24.95,24.98,24.94,24.98,4726,0
PRIF_H.US,D,20210927,000000,24.945,24.96,24.86,24.95,5832,0
PRIF_H.US,D,20210928,000000,24.95,24.95,24.83,24.9498,4007,0
PRIF_H.US,D,20210929,000000,24.96,25.1,24.96,25.09,6171,0
PRIF_H.US,D,20210930,000000,25.1,25.29,25.0402,25.29,6299,0
PRIF_H.US,D,20211001,000000,25.27,25.27,25.27,25.27,381,0
PRIF_H.US,D,20211004,000000,25.27,25.27,25.035,25.11,1203,0
PRIF_H.US,D,20211005,000000,25.135,25.19,24.91,25.19,5301,0
PRIF_H.US,D,20211006,000000,25.2,25.205,25.18,25.18,698,0
PRIF_H.US,D,20211007,000000,25.15,25.28,25.1285,25.28,1315,0
PRIF_H.US,D,20211008,000000,25.19,25.37,25.19,25.2609,2052,0
PRIF_H.US,D,20211011,000000,25.11,25.29,25.11,25.29,300,0
PRIF_H.US,D,20211012,000000,25.29,25.4,25.1501,25.32,5303,0
PRIF_H.US,D,20211013,000000,25.38,25.39,25.14,25.181,1695,0
PRIF_H.US,D,20211014,000000,25.34,25.4,25.19,25.27,3202,0
PRIF_H.US,D,20211015,000000,25.45,25.465,25.315,25.44,2121,0
PRIF_H.US,D,20211018,000000,25.265,25.48,25.265,25.41,1054,0
PRIF_H.US,D,20211019,000000,25.1556,25.4777,25.1556,25.4777,3235,0
PRIF_H.US,D,20211020,000000,25.315,25.42,25.252,25.4,2184,0
PRIF_H.US,D,20211021,000000,25.45,25.45,25.448,25.448,700,0
PRIF_H.US,D,20211022,000000,25.45,25.5,25.4,25.5,1610,0
PRIF_H.US,D,20211025,000000,25.5,25.5,25.2,25.2,713,0
PRIF_H.US,D,20211026,000000,25.45,25.45,25.45,25.45,486,0
PRIF_H.US,D,20211028,000000,25.5,25.5,25.19,25.25,5224,0
PRIF_H.US,D,20211029,000000,25.48,25.48,25.4,25.4,825,0
PRIF_H.US,D,20211101,000000,25.45,25.48,25.45,25.46,1069,0
PRIF_H.US,D,20211103,000000,25.42,25.42,25.42,25.42,140,0
PRIF_H.US,D,20211104,000000,25.15,25.26,25.15,25.26,5800,0
PRIF_H.US,D,20211108,000000,25.34,25.34,25.27,25.27,350,0
PRIF_H.US,D,20211109,000000,25.27,25.5,25.27,25.5,700,0
PRIF_H.US,D,20211111,000000,25.3543,25.48,25.27,25.46,1710,0
PRIF_H.US,D,20211112,000000,25.385,25.385,25.27,25.27,1355,0
PRIF_H.US,D,20211117,000000,25.29,25.29,25.27,25.27,1341,0
PRIF_H.US,D,20211118,000000,25.33,25.33,25.27,25.33,825,0
PRIF_H.US,D,20211119,000000,25.27,25.3294,24,25.3294,7491,0
PRIF_H.US,D,20211122,000000,25.31,25.35,25.31,25.35,700,0
PRIF_H.US,D,20211123,000000,25.1978,25.1978,25.1978,25.1978,1502,0
PRIF_H.US,D,20211124,000000,25,25.13,24.987,24.987,1125,0
PRIF_H.US,D,20211126,000000,24.96,24.96,24.96,24.96,100,0
PRIF_H.US,D,20211129,000000,25.05,25.05,25,25.0431,1122,0
PRIF_H.US,D,20211130,000000,24.95,25.2471,24.95,25.2471,300,0
PRIF_H.US,D,20211201,000000,25,25.1885,24.93,25,5527,0
PRIF_H.US,D,20211202,000000,25.015,25.05,25.015,25.05,1106,0
PRIF_H.US,D,20211203,000000,24.97,25.03,24.97,25.03,2999,0
PRIF_H.US,D,20211206,000000,24.96,25.2484,24.96,25.2484,700,0
PRIF_H.US,D,20211207,000000,25.12,25.2376,25.12,25.2376,301,0
PRIF_H.US,D,20211208,000000,25.14,25.25,25.14,25.22,1751,0
PRIF_H.US,D,20211209,000000,25.2486,25.2905,25.2486,25.2905,600,0
PRIF_H.US,D,20211214,000000,25.14,25.14,24.9,25.05,1538,0
PRIF_H.US,D,20211215,000000,25.06,25.06,25.06,25.06,141,0
PRIF_H.US,D,20211216,000000,25.1,25.1,25.085,25.085,512,0
PRIF_H.US,D,20211217,000000,25.09,25.09,25.0892,25.09,2548,0
PRIF_H.US,D,20211220,000000,25,25.08,24.8801,25,4370,0
PRIF_H.US,D,20211221,000000,25.0977,25.12,25.0977,25.12,375,0
PRIF_H.US,D,20211222,000000,25.05,25.15,25.05,25.15,300,0
PRIF_H.US,D,20211223,000000,25.15,25.1505,25.0101,25.15,2285,0
PRIF_H.US,D,20211227,000000,25.15,25.15,25.15,25.15,200,0
PRIF_H.US,D,20211228,000000,25.09,25.09,25.09,25.09,200,0
PRIF_H.US,D,20211229,000000,25.17,25.24,25.15,25.15,1495,0
PRIF_H.US,D,20211230,000000,25.1488,25.15,25.1488,25.15,819,0
PRIF_H.US,D,20220103,000000,25.24,25.4,25.2,25.35,4750,0
PRIF_H.US,D,20220105,000000,25.27,25.4,25.27,25.4,978,0
PRIF_H.US,D,20220106,000000,25.3,25.3,25.2999,25.3,497,0
PRIF_H.US,D,20220107,000000,25.3,25.3,25.3,25.3,204,0
PRIF_H.US,D,20220110,000000,25.3,25.3499,25.15,25.3499,3812,0
PRIF_H.US,D,20220112,000000,25.25,25.35,25.25,25.349,400,0
PRIF_H.US,D,20220113,000000,25.16,25.16,25.16,25.16,100,0
PRIF_H.US,D,20220114,000000,25.25,25.35,25.25,25.35,900,0
PRIF_H.US,D,20220119,000000,25.35,25.35,25.35,25.35,5039,0
PRIF_H.US,D,20220120,000000,25.32,25.38,25.2288,25.35,500,0
