<TICKER>,<PER>,<DATE>,<TIME>,<OPEN>,<HIGH>,<LOW>,<CLOSE>,<VOL>,<OPENINT>
PRT.US,D,20180502,000000,12.08,12.602,11.703,11.703,4389887,0
PRT.US,D,20180503,000000,11.767,11.822,11.158,11.327,850191,0
PRT.US,D,20180504,000000,11.334,12.006,11.327,11.719,275349,0
PRT.US,D,20180507,000000,11.901,12.162,11.803,11.917,277227,0
PRT.US,D,20180508,000000,11.877,11.959,11.711,11.816,117667,0
PRT.US,D,20180509,000000,11.917,12.074,11.598,11.759,214783,0
PRT.US,D,20180510,000000,11.773,11.782,11.606,11.661,202252,0
PRT.US,D,20180511,000000,11.846,11.925,11.593,11.636,230898,0
PRT.US,D,20180514,000000,11.517,11.893,11.468,11.668,211684,0
PRT.US,D,20180515,000000,11.726,11.961,11.573,11.808,123126,0
PRT.US,D,20180516,000000,11.932,11.961,11.782,11.893,102830,0
PRT.US,D,20180517,000000,11.83,12.074,11.782,11.932,176092,0
PRT.US,D,20180518,000000,12.006,12.019,11.782,11.877,90177,0
PRT.US,D,20180521,000000,12.006,12.218,11.782,12.052,109895,0
PRT.US,D,20180522,000000,11.968,12.17,11.908,11.961,105995,0
PRT.US,D,20180523,000000,11.982,12.195,11.968,12.013,133086,0
PRT.US,D,20180524,000000,12.013,12.08,11.83,11.939,85571,0
PRT.US,D,20180525,000000,11.893,11.982,11.759,11.782,77881,0
PRT.US,D,20180529,000000,11.846,12.346,11.81,12.255,458845,0
PRT.US,D,20180530,000000,12.328,12.467,12.015,12.123,338094,0
PRT.US,D,20180531,000000,12.357,12.436,12.131,12.343,191694,0
PRT.US,D,20180601,000000,12.328,12.399,12.167,12.182,187632,0
PRT.US,D,20180604,000000,12.275,12.391,12.015,12.298,264086,0
PRT.US,D,20180605,000000,12.306,12.351,12.207,12.207,161700,0
PRT.US,D,20180606,000000,12.244,12.32,12.175,12.234,97060,0
PRT.US,D,20180607,000000,12.32,12.32,12.131,12.147,156538,0
PRT.US,D,20180608,000000,12.207,12.357,12.147,12.298,43556,0
PRT.US,D,20180611,000000,12.418,12.418,12.131,12.32,124142,0
PRT.US,D,20180612,000000,12.328,12.399,12.268,12.399,50982,0
PRT.US,D,20180613,000000,12.365,12.393,12.268,12.275,63045,0
PRT.US,D,20180614,000000,12.357,12.392,12.269,12.284,42098,0
PRT.US,D,20180615,000000,12.336,12.384,12.275,12.284,32553,0
PRT.US,D,20180618,000000,12.357,12.424,12.284,12.335,37865,0
PRT.US,D,20180619,000000,12.1,12.244,11.696,11.918,339521,0
PRT.US,D,20180620,000000,11.94,12.092,11.822,11.991,119756,0
PRT.US,D,20180621,000000,12.015,12.191,11.926,12.131,71387,0
PRT.US,D,20180622,000000,12.2,12.399,12.054,12.351,44505,0
PRT.US,D,20180625,000000,12.418,12.418,12.054,12.147,38912,0
PRT.US,D,20180626,000000,12.284,12.458,12.214,12.351,45288,0
PRT.US,D,20180627,000000,12.32,12.403,12.214,12.244,80285,0
PRT.US,D,20180628,000000,12.223,12.362,12.209,12.316,34092,0
PRT.US,D,20180629,000000,12.37,12.547,12.339,12.464,53034,0
PRT.US,D,20180702,000000,12.448,12.514,12.348,12.514,39416,0
PRT.US,D,20180703,000000,12.587,12.587,12.413,12.507,28100,0
PRT.US,D,20180705,000000,12.554,12.554,12.455,12.514,27655,0
PRT.US,D,20180706,000000,12.562,12.562,12.422,12.514,27906,0
PRT.US,D,20180709,000000,12.587,12.587,12.38,12.38,57473,0
PRT.US,D,20180710,000000,12.316,12.507,12.294,12.309,48578,0
PRT.US,D,20180711,000000,12.331,12.362,12.294,12.294,30645,0
PRT.US,D,20180712,000000,12.331,12.363,12.255,12.339,30831,0
PRT.US,D,20180713,000000,12.339,12.355,12.294,12.323,23110,0
PRT.US,D,20180716,000000,12.339,12.388,12.102,12.116,47121,0
PRT.US,D,20180717,000000,12.142,12.253,12.142,12.16,31637,0
PRT.US,D,20180718,000000,12.177,12.261,12.153,12.217,21419,0
PRT.US,D,20180719,000000,12.223,12.223,11.992,12.056,123513,0
PRT.US,D,20180720,000000,12.142,12.177,12.044,12.177,68974,0
PRT.US,D,20180723,000000,12.294,12.294,12,12.287,76485,0
PRT.US,D,20180724,000000,12.323,12.395,12.217,12.294,24003,0
PRT.US,D,20180725,000000,12.395,12.478,12.38,12.405,58139,0
PRT.US,D,20180726,000000,12.487,12.487,12.37,12.487,61085,0
PRT.US,D,20180727,000000,12.413,12.453,12.37,12.448,17875,0
PRT.US,D,20180730,000000,12.471,12.471,12.354,12.455,58178,0
PRT.US,D,20180731,000000,12.316,12.422,12.2,12.236,54995,0
PRT.US,D,20180801,000000,12.215,12.236,12.139,12.139,76590,0
PRT.US,D,20180802,000000,12.123,12.123,11.967,12.028,160394,0
PRT.US,D,20180803,000000,11.967,12.122,11.93,12.005,83551,0
PRT.US,D,20180806,000000,12.106,12.394,12.082,12.277,89943,0
PRT.US,D,20180807,000000,12.207,12.309,11.834,12.215,183638,0
PRT.US,D,20180808,000000,12.106,12.159,11.914,11.914,92649,0
PRT.US,D,20180809,000000,12.053,12.114,11.888,12.106,62144,0
PRT.US,D,20180810,000000,12.106,12.106,11.888,11.982,61389,0
PRT.US,D,20180813,000000,11.982,12.082,11.93,11.93,42383,0
PRT.US,D,20180814,000000,12.147,12.236,12.01,12.228,48937,0
PRT.US,D,20180815,000000,12.253,12.253,12.013,12.045,51284,0
PRT.US,D,20180816,000000,12.123,12.148,12.02,12.064,15880,0
PRT.US,D,20180817,000000,12.045,12.236,12.045,12.147,17503,0
PRT.US,D,20180820,000000,12.045,12.151,12.045,12.053,59723,0
PRT.US,D,20180821,000000,12.067,12.135,10.852,11.099,296983,0
PRT.US,D,20180822,000000,11.169,11.403,11.055,11.371,112071,0
PRT.US,D,20180823,000000,11.04,11.226,9.97,10.837,462574,0
PRT.US,D,20180824,000000,10.837,10.837,10.224,10.418,205207,0
PRT.US,D,20180827,000000,10.418,11.378,10.418,11.378,160178,0
PRT.US,D,20180828,000000,11.386,11.459,11.138,11.269,104912,0
PRT.US,D,20180829,000000,11.34,11.363,11.04,11.06,40501,0
PRT.US,D,20180830,000000,11.053,11.068,10.836,10.913,54694,0
PRT.US,D,20180831,000000,10.99,10.99,10.616,10.694,45277,0
PRT.US,D,20180904,000000,10.701,10.967,10.6,10.607,90910,0
PRT.US,D,20180905,000000,10.6,10.766,10.147,10.257,139322,0
PRT.US,D,20180906,000000,10.375,10.429,10.147,10.297,57127,0
PRT.US,D,20180907,000000,10.213,10.405,10.134,10.155,53381,0
PRT.US,D,20180910,000000,10.134,10.3,9.742,9.821,129504,0
PRT.US,D,20180911,000000,9.807,9.807,9.2745,9.3542,220165,0
PRT.US,D,20180912,000000,9.4054,9.632,9.2745,9.3223,132904,0
PRT.US,D,20180913,000000,9.3223,9.625,9.1586,9.3778,140557,0
PRT.US,D,20180914,000000,9.3778,9.616,9.3125,9.3542,74480,0
PRT.US,D,20180917,000000,9.4004,9.4386,9.3125,9.4132,38513,0
PRT.US,D,20180918,000000,9.4299,10.167,9.4299,10.094,112987,0
PRT.US,D,20180919,000000,10.213,10.367,9.93,9.979,142444,0
PRT.US,D,20180920,000000,10.064,10.196,9.988,10.11,39068,0
PRT.US,D,20180921,000000,10.134,10.295,10.134,10.14,38800,0
PRT.US,D,20180924,000000,10.25,10.25,10.134,10.22,76719,0
PRT.US,D,20180925,000000,10.162,10.162,9.938,10.064,96700,0
PRT.US,D,20180926,000000,10.126,10.134,9.914,9.954,58540,0
PRT.US,D,20180927,000000,9.946,10.132,9.813,9.827,75418,0
PRT.US,D,20180928,000000,9.844,9.854,9.606,9.647,107508,0
PRT.US,D,20181001,000000,9.656,9.809,9.3709,9.3709,105836,0
PRT.US,D,20181002,000000,9.739,9.999,9.647,9.899,181268,0
PRT.US,D,20181003,000000,10.073,10.073,9.844,10.065,217395,0
PRT.US,D,20181004,000000,9.992,10.006,9.749,9.813,104375,0
PRT.US,D,20181005,000000,9.844,9.899,9.724,9.724,114107,0
PRT.US,D,20181008,000000,9.805,10.133,9.686,9.692,133691,0
PRT.US,D,20181009,000000,9.724,10.073,9.672,9.813,135018,0
PRT.US,D,20181010,000000,9.844,9.964,9.724,9.724,60894,0
PRT.US,D,20181011,000000,9.782,9.844,9.512,9.559,144094,0
PRT.US,D,20181012,000000,9.708,9.805,9.3008,9.4083,142826,0
PRT.US,D,20181015,000000,9.575,9.575,9.3798,9.3946,103091,0
PRT.US,D,20181016,000000,9.4982,9.606,9.4496,9.4496,80620,0
PRT.US,D,20181017,000000,9.4932,9.4932,9.3709,9.4833,47739,0
PRT.US,D,20181018,000000,9.529,9.529,9.4327,9.4664,61118,0
PRT.US,D,20181019,000000,9.3242,9.4754,9.2608,9.4162,132853,0
PRT.US,D,20181022,000000,9.425,9.504,9.3483,9.3483,115331,0
PRT.US,D,20181023,000000,9.2755,9.4575,9.2524,9.2524,44502,0
PRT.US,D,20181024,000000,9.3076,9.538,9.3076,9.4083,70146,0
PRT.US,D,20181025,000000,9.3709,9.835,9.3709,9.739,68662,0
PRT.US,D,20181026,000000,9.672,10.12,9.4754,9.999,58647,0
PRT.US,D,20181029,000000,9.999,10.149,9.899,9.954,86853,0
PRT.US,D,20181030,000000,9.946,10.114,9.87,9.898,43939,0
PRT.US,D,20181031,000000,9.898,10.074,9.898,9.979,36228,0
PRT.US,D,20181101,000000,10.009,10.071,9.938,10.049,34993,0
PRT.US,D,20181102,000000,10.017,10.017,9.85,10,29547,0
PRT.US,D,20181105,000000,10.017,10.049,9.964,10.049,31420,0
PRT.US,D,20181106,000000,10,10.033,9.979,10.017,21563,0
PRT.US,D,20181107,000000,10.175,10.175,9.938,10.057,32879,0
PRT.US,D,20181108,000000,10.017,10.017,9.913,9.979,30995,0
PRT.US,D,20181109,000000,9.979,10.017,9.938,10.017,30151,0
PRT.US,D,20181112,000000,10.017,10.017,9.858,10,38289,0
PRT.US,D,20181113,000000,10.017,10.017,9.866,9.938,101826,0
PRT.US,D,20181114,000000,9.866,9.928,9.4201,9.4201,45574,0
PRT.US,D,20181115,000000,9.58,9.684,9.4992,9.524,37564,0
PRT.US,D,20181116,000000,9.524,9.636,9.524,9.539,13144,0
PRT.US,D,20181119,000000,8.9674,9.0399,7.4095,8.4423,384003,0
PRT.US,D,20181120,000000,8.4113,8.6583,7.9504,7.9745,167213,0
PRT.US,D,20181121,000000,7.9745,8.7387,7.9745,8.5553,72123,0
PRT.US,D,20181123,000000,8.5472,8.6348,8.4574,8.5645,18927,0
PRT.US,D,20181126,000000,8.5149,8.7387,8.1176,8.3875,139569,0
PRT.US,D,20181127,000000,8.3875,8.5553,8.1737,8.5553,51574,0
PRT.US,D,20181128,000000,8.5869,8.5869,8.0605,8.0605,62175,0
PRT.US,D,20181129,000000,8.1254,8.1501,8.0013,8.1501,40902,0
PRT.US,D,20181130,000000,8.1501,8.1745,7.9246,7.9653,91940,0
PRT.US,D,20181203,000000,8.0293,8.0776,7.7817,7.8767,68353,0
PRT.US,D,20181204,000000,7.7817,7.958,7.5328,7.5328,49804,0
PRT.US,D,20181206,000000,7.5571,7.5571,7.0846,7.205,107051,0
PRT.US,D,20181207,000000,7.3006,7.5891,7.3006,7.4371,36522,0
PRT.US,D,20181210,000000,7.3329,7.3329,6.6284,6.8047,114477,0
PRT.US,D,20181211,000000,6.8047,7.1168,6.7243,6.7486,46385,0
PRT.US,D,20181212,000000,6.8047,6.9595,6.5445,6.7967,69537,0
PRT.US,D,20181213,000000,6.7166,6.7166,6.1963,6.4202,134607,0
PRT.US,D,20181214,000000,6.2921,6.3725,6.1241,6.1241,93811,0
PRT.US,D,20181217,000000,6.1403,6.2016,5.8519,5.9719,105930,0
PRT.US,D,20181218,000000,6.0362,6.1359,5.612,5.6197,163119,0
PRT.US,D,20181219,000000,5.6197,5.7415,5.2597,5.3157,257839,0
PRT.US,D,20181220,000000,5.4437,5.6038,4.827,5.0674,337403,0
PRT.US,D,20181221,000000,5.0913,5.125,4.6673,4.7474,386659,0
PRT.US,D,20181224,000000,4.6673,5.0529,4.363,4.8515,307167,0
PRT.US,D,20181226,000000,4.8433,5.2917,4.7474,5.2036,522216,0
PRT.US,D,20181227,000000,5.0996,5.1558,4.6432,4.7474,233976,0
PRT.US,D,20181228,000000,4.8695,5.0979,4.7474,4.8613,330927,0
PRT.US,D,20181231,000000,4.9023,4.9594,4.4863,4.8288,461628,0
PRT.US,D,20190102,000000,4.9023,6.3215,4.8861,6.1013,172241,0
PRT.US,D,20190103,000000,6.1176,6.9821,6.1176,6.8843,373098,0
PRT.US,D,20190104,000000,6.9742,7.5451,6.963,7.4308,250306,0
PRT.US,D,20190107,000000,7.871,8.5069,7.749,7.9948,554674,0
PRT.US,D,20190108,000000,8.2785,8.2785,8.0021,8.2459,210791,0
PRT.US,D,20190109,000000,8.3767,8.5158,8.2961,8.5158,180085,0
PRT.US,D,20190110,000000,8.5158,8.5158,8.2287,8.2961,99874,0
PRT.US,D,20190111,000000,8.2785,8.2785,7.7578,8.0345,226657,0
PRT.US,D,20190114,000000,8.0496,8.116,7.8548,8.075,195316,0
PRT.US,D,20190115,000000,8.1574,8.3767,8.1108,8.1492,79626,0
PRT.US,D,20190116,000000,8.1574,8.1574,7.7729,7.8464,121065,0
PRT.US,D,20190117,000000,7.5125,7.5777,6.7945,7.0393,319996,0
PRT.US,D,20190118,000000,7.0555,7.749,7.0555,7.6918,176591,0
PRT.US,D,20190122,000000,7.749,7.749,7.1375,7.5859,81858,0
PRT.US,D,20190123,000000,7.6428,7.749,7.4308,7.4962,49803,0
PRT.US,D,20190124,000000,7.5451,7.7326,7.5451,7.7078,42124,0
PRT.US,D,20190125,000000,7.6672,7.7078,7.4632,7.6594,44841,0
PRT.US,D,20190128,000000,7.6269,7.6594,7.382,7.382,82119,0
PRT.US,D,20190129,000000,7.4387,7.5223,7.231,7.4594,125584,0
PRT.US,D,20190130,000000,7.5871,7.5871,7.2494,7.4884,96347,0
PRT.US,D,20190131,000000,7.5622,7.5622,7.1755,7.4386,43942,0
PRT.US,D,20190201,000000,7.5374,7.5788,7.2906,7.3726,67722,0
PRT.US,D,20190204,000000,7.4142,7.4142,7.1256,7.2163,75785,0
PRT.US,D,20190205,000000,7.2905,7.2905,6.846,6.8869,164943,0
PRT.US,D,20190206,000000,6.8127,6.9604,6.7881,6.9115,72321,0
PRT.US,D,20190207,000000,6.7962,6.9198,6.7139,6.8787,75710,0
PRT.US,D,20190208,000000,6.9198,6.928,6.6976,6.6976,52006,0
PRT.US,D,20190211,000000,6.7139,6.9608,6.7139,6.8463,48978,0
PRT.US,D,20190212,000000,6.9526,7.4964,6.9198,7.2082,70329,0
PRT.US,D,20190213,000000,7.3726,7.546,7.2163,7.3317,68928,0
PRT.US,D,20190214,000000,7.3317,7.7519,7.3317,7.653,90053,0
PRT.US,D,20190215,000000,7.2905,7.4964,7.1128,7.4056,102612,0
PRT.US,D,20190219,000000,7.3726,7.554,7.307,7.307,36246,0
PRT.US,D,20190220,000000,7.3317,7.5374,7.3317,7.4142,18783,0
PRT.US,D,20190221,000000,7.3726,7.4964,7.315,7.3562,16640,0
PRT.US,D,20190222,000000,7.4142,7.4884,7.3317,7.4553,27169,0
PRT.US,D,20190225,000000,7.5541,7.6214,7.2657,7.3562,50519,0
PRT.US,D,20190226,000000,7.2821,7.327,7.2163,7.2326,36125,0
PRT.US,D,20190227,000000,7.2824,7.2824,7.175,7.175,26346,0
PRT.US,D,20190228,000000,7.1417,7.2081,7.1169,7.1169,43873,0
PRT.US,D,20190301,000000,7.1169,7.183,6.8191,6.902,92847,0
PRT.US,D,20190304,000000,6.902,7.2247,6.6205,6.6619,181103,0
PRT.US,D,20190305,000000,6.6783,6.8075,6.6535,6.6535,18837,0
PRT.US,D,20190306,000000,6.6702,6.6759,6.4715,6.4715,45072,0
PRT.US,D,20190307,000000,6.5875,6.6137,6.4152,6.4964,44237,0
PRT.US,D,20190308,000000,6.43,6.6454,6.43,6.4964,26036,0
PRT.US,D,20190311,000000,6.5044,6.5691,6.4509,6.5542,65242,0
PRT.US,D,20190312,000000,6.5377,6.6205,6.4218,6.4829,24283,0
PRT.US,D,20190313,000000,6.4386,6.5656,6.4135,6.4549,64176,0
PRT.US,D,20190314,000000,6.4464,6.6041,6.4464,6.5044,19046,0
PRT.US,D,20190315,000000,6.5626,6.5743,6.314,6.5044,75027,0
PRT.US,D,20190318,000000,6.5044,6.6205,6.3473,6.6205,65444,0
PRT.US,D,20190319,000000,6.5297,7.4149,6.473,6.9929,181236,0
PRT.US,D,20190320,000000,7.1502,7.3819,7.0423,7.2908,114468,0
PRT.US,D,20190321,000000,7.2824,7.2824,6.9596,7.0259,51020,0
PRT.US,D,20190322,000000,7.0095,7.0382,6.7114,6.9097,59878,0
PRT.US,D,20190325,000000,6.9097,7.0343,6.8685,6.9266,35485,0
PRT.US,D,20190326,000000,7.0013,7.1997,7.0013,7.1584,71289,0
PRT.US,D,20190327,000000,7.1914,7.1998,6.935,7.1998,52441,0
PRT.US,D,20190328,000000,7.1749,7.2328,6.6925,6.8257,84015,0
PRT.US,D,20190329,000000,6.9669,7.1157,6.8672,6.9253,9690,0
PRT.US,D,20190401,000000,6.9754,7.0417,6.942,7.0335,52439,0
PRT.US,D,20190402,000000,7.0666,7.2328,7.0251,7.2328,35214,0
PRT.US,D,20190403,000000,7.2248,7.2328,7.1438,7.1914,16503,0
PRT.US,D,20190404,000000,7.15,7.2248,7.0213,7.1414,63265,0
PRT.US,D,20190405,000000,7.0833,7.2328,7.0052,7.2328,51189,0
PRT.US,D,20190408,000000,7.1247,7.2603,7.1247,7.2328,48935,0
PRT.US,D,20190409,000000,7.2248,7.2327,7.1166,7.1331,16099,0
PRT.US,D,20190410,000000,7.15,7.15,7.0666,7.1247,24172,0
PRT.US,D,20190411,000000,7.1331,7.1331,7.0721,7.0915,15111,0
PRT.US,D,20190412,000000,7.1001,7.15,7.0915,7.1001,34933,0
PRT.US,D,20190415,000000,7.0666,7.15,7.0417,7.1247,26364,0
PRT.US,D,20190416,000000,7.1083,7.2248,7.0584,7.2248,68096,0
PRT.US,D,20190417,000000,7.2328,7.2497,7.1998,7.1998,39676,0
PRT.US,D,20190418,000000,7.2328,7.2328,7.0417,7.0793,39072,0
PRT.US,D,20190422,000000,7.1247,7.2248,7.0833,7.2248,51739,0
PRT.US,D,20190423,000000,7.2163,7.3494,7.15,7.2328,86124,0
PRT.US,D,20190424,000000,7.316,7.3411,7.2692,7.2994,41565,0
PRT.US,D,20190425,000000,7.2497,7.3494,7.2328,7.2994,28749,0
PRT.US,D,20190426,000000,7.3494,7.3574,7.2328,7.2497,59728,0
PRT.US,D,20190429,000000,7.2497,7.375,7.2497,7.2829,21162,0
PRT.US,D,20190430,000000,7.2327,7.3164,7.1241,7.1241,23819,0
PRT.US,D,20190501,000000,7.1325,7.2602,7.1325,7.1912,8410,0
PRT.US,D,20190502,000000,7.1495,7.2994,7.1074,7.1325,49179,0
PRT.US,D,20190503,000000,7.1659,7.1782,7.1074,7.1241,24487,0
PRT.US,D,20190506,000000,7.1241,7.442,7.1158,7.2412,39455,0
PRT.US,D,20190507,000000,7.2662,7.375,7.2662,7.3581,33919,0
PRT.US,D,20190508,000000,7.3581,7.3581,7.2746,7.2915,32117,0
PRT.US,D,20190509,000000,7.2915,7.2915,7.1158,7.1912,42832,0
PRT.US,D,20190510,000000,7.2327,7.258,7.1744,7.1744,22162,0
PRT.US,D,20190513,000000,7.1912,7.1912,7.1074,7.1495,30515,0
PRT.US,D,20190514,000000,7.1825,7.1825,6.9746,7.007,45833,0
PRT.US,D,20190515,000000,7.0239,7.1074,7.0239,7.0991,38840,0
PRT.US,D,20190516,000000,7.0656,7.1158,6.9104,6.9104,50969,0
PRT.US,D,20190517,000000,6.9235,7.0489,6.8816,6.8983,24730,0
PRT.US,D,20190520,000000,6.9653,7.3268,6.9653,7.2746,55385,0
PRT.US,D,20190521,000000,7.3416,7.7346,7.3309,7.7346,201069,0
PRT.US,D,20190522,000000,7.7346,7.8183,7.6911,7.768,72183,0
PRT.US,D,20190523,000000,7.6927,7.8183,7.5005,7.6094,125706,0
PRT.US,D,20190524,000000,7.6262,7.6458,7.375,7.375,80905,0
PRT.US,D,20190528,000000,7.5087,7.6425,7.4901,7.5507,45806,0
PRT.US,D,20190529,000000,7.5257,7.5507,7.3582,7.4837,56259,0
PRT.US,D,20190530,000000,7.602,7.602,7.4678,7.5344,29211,0
PRT.US,D,20190531,000000,7.5006,7.5006,7.3486,7.3994,31159,0
PRT.US,D,20190603,000000,7.4333,7.4827,7.3233,7.3658,57906,0
PRT.US,D,20190604,000000,7.4333,7.4922,7.3317,7.3403,71759,0
PRT.US,D,20190605,000000,7.3233,7.3621,7.0107,7.1458,59303,0
PRT.US,D,20190606,000000,7.1458,7.3233,6.8163,6.9683,142984,0
PRT.US,D,20190607,000000,6.9262,7.1881,6.9262,6.9262,37803,0
PRT.US,D,20190610,000000,6.9262,7.0188,6.8586,6.9262,37200,0
PRT.US,D,20190611,000000,6.901,7.0195,6.901,6.9262,12641,0
PRT.US,D,20190612,000000,6.9683,7.053,6.8417,6.8586,44607,0
PRT.US,D,20190613,000000,6.8672,7.1458,6.8417,6.8672,40016,0
PRT.US,D,20190614,000000,6.8923,6.9098,6.5967,6.732,61187,0
PRT.US,D,20190617,000000,6.7405,6.8417,6.5295,6.5967,77772,0
PRT.US,D,20190618,000000,6.6812,6.7573,6.5377,6.6526,64760,0
PRT.US,D,20190619,000000,6.5967,6.7573,6.5967,6.7566,51741,0
PRT.US,D,20190620,000000,6.7573,6.884,6.6559,6.8163,35271,0
PRT.US,D,20190621,000000,6.884,6.884,6.8163,6.8417,24000,0
PRT.US,D,20190624,000000,6.884,7.0446,6.6812,6.7066,54310,0
PRT.US,D,20190625,000000,6.7236,6.9262,6.673,6.9092,49492,0
PRT.US,D,20190626,000000,6.9683,7.222,6.8501,6.8923,79613,0
PRT.US,D,20190627,000000,6.8669,6.9437,6.7867,6.9227,13919,0
PRT.US,D,20190628,000000,6.6112,6.8074,6.6112,6.7732,64809,0
PRT.US,D,20190701,000000,6.7902,6.8968,6.6454,6.6454,29053,0
PRT.US,D,20190702,000000,6.688,6.8502,6.6798,6.8157,6051,0
PRT.US,D,20190703,000000,6.8923,6.9011,6.7136,6.7819,37270,0
PRT.US,D,20190705,000000,6.8583,7.1141,6.7918,7.1141,54837,0
PRT.US,D,20190708,000000,7.1141,7.1141,6.9861,6.9861,25896,0
PRT.US,D,20190709,000000,6.9437,6.9861,6.8243,6.9519,25330,0
PRT.US,D,20190710,000000,6.9181,7.0544,6.9181,7.0116,33430,0
PRT.US,D,20190711,000000,6.9946,7.2418,6.8157,6.8157,64985,0
PRT.US,D,20190712,000000,6.8413,6.9011,6.7307,6.8413,30924,0
PRT.US,D,20190715,000000,6.8499,6.8839,6.7307,6.8157,72123,0
PRT.US,D,20190716,000000,6.7391,6.9463,6.7307,6.7819,63260,0
PRT.US,D,20190717,000000,6.7391,6.8116,6.6881,6.7562,30154,0
PRT.US,D,20190718,000000,6.7902,6.7902,6.6112,6.6539,42067,0
PRT.US,D,20190719,000000,6.7307,6.7391,6.6641,6.7307,23401,0
PRT.US,D,20190722,000000,6.7307,6.8243,6.6661,6.7307,100652,0
PRT.US,D,20190723,000000,6.8157,6.8694,6.7136,6.8157,30435,0
PRT.US,D,20190724,000000,6.7902,6.8329,6.688,6.7648,41539,0
PRT.US,D,20190725,000000,6.8413,6.9011,6.7732,6.8669,37870,0
PRT.US,D,20190726,000000,6.8756,6.8756,6.7391,6.7732,23719,0
PRT.US,D,20190729,000000,6.7732,6.8582,6.7732,6.8157,37999,0
PRT.US,D,20190730,000000,6.8331,7.2455,6.7495,6.8331,73842,0
PRT.US,D,20190731,000000,6.9191,6.9191,6.7558,6.7728,38000,0
PRT.US,D,20190801,000000,6.7469,6.842,6.7165,6.8244,65014,0
PRT.US,D,20190802,000000,6.7901,6.8501,6.7469,6.7815,17042,0
PRT.US,D,20190805,000000,6.6782,6.687,6.515,6.601,40739,0
PRT.US,D,20190806,000000,6.5751,6.7384,6.5751,6.601,22048,0
PRT.US,D,20190807,000000,6.5578,6.5578,6.3929,6.4116,34763,0
PRT.US,D,20190808,000000,6.4203,6.5751,6.36,6.5751,52321,0
PRT.US,D,20190809,000000,6.5751,6.5751,6.4461,6.4805,17906,0
PRT.US,D,20190812,000000,6.4633,6.5751,6.24,6.2914,77219,0
PRT.US,D,20190813,000000,6.4116,6.4116,5.9993,5.9993,78312,0
PRT.US,D,20190814,000000,5.9735,6.0166,5.7707,5.778,51595,0
PRT.US,D,20190815,000000,5.8876,5.9787,5.7328,5.7585,39578,0
PRT.US,D,20190816,000000,5.7757,5.9866,5.7757,5.9392,47575,0
PRT.US,D,20190819,000000,6.1542,6.255,5.9477,5.9563,61111,0
PRT.US,D,20190820,000000,5.9993,6.1454,5.9135,6.1367,24919,0
PRT.US,D,20190821,000000,6.2227,6.2227,6.0166,6.0854,34809,0
PRT.US,D,20190822,000000,6.1025,6.1136,5.9507,6.0423,48288,0
PRT.US,D,20190823,000000,6.0337,6.0337,5.7677,5.9046,60991,0
PRT.US,D,20190826,000000,5.8015,5.8619,5.751,5.8445,56579,0
PRT.US,D,20190827,000000,5.7501,6.0596,5.7501,6.0423,41784,0
PRT.US,D,20190828,000000,6.0024,6.3688,5.9306,6.36,115326,0
PRT.US,D,20190829,000000,6.343,6.5424,6.3082,6.5424,29403,0
PRT.US,D,20190830,000000,6.5598,6.5598,6.3608,6.4643,34117,0
PRT.US,D,20190903,000000,6.421,6.55,6.4008,6.4295,41689,0
PRT.US,D,20190904,000000,6.473,6.5329,6.3532,6.3941,23571,0
PRT.US,D,20190905,000000,6.4295,6.5163,6.1607,6.1772,48148,0
PRT.US,D,20190906,000000,6.1867,6.3416,6.1346,6.2157,27908,0
PRT.US,D,20190909,000000,6.2042,6.2907,6.0825,6.2387,55259,0
PRT.US,D,20190910,000000,6.2907,6.36,6.2043,6.2473,51219,0
PRT.US,D,20190911,000000,6.343,6.343,6.1681,6.2649,61086,0
PRT.US,D,20190912,000000,6.2649,6.3255,6.0825,6.1259,44126,0
PRT.US,D,20190913,000000,6.1259,6.1259,5.9872,6.0565,42576,0
PRT.US,D,20190916,000000,6.2042,6.3342,6.0428,6.1607,152411,0
PRT.US,D,20190917,000000,6.1607,6.9241,6.0742,6.6987,309675,0
PRT.US,D,20190918,000000,6.8114,6.9156,6.6552,6.8027,127919,0
PRT.US,D,20190919,000000,6.8027,7.0978,6.7682,6.9848,77876,0
PRT.US,D,20190920,000000,6.9848,7.1587,6.9848,7.15,34530,0
PRT.US,D,20190923,000000,7.2541,7.367,7.2019,7.2715,68718,0
PRT.US,D,20190924,000000,7.2887,7.3427,7.0892,7.2277,71237,0
PRT.US,D,20190925,000000,7.2108,7.2887,6.9765,7.2887,125392,0
PRT.US,D,20190926,000000,7.1412,7.3109,7.1412,7.2019,33549,0
PRT.US,D,20190927,000000,7.1931,7.2015,7.0268,7.1408,15491,0
PRT.US,D,20190930,000000,7.0359,7.1758,7.0094,7.0444,36994,0
PRT.US,D,20191001,000000,7.1408,7.1408,7.0182,7.0444,16407,0
PRT.US,D,20191002,000000,7.0008,7.0961,6.9219,7.0268,31806,0
PRT.US,D,20191003,000000,7.0707,7.0707,6.9133,6.9133,17764,0
PRT.US,D,20191004,000000,6.9133,6.9657,6.782,6.782,19060,0
PRT.US,D,20191007,000000,6.8257,7.0008,6.782,6.8783,23019,0
PRT.US,D,20191008,000000,6.8693,6.9889,6.782,6.8693,24984,0
PRT.US,D,20191009,000000,6.9133,6.9998,6.1956,6.3882,79303,0
PRT.US,D,20191010,000000,6.4143,6.4612,6.1868,6.3793,45061,0
PRT.US,D,20191011,000000,6.3968,6.9876,6.3882,6.3882,51620,0
PRT.US,D,20191014,000000,6.4318,6.6389,6.4318,6.5543,26526,0
PRT.US,D,20191015,000000,6.6156,6.6156,6.248,6.248,61739,0
PRT.US,D,20191016,000000,6.2218,6.3442,6.2218,6.3006,23467,0
PRT.US,D,20191017,000000,6.3882,6.5091,6.1956,6.2044,37353,0
PRT.US,D,20191018,000000,6.2831,6.3793,6.1956,6.3793,57313,0
PRT.US,D,20191021,000000,6.1956,6.2197,5.9591,5.9942,248087,0
PRT.US,D,20191022,000000,6.0031,6.0031,5.6968,5.8367,135368,0
PRT.US,D,20191023,000000,5.8454,6.0554,5.7328,5.9067,83036,0
PRT.US,D,20191024,000000,5.8281,6.0733,5.7754,6.0293,60773,0
PRT.US,D,20191025,000000,5.9942,6.0377,5.7842,5.8103,137811,0
PRT.US,D,20191028,000000,5.8367,6.1167,5.7754,5.9157,90247,0
PRT.US,D,20191029,000000,5.8103,6.0816,5.8103,6.0118,43173,0
PRT.US,D,20191030,000000,5.9414,6.0418,5.9153,5.9153,49496,0
PRT.US,D,20191031,000000,5.9061,5.9171,5.7214,5.8093,71291,0
PRT.US,D,20191101,000000,5.7302,5.8532,5.5453,5.8182,77105,0
PRT.US,D,20191104,000000,5.7302,5.8532,5.7214,5.8532,25002,0
PRT.US,D,20191105,000000,5.8532,5.8885,5.7214,5.8797,29831,0
PRT.US,D,20191106,000000,5.8797,6.003,5.8532,5.8532,26931,0
PRT.US,D,20191107,000000,5.871,6.0118,5.8183,5.9061,43710,0
PRT.US,D,20191108,000000,5.968,5.968,5.7391,5.7391,29274,0
PRT.US,D,20191111,000000,5.8797,5.8797,5.7548,5.792,28041,0
PRT.US,D,20191112,000000,5.7655,5.8988,5.5892,5.8093,55759,0
PRT.US,D,20191113,000000,5.6772,5.7655,5.598,5.6951,57573,0
PRT.US,D,20191114,000000,5.6069,5.6903,5.598,5.598,33433,0
PRT.US,D,20191115,000000,5.8093,5.8093,5.5541,5.6378,41284,0
PRT.US,D,20191118,000000,5.5453,5.7655,5.3285,5.4309,65221,0
PRT.US,D,20191119,000000,5.281,5.3412,5.0172,5.202,117776,0
PRT.US,D,20191120,000000,5.202,5.3315,5.0174,5.29,56345,0
PRT.US,D,20191121,000000,5.2374,5.2374,5.0172,5.1843,48076,0
PRT.US,D,20191122,000000,5.1933,5.2374,5.0348,5.105,103511,0
PRT.US,D,20191125,000000,5.105,5.1933,5.059,5.1933,45026,0
PRT.US,D,20191126,000000,5.1315,5.1908,5.07,5.1669,34322,0
PRT.US,D,20191127,000000,5.1046,5.1489,5.0694,5.0782,65369,0
PRT.US,D,20191129,000000,5.0961,5.1224,5.0606,5.0782,13617,0
PRT.US,D,20191202,000000,5.0515,5.0808,4.8389,4.9099,150295,0
PRT.US,D,20191203,000000,4.9274,4.9882,4.8921,4.9186,45624,0
PRT.US,D,20191204,000000,4.8921,4.9542,4.7503,4.777,92285,0
PRT.US,D,20191205,000000,4.7503,4.8721,4.7503,4.7854,31910,0
PRT.US,D,20191206,000000,4.7854,4.8765,4.7503,4.7947,39105,0
PRT.US,D,20191209,000000,4.8744,4.9123,4.7947,4.8575,100923,0
PRT.US,D,20191210,000000,4.8744,5.3527,4.8079,5.3084,152150,0
PRT.US,D,20191211,000000,5.4859,5.5745,5.3439,5.3619,68749,0
PRT.US,D,20191212,000000,5.3619,5.53,5.3619,5.4948,50938,0
PRT.US,D,20191213,000000,5.4237,5.4475,4.9718,5.1271,89308,0
PRT.US,D,20191216,000000,5.1139,5.2908,5.1139,5.1755,59487,0
PRT.US,D,20191217,000000,5.1935,5.2819,5.0961,5.1224,54537,0
PRT.US,D,20191218,000000,5.2198,5.2198,5.1224,5.1667,24123,0
PRT.US,D,20191219,000000,5.2643,5.2731,4.9718,5.0294,151323,0
PRT.US,D,20191220,000000,5.1844,5.2731,5.0515,5.2287,79071,0
PRT.US,D,20191223,000000,5.1224,5.1935,5.1139,5.1844,44673,0
PRT.US,D,20191224,000000,5.1844,5.3884,5.1844,5.3439,72385,0
PRT.US,D,20191226,000000,5.3175,5.3175,5.2553,5.3175,59891,0
PRT.US,D,20191227,000000,5.2379,5.3175,5.1401,5.1401,109043,0
PRT.US,D,20191230,000000,5.149,5.2744,4.9614,4.9659,251319,0
PRT.US,D,20191231,000000,4.9614,5.0506,4.8005,4.8116,246868,0
PRT.US,D,20200102,000000,4.997,5.0943,4.9953,5.0328,54222,0
PRT.US,D,20200103,000000,5.0063,5.2296,5.0063,5.1758,57085,0
PRT.US,D,20200106,000000,5.1848,5.7214,5.1848,5.7125,249362,0
PRT.US,D,20200107,000000,5.6766,5.9271,5.5694,5.8375,105808,0
PRT.US,D,20200108,000000,5.9001,5.9893,5.4978,5.5426,118802,0
PRT.US,D,20200109,000000,5.4711,5.587,5.4083,5.4217,72042,0
PRT.US,D,20200110,000000,5.4532,5.6407,5.2744,5.2833,58100,0
PRT.US,D,20200113,000000,5.2921,5.4798,5.2878,5.3368,59465,0
PRT.US,D,20200114,000000,5.4888,5.4888,5.3214,5.4264,50821,0
PRT.US,D,20200115,000000,5.3368,5.4175,5.3368,5.3818,34142,0
PRT.US,D,20200116,000000,5.3818,5.6229,5.3818,5.5962,43072,0
PRT.US,D,20200117,000000,5.6141,5.6141,5.4354,5.4621,26192,0
PRT.US,D,20200121,000000,5.3368,5.3635,5.158,5.2117,127008,0
PRT.US,D,20200122,000000,5.1939,5.2117,5.1758,5.1758,34684,0
PRT.US,D,20200123,000000,5.1401,5.1848,5.0918,5.1043,74820,0
PRT.US,D,20200124,000000,5.1222,5.1484,5.015,5.015,49400,0
PRT.US,D,20200127,000000,4.9614,5.0665,4.9614,5.0063,41979,0
PRT.US,D,20200128,000000,5.0063,5.058,5.0006,5.0241,20587,0
PRT.US,D,20200129,000000,4.9884,5.0598,4.9884,4.9884,32625,0
PRT.US,D,20200130,000000,4.9544,5.0347,4.9544,4.9722,50450,0
PRT.US,D,20200131,000000,4.9632,5.0351,4.8913,4.8913,69004,0
PRT.US,D,20200203,000000,4.8015,4.9004,4.5406,4.5494,143526,0
PRT.US,D,20200204,000000,4.5587,4.6577,4.4145,4.6037,122696,0
PRT.US,D,20200205,000000,4.5138,4.6126,4.4506,4.572,42081,0
PRT.US,D,20200206,000000,4.5856,4.6126,4.4957,4.4957,18827,0
PRT.US,D,20200207,000000,4.4957,4.5856,4.4957,4.5494,18123,0
PRT.US,D,20200210,000000,4.5494,4.5697,4.4419,4.4419,53710,0
PRT.US,D,20200211,000000,4.4957,4.4957,4.3258,4.3519,44044,0
PRT.US,D,20200212,000000,4.3698,4.4239,4.3698,4.416,47641,0
PRT.US,D,20200213,000000,4.4686,4.4957,4.439,4.4686,48616,0
PRT.US,D,20200214,000000,4.4506,4.4957,4.3878,4.4451,10648,0
PRT.US,D,20200218,000000,4.4327,4.5494,4.4327,4.5362,65238,0
PRT.US,D,20200219,000000,4.6215,4.7024,4.5406,4.7024,41700,0
PRT.US,D,20200220,000000,4.7116,4.7116,4.6039,4.6126,67936,0
PRT.US,D,20200221,000000,4.6844,4.6932,4.576,4.6844,29698,0
PRT.US,D,20200224,000000,4.6577,4.6577,4.4957,4.5318,82509,0
PRT.US,D,20200225,000000,4.5587,4.5587,4.4059,4.4419,63402,0
PRT.US,D,20200226,000000,4.4059,4.5226,4.3519,4.3519,53236,0
PRT.US,D,20200227,000000,4.2611,4.289,4.1339,4.1792,63342,0
PRT.US,D,20200228,000000,4.1339,4.1427,3.725,3.7794,119055,0
PRT.US,D,20200302,000000,3.9068,4.043,3.8349,3.9702,63385,0
PRT.US,D,20200303,000000,4.0156,4.2975,3.9974,4.1973,64675,0
PRT.US,D,20200304,000000,4.3609,4.4321,4.3428,4.3791,46117,0
PRT.US,D,20200305,000000,4.2066,4.2701,4.2066,4.2155,18457,0
PRT.US,D,20200306,000000,4.052,4.1303,4.0339,4.0339,41698,0
PRT.US,D,20200309,000000,3.8793,3.8793,2.7437,2.7711,202146,0
PRT.US,D,20200310,000000,2.8982,2.9982,2.5349,2.989,134662,0
PRT.US,D,20200311,000000,2.9527,2.9527,2.753,2.9072,39384,0
PRT.US,D,20200312,000000,2.7073,2.7073,2.4804,2.5166,66915,0
PRT.US,D,20200313,000000,2.7256,2.7826,2.1987,2.3076,82606,0
PRT.US,D,20200316,000000,2.1259,2.2259,2.0259,2.2078,68021,0
PRT.US,D,20200317,000000,2.1259,2.1975,1.917,1.9261,59707,0
PRT.US,D,20200318,000000,1.7807,1.7807,0.9087,1.072,283360,0
PRT.US,D,20200319,000000,1.0175,1.3171,1.0175,1.3082,77753,0
PRT.US,D,20200320,000000,1.263,1.2779,1.0539,1.1993,105051,0
PRT.US,D,20200323,000000,1.1993,1.1993,1.0814,1.1728,32010,0
PRT.US,D,20200324,000000,1.1809,1.7262,1.1766,1.7262,96109,0
PRT.US,D,20200325,000000,1.808,3.2252,1.808,2.7166,189336,0
PRT.US,D,20200326,000000,2.7166,2.9982,2.5892,2.7619,90479,0
PRT.US,D,20200327,000000,2.7256,2.7256,2.3895,2.6528,23939,0
PRT.US,D,20200330,000000,2.6482,2.6482,2.2829,2.3471,35270,0
PRT.US,D,20200331,000000,2.4565,2.4565,2.2829,2.3927,22564,0
PRT.US,D,20200401,000000,2.2829,2.42,2.2373,2.3742,28450,0
PRT.US,D,20200402,000000,2.3287,2.4839,2.1004,2.1004,34615,0
PRT.US,D,20200403,000000,2.1916,2.1916,2.0745,2.0803,10124,0
PRT.US,D,20200406,000000,2.1004,2.2559,2.1004,2.1552,11692,0
PRT.US,D,20200407,000000,2.3379,2.4748,2.1463,2.1735,34374,0
PRT.US,D,20200408,000000,2.1916,2.3287,2.1916,2.2283,36795,0
PRT.US,D,20200409,000000,2.3558,2.6474,2.2739,2.3379,38779,0
PRT.US,D,20200413,000000,2.5662,2.7397,2.5022,2.5662,40237,0
PRT.US,D,20200414,000000,2.7214,2.7214,2.5296,2.6211,36211,0
PRT.US,D,20200415,000000,2.6026,2.6079,2.4655,2.5228,18152,0
PRT.US,D,20200416,000000,2.3742,2.3927,2.0547,2.0912,64412,0
PRT.US,D,20200417,000000,2.1004,2.1369,2.082,2.1004,24532,0
PRT.US,D,20200420,000000,1.8904,1.9816,1.8722,1.8812,44792,0
PRT.US,D,20200421,000000,1.8447,1.9633,1.6711,1.7441,76925,0
PRT.US,D,20200422,000000,1.863,1.863,1.6711,1.6711,28844,0
PRT.US,D,20200423,000000,1.6711,1.8371,1.6711,1.7536,74002,0
PRT.US,D,20200424,000000,1.8172,1.8447,1.726,1.8447,18847,0
PRT.US,D,20200427,000000,1.8812,1.8812,1.7536,1.799,48056,0
PRT.US,D,20200428,000000,1.799,1.8355,1.6527,1.662,64004,0
PRT.US,D,20200429,000000,1.7352,1.8172,1.7352,1.8172,46356,0
PRT.US,D,20200430,000000,1.8172,1.8172,1.7625,1.799,31927,0
PRT.US,D,20200501,000000,1.799,1.8265,1.726,1.7745,24997,0
PRT.US,D,20200504,000000,1.7352,1.8172,1.726,1.7808,15863,0
PRT.US,D,20200505,000000,1.8172,1.8265,1.7396,1.7717,32265,0
PRT.US,D,20200506,000000,1.7901,1.7901,1.7534,1.7901,14126,0
PRT.US,D,20200507,000000,1.8265,1.8265,1.7077,1.7169,42642,0
PRT.US,D,20200508,000000,1.799,1.799,1.7444,1.7808,24371,0
PRT.US,D,20200511,000000,1.8265,1.8265,1.7808,1.8082,30428,0
PRT.US,D,20200512,000000,1.7808,1.8082,1.7396,1.8082,45344,0
PRT.US,D,20200513,000000,1.8265,1.8265,1.726,1.726,30335,0
PRT.US,D,20200514,000000,1.7352,1.79,1.7261,1.7625,56775,0
PRT.US,D,20200515,000000,1.7625,1.8159,1.726,1.733,31422,0
PRT.US,D,20200518,000000,1.8265,1.8265,1.726,1.799,89227,0
PRT.US,D,20200519,000000,1.7808,1.8584,1.7625,1.8584,37032,0
PRT.US,D,20200520,000000,1.8265,1.8721,1.8265,1.8539,23649,0
PRT.US,D,20200521,000000,1.8265,1.8721,1.8083,1.8538,33515,0
PRT.US,D,20200522,000000,1.863,1.9543,1.863,1.9423,28438,0
PRT.US,D,20200526,000000,1.9451,1.9451,1.8721,1.8994,52211,0
PRT.US,D,20200527,000000,1.9177,1.9177,1.863,1.8767,33556,0
PRT.US,D,20200528,000000,1.8721,1.9216,1.8415,1.8987,27159,0
PRT.US,D,20200529,000000,1.8994,1.9251,1.8265,1.8767,39642,0
PRT.US,D,20200601,000000,1.9085,1.9361,1.8768,1.9269,26708,0
PRT.US,D,20200602,000000,1.9636,2.2373,1.9365,2.201,77141,0
PRT.US,D,20200603,000000,2.4019,2.8766,2.3379,2.7488,148783,0
PRT.US,D,20200604,000000,2.7488,2.9679,2.7397,2.8547,89411,0
PRT.US,D,20200605,000000,3.0592,3.1508,2.9314,2.99,71355,0
PRT.US,D,20200608,000000,3.242,3.3149,3.1232,3.3059,82889,0
PRT.US,D,20200609,000000,3.242,3.4064,3.233,3.3516,36527,0
PRT.US,D,20200610,000000,3.3516,3.4795,3.3059,3.4519,49650,0
PRT.US,D,20200611,000000,3.2785,3.4429,2.8787,2.8787,85482,0
PRT.US,D,20200612,000000,3.0959,3.2876,3.0455,3.1508,45434,0
PRT.US,D,20200615,000000,3.0138,3.0684,2.8857,2.9406,28021,0
PRT.US,D,20200616,000000,3.0138,3.2967,3.0138,3.1508,26354,0
PRT.US,D,20200617,000000,3.1779,3.1779,3.0138,3.0138,15202,0
PRT.US,D,20200618,000000,3.0138,3.105,2.831,2.8401,36808,0
PRT.US,D,20200619,000000,2.8766,2.8766,2.6482,2.8492,74478,0
PRT.US,D,20200622,000000,2.8492,3.0592,2.7476,3.041,32776,0
PRT.US,D,20200623,000000,2.9314,3.0538,2.9132,2.9314,28550,0
PRT.US,D,20200624,000000,2.9222,2.9223,2.7397,2.7488,33329,0
PRT.US,D,20200625,000000,2.7397,2.8904,2.7397,2.7762,24589,0
PRT.US,D,20200626,000000,2.7785,2.7785,2.6482,2.6782,43004,0
PRT.US,D,20200629,000000,2.685,2.7037,2.6026,2.6026,22437,0
PRT.US,D,20200630,000000,2.6482,2.7591,2.6026,2.63,37462,0
PRT.US,D,20200701,000000,2.6482,2.7852,2.6119,2.6941,32144,0
PRT.US,D,20200702,000000,2.6941,2.6941,2.5707,2.5844,29930,0
PRT.US,D,20200706,000000,2.6392,2.6392,2.5844,2.5936,23078,0
PRT.US,D,20200707,000000,2.6026,2.6667,2.5936,2.63,5369,0
PRT.US,D,20200708,000000,2.5936,2.6482,2.4108,2.4312,26344,0
PRT.US,D,20200709,000000,2.5022,2.6026,2.3471,2.3946,23880,0
PRT.US,D,20200710,000000,2.3379,2.3914,2.2829,2.2924,21538,0
PRT.US,D,20200713,000000,2.2829,2.283,2.2373,2.2829,52904,0
PRT.US,D,20200714,000000,2.2373,2.2466,2.1643,2.1735,17312,0
PRT.US,D,20200715,000000,2.1735,2.2714,2.1735,2.2559,20888,0
PRT.US,D,20200716,000000,2.2559,2.3242,2.2192,2.3106,14444,0
PRT.US,D,20200717,000000,2.3558,2.3558,2.2373,2.2466,15820,0
PRT.US,D,20200720,000000,2.2924,2.2924,2.2283,2.2466,10781,0
PRT.US,D,20200721,000000,2.2283,2.2829,2.0547,2.1643,60057,0
PRT.US,D,20200722,000000,2.1463,2.1873,2.0547,2.0547,22749,0
PRT.US,D,20200723,000000,2.1094,2.1094,1.9178,1.9451,71640,0
PRT.US,D,20200724,000000,1.9816,1.9816,1.9459,1.9636,23496,0
PRT.US,D,20200727,000000,1.9907,2.0272,1.9816,1.9816,14581,0
PRT.US,D,20200728,000000,2.0272,2.05,1.9816,2.009,10577,0
PRT.US,D,20200729,000000,2.1552,2.2027,1.9269,1.9361,48796,0
PRT.US,D,20200730,000000,1.9269,1.9636,1.8538,1.8721,30117,0
PRT.US,D,20200731,000000,2.0547,2.0547,1.8812,1.9361,25418,0
PRT.US,D,20200803,000000,1.8721,1.942,1.8356,1.8447,24127,0
PRT.US,D,20200804,000000,1.9177,1.9543,1.8812,1.9451,32139,0
PRT.US,D,20200805,000000,1.9543,1.9543,1.9177,1.9543,26944,0
PRT.US,D,20200806,000000,1.9177,1.9361,1.8356,1.8356,28874,0
PRT.US,D,20200807,000000,1.8721,2.009,1.8721,2.009,33227,0
PRT.US,D,20200810,000000,2.009,2.0547,1.9269,2.009,30510,0
PRT.US,D,20200811,000000,1.9636,2.0182,1.9269,1.9724,16525,0
PRT.US,D,20200812,000000,2.0272,2.0272,1.9636,1.9636,10204,0
PRT.US,D,20200813,000000,1.9543,2.0137,1.9543,1.9849,3276,0
PRT.US,D,20200814,000000,1.9907,2.009,1.8721,1.9543,23989,0
PRT.US,D,20200817,000000,1.9816,2.0366,1.9269,1.9269,29438,0
PRT.US,D,20200818,000000,1.9816,2,1.8994,1.9816,49481,0
PRT.US,D,20200819,000000,1.9451,1.9771,1.9086,1.9517,20120,0
PRT.US,D,20200820,000000,1.9451,1.9816,1.9451,1.9636,13084,0
PRT.US,D,20200821,000000,1.9907,1.9907,1.9724,1.9771,8860,0
PRT.US,D,20200824,000000,1.9907,1.9996,1.9177,1.9543,24001,0
PRT.US,D,20200825,000000,1.9907,1.9907,1.9269,1.9361,22551,0
PRT.US,D,20200826,000000,1.9636,1.9636,1.8356,1.8538,35963,0
PRT.US,D,20200827,000000,1.8721,1.936,1.8721,1.9177,9449,0
PRT.US,D,20200828,000000,1.8994,1.9269,1.8475,1.8767,11492,0
PRT.US,D,20200831,000000,1.9085,1.9085,1.8721,1.8721,28220,0
PRT.US,D,20200901,000000,1.8447,1.863,1.8265,1.8265,35468,0
PRT.US,D,20200902,000000,1.8082,1.8903,1.8082,1.8721,15577,0
PRT.US,D,20200903,000000,1.8447,1.8993,1.8447,1.863,12744,0
PRT.US,D,20200904,000000,1.8538,1.9177,1.8538,1.8951,11958,0
PRT.US,D,20200908,000000,1.8994,1.9177,1.8904,1.8994,37584,0
PRT.US,D,20200909,000000,1.9177,1.9177,1.8356,1.8538,26422,0
PRT.US,D,20200910,000000,1.8265,1.8447,1.7625,1.7657,30899,0
PRT.US,D,20200911,000000,1.8082,1.8082,1.7441,1.7488,13857,0
PRT.US,D,20200914,000000,1.8447,1.8447,1.7717,1.7808,16914,0
PRT.US,D,20200915,000000,1.8265,1.8265,1.7441,1.7441,32472,0
PRT.US,D,20200916,000000,1.7441,1.8082,1.7441,1.7853,15948,0
PRT.US,D,20200917,000000,1.8172,1.8172,1.7441,1.7761,19250,0
PRT.US,D,20200918,000000,1.8082,1.8172,1.6527,1.8172,98947,0
PRT.US,D,20200921,000000,1.8172,1.8172,1.7808,1.7943,59005,0
PRT.US,D,20200922,000000,1.8172,1.8172,1.7169,1.7169,24692,0
PRT.US,D,20200923,000000,1.7625,1.799,1.6895,1.6895,16703,0
PRT.US,D,20200924,000000,1.6805,1.6895,1.644,1.6497,18742,0
PRT.US,D,20200925,000000,1.644,1.7011,1.6164,1.6483,23822,0
PRT.US,D,20200928,000000,1.7717,1.8172,1.6934,1.8172,57740,0
PRT.US,D,20200929,000000,1.8266,1.8266,1.7989,1.8036,27224,0
PRT.US,D,20200930,000000,1.7899,1.7899,1.6797,1.7071,37822,0
PRT.US,D,20201001,000000,1.7437,1.7437,1.6245,1.6338,19761,0
PRT.US,D,20201002,000000,1.7437,1.7437,1.6373,1.7162,16642,0
PRT.US,D,20201005,000000,1.698,1.7163,1.5969,1.5969,50480,0
PRT.US,D,20201006,000000,1.6245,1.6662,1.5603,1.6064,57742,0
PRT.US,D,20201007,000000,1.6064,1.6452,1.5742,1.5924,18773,0
PRT.US,D,20201008,000000,1.6519,1.6519,1.6065,1.6519,33059,0
PRT.US,D,20201009,000000,1.6519,2.2578,1.626,1.9274,1247279,0
PRT.US,D,20201012,000000,1.8449,1.909,1.7533,1.7688,120645,0
PRT.US,D,20201013,000000,1.8449,1.8816,1.7533,1.8266,38661,0
PRT.US,D,20201014,000000,1.8081,1.8356,1.7714,1.7989,26770,0
PRT.US,D,20201015,000000,1.8357,1.8632,1.8222,1.8632,33907,0
PRT.US,D,20201016,000000,1.8632,1.9089,1.854,1.8594,28106,0
PRT.US,D,20201019,000000,1.8632,1.906,1.854,1.8907,23576,0
PRT.US,D,20201020,000000,1.8907,1.9182,1.8724,1.909,26714,0
PRT.US,D,20201021,000000,1.9274,1.9604,1.8999,1.8999,29854,0
PRT.US,D,20201022,000000,1.9182,1.9733,1.7899,1.8996,95841,0
PRT.US,D,20201023,000000,1.8724,1.9274,1.8081,1.8172,46511,0
PRT.US,D,20201026,000000,1.7899,1.8907,1.7899,1.8357,22897,0
PRT.US,D,20201027,000000,1.8081,1.8406,1.7899,1.8081,31613,0
PRT.US,D,20201028,000000,1.8172,1.8172,1.7533,1.7622,25076,0
PRT.US,D,20201029,000000,1.7742,1.839,1.728,1.7374,70538,0
PRT.US,D,20201030,000000,1.7835,1.839,1.7374,1.7409,41486,0
PRT.US,D,20201102,000000,1.728,1.7742,1.7004,1.7419,42213,0
PRT.US,D,20201103,000000,1.8021,1.8021,1.7464,1.7651,10732,0
PRT.US,D,20201104,000000,1.7651,1.8295,1.7189,1.7189,27338,0
PRT.US,D,20201105,000000,1.7742,1.7927,1.7558,1.7835,8814,0
PRT.US,D,20201106,000000,1.7651,1.7926,1.764,1.7651,26792,0
PRT.US,D,20201109,000000,1.7927,1.9129,1.7743,1.8113,55761,0
PRT.US,D,20201110,000000,1.8113,1.8712,1.7742,1.8436,43564,0
PRT.US,D,20201111,000000,1.8481,1.9313,1.8481,1.8758,41030,0
PRT.US,D,20201112,000000,1.913,1.9313,1.8533,1.9222,27690,0
PRT.US,D,20201113,000000,1.9222,2.0052,1.8205,1.8897,147838,0
PRT.US,D,20201116,000000,2.0145,2.0145,1.9228,1.9868,69184,0
PRT.US,D,20201117,000000,1.9868,2.045,1.9868,2.0237,58354,0
PRT.US,D,20201118,000000,1.9961,2.07,1.9961,2.0488,27637,0
PRT.US,D,20201119,000000,2.07,2.606,2.0605,2.5319,90912,0
PRT.US,D,20201120,000000,2.6799,2.7261,2.606,2.7029,64224,0
PRT.US,D,20201123,000000,2.6707,2.7445,2.606,2.7075,61509,0
PRT.US,D,20201124,000000,2.6799,2.9109,2.6799,2.8646,90137,0
PRT.US,D,20201125,000000,2.8185,2.9941,2.8185,2.9109,55543,0
PRT.US,D,20201127,000000,2.8458,2.9284,2.8085,2.8828,22081,0
PRT.US,D,20201130,000000,2.9201,2.976,2.9016,2.9294,29858,0
PRT.US,D,20201201,000000,2.948,2.948,2.8085,2.8828,20933,0
PRT.US,D,20201202,000000,2.8736,2.874,2.7993,2.8151,26900,0
PRT.US,D,20201203,000000,2.79,2.8923,2.7588,2.8735,31896,0
PRT.US,D,20201204,000000,2.8271,2.9182,2.8065,2.8828,22697,0
PRT.US,D,20201207,000000,2.9109,2.9109,2.3901,2.669,115677,0
PRT.US,D,20201208,000000,2.669,2.7807,2.6092,2.6318,16498,0
PRT.US,D,20201209,000000,2.5574,2.7301,2.5574,2.6876,44517,0
PRT.US,D,20201210,000000,2.6876,2.9109,2.6876,2.8271,24386,0
PRT.US,D,20201211,000000,2.9109,2.9109,2.706,2.7434,27701,0
PRT.US,D,20201214,000000,2.8085,2.9109,2.7109,2.8923,69172,0
PRT.US,D,20201215,000000,2.9294,3.8129,2.9061,3.2084,500034,0
PRT.US,D,20201216,000000,3.255,3.4502,3.2084,3.2168,68951,0
PRT.US,D,20201217,000000,3.0875,3.1898,2.976,2.9851,65727,0
PRT.US,D,20201218,000000,2.976,3.1432,2.8179,2.8458,106858,0
PRT.US,D,20201221,000000,2.9574,3.0224,2.8828,3.0152,52474,0
PRT.US,D,20201222,000000,3.0224,3.1249,3.0038,3.0318,27813,0
PRT.US,D,20201223,000000,3.0781,3.0923,2.939,2.948,52132,0
PRT.US,D,20201224,000000,2.948,3.008,2.941,2.9843,18523,0
PRT.US,D,20201228,000000,3.0224,3.0318,2.79,2.8271,71052,0
PRT.US,D,20201229,000000,2.8365,2.8365,2.604,2.6226,114423,0
PRT.US,D,20201230,000000,2.6366,2.7582,2.5993,2.6366,71644,0
PRT.US,D,20201231,000000,2.7299,2.7497,2.4403,2.4403,209431,0
PRT.US,D,20210104,000000,2.4309,2.6366,2.3559,2.3841,68371,0
PRT.US,D,20210105,000000,2.3841,2.7488,2.3841,2.7114,80414,0
PRT.US,D,20210106,000000,2.6178,2.9451,2.6178,2.8891,78553,0
PRT.US,D,20210107,000000,2.9172,3.0294,2.9031,2.9172,27166,0
PRT.US,D,20210108,000000,2.9172,3.0198,2.9172,3.0198,65686,0
PRT.US,D,20210111,000000,2.833,2.9442,2.8143,2.9266,34009,0
PRT.US,D,20210112,000000,2.9172,3.0198,2.9172,2.9451,51538,0
PRT.US,D,20210113,000000,2.9172,3.0386,2.9172,2.9545,64892,0
PRT.US,D,20210114,000000,2.9172,3.0294,2.9076,2.9451,43488,0
PRT.US,D,20210115,000000,2.8984,2.9435,2.8153,2.9172,26458,0
PRT.US,D,20210119,000000,2.8515,3.0198,2.8515,2.8798,60367,0
PRT.US,D,20210120,000000,2.8798,2.9537,2.8049,2.8235,25675,0
PRT.US,D,20210121,000000,2.8049,2.9733,2.7814,2.8984,63873,0
PRT.US,D,20210122,000000,2.8984,2.9916,2.8984,2.9733,39825,0
PRT.US,D,20210125,000000,3.0106,3.0106,2.9451,2.9638,11081,0
PRT.US,D,20210126,000000,2.9919,2.9919,2.9499,2.9638,11059,0
PRT.US,D,20210127,000000,2.9638,2.9825,2.9451,2.9733,18709,0
PRT.US,D,20210128,000000,2.9507,2.9851,2.8378,2.9222,35054,0
PRT.US,D,20210129,000000,2.866,2.9976,2.8426,2.9694,34111,0
PRT.US,D,20210201,000000,2.9694,2.9694,2.8569,2.9131,25622,0
PRT.US,D,20210202,000000,2.9131,3.0071,2.9037,2.9882,26760,0
PRT.US,D,20210203,000000,2.9507,3.0445,2.9131,2.9789,39230,0
PRT.US,D,20210204,000000,2.9412,3.0071,2.9131,2.9318,44160,0
PRT.US,D,20210205,000000,2.9131,3.1197,2.9131,3.0916,62358,0
PRT.US,D,20210208,000000,3.1857,3.4463,3.1857,3.3641,101754,0
PRT.US,D,20210209,000000,3.4676,3.4768,3.3641,3.4768,59106,0
PRT.US,D,20210210,000000,3.5521,4.0878,3.5239,4.0878,105038,0
PRT.US,D,20210211,000000,4.0878,4.1158,3.7774,3.9842,59534,0
PRT.US,D,20210212,000000,4.0314,4.4636,3.9279,4.1253,159810,0
PRT.US,D,20210216,000000,4.2287,4.4636,4.1347,4.2568,87398,0
PRT.US,D,20210217,000000,4.3695,4.4196,4.2287,4.3227,41307,0
PRT.US,D,20210218,000000,4.3415,4.3415,4.1423,4.2287,33712,0
PRT.US,D,20210219,000000,4.1253,4.3507,4.097,4.1817,94189,0
PRT.US,D,20210222,000000,4.1064,4.3695,4.1064,4.3695,39120,0
PRT.US,D,20210223,000000,4.3132,4.4307,4.2019,4.3507,56421,0
PRT.US,D,20210224,000000,4.3507,4.6891,4.3507,4.6891,93420,0
PRT.US,D,20210225,000000,4.7212,5.0328,4.7023,4.7779,140741,0
PRT.US,D,20210226,000000,4.7779,5.0233,4.6834,4.7495,49302,0
PRT.US,D,20210301,000000,4.759,4.9469,4.6362,4.6362,59939,0
PRT.US,D,20210302,000000,4.6362,4.6739,4.5418,4.6645,60251,0
PRT.US,D,20210303,000000,4.6362,4.6927,4.6268,4.6362,27125,0
PRT.US,D,20210304,000000,4.5891,4.8533,4.5418,4.7401,71797,0
PRT.US,D,20210305,000000,4.7118,4.8155,4.6507,4.7779,52456,0
PRT.US,D,20210308,000000,4.8533,4.896,4.7872,4.8723,54119,0
PRT.US,D,20210309,000000,4.9006,4.9006,4.7967,4.8723,19036,0
PRT.US,D,20210310,000000,4.8723,4.9479,4.8156,4.8723,51607,0
PRT.US,D,20210311,000000,4.91,5.0516,4.91,4.9289,46643,0
PRT.US,D,20210312,000000,4.9666,5.0309,4.7401,4.91,33609,0
PRT.US,D,20210315,000000,4.8345,4.91,4.7495,4.759,65907,0
PRT.US,D,20210316,000000,4.759,4.7779,4.6927,4.7401,26838,0
PRT.US,D,20210317,000000,4.7401,4.9006,4.6834,4.8155,52236,0
PRT.US,D,20210318,000000,4.7401,4.797,4.6837,4.7118,32626,0
PRT.US,D,20210319,000000,4.7778,5.1743,4.7495,4.9195,156871,0
PRT.US,D,20210322,000000,4.9572,5.4861,4.9572,5.467,238160,0
PRT.US,D,20210323,000000,5.6466,6.5625,5.4294,6.213,951526,0
PRT.US,D,20210324,000000,6.213,6.6946,6.213,6.3075,347537,0
PRT.US,D,20210325,000000,6.4493,6.6474,5.2028,5.4011,424150,0
PRT.US,D,20210326,000000,5.4861,6.0242,5.3824,5.807,153189,0
PRT.US,D,20210329,000000,5.9864,6.3642,5.7126,6.2697,119761,0
PRT.US,D,20210330,000000,6.2764,6.2764,5.9434,6.0863,72570,0
PRT.US,D,20210331,000000,5.9245,6.0765,5.7533,5.9151,55601,0
PRT.US,D,20210401,000000,5.9911,6.1017,5.6076,5.6868,86533,0
PRT.US,D,20210405,000000,5.7059,5.7205,5.2398,5.4396,97539,0
PRT.US,D,20210406,000000,5.3825,5.577,5.3825,5.4396,40940,0
PRT.US,D,20210407,000000,5.5155,5.6487,5.2628,5.316,50727,0
PRT.US,D,20210408,000000,5.3825,5.3825,5.1353,5.2113,68631,0
PRT.US,D,20210409,000000,5.2495,5.2588,5.0593,5.159,68026,0
PRT.US,D,20210412,000000,5.0401,5.1543,4.9831,5.0876,63416,0
PRT.US,D,20210413,000000,5.0876,5.1223,5.0307,5.0592,32283,0
PRT.US,D,20210414,000000,5.1162,5.2683,5.1162,5.1828,34561,0
PRT.US,D,20210415,000000,5.1731,5.1731,5.0401,5.0781,37832,0
PRT.US,D,20210416,000000,5.0401,5.0781,4.9926,5.0401,36246,0
PRT.US,D,20210419,000000,5.0116,5.1257,4.9926,5.1257,37358,0
PRT.US,D,20210420,000000,5.1162,5.1162,4.9926,5.0401,30711,0
PRT.US,D,20210421,000000,5.0401,5.2303,5.0401,5.2303,28325,0
PRT.US,D,20210422,000000,5.2018,5.2303,5.0401,5.0401,45382,0
PRT.US,D,20210423,000000,5.1353,5.1731,5.0804,5.1687,21286,0
PRT.US,D,20210426,000000,5.1257,5.3254,5.1257,5.2779,45188,0
PRT.US,D,20210427,000000,5.2779,5.4301,5.2303,5.4204,58747,0
PRT.US,D,20210428,000000,5.5061,5.9702,5.468,5.5061,107148,0
PRT.US,D,20210429,000000,5.7026,5.7026,5.463,5.4727,30507,0
PRT.US,D,20210430,000000,5.53,5.6545,5.3911,5.4151,24304,0
PRT.US,D,20210503,000000,5.5109,5.5581,5.3671,5.4246,21575,0
PRT.US,D,20210504,000000,5.463,5.5895,5.4246,5.53,26896,0
PRT.US,D,20210505,000000,5.4917,5.5779,5.463,5.5013,12448,0
PRT.US,D,20210506,000000,5.463,5.7026,5.4246,5.6834,10921,0
PRT.US,D,20210507,000000,5.7313,5.7984,5.6546,5.7121,19641,0
PRT.US,D,20210510,000000,5.7218,5.7889,5.7121,5.7313,15472,0
PRT.US,D,20210511,000000,5.7121,5.749,5.4246,5.6259,21241,0
PRT.US,D,20210512,000000,5.6546,6.0381,5.5895,5.8464,50091,0
PRT.US,D,20210513,000000,5.9422,5.9422,5.5205,5.7504,49557,0
PRT.US,D,20210514,000000,5.808,5.9422,5.7504,5.9038,23844,0
PRT.US,D,20210517,000000,5.9038,5.9901,5.8464,5.9901,38796,0
PRT.US,D,20210518,000000,6.086,6.4214,5.9422,6.316,104993,0
PRT.US,D,20210519,000000,6.2201,6.3447,5.9422,6.3256,53234,0
PRT.US,D,20210520,000000,6.3544,6.3639,6.2297,6.2488,38198,0
PRT.US,D,20210521,000000,6.3639,6.4214,6.268,6.383,28271,0
PRT.US,D,20210524,000000,6.4214,6.4598,6.2721,6.4502,63232,0
PRT.US,D,20210525,000000,6.4502,6.5748,6.4502,6.5651,54431,0
PRT.US,D,20210526,000000,6.5651,6.5938,6.5222,6.5748,50182,0
PRT.US,D,20210527,000000,6.5805,6.6193,6.5709,6.5999,17009,0
PRT.US,D,20210528,000000,6.5613,6.5709,6.5032,6.5128,24273,0
PRT.US,D,20210601,000000,6.5226,6.6239,6.5226,6.5418,35124,0
PRT.US,D,20210602,000000,6.5709,6.5709,6.5226,6.5515,59423,0
PRT.US,D,20210603,000000,6.5226,6.5437,6.0877,6.397,55083,0
PRT.US,D,20210604,000000,6.3873,6.5322,6.3293,6.4936,22375,0
PRT.US,D,20210607,000000,6.4742,6.5709,6.4742,6.5709,19818,0
PRT.US,D,20210608,000000,6.5709,6.6192,6.5613,6.5902,53437,0
PRT.US,D,20210609,000000,6.5613,6.706,6.5613,6.6771,73508,0
PRT.US,D,20210610,000000,6.7061,6.7061,6.6676,6.7061,23393,0
PRT.US,D,20210611,000000,6.6965,6.7254,6.6771,6.7254,27726,0
PRT.US,D,20210614,000000,6.7254,6.8318,6.7222,6.8318,87176,0
PRT.US,D,20210615,000000,6.8318,6.8511,6.798,6.8414,61410,0
PRT.US,D,20210616,000000,6.8511,6.8511,6.8127,6.8414,17544,0
PRT.US,D,20210617,000000,6.8126,6.8307,6.6385,6.6869,23557,0
PRT.US,D,20210618,000000,6.5805,6.8511,6.5805,6.8414,69528,0
PRT.US,D,20210621,000000,6.8511,7.0057,6.8414,6.9768,66350,0
PRT.US,D,20210622,000000,7.0057,7.1136,6.9091,7.0347,26932,0
PRT.US,D,20210623,000000,7.083,7.1054,7.0347,7.1024,68150,0
PRT.US,D,20210624,000000,7.083,7.1216,7.0733,7.083,44036,0
PRT.US,D,20210625,000000,7.083,7.1312,7.083,7.1024,52955,0
PRT.US,D,20210628,000000,7.1312,7.1312,6.7738,6.9091,85481,0
PRT.US,D,20210629,000000,6.91,6.9881,6.8281,6.8906,23639,0
PRT.US,D,20210630,000000,6.871,7.1147,6.836,6.9392,39776,0
PRT.US,D,20210701,000000,7.0466,7.1926,7.0173,7.1926,32824,0
PRT.US,D,20210702,000000,7.1245,7.1731,6.9101,7.0173,36087,0
PRT.US,D,20210706,000000,7.144,7.1629,7.0367,7.1342,31176,0
PRT.US,D,20210707,000000,7.1926,7.1926,7.0173,7.0563,27656,0
PRT.US,D,20210708,000000,7.0173,7.1616,6.9295,6.9978,23369,0
PRT.US,D,20210709,000000,7.0952,7.0952,6.9587,7.066,31996,0
PRT.US,D,20210712,000000,7.066,7.066,6.9392,7.0466,33853,0
PRT.US,D,20210713,000000,6.9881,7.0563,6.9066,7.0466,19337,0
PRT.US,D,20210714,000000,7.066,7.066,6.9198,6.9587,19575,0
PRT.US,D,20210715,000000,6.9587,6.9587,6.7639,6.8516,62113,0
PRT.US,D,20210716,000000,6.8418,6.8808,6.7639,6.7736,30970,0
PRT.US,D,20210719,000000,6.7542,6.7542,6.0719,6.179,122230,0
PRT.US,D,20210720,000000,6.1596,6.6039,6.1596,6.5203,35119,0
PRT.US,D,20210721,000000,6.6177,6.7444,6.5982,6.6469,33658,0
PRT.US,D,20210722,000000,6.7248,6.7248,6.5982,6.6566,18603,0
PRT.US,D,20210723,000000,6.6177,6.7736,6.6177,6.7639,19403,0
PRT.US,D,20210726,000000,6.8127,6.8127,6.6761,6.7542,71747,0
PRT.US,D,20210727,000000,6.8028,6.8028,6.6371,6.6664,23443,0
PRT.US,D,20210728,000000,6.7346,6.7833,6.5885,6.6956,37426,0
PRT.US,D,20210729,000000,6.7842,6.8333,6.6858,6.7547,25248,0
PRT.US,D,20210730,000000,6.6661,6.7989,6.5565,6.6268,23722,0
PRT.US,D,20210802,000000,6.5875,6.7349,6.5331,6.5777,24756,0
PRT.US,D,20210803,000000,6.499,6.6366,6.263,6.4203,41603,0
PRT.US,D,20210804,000000,6.3023,6.3908,6.1155,6.145,61539,0
PRT.US,D,20210805,000000,6.1253,6.2434,6.0763,6.1549,45411,0
PRT.US,D,20210806,000000,6.145,6.2237,6.0958,6.1844,25039,0
PRT.US,D,20210809,000000,6.0664,6.0664,5.85,6.027,48730,0
PRT.US,D,20210810,000000,6.0074,6.2424,5.9972,6.145,25178,0
PRT.US,D,20210811,000000,6.0958,6.499,6.0958,6.381,32348,0
PRT.US,D,20210812,000000,6.2925,6.3908,6.2237,6.381,17998,0
PRT.US,D,20210813,000000,6.3908,6.3908,6.2434,6.3712,19381,0
PRT.US,D,20210816,000000,6.3712,6.3908,6.3122,6.381,17350,0
PRT.US,D,20210817,000000,6.3908,6.5482,6.327,6.3613,13421,0
PRT.US,D,20210818,000000,6.4203,6.4793,6.2434,6.2942,11090,0
PRT.US,D,20210819,000000,6.1549,6.1549,5.9779,6.1155,31016,0
PRT.US,D,20210820,000000,6.0467,6.2923,5.9976,6.086,71504,0
PRT.US,D,20210823,000000,6.0958,6.2925,6.0609,6.2532,36830,0
PRT.US,D,20210824,000000,6.322,6.3892,6.2001,6.3417,26942,0
PRT.US,D,20210825,000000,6.2925,6.4203,6.2729,6.327,16336,0
PRT.US,D,20210826,000000,6.4006,6.4301,6.2139,6.3417,31886,0
PRT.US,D,20210827,000000,6.3023,6.3809,6.2497,6.3023,38941,0
PRT.US,D,20210830,000000,6.3639,6.4193,6.3043,6.3838,33610,0
PRT.US,D,20210831,000000,6.3341,6.4433,6.3043,6.4135,17574,0
PRT.US,D,20210901,000000,6.4036,6.4464,6.3043,6.3043,15822,0
PRT.US,D,20210902,000000,6.3738,6.393,6.331,6.349,13000,0
PRT.US,D,20210903,000000,6.354,6.4433,6.3135,6.4135,16068,0
PRT.US,D,20210907,000000,6.4334,6.4533,6.2051,6.2646,23940,0
PRT.US,D,20210908,000000,6.3242,6.3242,6.2051,6.2839,27193,0
PRT.US,D,20210909,000000,6.344,6.4235,6.2187,6.3043,28037,0
PRT.US,D,20210910,000000,6.3043,6.4652,6.3043,6.4235,24155,0
PRT.US,D,20210913,000000,6.5029,6.5029,6.354,6.354,55678,0
PRT.US,D,20210914,000000,6.354,6.3639,6.0958,6.2845,20092,0
PRT.US,D,20210915,000000,6.3043,6.7561,6.3043,6.7312,108726,0
PRT.US,D,20210916,000000,6.7213,6.8007,6.5082,6.632,22786,0
PRT.US,D,20210917,000000,6.6518,6.6697,6.5131,6.6121,12360,0
PRT.US,D,20210920,000000,6.4433,6.4433,6.0958,6.1455,56996,0
PRT.US,D,20210921,000000,6.1356,6.354,6.1356,6.2845,26466,0
PRT.US,D,20210922,000000,6.3738,6.3905,6.2547,6.3043,40786,0
PRT.US,D,20210923,000000,6.3937,6.6021,6.354,6.5327,25385,0
PRT.US,D,20210924,000000,6.5029,6.5922,6.5029,6.5327,13170,0
PRT.US,D,20210927,000000,6.5327,6.8007,6.5327,6.7114,76027,0
PRT.US,D,20210928,000000,6.6915,6.8901,6.4831,6.7809,38401,0
PRT.US,D,20210929,000000,6.7213,6.8106,6.5705,6.5922,33396,0
PRT.US,D,20210930,000000,6.5327,6.622,6.4706,6.6121,13368,0
PRT.US,D,20211001,000000,6.5525,6.8107,6.5525,6.6518,32565,0
PRT.US,D,20211004,000000,6.7511,6.8504,6.6717,6.8504,53167,0
PRT.US,D,20211005,000000,6.8504,6.9497,6.8504,6.9397,47939,0
PRT.US,D,20211006,000000,6.7809,6.8951,6.6518,6.7412,57343,0
PRT.US,D,20211007,000000,6.8305,6.8403,6.6372,6.6816,32105,0
PRT.US,D,20211008,000000,6.6617,6.8901,6.6617,6.8504,24927,0
PRT.US,D,20211011,000000,6.8901,6.9397,6.8689,6.9397,42790,0
PRT.US,D,20211012,000000,6.9497,6.9497,6.7213,6.7412,41734,0
PRT.US,D,20211013,000000,6.7114,6.9,6.7114,6.8504,16230,0
PRT.US,D,20211014,000000,6.8504,7.1184,6.8146,6.8603,39391,0
PRT.US,D,20211015,000000,6.9695,6.9993,6.8107,6.8901,19397,0
PRT.US,D,20211018,000000,6.9497,7.0969,6.9149,6.9596,56963,0
PRT.US,D,20211019,000000,7.0787,7.0787,6.8653,6.9397,71806,0
PRT.US,D,20211020,000000,6.9298,7.0986,6.9199,7.0986,42533,0
PRT.US,D,20211021,000000,7.0887,7.1979,7.0192,7.0489,29437,0
PRT.US,D,20211022,000000,7.0489,7.2773,6.9993,7.2773,59478,0
PRT.US,D,20211025,000000,7.2872,7.6645,7.2276,7.6546,128188,0
PRT.US,D,20211026,000000,7.6645,7.9425,7.4461,7.595,60256,0
PRT.US,D,20211027,000000,7.5751,7.6446,7.2376,7.317,58614,0
PRT.US,D,20211028,000000,7.32,7.32,7.1719,7.27,19551,0
PRT.US,D,20211029,000000,7.19,7.2,6.9,6.93,94592,0
PRT.US,D,20211101,000000,6.95,7.16,6.95,7.12,36991,0
PRT.US,D,20211102,000000,7.04,7.1501,7,7.1,24895,0
PRT.US,D,20211103,000000,7.09,7.14,7.05,7.06,28243,0
PRT.US,D,20211104,000000,7.09,7.09,7,7.03,33883,0
PRT.US,D,20211105,000000,7.09,7.09,7.04,7.07,9726,0
PRT.US,D,20211108,000000,7.11,7.35,7.07,7.23,54729,0
PRT.US,D,20211109,000000,7.29,7.29,7.09,7.15,43505,0
PRT.US,D,20211110,000000,7.12,7.24,6.88,6.95,53579,0
PRT.US,D,20211111,000000,7.01,7.18,6.987,7.03,41432,0
PRT.US,D,20211112,000000,7.03,7.0868,6.73,7.08,77976,0
PRT.US,D,20211115,000000,6.99,7.09,6.921,6.96,27706,0
PRT.US,D,20211116,000000,7.01,7.01,6.8395,6.89,25004,0
PRT.US,D,20211117,000000,6.97,7.0764,6.68,7.03,32123,0
PRT.US,D,20211118,000000,7.08,7.08,6.88,6.88,17649,0
PRT.US,D,20211119,000000,6.85,6.945,6.63,6.66,33650,0
PRT.US,D,20211122,000000,6.63,6.76,6.63,6.6569,32773,0
PRT.US,D,20211123,000000,6.65,7.09,6.63,6.99,69570,0
PRT.US,D,20211124,000000,7.02,7.04,6.9,7.04,37135,0
PRT.US,D,20211126,000000,6.63,6.8099,6.56,6.8,133380,0
PRT.US,D,20211129,000000,6.85,7.04,6.72,6.91,24414,0
PRT.US,D,20211130,000000,6.9,6.92,6.55,6.92,36783,0
PRT.US,D,20211201,000000,7,7,6.5,6.5,41636,0
PRT.US,D,20211202,000000,6.62,6.62,6.37,6.42,53899,0
PRT.US,D,20211203,000000,6.42,6.5484,6.4,6.5,17138,0
PRT.US,D,20211206,000000,6.71,6.7898,6.53,6.65,30805,0
PRT.US,D,20211207,000000,6.8,6.8831,6.71,6.87,28161,0
PRT.US,D,20211208,000000,6.86,6.975,6.8335,6.91,21397,0
PRT.US,D,20211209,000000,6.91,6.9812,6.8118,6.88,28277,0
PRT.US,D,20211210,000000,6.97,7.02,6.8292,7.02,25958,0
PRT.US,D,20211213,000000,7.02,7.02,6.9,6.92,18837,0
PRT.US,D,20211214,000000,6.91,6.98,6.7319,6.86,30665,0
PRT.US,D,20211215,000000,6.89,6.93,6.63,6.72,33836,0
PRT.US,D,20211216,000000,6.71,6.8,6.6059,6.78,18809,0
PRT.US,D,20211217,000000,6.8,6.8,6.6422,6.71,17383,0
PRT.US,D,20211220,000000,6.74,6.74,6.62,6.66,76268,0
PRT.US,D,20211221,000000,6.74,6.8,6.66,6.74,36795,0
PRT.US,D,20211222,000000,6.77,6.8,6.75,6.8,24132,0
PRT.US,D,20211223,000000,6.76,6.8,6.76,6.8,49159,0
PRT.US,D,20211227,000000,6.8,7,6.74,7,63793,0
PRT.US,D,20211228,000000,6.94,6.9999,6.8,6.9,55658,0
PRT.US,D,20211229,000000,6.96,7.02,6.83,7.01,66022,0
PRT.US,D,20211230,000000,7.02,7.08,7.01,7.06,36619,0
PRT.US,D,20211231,000000,7.01,7.08,6.911,7,19408,0
PRT.US,D,20220103,000000,6.89,7.07,6.85,6.85,40824,0
PRT.US,D,20220104,000000,6.85,7.08,6.85,7.08,21357,0
PRT.US,D,20220105,000000,7.08,7.08,7.04,7.0799,34439,0
PRT.US,D,20220106,000000,7.08,7.25,7.0533,7.22,111940,0
PRT.US,D,20220107,000000,7.2,7.29,7.2,7.23,38823,0
PRT.US,D,20220110,000000,7.28,7.3,7.225,7.27,36857,0
PRT.US,D,20220111,000000,7.29,7.39,7.25,7.35,57444,0
PRT.US,D,20220112,000000,7.39,7.58,7.39,7.5001,84060,0
PRT.US,D,20220113,000000,7.55,7.66,7.4,7.43,42739,0
PRT.US,D,20220114,000000,7.53,7.5999,7.46,7.51,56894,0
PRT.US,D,20220118,000000,7.57,8.01,7.57,7.985,98062,0
PRT.US,D,20220119,000000,8.13,8.35,8.05,8.25,91084,0
PRT.US,D,20220120,000000,8.25,8.36,7.7661,7.96,93514,0
PRT.US,D,20220121,000000,8,8,7.6076,7.665,67369,0
