<TICKER>,<PER>,<DATE>,<TIME>,<OPEN>,<HIGH>,<LOW>,<CLOSE>,<VOL>,<OPENINT>
PSFE-WS.US,D,20210401,000000,4.45,4.68,4.27,4.64,961371,0
PSFE-WS.US,D,20210405,000000,5,5.12,4.55,4.62,1016171,0
PSFE-WS.US,D,20210406,000000,4.6,4.8,4.4,4.51,446593,0
PSFE-WS.US,D,20210407,000000,4.51,4.88,4.48,4.5,506350,0
PSFE-WS.US,D,20210408,000000,4.59,4.6,4.31,4.55,582189,0
PSFE-WS.US,D,20210409,000000,4.6,4.6,4.2,4.29,298674,0
PSFE-WS.US,D,20210412,000000,3.95,4.21,3.69,3.8701,882588,0
PSFE-WS.US,D,20210413,000000,3.85,3.93,3.66,3.85,498602,0
PSFE-WS.US,D,20210414,000000,4.05,4.3,3.97,4.03,494020,0
PSFE-WS.US,D,20210415,000000,4.2,4.42,4.06,4.3,662184,0
PSFE-WS.US,D,20210416,000000,4.35,4.35,3.96,4,295833,0
PSFE-WS.US,D,20210419,000000,3.63,3.78,3.5,3.605,861326,0
PSFE-WS.US,D,20210420,000000,3.51,3.55,3.21,3.46,883738,0
PSFE-WS.US,D,20210421,000000,3.41,3.59,3.25,3.5,638932,0
PSFE-WS.US,D,20210422,000000,3.3,3.95,3.3,3.88,410567,0
PSFE-WS.US,D,20210423,000000,3.86,4.12,3.8508,4.06,329674,0
PSFE-WS.US,D,20210426,000000,4.21,4.42,4.2,4.37,514721,0
PSFE-WS.US,D,20210427,000000,4.5,4.5,4.3,4.45,189191,0
PSFE-WS.US,D,20210428,000000,4.3,4.45,4.27,4.44,154143,0
PSFE-WS.US,D,20210429,000000,4.48,4.58,4.33,4.495,395139,0
PSFE-WS.US,D,20210430,000000,4.31,4.6,4.28,4.57,420498,0
PSFE-WS.US,D,20210503,000000,4.68,4.69,4.41,4.67,396115,0
PSFE-WS.US,D,20210504,000000,4.61,4.61,4.16,4.5,313095,0
PSFE-WS.US,D,20210505,000000,4.36,4.59,4.27,4.285,104375,0
PSFE-WS.US,D,20210506,000000,4.13,4.33,3.93,4,315327,0
PSFE-WS.US,D,20210507,000000,4,4.49,4,4.38,313414,0
PSFE-WS.US,D,20210510,000000,4.27,4.49,4.24,4.47,316945,0
PSFE-WS.US,D,20210511,000000,3.06,3.8,2.87,3.75,907348,0
PSFE-WS.US,D,20210512,000000,3.5,3.59,3.06,3.17,836978,0
PSFE-WS.US,D,20210513,000000,3.15,3.2999,2.72,2.95,992610,0
PSFE-WS.US,D,20210514,000000,2.88,3.27,2.88,3.19,357355,0
PSFE-WS.US,D,20210517,000000,3.11,3.37,3.11,3.3,69602,0
PSFE-WS.US,D,20210518,000000,3.45,4,3.45,3.81,553884,0
PSFE-WS.US,D,20210519,000000,3.6,4.05,3.6,4.02,339265,0
PSFE-WS.US,D,20210520,000000,3.97,4.22,3.95,3.95,292288,0
PSFE-WS.US,D,20210521,000000,4.1,4.16,3.85,3.8606,321362,0
PSFE-WS.US,D,20210524,000000,3.81,3.91,3.56,3.6,210610,0
PSFE-WS.US,D,20210525,000000,3.6,3.6,3.45,3.47,222910,0
PSFE-WS.US,D,20210526,000000,3.49,3.54,3.395,3.51,162573,0
PSFE-WS.US,D,20210527,000000,3.53,3.56,3.39,3.39,85670,0
PSFE-WS.US,D,20210528,000000,3.45,3.51,3.35,3.4,72473,0
PSFE-WS.US,D,20210601,000000,3.35,3.725,3.31,3.655,150122,0
PSFE-WS.US,D,20210602,000000,3.6,3.87,3.45,3.8,208040,0
PSFE-WS.US,D,20210603,000000,3.71,3.867,3.53,3.66,117732,0
PSFE-WS.US,D,20210604,000000,3.58,3.8,3.58,3.72,159310,0
PSFE-WS.US,D,20210607,000000,3.88,3.91,3.65,3.74,124606,0
PSFE-WS.US,D,20210608,000000,3.75,3.765,3.52,3.61,213624,0
PSFE-WS.US,D,20210609,000000,3.68,3.68,3.5,3.66,182032,0
PSFE-WS.US,D,20210610,000000,3.55,3.6215,3.41,3.4873,95920,0
PSFE-WS.US,D,20210611,000000,3.45,3.53,3.39,3.4699,126811,0
PSFE-WS.US,D,20210614,000000,3.44,3.52,3.32,3.32,133683,0
PSFE-WS.US,D,20210615,000000,3.32,3.35,3.15,3.235,114629,0
PSFE-WS.US,D,20210616,000000,3.16,3.26,3.15,3.23,183663,0
PSFE-WS.US,D,20210617,000000,3.24,3.33,3.17,3.26,182543,0
PSFE-WS.US,D,20210618,000000,3.36,3.54,3.3001,3.34,109706,0
PSFE-WS.US,D,20210621,000000,3.35,3.38,3.18,3.3,69056,0
PSFE-WS.US,D,20210622,000000,3.22,3.32,3.15,3.22,170026,0
PSFE-WS.US,D,20210623,000000,3.15,3.32,3.15,3.25,341739,0
PSFE-WS.US,D,20210624,000000,3.29,3.29,3.16,3.1799,135572,0
PSFE-WS.US,D,20210625,000000,3.66,4,3.48,3.55,925199,0
PSFE-WS.US,D,20210628,000000,3.86,4.1,3.63,3.67,403442,0
PSFE-WS.US,D,20210629,000000,3.8,3.8,3.42,3.53,201663,0
PSFE-WS.US,D,20210630,000000,3.6,3.76,3.5,3.58,178936,0
PSFE-WS.US,D,20210701,000000,3.56,3.5601,3.38,3.42,95955,0
PSFE-WS.US,D,20210702,000000,3.38,3.42,3.23,3.3,149146,0
PSFE-WS.US,D,20210706,000000,3.29,3.29,3.15,3.22,142961,0
PSFE-WS.US,D,20210707,000000,3.18,3.24,3.1501,3.1799,74776,0
PSFE-WS.US,D,20210708,000000,3.13,3.1899,3.05,3.11,176045,0
PSFE-WS.US,D,20210709,000000,3.08,3.23,3.08,3.2,98965,0
PSFE-WS.US,D,20210712,000000,3.26,3.28,3.17,3.1999,44385,0
PSFE-WS.US,D,20210713,000000,3.15,3.1512,3.01,3.055,170619,0
PSFE-WS.US,D,20210714,000000,3.33,3.33,3,3,218432,0
PSFE-WS.US,D,20210715,000000,3.19,3.19,2.93,3.14,150887,0
PSFE-WS.US,D,20210716,000000,3.23,3.23,2.8903,2.9,115300,0
PSFE-WS.US,D,20210719,000000,2.88,2.9,2.7,2.9,181216,0
PSFE-WS.US,D,20210720,000000,3.06,3.06,2.85,2.93,114554,0
PSFE-WS.US,D,20210721,000000,3.06,3.08,2.85,3.01,145470,0
PSFE-WS.US,D,20210722,000000,3.1,3.1,2.92,2.92,55113,0
PSFE-WS.US,D,20210723,000000,2.85,2.925,2.7,2.905,163988,0
PSFE-WS.US,D,20210726,000000,3,3,2.78,2.7899,48904,0
PSFE-WS.US,D,20210727,000000,2.8,2.8,2.63,2.72,126711,0
PSFE-WS.US,D,20210728,000000,2.65,2.7711,2.65,2.7711,140923,0
PSFE-WS.US,D,20210729,000000,2.78,2.88,2.75,2.835,179432,0
PSFE-WS.US,D,20210730,000000,3,3,2.68,2.73,93526,0
PSFE-WS.US,D,20210802,000000,2.76,2.98,2.76,2.83,173949,0
PSFE-WS.US,D,20210803,000000,2.8,2.81,2.65,2.69,84506,0
PSFE-WS.US,D,20210804,000000,2.66,2.66,2.49,2.505,65929,0
PSFE-WS.US,D,20210805,000000,2.65,2.65,2.46,2.46,215509,0
PSFE-WS.US,D,20210806,000000,2.7,2.8,2.63,2.69,432428,0
PSFE-WS.US,D,20210809,000000,2.75,2.92,2.72,2.8,145980,0
PSFE-WS.US,D,20210810,000000,2.79,2.88,2.6,2.72,197436,0
PSFE-WS.US,D,20210811,000000,2.8,2.88,2.62,2.65,116246,0
PSFE-WS.US,D,20210812,000000,2.61,2.84,2.61,2.8301,139251,0
PSFE-WS.US,D,20210813,000000,2.85,3.08,2.6796,2.6796,864267,0
PSFE-WS.US,D,20210816,000000,2.47,2.47,2.1099,2.24,986256,0
PSFE-WS.US,D,20210817,000000,2.24,2.4,1.9,1.92,789844,0
PSFE-WS.US,D,20210818,000000,2,2,1.8,1.81,581319,0
PSFE-WS.US,D,20210819,000000,1.73,1.85,1.5,1.59,941828,0
PSFE-WS.US,D,20210820,000000,1.59,1.7,1.55,1.675,883289,0
PSFE-WS.US,D,20210823,000000,1.8,2,1.73,1.9,292556,0
PSFE-WS.US,D,20210824,000000,2.05,2.19,1.95,2.01,629957,0
PSFE-WS.US,D,20210825,000000,2.11,2.11,1.97,2.02,222555,0
PSFE-WS.US,D,20210826,000000,1.99,2.17,1.9,1.94,226662,0
PSFE-WS.US,D,20210827,000000,2,2.14,1.95,2.05,220551,0
PSFE-WS.US,D,20210830,000000,2.07,2.07,1.92,1.93,169959,0
PSFE-WS.US,D,20210831,000000,1.91,2.03,1.91,2.02,52212,0
PSFE-WS.US,D,20210901,000000,1.95,2.225,1.95,2.1101,210360,0
PSFE-WS.US,D,20210902,000000,2.13,2.3,2.1,2.23,148629,0
PSFE-WS.US,D,20210903,000000,2.35,2.3574,2.24,2.32,130192,0
PSFE-WS.US,D,20210907,000000,2.32,2.35,2.0851,2.15,162613,0
PSFE-WS.US,D,20210908,000000,2.05,2.2,2.05,2.11,79103,0
PSFE-WS.US,D,20210909,000000,2.01,2.24,2.01,2.14,94671,0
PSFE-WS.US,D,20210910,000000,2.15,2.23,2.07,2.09,96576,0
PSFE-WS.US,D,20210913,000000,2.14,2.17,2,2.03,148156,0
PSFE-WS.US,D,20210914,000000,2.01,2.0699,1.88,1.94,225267,0
PSFE-WS.US,D,20210915,000000,1.9501,2.04,1.95,2.03,198420,0
PSFE-WS.US,D,20210916,000000,2.09,2.09,1.96,2,55211,0
PSFE-WS.US,D,20210917,000000,2.01,2.02,1.95,1.9599,221940,0
PSFE-WS.US,D,20210920,000000,1.97,2,1.82,1.89,141544,0
PSFE-WS.US,D,20210921,000000,2,2,1.85,1.98,262120,0
PSFE-WS.US,D,20210922,000000,1.95,2.08,1.95,1.95,177145,0
PSFE-WS.US,D,20210923,000000,2.1,2.1,1.97,2,75205,0
PSFE-WS.US,D,20210924,000000,2.1,2.1,1.93,2.0077,94602,0
PSFE-WS.US,D,20210927,000000,2.04,2.04,1.9,1.9699,102620,0
PSFE-WS.US,D,20210928,000000,1.9,1.96,1.89,1.8902,103106,0
PSFE-WS.US,D,20210929,000000,2.03,2.03,1.75,1.79,157628,0
PSFE-WS.US,D,20210930,000000,1.97,1.97,1.78,1.85,151432,0
PSFE-WS.US,D,20211001,000000,1.99,1.99,1.76,1.83,188024,0
PSFE-WS.US,D,20211004,000000,1.83,1.83,1.67,1.7,119637,0
PSFE-WS.US,D,20211005,000000,1.82,1.82,1.6,1.65,135739,0
PSFE-WS.US,D,20211006,000000,1.64,1.71,1.56,1.65,374041,0
PSFE-WS.US,D,20211007,000000,1.705,1.78,1.68,1.68,989499,0
PSFE-WS.US,D,20211008,000000,1.72,1.76,1.66,1.72,280913,0
PSFE-WS.US,D,20211011,000000,1.72,1.79,1.64,1.66,297032,0
PSFE-WS.US,D,20211012,000000,1.75,1.75,1.62,1.65,180966,0
PSFE-WS.US,D,20211013,000000,1.6899,1.77,1.61,1.76,206783,0
PSFE-WS.US,D,20211014,000000,1.8,1.98,1.78,1.88,256827,0
PSFE-WS.US,D,20211015,000000,1.95,1.99,1.86,1.86,216753,0
PSFE-WS.US,D,20211018,000000,1.85,1.95,1.8,1.8576,133908,0
PSFE-WS.US,D,20211019,000000,1.9,2.0396,1.87,1.985,273550,0
PSFE-WS.US,D,20211020,000000,2.05,2.08,1.9208,1.97,250820,0
PSFE-WS.US,D,20211021,000000,2.08,2.226,2.02,2.08,387997,0
PSFE-WS.US,D,20211022,000000,2.08,2.14,2.01,2.1,149584,0
PSFE-WS.US,D,20211025,000000,2.14,2.14,1.85,1.93,362711,0
PSFE-WS.US,D,20211026,000000,1.96,1.99,1.85,1.91,301695,0
PSFE-WS.US,D,20211027,000000,2,2,1.86,1.87,118507,0
PSFE-WS.US,D,20211028,000000,1.87,1.95,1.86,1.89,84821,0
PSFE-WS.US,D,20211029,000000,1.97,2.0399,1.92,2,164951,0
PSFE-WS.US,D,20211101,000000,2.07,2.14,2.01,2.01,268260,0
PSFE-WS.US,D,20211102,000000,2.07,2.08,1.93,1.97,124067,0
PSFE-WS.US,D,20211103,000000,1.97,2.03,1.92,1.95,150098,0
PSFE-WS.US,D,20211104,000000,1.9,2,1.88,1.93,147482,0
PSFE-WS.US,D,20211105,000000,1.9,2,1.8953,1.9,104186,0
PSFE-WS.US,D,20211108,000000,1.95,2.03,1.9499,2.02,335407,0
PSFE-WS.US,D,20211109,000000,2.06,2.12,1.92,1.98,334276,0
PSFE-WS.US,D,20211110,000000,1.98,2.01,1.8,1.9,406331,0
PSFE-WS.US,D,20211111,000000,1.31,1.37,0.9813,0.99,8038868,0
PSFE-WS.US,D,20211112,000000,1.06,1.1,1.01,1.07,1905088,0
PSFE-WS.US,D,20211115,000000,1.03,1.05,0.9999,1.04,771372,0
PSFE-WS.US,D,20211116,000000,1.07,1.07,0.9,0.9999,946840,0
PSFE-WS.US,D,20211117,000000,1,1,0.9001,0.929899,698028,0
PSFE-WS.US,D,20211118,000000,0.9499,0.97,0.79,0.83,1225286,0
PSFE-WS.US,D,20211119,000000,0.86,0.88,0.79,0.8128,344881,0
PSFE-WS.US,D,20211122,000000,0.85,0.87,0.75,0.8397,625375,0
PSFE-WS.US,D,20211123,000000,0.7511,0.86,0.75,0.77,316133,0
PSFE-WS.US,D,20211124,000000,0.76,0.824899,0.743,0.7888,389694,0
PSFE-WS.US,D,20211126,000000,0.78,0.8399,0.7514,0.7615,216602,0
PSFE-WS.US,D,20211129,000000,0.7816,0.8001,0.7,0.7283,382746,0
PSFE-WS.US,D,20211130,000000,0.71,0.7498,0.6702,0.7,1037524,0
PSFE-WS.US,D,20211201,000000,0.7,0.749899,0.5988,0.6099,661288,0
PSFE-WS.US,D,20211202,000000,0.65,0.6669,0.58,0.59,2285521,0
PSFE-WS.US,D,20211203,000000,0.614,0.6361,0.5205,0.6099,3675367,0
PSFE-WS.US,D,20211206,000000,0.61,0.74,0.55,0.72,436768,0
PSFE-WS.US,D,20211207,000000,0.73,0.750291,0.695,0.7,305756,0
PSFE-WS.US,D,20211208,000000,0.7521,0.94,0.75,0.8253,1107985,0
PSFE-WS.US,D,20211209,000000,0.77,0.8463,0.7518,0.76,271916,0
PSFE-WS.US,D,20211210,000000,0.71,0.7988,0.675,0.7,338106,0
PSFE-WS.US,D,20211213,000000,0.7,0.72,0.62,0.63,289205,0
PSFE-WS.US,D,20211214,000000,0.66,0.66,0.603,0.6078,235646,0
PSFE-WS.US,D,20211215,000000,0.6,0.6599,0.58,0.6426,235854,0
PSFE-WS.US,D,20211216,000000,0.6599,0.73,0.6115,0.645,306215,0
PSFE-WS.US,D,20211217,000000,0.6299,0.679799,0.5731,0.67,812295,0
PSFE-WS.US,D,20211220,000000,0.6707,0.6707,0.5701,0.613499,480448,0
PSFE-WS.US,D,20211221,000000,0.62,0.67,0.5975,0.66,1260650,0
PSFE-WS.US,D,20211222,000000,0.66,0.6701,0.62,0.6517,718809,0
PSFE-WS.US,D,20211223,000000,0.654,0.755,0.654,0.743,521277,0
PSFE-WS.US,D,20211227,000000,0.74,0.7898,0.686,0.686,383345,0
PSFE-WS.US,D,20211228,000000,0.68,0.75,0.65011,0.6516,304111,0
PSFE-WS.US,D,20211229,000000,0.65,0.7001,0.6025,0.61,433123,0
PSFE-WS.US,D,20211230,000000,0.6699,0.69,0.5901,0.6667,647976,0
PSFE-WS.US,D,20211231,000000,0.62,0.72,0.619,0.65995,397573,0
PSFE-WS.US,D,20220103,000000,0.66,0.740401,0.6402,0.7099,141636,0
PSFE-WS.US,D,20220104,000000,0.71,0.8298,0.71,0.740549,318453,0
PSFE-WS.US,D,20220105,000000,0.7464,0.7697,0.5901,0.657,223334,0
PSFE-WS.US,D,20220106,000000,0.67,0.7499,0.5901,0.72,217607,0
PSFE-WS.US,D,20220107,000000,0.73,0.7898,0.7201,0.7455,161446,0
PSFE-WS.US,D,20220110,000000,0.75,0.76,0.6702,0.7,169532,0
PSFE-WS.US,D,20220111,000000,0.6998,0.76,0.6998,0.7321,149387,0
PSFE-WS.US,D,20220112,000000,0.7343,0.758,0.6901,0.729799,97374,0
PSFE-WS.US,D,20220113,000000,0.7152,0.73,0.65,0.6994,129626,0
PSFE-WS.US,D,20220114,000000,0.737,0.737,0.63,0.6998,179210,0
PSFE-WS.US,D,20220118,000000,0.7,0.7,0.62,0.6389,125482,0
PSFE-WS.US,D,20220119,000000,0.62,0.6501,0.5999,0.65,138111,0
PSFE-WS.US,D,20220120,000000,0.61,0.79,0.61,0.6899,282571,0
PSFE-WS.US,D,20220121,000000,0.6201,0.6695,0.595,0.620251,201173,0
