<TICKER>,<PER>,<DATE>,<TIME>,<OPEN>,<HIGH>,<LOW>,<CLOSE>,<VOL>,<OPENINT>
PSFJ.US,D,20210702,000000,20.58,20.67,20.58,20.6325,1528,0
PSFJ.US,D,20210706,000000,20.59,20.65,20.59,20.6339,11114,0
PSFJ.US,D,20210707,000000,20.61,20.67,20.61,20.66,2341,0
PSFJ.US,D,20210708,000000,20.51,20.57,20.41,20.5028,7325,0
PSFJ.US,D,20210709,000000,20.65,20.68,20.65,20.6758,273,0
PSFJ.US,D,20210712,000000,20.7057,20.7057,20.7057,20.7057,33,0
PSFJ.US,D,20210713,000000,20.7011,20.7011,20.6635,20.6635,187,0
PSFJ.US,D,20210714,000000,20.68,20.73,20.68,20.7,26729,0
PSFJ.US,D,20210715,000000,20.62,20.62,20.62,20.62,15,0
PSFJ.US,D,20210716,000000,20.8,20.8,20.5117,20.5117,29875,0
PSFJ.US,D,20210719,000000,20.3307,20.3307,20.24,20.3057,4262,0
PSFJ.US,D,20210720,000000,20.48,20.53,20.48,20.51,28335,0
PSFJ.US,D,20210721,000000,20.54,20.5602,20.53,20.5602,24433,0
PSFJ.US,D,20210722,000000,20.68,20.68,20.68,20.68,9483,0
PSFJ.US,D,20210723,000000,20.71,20.7751,20.71,20.7751,2138,0
PSFJ.US,D,20210726,000000,20.78,20.81,20.78,20.81,26538,0
PSFJ.US,D,20210727,000000,20.71,20.71,20.6797,20.6797,26233,0
PSFJ.US,D,20210728,000000,20.69,20.7,20.69,20.6966,725,0
PSFJ.US,D,20210729,000000,20.84,20.84,20.84,20.84,6615,0
PSFJ.US,D,20210730,000000,20.66,20.67,20.645,20.6554,10200,0
PSFJ.US,D,20210802,000000,20.81,20.81,20.7675,20.7675,1010,0
PSFJ.US,D,20210803,000000,20.8039,20.8039,20.8039,20.8039,1,0
PSFJ.US,D,20210804,000000,20.7245,20.7245,20.7245,20.7245,15,0
PSFJ.US,D,20210805,000000,20.83,20.87,20.83,20.87,13171,0
PSFJ.US,D,20210806,000000,20.87,20.87,20.847,20.847,300,0
PSFJ.US,D,20210809,000000,20.82,20.82,20.82,20.82,99,0
PSFJ.US,D,20210810,000000,20.8412,20.8412,20.8412,20.8412,3,0
PSFJ.US,D,20210811,000000,20.8516,20.8529,20.8516,20.8529,190,0
PSFJ.US,D,20210812,000000,20.9004,20.9004,20.9004,20.9004,3,0
PSFJ.US,D,20210813,000000,20.9276,20.9276,20.9276,20.9276,3,0
PSFJ.US,D,20210816,000000,20.91,20.94,20.8977,20.8977,110767,0
PSFJ.US,D,20210817,000000,20.78,20.85,20.78,20.81,10121,0
PSFJ.US,D,20210818,000000,20.86,20.87,20.77,20.77,3142,0
PSFJ.US,D,20210819,000000,20.59,20.73,20.59,20.6998,74744,0
PSFJ.US,D,20210820,000000,20.7947,20.7947,20.7947,20.7947,3,0
PSFJ.US,D,20210823,000000,20.9867,20.9867,20.9867,20.9867,5,0
PSFJ.US,D,20210824,000000,21,21,20.95,20.9782,200,0
PSFJ.US,D,20210825,000000,20.978,20.978,20.978,20.978,3,0
PSFJ.US,D,20210826,000000,20.94,20.94,20.9225,20.9225,200,0
PSFJ.US,D,20210827,000000,21.06,21.06,21.06,21.06,3,0
PSFJ.US,D,20210830,000000,21.1,21.1,21.1,21.1,3,0
PSFJ.US,D,20210831,000000,21.06,21.08,21.06,21.08,6567,0
PSFJ.US,D,20210901,000000,21.1,21.15,21.1,21.14,26502,0
PSFJ.US,D,20210902,000000,21.1225,21.1225,21.1225,21.1225,4,0
PSFJ.US,D,20210903,000000,21.1159,21.1159,21.1159,21.1159,3,0
PSFJ.US,D,20210907,000000,21.0705,21.0705,21.0705,21.0705,1,0
PSFJ.US,D,20210908,000000,21.02,21.05,20.97,20.97,22155,0
PSFJ.US,D,20210909,000000,20.961,20.961,20.961,20.961,1,0
PSFJ.US,D,20210910,000000,21.02,21.02,20.9648,20.9648,302,0
PSFJ.US,D,20210913,000000,21.03,21.03,20.97,20.9996,2504,0
PSFJ.US,D,20210914,000000,20.8657,20.8657,20.8657,20.8657,1,0
PSFJ.US,D,20210915,000000,20.9851,20.9851,20.9851,20.9851,1,0
PSFJ.US,D,20210916,000000,20.936,20.936,20.936,20.936,1,0
PSFJ.US,D,20210917,000000,20.8358,20.8358,20.8358,20.8358,142,0
PSFJ.US,D,20210920,000000,20.42,20.64,20.4,20.48,50682,0
PSFJ.US,D,20210921,000000,20.6038,20.64,20.6038,20.6366,1927,0
PSFJ.US,D,20210922,000000,20.7734,20.7734,20.7734,20.7734,500,0
PSFJ.US,D,20210923,000000,20.9434,20.9434,20.9434,20.9434,1,0
PSFJ.US,D,20210924,000000,20.96,20.98,20.94,20.9663,2806,0
PSFJ.US,D,20210927,000000,20.9263,20.9263,20.9263,20.9263,500,0
PSFJ.US,D,20210928,000000,20.6893,20.6893,20.6893,20.6893,3,0
PSFJ.US,D,20210929,000000,20.702,20.702,20.702,20.702,1,0
PSFJ.US,D,20210930,000000,20.5876,20.5876,20.5876,20.5876,500,0
PSFJ.US,D,20211001,000000,20.7166,20.7166,20.7166,20.7166,500,0
PSFJ.US,D,20211004,000000,20.5485,20.5485,20.5485,20.5485,5,0
PSFJ.US,D,20211005,000000,20.7002,20.7002,20.7002,20.7002,6,0
PSFJ.US,D,20211006,000000,20.7236,20.7236,20.7236,20.7236,2,0
PSFJ.US,D,20211007,000000,20.8407,20.8407,20.8407,20.8407,1,0
PSFJ.US,D,20211008,000000,20.8343,20.8343,20.8343,20.8343,1,0
PSFJ.US,D,20211011,000000,20.7489,20.7489,20.7489,20.7489,1,0
PSFJ.US,D,20211012,000000,20.7328,20.7328,20.7328,20.7328,1,0
PSFJ.US,D,20211013,000000,20.7825,20.7825,20.7825,20.7825,1,0
PSFJ.US,D,20211014,000000,20.9869,20.9869,20.9869,20.9869,1,0
PSFJ.US,D,20211015,000000,21.06,21.0732,21.06,21.0732,26202,0
PSFJ.US,D,20211018,000000,21.11,21.11,21.04,21.04,29902,0
PSFJ.US,D,20211019,000000,21.1653,21.1653,21.1653,21.1653,1,0
PSFJ.US,D,20211020,000000,21.207,21.207,21.207,21.207,1,0
PSFJ.US,D,20211021,000000,21.2437,21.2437,21.2437,21.2437,1,0
PSFJ.US,D,20211022,000000,21.2545,21.2545,21.2545,21.2545,1,0
PSFJ.US,D,20211025,000000,21.2873,21.2873,21.2873,21.2873,1,0
PSFJ.US,D,20211026,000000,21.3265,21.3265,21.3265,21.3265,1,0
PSFJ.US,D,20211027,000000,21.2601,21.2601,21.2601,21.2601,1,0
PSFJ.US,D,20211028,000000,21.3391,21.3391,21.3391,21.3391,1,0
PSFJ.US,D,20211029,000000,21.3547,21.3547,21.3547,21.3547,1,0
PSFJ.US,D,20211101,000000,21.33,21.33,21.33,21.33,7456,0
PSFJ.US,D,20211102,000000,21.405,21.405,21.405,21.405,1,0
PSFJ.US,D,20211103,000000,21.4899,21.4899,21.4899,21.4899,1,0
PSFJ.US,D,20211104,000000,21.5252,21.5252,21.5252,21.5252,1,0
PSFJ.US,D,20211105,000000,21.53,21.58,21.47,21.47,3460,0
PSFJ.US,D,20211108,000000,21.5343,21.5343,21.5343,21.5343,1,0
PSFJ.US,D,20211109,000000,21.485,21.485,21.485,21.485,1,0
PSFJ.US,D,20211110,000000,21.425,21.425,21.425,21.425,1,0
PSFJ.US,D,20211111,000000,21.4343,21.4343,21.4343,21.4343,2,0
PSFJ.US,D,20211112,000000,21.515,21.515,21.515,21.515,1,0
PSFJ.US,D,20211115,000000,21.3,21.3,21.3,21.3,3992,0
PSFJ.US,D,20211116,000000,21.51,21.5461,21.51,21.5461,692,0
PSFJ.US,D,20211117,000000,21.515,21.515,21.515,21.515,1,0
PSFJ.US,D,20211118,000000,21.5296,21.5296,21.5296,21.5296,1,0
PSFJ.US,D,20211119,000000,21.495,21.495,21.495,21.495,1,0
PSFJ.US,D,20211122,000000,21.4873,21.4873,21.4873,21.4873,1,0
PSFJ.US,D,20211123,000000,21.475,21.475,21.475,21.475,1,0
PSFJ.US,D,20211124,000000,21.5129,21.5129,21.5129,21.5129,1,0
PSFJ.US,D,20211126,000000,21.29,21.32,21.22,21.2666,14808,0
PSFJ.US,D,20211129,000000,21.36,21.36,21.36,21.36,1735,0
PSFJ.US,D,20211130,000000,21.33,21.33,21.1906,21.1906,1733,0
PSFJ.US,D,20211201,000000,21.15,21.15,21.063,21.063,2801,0
PSFJ.US,D,20211202,000000,21.2111,21.2111,21.2111,21.2111,1,0
PSFJ.US,D,20211203,000000,21.1252,21.1252,21.1252,21.1252,1,0
PSFJ.US,D,20211206,000000,21.2237,21.2237,21.2237,21.2237,1,0
PSFJ.US,D,20211207,000000,21.4363,21.4363,21.4363,21.4363,1,0
PSFJ.US,D,20211208,000000,21.497,21.497,21.497,21.497,1,0
PSFJ.US,D,20211209,000000,21.4784,21.4784,21.4784,21.4784,1,0
PSFJ.US,D,20211210,000000,21.5623,21.5623,21.5623,21.5623,1,0
PSFJ.US,D,20211213,000000,21.4789,21.4789,21.4789,21.4789,1,0
PSFJ.US,D,20211214,000000,21.398,21.398,21.398,21.398,1,0
PSFJ.US,D,20211215,000000,21.5644,21.5644,21.5644,21.5644,1,0
PSFJ.US,D,20211216,000000,21.4967,21.4967,21.4967,21.4967,1,0
PSFJ.US,D,20211217,000000,21.3463,21.3463,21.3463,21.3463,1,0
PSFJ.US,D,20211220,000000,21.23,21.23,21.23,21.23,1,0
PSFJ.US,D,20211221,000000,21.4343,21.4343,21.4343,21.4343,1,0
PSFJ.US,D,20211222,000000,21.5389,21.5389,21.5389,21.5389,1,0
PSFJ.US,D,20211223,000000,21.6233,21.6233,21.6233,21.6233,1,0
PSFJ.US,D,20211227,000000,21.725,21.725,21.725,21.725,1,0
PSFJ.US,D,20211228,000000,21.7,21.7,21.7,21.7,1,0
PSFJ.US,D,20211229,000000,21.7356,21.7356,21.7356,21.7356,1,0
PSFJ.US,D,20211230,000000,21.7233,21.7233,21.7233,21.7233,1,0
PSFJ.US,D,20211231,000000,21.7169,21.7169,21.7169,21.7169,1,0
PSFJ.US,D,20220103,000000,21.7966,21.7966,21.7966,21.7966,3,0
PSFJ.US,D,20220104,000000,21.7943,21.7943,21.7943,21.7943,2,0
PSFJ.US,D,20220105,000000,21.6362,21.6362,21.6362,21.6362,2,0
PSFJ.US,D,20220106,000000,21.6154,21.6154,21.6154,21.6154,2,0
PSFJ.US,D,20220107,000000,21.6004,21.6004,21.6004,21.6004,2,0
PSFJ.US,D,20220110,000000,21.5838,21.5838,21.5838,21.5838,2,0
PSFJ.US,D,20220111,000000,21.6915,21.6915,21.6915,21.6915,2,0
PSFJ.US,D,20220112,000000,21.71,21.7264,21.685,21.7264,11327,0
PSFJ.US,D,20220113,000000,21.5986,21.5986,21.5986,21.5986,2,0
PSFJ.US,D,20220114,000000,21.6088,21.6088,21.6088,21.6088,2,0
PSFJ.US,D,20220118,000000,21.4145,21.4145,21.4145,21.4145,48,0
PSFJ.US,D,20220119,000000,21.3563,21.3563,21.3563,21.3563,48,0
PSFJ.US,D,20220120,000000,21.2334,21.2334,21.2334,21.2334,2,0
PSFJ.US,D,20220121,000000,21.06,21.06,21.0325,21.0325,900,0
