<TICKER>,<PER>,<DATE>,<TIME>,<OPEN>,<HIGH>,<LOW>,<CLOSE>,<VOL>,<OPENINT>
PTA.US,D,20201030,000000,23.701,23.717,23.625,23.625,176363,0
PTA.US,D,20201102,000000,23.674,23.674,23.625,23.625,246302,0
PTA.US,D,20201103,000000,23.634,23.664,23.625,23.625,381745,0
PTA.US,D,20201104,000000,23.644,23.786,23.634,23.674,272616,0
PTA.US,D,20201105,000000,23.683,23.717,23.644,23.654,77117,0
PTA.US,D,20201106,000000,23.654,23.674,23.634,23.654,74594,0
PTA.US,D,20201109,000000,23.708,23.863,23.389,23.737,1037836,0
PTA.US,D,20201110,000000,23.747,23.777,23.683,23.683,58041,0
PTA.US,D,20201111,000000,23.737,23.767,23.693,23.727,44888,0
PTA.US,D,20201112,000000,23.683,23.727,23.674,23.701,50925,0
PTA.US,D,20201113,000000,23.701,23.717,23.675,23.708,47114,0
PTA.US,D,20201116,000000,23.757,23.757,23.701,23.717,49701,0
PTA.US,D,20201117,000000,23.833,23.833,23.708,23.717,110140,0
PTA.US,D,20201118,000000,23.767,23.814,23.737,23.767,66947,0
PTA.US,D,20201119,000000,23.717,23.777,23.693,23.717,92148,0
PTA.US,D,20201120,000000,23.747,23.796,23.717,23.796,57611,0
PTA.US,D,20201123,000000,23.806,23.926,23.806,23.916,82098,0
PTA.US,D,20201124,000000,23.946,24.022,23.868,24.022,92918,0
PTA.US,D,20201125,000000,24.012,24.07,23.872,24.052,70613,0
PTA.US,D,20201127,000000,24.052,24.087,23.873,23.898,42162,0
PTA.US,D,20201130,000000,23.814,23.898,23.683,23.833,62419,0
PTA.US,D,20201201,000000,23.737,23.767,23.625,23.625,207480,0
PTA.US,D,20201202,000000,23.747,23.747,23.644,23.708,71004,0
PTA.US,D,20201203,000000,23.708,23.898,23.708,23.863,81666,0
PTA.US,D,20201204,000000,23.882,23.995,23.853,23.985,69979,0
PTA.US,D,20201207,000000,23.985,23.995,23.683,23.853,79966,0
PTA.US,D,20201208,000000,23.898,23.926,23.727,23.873,90199,0
PTA.US,D,20201209,000000,23.898,24.095,23.853,23.956,131353,0
PTA.US,D,20201210,000000,24.052,24.343,23.904,24.259,114877,0
PTA.US,D,20201211,000000,24.571,24.571,23.906,24.211,88547,0
PTA.US,D,20201214,000000,24.164,24.285,23.814,24.285,117070,0
PTA.US,D,20201215,000000,24.285,24.636,24.225,24.343,186805,0
PTA.US,D,20201216,000000,24.465,24.567,24.004,24.087,154355,0
PTA.US,D,20201217,000000,24.087,24.334,24.058,24.135,113534,0
PTA.US,D,20201218,000000,24.251,24.545,24.186,24.447,79443,0
PTA.US,D,20201221,000000,24.561,24.654,24.095,24.125,80416,0
PTA.US,D,20201222,000000,24.105,24.511,24.095,24.174,160473,0
PTA.US,D,20201223,000000,24.505,24.753,24.411,24.458,90717,0
PTA.US,D,20201224,000000,24.791,24.791,24.528,24.763,17514,0
PTA.US,D,20201228,000000,24.791,24.923,24.426,24.773,97994,0
PTA.US,D,20201229,000000,24.933,24.933,24.495,24.573,105951,0
PTA.US,D,20201230,000000,24.685,24.767,24.393,24.675,42887,0
PTA.US,D,20201231,000000,24.695,24.828,24.61,24.695,37424,0
PTA.US,D,20210104,000000,24.648,24.648,24.058,24.251,79304,0
PTA.US,D,20210105,000000,24.145,24.544,24.095,24.259,98811,0
PTA.US,D,20210106,000000,24.259,24.268,23.984,24.031,70226,0
PTA.US,D,20210107,000000,24.031,24.345,23.984,24.051,75614,0
PTA.US,D,20210108,000000,24.061,24.315,24.031,24.286,73728,0
PTA.US,D,20210111,000000,24.174,24.305,23.935,23.974,81712,0
PTA.US,D,20210112,000000,23.925,24.106,23.879,23.965,80693,0
PTA.US,D,20210113,000000,24.011,24.824,23.945,24.106,113568,0
PTA.US,D,20210114,000000,24.155,24.155,23.925,24.061,43851,0
PTA.US,D,20210115,000000,24.051,24.242,23.965,24.126,77830,0
PTA.US,D,20210119,000000,24.155,24.155,23.879,24.051,98731,0
PTA.US,D,20210120,000000,24.051,24.145,23.887,24.041,61451,0
PTA.US,D,20210121,000000,23.945,24.155,23.945,24.106,59803,0
PTA.US,D,20210122,000000,24.155,24.222,24.061,24.136,75986,0
PTA.US,D,20210125,000000,24.106,24.155,23.965,24.051,27431,0
PTA.US,D,20210126,000000,24.165,24.165,23.897,23.905,115904,0
PTA.US,D,20210127,000000,24.155,24.155,23.87,23.879,108254,0
PTA.US,D,20210128,000000,23.774,24.103,23.774,23.974,57974,0
PTA.US,D,20210129,000000,24.252,24.252,24.012,24.155,55526,0
PTA.US,D,20210201,000000,24.155,24.242,24.011,24.146,73095,0
PTA.US,D,20210202,000000,24.096,24.252,23.905,23.955,106237,0
PTA.US,D,20210203,000000,23.994,24.232,23.935,24.126,139886,0
PTA.US,D,20210204,000000,24.146,24.222,23.965,24.155,114091,0
PTA.US,D,20210205,000000,24.155,24.232,24.116,24.194,55616,0
PTA.US,D,20210208,000000,24.155,24.202,23.994,24.061,69080,0
PTA.US,D,20210209,000000,24.28,24.457,24.088,24.195,96746,0
PTA.US,D,20210210,000000,24.195,24.462,24.156,24.28,85583,0
PTA.US,D,20210211,000000,24.28,24.28,24.136,24.233,100009,0
PTA.US,D,20210212,000000,24.233,24.233,24.07,24.106,101898,0
PTA.US,D,20210216,000000,24.088,24.261,24.056,24.233,111881,0
PTA.US,D,20210217,000000,24.233,24.233,24.096,24.213,57821,0
PTA.US,D,20210218,000000,24.223,24.377,24.096,24.185,81745,0
PTA.US,D,20210219,000000,24.233,24.308,24.011,24.031,142496,0
PTA.US,D,20210222,000000,23.994,24.223,23.994,24.031,104169,0
PTA.US,D,20210223,000000,24.061,24.079,23.802,23.859,111638,0
PTA.US,D,20210224,000000,23.954,23.984,23.696,23.914,127119,0
PTA.US,D,20210225,000000,23.772,24.17,23.667,23.944,191669,0
PTA.US,D,20210226,000000,23.994,23.994,23.695,23.974,67318,0
PTA.US,D,20210301,000000,23.994,24.377,23.802,23.964,52621,0
PTA.US,D,20210302,000000,23.994,23.994,23.732,23.859,106390,0
PTA.US,D,20210303,000000,23.859,24.328,23.859,23.984,109446,0
PTA.US,D,20210304,000000,23.984,23.994,23.849,23.994,68369,0
PTA.US,D,20210305,000000,23.914,23.984,23.839,23.859,65034,0
PTA.US,D,20210308,000000,23.859,23.964,23.802,23.839,71845,0
PTA.US,D,20210309,000000,23.896,23.944,23.704,23.819,97377,0
PTA.US,D,20210310,000000,23.811,23.887,23.657,23.782,126478,0
PTA.US,D,20210311,000000,23.722,23.811,23.712,23.712,92493,0
PTA.US,D,20210312,000000,23.782,23.954,23.704,23.887,87806,0
PTA.US,D,20210315,000000,23.904,23.994,23.849,23.904,102609,0
PTA.US,D,20210316,000000,23.859,23.994,23.839,23.964,94215,0
PTA.US,D,20210317,000000,24.032,24.032,23.887,23.974,87623,0
PTA.US,D,20210318,000000,23.878,23.944,23.685,23.791,73100,0
PTA.US,D,20210319,000000,23.896,23.904,23.714,23.771,47336,0
PTA.US,D,20210322,000000,23.703,23.914,23.703,23.801,76568,0
PTA.US,D,20210323,000000,23.878,24.004,23.811,23.904,131991,0
PTA.US,D,20210324,000000,23.887,23.954,23.754,23.887,78770,0
PTA.US,D,20210325,000000,23.887,23.984,23.824,23.944,51611,0
PTA.US,D,20210326,000000,23.878,24.062,23.741,23.984,50383,0
PTA.US,D,20210329,000000,23.896,23.984,23.829,23.869,82937,0
PTA.US,D,20210330,000000,23.974,24.032,23.878,23.924,75072,0
PTA.US,D,20210331,000000,23.984,23.984,23.888,23.974,89459,0
PTA.US,D,20210401,000000,23.984,24.117,23.924,23.924,105552,0
PTA.US,D,20210405,000000,23.974,24.117,23.924,23.974,117715,0
PTA.US,D,20210406,000000,24.062,24.117,23.974,24.097,135170,0
PTA.US,D,20210407,000000,24.117,24.215,24.052,24.117,291961,0
PTA.US,D,20210408,000000,24.117,24.215,24.071,24.117,180151,0
PTA.US,D,20210409,000000,24.157,24.214,24.071,24.187,173998,0
PTA.US,D,20210412,000000,24.215,24.29,24.097,24.167,122583,0
PTA.US,D,20210413,000000,24.127,24.321,24.127,24.282,91482,0
PTA.US,D,20210414,000000,24.254,24.485,24.254,24.381,97945,0
PTA.US,D,20210415,000000,24.341,24.525,24.311,24.409,94671,0
PTA.US,D,20210416,000000,24.341,24.633,24.341,24.485,73510,0
PTA.US,D,20210419,000000,24.485,24.525,24.409,24.429,67321,0
PTA.US,D,20210420,000000,24.476,24.515,24.351,24.439,72113,0
PTA.US,D,20210421,000000,24.505,24.633,24.448,24.448,91783,0
PTA.US,D,20210422,000000,24.505,24.535,24.273,24.301,67157,0
PTA.US,D,20210423,000000,24.341,24.545,24.341,24.476,68907,0
PTA.US,D,20210426,000000,24.535,24.633,24.409,24.575,70960,0
PTA.US,D,20210427,000000,24.633,24.729,24.575,24.729,65396,0
PTA.US,D,20210428,000000,24.679,24.729,24.633,24.709,78856,0
PTA.US,D,20210429,000000,24.679,24.699,24.652,24.661,34103,0
PTA.US,D,20210430,000000,24.769,24.769,24.652,24.679,47670,0
PTA.US,D,20210503,000000,24.769,24.769,24.633,24.719,73866,0
PTA.US,D,20210504,000000,24.679,24.854,24.633,24.749,64966,0
PTA.US,D,20210505,000000,24.769,24.845,24.709,24.769,56171,0
PTA.US,D,20210506,000000,24.652,24.729,24.603,24.679,56286,0
PTA.US,D,20210507,000000,24.729,24.729,24.603,24.729,45929,0
PTA.US,D,20210510,000000,24.729,24.845,24.593,24.759,63346,0
PTA.US,D,20210511,000000,24.934,24.934,24.494,24.66,83701,0
PTA.US,D,20210512,000000,24.632,24.934,24.494,24.514,43652,0
PTA.US,D,20210513,000000,24.807,24.807,24.27,24.319,89000,0
PTA.US,D,20210514,000000,24.699,24.756,24.319,24.369,97063,0
PTA.US,D,20210517,000000,24.369,24.465,24.329,24.349,177200,0
PTA.US,D,20210518,000000,24.446,24.523,24.369,24.427,74865,0
PTA.US,D,20210519,000000,24.349,24.612,24.349,24.465,54695,0
PTA.US,D,20210520,000000,24.465,24.544,24.416,24.465,95387,0
PTA.US,D,20210521,000000,24.465,24.566,24.427,24.504,73050,0
PTA.US,D,20210524,000000,24.564,24.564,24.379,24.427,129702,0
PTA.US,D,20210525,000000,24.417,24.553,24.397,24.534,75703,0
PTA.US,D,20210526,000000,24.542,24.562,24.359,24.369,163286,0
PTA.US,D,20210527,000000,24.389,24.422,24.261,24.359,180123,0
PTA.US,D,20210528,000000,24.369,24.407,24.289,24.369,167581,0
PTA.US,D,20210601,000000,24.369,24.407,24.34,24.407,168137,0
PTA.US,D,20210602,000000,24.417,24.807,24.407,24.759,126391,0
PTA.US,D,20210603,000000,24.807,24.894,24.494,24.679,135131,0
PTA.US,D,20210604,000000,24.632,24.874,24.612,24.855,75199,0
PTA.US,D,20210607,000000,24.924,24.924,24.524,24.612,96597,0
PTA.US,D,20210608,000000,24.67,24.768,24.544,24.679,84157,0
PTA.US,D,20210609,000000,24.739,24.758,24.592,24.602,94599,0
PTA.US,D,20210610,000000,24.651,24.728,24.592,24.679,59199,0
PTA.US,D,20210611,000000,24.739,24.836,24.612,24.689,75245,0
PTA.US,D,20210614,000000,24.779,24.855,24.709,24.729,36057,0
PTA.US,D,20210615,000000,24.739,24.865,24.591,24.621,167262,0
PTA.US,D,20210616,000000,24.67,24.699,24.503,24.563,159460,0
PTA.US,D,20210617,000000,24.621,24.631,24.513,24.601,174624,0
PTA.US,D,20210618,000000,24.583,24.641,24.523,24.573,96175,0
PTA.US,D,20210621,000000,24.583,24.709,24.553,24.641,83231,0
PTA.US,D,20210622,000000,24.601,24.769,24.601,24.759,45442,0
PTA.US,D,20210623,000000,24.689,24.787,24.67,24.779,66601,0
PTA.US,D,20210624,000000,24.719,24.827,24.689,24.792,117108,0
PTA.US,D,20210625,000000,24.729,24.826,24.679,24.689,73128,0
PTA.US,D,20210628,000000,24.719,24.837,24.714,24.837,60912,0
PTA.US,D,20210629,000000,24.739,24.945,24.739,24.807,123315,0
PTA.US,D,20210630,000000,24.787,24.983,24.769,24.769,103130,0
PTA.US,D,20210701,000000,24.787,25.052,24.787,24.975,96766,0
PTA.US,D,20210702,000000,24.935,25.277,24.935,25.228,98779,0
PTA.US,D,20210706,000000,25.228,25.444,25.189,25.444,78740,0
PTA.US,D,20210707,000000,25.444,25.463,25.052,25.228,67568,0
PTA.US,D,20210708,000000,25.337,25.415,25.033,25.297,53830,0
PTA.US,D,20210709,000000,25.424,25.453,25.131,25.327,72342,0
PTA.US,D,20210712,000000,25.463,25.463,25.141,25.267,50302,0
PTA.US,D,20210713,000000,25.297,25.406,25.16,25.277,103618,0
PTA.US,D,20210714,000000,25.228,25.425,24.982,25.022,65759,0
PTA.US,D,20210715,000000,25.1,25.347,24.963,25.13,63607,0
PTA.US,D,20210716,000000,25.09,25.276,24.815,24.893,83656,0
PTA.US,D,20210719,000000,24.776,25.16,24.638,25.1,168544,0
PTA.US,D,20210720,000000,25.238,25.307,25.012,25.09,50305,0
PTA.US,D,20210721,000000,25.277,25.307,25.012,25.12,66555,0
PTA.US,D,20210722,000000,25.09,25.307,24.873,25.08,68179,0
PTA.US,D,20210723,000000,24.992,25.257,24.992,25.022,67697,0
PTA.US,D,20210726,000000,25.041,25.179,24.983,25.11,63301,0
PTA.US,D,20210727,000000,25.012,25.11,24.776,24.864,95666,0
PTA.US,D,20210728,000000,24.825,25.13,24.825,24.992,163042,0
PTA.US,D,20210729,000000,25.11,25.14,24.913,25.13,107961,0
PTA.US,D,20210730,000000,25.209,25.277,25.12,25.179,48428,0
PTA.US,D,20210802,000000,25.257,25.307,25.117,25.257,63339,0
PTA.US,D,20210803,000000,25.327,25.376,25.13,25.357,73682,0
PTA.US,D,20210804,000000,25.347,25.435,25.12,25.209,97538,0
PTA.US,D,20210805,000000,25.12,25.307,25.12,25.267,53498,0
PTA.US,D,20210806,000000,25.287,25.435,25.13,25.406,66274,0
PTA.US,D,20210809,000000,25.494,25.494,25.317,25.396,44944,0
PTA.US,D,20210810,000000,25.445,25.445,25.13,25.209,52096,0
PTA.US,D,20210811,000000,25.209,25.253,25.153,25.189,53002,0
PTA.US,D,20210812,000000,25.267,25.287,25.15,25.189,88085,0
PTA.US,D,20210813,000000,25.257,25.277,25.13,25.16,133049,0
PTA.US,D,20210816,000000,25.17,25.263,25.13,25.16,86718,0
PTA.US,D,20210817,000000,25.219,25.338,25.189,25.338,104814,0
PTA.US,D,20210818,000000,25.268,25.338,25.189,25.258,69636,0
PTA.US,D,20210819,000000,25.288,25.338,25.11,25.12,55087,0
PTA.US,D,20210820,000000,25.16,25.318,25.13,25.189,136812,0
PTA.US,D,20210823,000000,25.308,25.417,25.06,25.07,57937,0
PTA.US,D,20210824,000000,25.11,25.288,25.04,25.209,106249,0
PTA.US,D,20210825,000000,25.258,25.258,25.021,25.1,122687,0
PTA.US,D,20210826,000000,25.13,25.179,25.011,25.08,68223,0
PTA.US,D,20210827,000000,25.09,25.228,25.09,25.199,49625,0
PTA.US,D,20210830,000000,25.12,25.288,25.1,25.248,78453,0
PTA.US,D,20210831,000000,25.377,25.407,25.16,25.268,74013,0
PTA.US,D,20210901,000000,25.358,25.476,25.258,25.456,79614,0
PTA.US,D,20210902,000000,25.486,25.536,25.298,25.417,61779,0
PTA.US,D,20210903,000000,25.502,25.585,25.397,25.585,58081,0
PTA.US,D,20210907,000000,25.595,25.605,25.466,25.546,27789,0
PTA.US,D,20210908,000000,25.546,25.585,25.308,25.358,56615,0
PTA.US,D,20210909,000000,25.407,25.436,25.09,25.228,235865,0
PTA.US,D,20210910,000000,25.238,25.297,25.16,25.209,74636,0
PTA.US,D,20210913,000000,25.219,25.308,25.189,25.268,45441,0
PTA.US,D,20210914,000000,25.268,25.555,25.153,25.268,100590,0
PTA.US,D,20210915,000000,25.228,25.447,25.179,25.288,70618,0
PTA.US,D,20210916,000000,25.388,25.567,25.228,25.467,91028,0
PTA.US,D,20210917,000000,25.557,25.557,25.119,25.189,163555,0
PTA.US,D,20210920,000000,25.059,25.179,24.96,25.169,168632,0
PTA.US,D,20210921,000000,25.099,25.199,24.97,25.01,160971,0
PTA.US,D,20210922,000000,25.149,25.268,25.02,25.209,204969,0
PTA.US,D,20210923,000000,25.248,25.268,25.039,25.109,87057,0
PTA.US,D,20210924,000000,25.039,25.109,24.97,25,117798,0
PTA.US,D,20210927,000000,24.88,25.03,24.87,24.92,189964,0
PTA.US,D,20210928,000000,24.87,24.93,24.771,24.821,119349,0
PTA.US,D,20210929,000000,24.92,24.98,24.821,24.9,94548,0
PTA.US,D,20210930,000000,24.96,25.129,24.87,24.89,60150,0
PTA.US,D,20211001,000000,24.93,25.119,24.87,24.99,75006,0
PTA.US,D,20211004,000000,24.99,24.99,24.821,24.9,53320,0
PTA.US,D,20211005,000000,24.9,25.049,24.821,24.86,114769,0
PTA.US,D,20211006,000000,24.85,25.109,24.85,25.02,65143,0
PTA.US,D,20211007,000000,25,25.109,24.89,24.94,88062,0
PTA.US,D,20211008,000000,25.089,25.089,24.89,24.96,38901,0
PTA.US,D,20211011,000000,24.93,25.059,24.92,24.94,38508,0
PTA.US,D,20211012,000000,25,25.1,25,25.07,57956,0
PTA.US,D,20211013,000000,25.07,25.2,25.02,25.15,67621,0
PTA.US,D,20211014,000000,25.22,25.24,25.05,25.1,65043,0
PTA.US,D,20211015,000000,25.12,25.12,24.96,25,63310,0
PTA.US,D,20211018,000000,24.99,25.09,24.95,24.98,77143,0
PTA.US,D,20211019,000000,25.03,25.03,24.96,25.01,93382,0
PTA.US,D,20211020,000000,25.01,25.09,24.97,25.01,85222,0
PTA.US,D,20211021,000000,25.02,25.07,24.9,24.91,86290,0
PTA.US,D,20211022,000000,24.9,25.03,24.87,24.94,103838,0
PTA.US,D,20211025,000000,25,25,24.89,24.91,156451,0
PTA.US,D,20211026,000000,24.91,24.95,24.88,24.93,141674,0
PTA.US,D,20211027,000000,24.97,25.02,24.96,24.99,93880,0
PTA.US,D,20211028,000000,25.01,25.02,24.87,24.97,132418,0
PTA.US,D,20211029,000000,24.91,25.01,24.88,24.97,154528,0
PTA.US,D,20211101,000000,24.97,24.99,24.88,24.92,180673,0
PTA.US,D,20211102,000000,24.92,24.9799,24.86,24.9,169980,0
PTA.US,D,20211103,000000,24.93,24.94,24.8,24.83,502411,0
PTA.US,D,20211104,000000,24.82,24.93,24.82,24.88,183380,0
PTA.US,D,20211105,000000,24.91,24.94,24.86,24.92,199271,0
PTA.US,D,20211108,000000,24.94,25.01,24.9,24.93,154296,0
PTA.US,D,20211109,000000,24.99,25.03,24.92,25.03,160841,0
PTA.US,D,20211110,000000,24.95,25.01,24.83,24.86,208268,0
PTA.US,D,20211111,000000,24.89,24.94,24.83,24.86,97523,0
PTA.US,D,20211112,000000,24.86,24.96,24.83,24.85,45312,0
PTA.US,D,20211115,000000,24.86,24.99,24.85,24.86,86875,0
PTA.US,D,20211116,000000,24.84,24.85,24.67,24.67,122943,0
PTA.US,D,20211117,000000,24.63,24.7399,24.63,24.66,128062,0
PTA.US,D,20211118,000000,24.72,24.72,24.49,24.54,210801,0
PTA.US,D,20211119,000000,24.54,24.58,24.49,24.545,127521,0
PTA.US,D,20211122,000000,24.53,24.5579,24.14,24.2,313553,0
PTA.US,D,20211123,000000,24.14,24.47,24,24.22,278310,0
PTA.US,D,20211124,000000,24.25,24.25,24.03,24.11,207641,0
PTA.US,D,20211126,000000,23.99,24,23.78,23.88,173308,0
PTA.US,D,20211129,000000,23.93,24.2,23.93,24.18,147618,0
PTA.US,D,20211130,000000,24.15,24.18,23.71,23.8,292693,0
PTA.US,D,20211201,000000,23.93,24.01,23.66,23.78,228488,0
PTA.US,D,20211202,000000,23.84,23.87,23.69,23.79,300549,0
PTA.US,D,20211203,000000,23.7,23.82,23.5,23.53,370994,0
PTA.US,D,20211206,000000,23.57,23.67,23.51,23.62,226296,0
PTA.US,D,20211207,000000,23.7,23.84,23.56,23.74,642966,0
PTA.US,D,20211208,000000,23.67,23.8,23.62,23.65,703528,0
PTA.US,D,20211209,000000,23.59,23.68,23.36,23.56,519732,0
PTA.US,D,20211210,000000,23.6,23.73,23.47,23.51,437443,0
PTA.US,D,20211213,000000,23.47,23.5,23.38,23.44,446912,0
PTA.US,D,20211214,000000,23.21,23.35,23.14,23.21,568082,0
PTA.US,D,20211215,000000,23.25,23.8,23.22,23.77,574574,0
PTA.US,D,20211216,000000,23.7,23.98,23.6,23.73,580946,0
PTA.US,D,20211217,000000,23.66,24,23.57,23.96,393892,0
PTA.US,D,20211220,000000,23.76,23.97,23.66,23.66,394970,0
PTA.US,D,20211221,000000,23.71,24.0195,23.71,23.89,335772,0
PTA.US,D,20211222,000000,23.87,24.23,23.8011,24.17,310500,0
PTA.US,D,20211223,000000,24.12,24.29,24.12,24.19,175225,0
PTA.US,D,20211227,000000,24.07,24.22,24.07,24.14,314839,0
PTA.US,D,20211228,000000,24.04,24.18,23.91,23.93,289177,0
PTA.US,D,20211229,000000,23.85,23.9294,23.67,23.74,777719,0
PTA.US,D,20211230,000000,23.72,23.99,23.72,23.88,413146,0
PTA.US,D,20211231,000000,23.88,24.08,23.78,24.05,520995,0
PTA.US,D,20220103,000000,24.09,24.28,23.9,24.22,172403,0
PTA.US,D,20220104,000000,24.22,24.34,24.07,24.22,227515,0
PTA.US,D,20220105,000000,24.19,24.25,23.66,23.7,286075,0
PTA.US,D,20220106,000000,23.76,23.93,23.67,23.88,152862,0
PTA.US,D,20220107,000000,24,24,23.74,23.99,175651,0
PTA.US,D,20220110,000000,23.98,24.05,23.77,24.03,103970,0
PTA.US,D,20220111,000000,23.82,24.24,23.8113,24.18,200124,0
PTA.US,D,20220112,000000,24.18,24.27,24.12,24.22,93198,0
PTA.US,D,20220113,000000,24.18,24.25,24.15,24.15,90201,0
PTA.US,D,20220114,000000,24.1,24.21,24.02,24.2,163373,0
PTA.US,D,20220118,000000,24.18,24.28,24.03,24.11,167490,0
PTA.US,D,20220119,000000,24.22,24.23,24.01,24.14,144111,0
PTA.US,D,20220120,000000,24.09,24.23,24.06,24.09,136991,0
PTA.US,D,20220121,000000,24.08,24.09,23.65,23.65,617432,0
