<TICKER>,<PER>,<DATE>,<TIME>,<OPEN>,<HIGH>,<LOW>,<CLOSE>,<VOL>,<OPENINT>
QVMM.US,D,20210701,000000,25.014,25.169,25.014,25.111,492,0
QVMM.US,D,20210702,000000,25.063,25.063,25.063,25.063,24,0
QVMM.US,D,20210706,000000,24.83,24.83,24.812,24.812,101,0
QVMM.US,D,20210707,000000,24.86,24.86,24.86,24.86,2,0
QVMM.US,D,20210708,000000,24.541,24.541,24.499,24.499,314,0
QVMM.US,D,20210709,000000,25.055,25.055,25.055,25.055,1,0
QVMM.US,D,20210712,000000,25.278,25.278,25.131,25.131,203,0
QVMM.US,D,20210713,000000,24.984,24.984,24.768,24.768,501,0
QVMM.US,D,20210714,000000,24.77,24.77,24.625,24.625,104,0
QVMM.US,D,20210715,000000,24.554,24.554,24.554,24.554,102,0
QVMM.US,D,20210716,000000,24.274,24.274,24.274,24.274,42,0
QVMM.US,D,20210719,000000,23.932,23.932,23.829,23.829,161,0
QVMM.US,D,20210720,000000,24.493,24.493,24.493,24.493,5,0
QVMM.US,D,20210721,000000,24.79,24.79,24.776,24.776,121,0
QVMM.US,D,20210722,000000,24.548,24.548,24.548,24.548,11,0
QVMM.US,D,20210723,000000,24.82,24.82,24.71,24.761,1032,0
QVMM.US,D,20210726,000000,24.75,24.775,24.75,24.775,262,0
QVMM.US,D,20210727,000000,24.531,24.649,24.531,24.649,104,0
QVMM.US,D,20210728,000000,24.71,24.829,24.71,24.829,137,0
QVMM.US,D,20210729,000000,25.096,25.096,25.096,25.096,28,0
QVMM.US,D,20210730,000000,25.072,25.072,25.072,25.072,1,0
QVMM.US,D,20210802,000000,25.178,25.179,24.974,24.974,492,0
QVMM.US,D,20210803,000000,25.132,25.132,25.132,25.132,46,0
QVMM.US,D,20210804,000000,25.159,25.159,24.916,24.916,1886,0
QVMM.US,D,20210805,000000,25.076,25.076,25.076,25.076,15,0
QVMM.US,D,20210806,000000,25.19,25.19,25.19,25.19,2,0
QVMM.US,D,20210809,000000,25.147,25.147,25.114,25.114,479,0
QVMM.US,D,20210810,000000,25.249,25.249,25.189,25.196,1454,0
QVMM.US,D,20210811,000000,25.377,25.418,25.348,25.418,22927,0
QVMM.US,D,20210812,000000,25.388,25.448,25.382,25.382,9390,0
QVMM.US,D,20210813,000000,25.305,25.305,25.305,25.305,26,0
QVMM.US,D,20210816,000000,25.244,25.268,25.244,25.268,100,0
QVMM.US,D,20210817,000000,24.929,24.979,24.83,24.979,383,0
QVMM.US,D,20210818,000000,25.03,25.049,24.755,24.755,7584,0
QVMM.US,D,20210819,000000,24.521,24.59,24.475,24.529,12367,0
QVMM.US,D,20210820,000000,24.82,24.85,24.795,24.847,914,0
QVMM.US,D,20210823,000000,24.979,25.069,24.979,25.048,2303,0
QVMM.US,D,20210824,000000,25.169,25.278,25.169,25.229,1375,0
QVMM.US,D,20210825,000000,25.405,25.405,25.405,25.405,909,0
QVMM.US,D,20210826,000000,25.167,25.167,25.167,25.167,406,0
QVMM.US,D,20210827,000000,25.606,25.606,25.606,25.606,6,0
QVMM.US,D,20210830,000000,25.562,25.562,25.562,25.562,13,0
QVMM.US,D,20210831,000000,25.498,25.548,25.474,25.474,444,0
QVMM.US,D,20210901,000000,25.523,25.523,25.523,25.523,1,0
QVMM.US,D,20210902,000000,25.648,25.648,25.648,25.648,13,0
QVMM.US,D,20210903,000000,25.578,25.578,25.544,25.544,100,0
QVMM.US,D,20210907,000000,25.233,25.233,25.233,25.233,11,0
QVMM.US,D,20210908,000000,25.179,25.179,25.144,25.144,112,0
QVMM.US,D,20210909,000000,25.262,25.288,25.111,25.111,6346,0
QVMM.US,D,20210910,000000,24.869,24.869,24.869,24.869,2,0
QVMM.US,D,20210913,000000,25.003,25.003,25.003,25.003,10,0
QVMM.US,D,20210914,000000,24.969,24.969,24.709,24.709,624,0
QVMM.US,D,20210915,000000,24.952,24.952,24.952,24.952,47,0
QVMM.US,D,20210916,000000,24.917,24.917,24.917,24.917,630,0
QVMM.US,D,20210917,000000,24.785,24.785,24.744,24.744,415,0
QVMM.US,D,20210920,000000,24.35,24.35,24.0821,24.3428,271,0
QVMM.US,D,20210921,000000,24.3,24.3,24.3,24.3,54,0
QVMM.US,D,20210922,000000,24.7,24.77,24.605,24.605,594,0
QVMM.US,D,20210923,000000,24.9559,24.9559,24.9559,24.9559,27,0
QVMM.US,D,20210924,000000,24.9373,24.9373,24.9373,24.9373,41,0
QVMM.US,D,20210927,000000,25.1542,25.1542,25.1542,25.1542,42,0
QVMM.US,D,20210928,000000,24.995,24.995,24.787,24.787,144,0
QVMM.US,D,20210929,000000,24.8001,24.8001,24.8001,24.8001,21,0
QVMM.US,D,20210930,000000,24.67,24.68,24.4239,24.4239,23489,0
QVMM.US,D,20211001,000000,24.41,24.7695,24.385,24.7695,4147,0
QVMM.US,D,20211004,000000,24.88,24.88,24.6277,24.6277,202,0
QVMM.US,D,20211005,000000,24.6881,24.6881,24.6881,24.6881,1,0
QVMM.US,D,20211006,000000,24.41,24.6154,24.41,24.6154,401,0
QVMM.US,D,20211007,000000,24.9804,24.9804,24.9804,24.9804,1,0
QVMM.US,D,20211008,000000,24.8693,24.8693,24.8693,24.8693,2,0
QVMM.US,D,20211011,000000,24.7271,24.7271,24.7271,24.7271,1,0
QVMM.US,D,20211012,000000,24.8187,24.8187,24.8187,24.8187,1,0
QVMM.US,D,20211013,000000,24.83,24.8954,24.83,24.8954,101,0
QVMM.US,D,20211014,000000,25.121,25.3108,25.121,25.3108,100,0
QVMM.US,D,20211015,000000,25.376,25.376,25.376,25.376,1,0
QVMM.US,D,20211018,000000,25.41,25.439,25.41,25.439,1074,0
QVMM.US,D,20211019,000000,25.4749,25.4749,25.4749,25.4749,2,0
QVMM.US,D,20211020,000000,25.695,25.695,25.6787,25.6787,116,0
QVMM.US,D,20211021,000000,25.7778,25.7778,25.7778,25.7778,2,0
QVMM.US,D,20211022,000000,25.8362,25.8362,25.8362,25.8362,2,0
QVMM.US,D,20211025,000000,25.9541,25.9541,25.9541,25.9541,3,0
QVMM.US,D,20211026,000000,25.75,25.7989,25.75,25.7989,201,0
QVMM.US,D,20211027,000000,25.3804,25.3804,25.3804,25.3804,2,0
QVMM.US,D,20211028,000000,25.7584,25.7584,25.7584,25.7584,1,0
QVMM.US,D,20211029,000000,25.8103,25.8103,25.8103,25.8103,1,0
QVMM.US,D,20211101,000000,26.3048,26.3048,26.3048,26.3048,4,0
QVMM.US,D,20211102,000000,26.3751,26.3751,26.3751,26.3751,1,0
QVMM.US,D,20211103,000000,26.6157,26.7063,26.6157,26.7063,102,0
QVMM.US,D,20211104,000000,26.7998,26.815,26.6158,26.6158,4539,0
QVMM.US,D,20211105,000000,26.7753,26.8621,26.7753,26.8621,100,0
QVMM.US,D,20211108,000000,26.8667,26.8667,26.8667,26.8667,5,0
QVMM.US,D,20211109,000000,26.87,26.87,26.849,26.8608,575,0
QVMM.US,D,20211110,000000,26.6543,26.6543,26.6543,26.6543,1,0
QVMM.US,D,20211111,000000,26.7872,26.7872,26.7872,26.7872,12,0
QVMM.US,D,20211112,000000,26.861,26.8808,26.86,26.8808,238,0
QVMM.US,D,20211115,000000,26.9202,26.9202,26.9202,26.9202,14,0
QVMM.US,D,20211116,000000,26.9867,26.9867,26.9867,26.9867,1,0
QVMM.US,D,20211117,000000,26.8,26.8,26.8,26.8,3,0
QVMM.US,D,20211118,000000,26.7631,26.7631,26.7631,26.7631,77,0
QVMM.US,D,20211119,000000,26.69,26.69,26.6264,26.6264,571,0
QVMM.US,D,20211122,000000,26.7409,26.7409,26.7409,26.7409,2,0
QVMM.US,D,20211123,000000,26.7311,26.7311,26.7311,26.7311,10,0
QVMM.US,D,20211124,000000,26.6864,26.6864,26.6864,26.6864,1,0
QVMM.US,D,20211126,000000,25.75,25.8446,25.75,25.8446,401,0
QVMM.US,D,20211129,000000,25.8722,25.8722,25.8722,25.8722,1,0
QVMM.US,D,20211130,000000,25.1707,25.1707,25.1707,25.1707,9,0
QVMM.US,D,20211201,000000,24.8289,24.8289,24.8289,24.8289,10,0
QVMM.US,D,20211202,000000,25.4155,25.4155,25.4155,25.4155,1,0
QVMM.US,D,20211203,000000,25.1582,25.1582,25.1582,25.1582,1,0
QVMM.US,D,20211206,000000,25.6482,25.6482,25.6482,25.6482,2,0
QVMM.US,D,20211207,000000,26.0231,26.0231,26.0231,26.0231,1,0
QVMM.US,D,20211208,000000,26.1832,26.21,26.1716,26.1716,230,0
QVMM.US,D,20211209,000000,26.38,26.38,25.8511,25.8511,140,0
QVMM.US,D,20211210,000000,25.8555,25.8555,25.8555,25.8555,21,0
QVMM.US,D,20211213,000000,25.591,25.6053,25.591,25.6053,100,0
QVMM.US,D,20211214,000000,25.4621,25.4621,25.4621,25.4621,40,0
QVMM.US,D,20211215,000000,25.3607,25.7354,25.3607,25.7354,482,0
QVMM.US,D,20211216,000000,25.465,25.465,25.465,25.465,2,0
QVMM.US,D,20211217,000000,25.3668,25.3668,25.3668,25.3668,1,0
QVMM.US,D,20211220,000000,24.8562,24.8562,24.8562,24.8562,51,0
QVMM.US,D,20211221,000000,25.41,25.4561,25.41,25.4561,100,0
QVMM.US,D,20211222,000000,25.659,25.6974,25.6512,25.6974,859,0
QVMM.US,D,20211223,000000,25.88,25.8918,25.88,25.8918,135,0
QVMM.US,D,20211227,000000,26.2064,26.2064,26.2064,26.2064,13,0
QVMM.US,D,20211228,000000,26.171,26.2264,26.17,26.2264,236,0
QVMM.US,D,20211229,000000,26.5,26.5,26.343,26.3751,1017,0
QVMM.US,D,20211230,000000,26.2952,26.2952,26.2952,26.2952,21,0
QVMM.US,D,20211231,000000,26.36,26.47,26.34,26.3415,25900,0
QVMM.US,D,20220103,000000,26.3554,26.3554,26.3554,26.3554,10,0
QVMM.US,D,20220104,000000,26.5699,26.5699,26.5699,26.5699,2,0
QVMM.US,D,20220105,000000,25.9859,25.9859,25.9859,25.9859,97,0
QVMM.US,D,20220106,000000,26.0827,26.0827,26.0827,26.0827,2,0
QVMM.US,D,20220107,000000,25.8999,25.8999,25.8999,25.8999,1,0
QVMM.US,D,20220110,000000,25.5201,25.8024,25.51,25.8024,2675,0
QVMM.US,D,20220111,000000,26.0023,26.0023,26.0023,26.0023,8,0
QVMM.US,D,20220112,000000,25.86,25.9949,25.86,25.9949,298,0
QVMM.US,D,20220113,000000,25.9065,25.9065,25.9065,25.9065,4,0
QVMM.US,D,20220114,000000,25.53,25.8397,25.53,25.8397,100,0
QVMM.US,D,20220118,000000,25.3047,25.3047,25.3047,25.3047,17,0
QVMM.US,D,20220119,000000,24.9684,24.9684,24.9684,24.9684,3,0
QVMM.US,D,20220120,000000,25.13,25.189,24.5009,24.5009,400,0
QVMM.US,D,20220121,000000,24.34,24.34,24.1244,24.1244,304,0
