<TICKER>,<PER>,<DATE>,<TIME>,<OPEN>,<HIGH>,<LOW>,<CLOSE>,<VOL>,<OPENINT>
REML.US,D,20160714,000000,9.3191,9.3191,9.3055,9.3055,3191,0
REML.US,D,20160715,000000,9.2764,9.2939,9.2764,9.2861,13570,0
REML.US,D,20160718,000000,9.3677,9.3677,9.3599,9.3599,2133,0
REML.US,D,20160719,000000,9.4823,9.571,9.4755,9.571,13030,0
REML.US,D,20160720,000000,9.645,9.72,9.641,9.708,10468,0
REML.US,D,20160721,000000,9.659,9.659,9.647,9.647,10113,0
REML.US,D,20160722,000000,9.698,9.751,9.679,9.751,4664,0
REML.US,D,20160725,000000,9.787,9.804,9.722,9.722,3193,0
REML.US,D,20160727,000000,9.716,9.745,9.716,9.742,11170,0
REML.US,D,20160728,000000,9.795,9.889,9.793,9.887,8246,0
REML.US,D,20160729,000000,9.895,9.942,9.847,9.93,25329,0
REML.US,D,20160801,000000,10.009,10.009,10.009,10.009,629,0
REML.US,D,20160802,000000,10.034,10.034,10.034,10.034,2660,0
REML.US,D,20160803,000000,10.034,10.034,10.034,10.034,542,0
REML.US,D,20160804,000000,10.035,10.035,9.928,9.945,21813,0
REML.US,D,20160805,000000,10.337,10.359,10.267,10.341,2704,0
REML.US,D,20160808,000000,10.531,10.531,10.323,10.323,3059,0
REML.US,D,20160809,000000,10.341,10.341,10.341,10.341,267,0
REML.US,D,20160816,000000,10.143,10.143,10.143,10.143,2652,0
REML.US,D,20160818,000000,10.192,10.192,10.192,10.192,1324,0
REML.US,D,20160822,000000,10.133,10.133,10.133,10.133,2256,0
REML.US,D,20160823,000000,10.221,10.232,10.221,10.232,799,0
REML.US,D,20160829,000000,10.142,10.145,10.142,10.142,15912,0
REML.US,D,20160831,000000,10.083,10.083,10.083,10.083,1324,0
REML.US,D,20160907,000000,10.584,10.584,10.58,10.58,4953,0
REML.US,D,20160908,000000,10.559,10.559,10.559,10.559,384,0
REML.US,D,20160909,000000,10.37,10.37,9.804,9.804,5072,0
REML.US,D,20160912,000000,10.145,10.145,9.715,9.715,537,0
REML.US,D,20160913,000000,9.895,9.907,9.724,9.724,26703,0
REML.US,D,20160915,000000,9.821,9.821,9.821,9.821,9989,0
REML.US,D,20160916,000000,9.84,9.886,9.804,9.806,3013,0
REML.US,D,20160921,000000,10.166,10.166,10.166,10.166,537,0
REML.US,D,20160922,000000,10.395,10.395,10.373,10.373,4526,0
REML.US,D,20160928,000000,10.222,10.222,10.222,10.222,1060,0
REML.US,D,20161003,000000,10.224,10.224,10.064,10.064,5173,0
REML.US,D,20161004,000000,9.696,9.696,9.636,9.636,2119,0
REML.US,D,20161005,000000,9.681,9.681,9.681,9.681,466,0
REML.US,D,20161006,000000,9.3628,9.3628,9.3434,9.3434,758,0
REML.US,D,20161007,000000,9.3832,9.46,9.3308,9.46,20958,0
REML.US,D,20161010,000000,9.593,9.623,9.59,9.59,14688,0
REML.US,D,20161011,000000,9.96,9.96,9.4998,9.4998,19673,0
REML.US,D,20161012,000000,9.534,9.668,9.504,9.668,4083,0
REML.US,D,20161013,000000,9.699,9.935,9.699,9.935,4295,0
REML.US,D,20161014,000000,9.768,9.768,9.768,9.768,377,0
REML.US,D,20161017,000000,9.786,9.786,9.74,9.752,6256,0
REML.US,D,20161018,000000,9.721,9.953,9.721,9.91,3749,0
REML.US,D,20161019,000000,9.905,9.913,9.905,9.913,8482,0
REML.US,D,20161024,000000,10.012,10.191,10.012,10.175,10356,0
REML.US,D,20161025,000000,10.175,10.43,10.171,10.43,21514,0
REML.US,D,20161026,000000,10.413,10.413,10.413,10.413,654,0
REML.US,D,20161028,000000,10.123,10.123,10.111,10.111,579,0
REML.US,D,20161101,000000,10.114,10.114,9.917,9.974,821,0
REML.US,D,20161102,000000,9.908,9.908,9.908,9.908,377,0
REML.US,D,20161104,000000,10.221,10.221,10.221,10.221,1263,0
REML.US,D,20161107,000000,10.352,10.352,10.352,10.352,251,0
REML.US,D,20161108,000000,10.345,10.411,10.345,10.41,8175,0
REML.US,D,20161110,000000,10.009,10.009,10.009,10.009,505,0
REML.US,D,20161111,000000,10.195,10.195,10.195,10.195,302,0
REML.US,D,20161114,000000,10.084,10.084,9.882,9.942,21330,0
REML.US,D,20161115,000000,9.954,10.072,9.887,10.072,17389,0
REML.US,D,20161117,000000,10.165,10.222,10.165,10.222,1272,0
REML.US,D,20161121,000000,10.47,10.498,10.47,10.498,937,0
REML.US,D,20161122,000000,10.564,10.647,10.564,10.647,1578,0
REML.US,D,20161128,000000,10.634,10.634,10.634,10.634,1257,0
REML.US,D,20161129,000000,10.62,10.771,10.62,10.771,8033,0
REML.US,D,20161130,000000,10.768,10.768,10.768,10.768,505,0
REML.US,D,20161201,000000,10.281,10.324,10.219,10.219,6030,0
REML.US,D,20161202,000000,10.351,10.351,10.351,10.351,250,0
REML.US,D,20161206,000000,10.697,10.697,10.697,10.697,250,0
REML.US,D,20161208,000000,11.069,11.069,11.069,11.069,928,0
REML.US,D,20161209,000000,11.133,11.133,11.117,11.117,602,0
REML.US,D,20161212,000000,11.042,11.042,11.023,11.032,923,0
REML.US,D,20161214,000000,10.604,10.604,10.546,10.546,755,0
REML.US,D,20161215,000000,10.16,10.16,10.031,10.031,1523,0
REML.US,D,20161216,000000,10.397,10.397,10.397,10.397,509,0
REML.US,D,20161219,000000,10.569,10.61,10.569,10.61,1505,0
REML.US,D,20161221,000000,10.76,10.774,10.76,10.774,1036,0
REML.US,D,20161222,000000,10.7,10.7,10.7,10.7,503,0
REML.US,D,20161223,000000,10.7,10.7,10.7,10.7,503,0
REML.US,D,20170103,000000,10.992,10.992,10.992,10.992,250,0
REML.US,D,20170104,000000,11.232,11.264,11.232,11.264,11533,0
REML.US,D,20170105,000000,11.231,11.358,11.231,11.347,3627,0
REML.US,D,20170106,000000,11.285,11.336,11.285,11.336,2768,0
REML.US,D,20170109,000000,11.274,11.274,11.212,11.226,1764,0
REML.US,D,20170110,000000,11.114,11.335,11.114,11.282,4073,0
REML.US,D,20170111,000000,11.313,11.412,11.155,11.412,2659,0
REML.US,D,20170112,000000,11.397,11.397,11.229,11.274,1836,0
REML.US,D,20170117,000000,11.269,11.338,11.269,11.318,3169,0
REML.US,D,20170119,000000,11.073,11.106,11.067,11.106,10495,0
REML.US,D,20170125,000000,11.28,11.334,11.28,11.334,3287,0
REML.US,D,20170131,000000,10.855,10.855,10.775,10.834,3771,0
REML.US,D,20170202,000000,11.269,11.269,11.269,11.269,2432,0
REML.US,D,20170203,000000,11.253,11.293,11.253,11.293,2319,0
REML.US,D,20170207,000000,11.554,11.554,11.554,11.554,1434,0
REML.US,D,20170208,000000,11.434,11.434,11.434,11.434,1607,0
REML.US,D,20170210,000000,11.616,11.616,11.616,11.616,815,0
REML.US,D,20170213,000000,11.731,11.731,11.731,11.731,481,0
REML.US,D,20170215,000000,11.612,11.612,11.612,11.612,717,0
REML.US,D,20170216,000000,11.859,11.859,11.85,11.85,3169,0
REML.US,D,20170221,000000,11.887,12.019,11.887,12.019,1523,0
REML.US,D,20170224,000000,12.078,12.078,12.078,12.078,417,0
REML.US,D,20170227,000000,12.056,12.164,12.056,12.164,7887,0
REML.US,D,20170228,000000,12.14,12.182,12.14,12.182,1482,0
REML.US,D,20170301,000000,12.206,12.206,12.199,12.199,3510,0
REML.US,D,20170302,000000,12.131,12.185,12.131,12.15,3621,0
REML.US,D,20170306,000000,12.111,12.122,12.045,12.122,10442,0
REML.US,D,20170307,000000,12.14,12.14,12.14,12.14,740,0
REML.US,D,20170308,000000,11.722,11.804,11.722,11.804,1526,0
REML.US,D,20170309,000000,11.853,11.888,11.546,11.55,4151,0
REML.US,D,20170313,000000,11.886,11.886,11.886,11.886,505,0
REML.US,D,20170315,000000,11.726,12.107,11.726,12.107,758,0
REML.US,D,20170320,000000,12.107,12.107,12.107,12.107,0,0
REML.US,D,20170322,000000,12.339,12.339,12.339,12.339,472,0
REML.US,D,20170327,000000,12.421,12.421,12.421,12.421,1195,0
REML.US,D,20170404,000000,13.084,13.138,13.043,13.064,1967,0
REML.US,D,20170405,000000,13.517,13.517,13.05,13.05,18006,0
REML.US,D,20170406,000000,12.917,13.06,12.917,13.06,7480,0
REML.US,D,20170410,000000,13.242,13.245,13.157,13.245,7564,0
REML.US,D,20170411,000000,13.522,13.522,13.283,13.398,3081,0
REML.US,D,20170412,000000,13.14,13.448,12.655,13.439,5008,0
REML.US,D,20170413,000000,13.53,13.551,13.506,13.506,1217,0
REML.US,D,20170417,000000,13.359,13.522,13.359,13.506,11969,0
REML.US,D,20170419,000000,13.682,13.73,13.682,13.73,1058,0
REML.US,D,20170420,000000,13.801,13.812,13.337,13.39,10199,0
REML.US,D,20170421,000000,13.506,13.637,13.506,13.626,2302,0
REML.US,D,20170424,000000,13.332,13.5,13.332,13.5,734,0
REML.US,D,20170425,000000,13.66,13.73,13.556,13.698,7792,0
REML.US,D,20170426,000000,13.886,14.027,13.886,14.027,2972,0
REML.US,D,20170427,000000,14.186,14.186,14.186,14.186,233,0
REML.US,D,20170428,000000,14.076,14.076,14.076,14.076,418,0
REML.US,D,20170501,000000,13.934,14.008,13.934,14.008,4295,0
REML.US,D,20170502,000000,13.953,13.953,13.525,13.525,23874,0
REML.US,D,20170503,000000,13.556,13.565,13.267,13.267,14353,0
REML.US,D,20170504,000000,13.262,13.262,12.911,13.189,6745,0
REML.US,D,20170505,000000,13.259,13.287,13.246,13.284,10258,0
REML.US,D,20170508,000000,13.256,13.256,13.119,13.119,4177,0
REML.US,D,20170509,000000,13.123,13.123,12.618,12.618,9041,0
REML.US,D,20170510,000000,12.76,12.76,12.76,12.76,651,0
REML.US,D,20170511,000000,12.716,12.742,12.673,12.742,2942,0
REML.US,D,20170512,000000,12.746,12.774,12.716,12.716,2994,0
REML.US,D,20170517,000000,12.716,12.794,12.716,12.794,1831,0
REML.US,D,20170518,000000,12.842,12.842,12.842,12.842,230,0
REML.US,D,20170519,000000,12.842,12.942,12.806,12.878,10745,0
REML.US,D,20170522,000000,13,13.114,12.976,13.11,5476,0
REML.US,D,20170523,000000,13.319,13.319,13.319,13.319,347,0
REML.US,D,20170524,000000,13.418,13.502,13.395,13.502,3681,0
REML.US,D,20170525,000000,13.61,13.611,13.49,13.511,3535,0
REML.US,D,20170526,000000,13.398,13.57,13.398,13.57,2679,0
REML.US,D,20170530,000000,13.557,13.57,13.308,13.371,12580,0
REML.US,D,20170531,000000,13.371,13.371,13.371,13.371,702,0
REML.US,D,20170601,000000,13.631,13.68,13.631,13.68,752,0
REML.US,D,20170602,000000,13.79,13.79,13.79,13.79,11692,0
REML.US,D,20170605,000000,13.869,13.869,13.537,13.537,6932,0
REML.US,D,20170606,000000,13.371,13.529,13.371,13.527,11315,0
REML.US,D,20170607,000000,13.371,13.433,13.371,13.426,2346,0
REML.US,D,20170608,000000,13.588,13.592,13.572,13.592,4631,0
REML.US,D,20170609,000000,13.872,13.876,13.872,13.876,1117,0
REML.US,D,20170612,000000,13.934,13.999,13.934,13.994,5196,0
REML.US,D,20170613,000000,14.39,14.39,13.964,13.964,2619,0
REML.US,D,20170614,000000,14.061,14.186,14.061,14.171,3320,0
REML.US,D,20170615,000000,14.171,14.371,14.135,14.355,6156,0
REML.US,D,20170616,000000,14.355,14.355,14.355,14.355,783,0
REML.US,D,20170619,000000,14.581,14.614,14.581,14.614,2357,0
REML.US,D,20170620,000000,14.577,14.577,14.363,14.397,8829,0
REML.US,D,20170621,000000,14.577,14.577,14.302,14.316,6742,0
REML.US,D,20170622,000000,14.467,14.467,14.467,14.467,1031,0
REML.US,D,20170626,000000,14.557,14.732,14.557,14.686,2475,0
REML.US,D,20170627,000000,14.68,14.68,14.461,14.467,14451,0
REML.US,D,20170628,000000,14.159,14.43,14.071,14.336,13666,0
REML.US,D,20170629,000000,14.071,14.172,13.987,14.009,45716,0
REML.US,D,20170630,000000,14.294,14.294,14.05,14.126,17349,0
REML.US,D,20170703,000000,14.126,14.442,14.126,14.39,8261,0
REML.US,D,20170705,000000,14.6,14.604,14.345,14.41,19939,0
REML.US,D,20170706,000000,14.33,14.33,14.135,14.199,20410,0
REML.US,D,20170707,000000,14.608,14.608,13.901,13.986,63499,0
REML.US,D,20170710,000000,14.202,14.202,14.003,14.075,9720,0
REML.US,D,20170711,000000,13.981,14.181,13.981,14.129,6696,0
REML.US,D,20170712,000000,14.219,14.343,14.155,14.185,31522,0
REML.US,D,20170713,000000,14.053,14.185,13.85,13.916,8851,0
REML.US,D,20170714,000000,14.236,14.236,14.077,14.186,15625,0
REML.US,D,20170717,000000,14.214,14.267,14.036,14.036,25445,0
REML.US,D,20170718,000000,13.712,13.775,13.608,13.63,9417,0
REML.US,D,20170719,000000,13.598,13.806,13.598,13.767,4766,0
REML.US,D,20170720,000000,13.827,13.827,13.827,13.827,377,0
REML.US,D,20170721,000000,13.949,14.082,13.949,14.054,11274,0
REML.US,D,20170724,000000,14.126,14.126,13.989,13.989,19089,0
REML.US,D,20170725,000000,14.051,14.051,13.77,13.798,14063,0
REML.US,D,20170726,000000,13.894,13.927,13.848,13.874,10971,0
REML.US,D,20170727,000000,13.848,13.905,13.755,13.816,19591,0
REML.US,D,20170728,000000,13.816,13.864,13.804,13.864,4796,0
REML.US,D,20170731,000000,14.051,14.051,13.943,14.023,9587,0
REML.US,D,20170801,000000,14.306,14.306,14.136,14.236,6902,0
REML.US,D,20170802,000000,14.248,14.248,14.14,14.183,18711,0
REML.US,D,20170803,000000,14.126,14.31,14.126,14.23,6377,0
REML.US,D,20170804,000000,13.944,14.088,13.944,14.07,6497,0
REML.US,D,20170807,000000,14.053,14.201,14.027,14.167,6294,0
REML.US,D,20170808,000000,14.209,14.29,14.209,14.29,6101,0
REML.US,D,20170809,000000,14.253,14.523,14.253,14.523,14335,0
REML.US,D,20170810,000000,14.386,14.41,14.235,14.235,15021,0
REML.US,D,20170811,000000,14.282,14.282,14.051,14.212,20809,0
REML.US,D,20170814,000000,14.383,14.556,14.383,14.516,4249,0
REML.US,D,20170815,000000,14.371,14.418,14.371,14.418,1137,0
REML.US,D,20170816,000000,14.439,14.487,14.409,14.474,19915,0
REML.US,D,20170817,000000,14.465,14.471,14.327,14.327,14726,0
REML.US,D,20170818,000000,14.327,14.39,14.235,14.39,14559,0
REML.US,D,20170821,000000,14.398,14.398,14.255,14.255,2191,0
REML.US,D,20170822,000000,14.333,14.51,14.333,14.459,32776,0
REML.US,D,20170823,000000,14.465,14.531,14.381,14.439,10502,0
REML.US,D,20170824,000000,14.371,14.371,14.371,14.371,657,0
REML.US,D,20170825,000000,14.51,14.51,14.418,14.445,7753,0
REML.US,D,20170828,000000,14.561,14.561,14.42,14.427,3777,0
REML.US,D,20170829,000000,14.555,14.555,14.235,14.235,13833,0
REML.US,D,20170830,000000,14.235,14.267,14.089,14.235,18365,0
REML.US,D,20170831,000000,14.333,14.448,14.333,14.396,11714,0
REML.US,D,20170901,000000,14.555,14.555,14.432,14.432,3446,0
REML.US,D,20170905,000000,14.439,14.439,14.02,14.02,14671,0
REML.US,D,20170906,000000,14.129,14.273,14.102,14.148,11317,0
REML.US,D,20170907,000000,14.171,14.171,14.006,14.051,9580,0
REML.US,D,20170908,000000,13.981,14.13,13.981,14.078,3611,0
REML.US,D,20170911,000000,14.165,14.286,14.165,14.286,4529,0
REML.US,D,20170912,000000,14.324,14.692,14.276,14.354,6261,0
REML.US,D,20170913,000000,14.363,14.363,14.019,14.052,33181,0
REML.US,D,20170914,000000,14.042,14.046,14.02,14.042,3825,0
REML.US,D,20170915,000000,14.18,14.219,14.18,14.219,1660,0
REML.US,D,20170918,000000,14.347,14.359,14.246,14.246,1304,0
REML.US,D,20170919,000000,14.385,14.495,14.371,14.48,13089,0
REML.US,D,20170920,000000,14.501,14.501,14.496,14.496,1481,0
REML.US,D,20170921,000000,14.501,14.501,14.501,14.501,643,0
REML.US,D,20170922,000000,14.203,14.627,14.203,14.627,11106,0
REML.US,D,20170925,000000,14.685,14.685,14.549,14.627,5482,0
REML.US,D,20170926,000000,14.709,14.918,14.709,14.918,4464,0
REML.US,D,20170927,000000,14.875,14.875,14.685,14.823,8103,0
REML.US,D,20170928,000000,14.869,14.875,14.58,14.834,14758,0
REML.US,D,20170929,000000,14.915,14.94,14.833,14.94,13744,0
REML.US,D,20171002,000000,14.964,15.057,14.949,15.057,7788,0
REML.US,D,20171003,000000,14.924,15.097,14.924,15.043,10831,0
REML.US,D,20171004,000000,15.146,15.146,15.004,15.139,26532,0
REML.US,D,20171005,000000,15.194,15.337,15.159,15.275,44360,0
REML.US,D,20171006,000000,15.321,15.321,14.812,14.933,41093,0
REML.US,D,20171009,000000,15.321,15.321,14.968,14.989,122848,0
REML.US,D,20171010,000000,15.004,15.238,14.945,14.994,158313,0
REML.US,D,20171011,000000,14.994,15.079,14.98,15.012,66364,0
REML.US,D,20171012,000000,14.957,15.109,14.957,15.046,12084,0
REML.US,D,20171013,000000,14.989,15.156,14.989,15.14,11267,0
REML.US,D,20171016,000000,15.265,15.324,15.17,15.23,34836,0
REML.US,D,20171017,000000,15.26,15.637,15.205,15.205,13339,0
REML.US,D,20171018,000000,15.469,15.469,15.205,15.276,10836,0
REML.US,D,20171019,000000,15.109,15.148,15.09,15.109,30829,0
REML.US,D,20171020,000000,15.194,15.316,15.156,15.209,3044,0
REML.US,D,20171023,000000,15.209,15.209,14.929,14.948,28541,0
REML.US,D,20171024,000000,15.072,15.104,14.863,14.863,15801,0
REML.US,D,20171025,000000,15.036,15.036,14.369,14.67,31718,0
REML.US,D,20171026,000000,14.723,15.347,13.983,14.031,55539,0
REML.US,D,20171027,000000,14.022,14.393,13.886,14.25,18643,0
REML.US,D,20171030,000000,14.36,14.393,14.017,14.017,18014,0
REML.US,D,20171031,000000,14.017,14.112,14.007,14.007,13901,0
REML.US,D,20171101,000000,14.078,14.26,13.955,14.17,9768,0
REML.US,D,20171102,000000,14.548,14.548,13.601,13.647,27820,0
REML.US,D,20171103,000000,13.681,13.729,13.549,13.608,17926,0
REML.US,D,20171106,000000,13.576,13.576,13.224,13.224,35894,0
REML.US,D,20171107,000000,13.398,13.412,13.342,13.412,14733,0
REML.US,D,20171108,000000,13.463,13.576,13.39,13.576,82408,0
REML.US,D,20171109,000000,13.457,13.647,13.457,13.502,40466,0
REML.US,D,20171110,000000,13.502,13.648,13.36,13.385,21876,0
REML.US,D,20171113,000000,13.602,13.662,13.335,13.638,10790,0
REML.US,D,20171114,000000,13.524,13.648,13.524,13.648,2679,0
REML.US,D,20171115,000000,13.72,13.72,13.488,13.488,6067,0
REML.US,D,20171116,000000,13.577,13.68,13.577,13.68,3331,0
REML.US,D,20171117,000000,13.682,13.769,13.682,13.749,40863,0
REML.US,D,20171120,000000,13.829,14.171,13.829,14.171,26160,0
REML.US,D,20171121,000000,14.548,14.548,14.16,14.248,27752,0
REML.US,D,20171122,000000,14.416,14.548,14.338,14.459,18201,0
REML.US,D,20171124,000000,14.334,14.544,14.274,14.344,20634,0
REML.US,D,20171127,000000,14.28,14.341,14.225,14.225,13163,0
REML.US,D,20171128,000000,14.103,14.325,14.087,14.237,8747,0
REML.US,D,20171129,000000,14.299,14.299,14.178,14.211,5692,0
REML.US,D,20171130,000000,14.311,14.32,13.986,14.024,11149,0
REML.US,D,20171201,000000,14.032,14.135,13.96,14.131,11389,0
REML.US,D,20171204,000000,14.125,14.475,14.125,14.379,7814,0
REML.US,D,20171205,000000,14.363,14.363,14.3,14.3,5605,0
REML.US,D,20171206,000000,14.41,14.433,14.257,14.286,16905,0
REML.US,D,20171207,000000,14.271,14.463,14.271,14.416,25589,0
REML.US,D,20171208,000000,14.44,14.44,14.348,14.39,15568,0
REML.US,D,20171211,000000,14.203,14.58,14.203,14.396,24501,0
REML.US,D,20171212,000000,14.433,14.544,14.433,14.44,12499,0
REML.US,D,20171213,000000,14.446,14.748,14.433,14.748,9059,0
REML.US,D,20171214,000000,14.581,14.72,14.581,14.638,9535,0
REML.US,D,20171215,000000,14.725,14.976,14.725,14.976,9611,0
REML.US,D,20171218,000000,15.012,15.168,14.76,14.794,18398,0
REML.US,D,20171219,000000,14.818,14.818,14.288,14.288,27547,0
REML.US,D,20171220,000000,14.288,14.428,14.144,14.384,47188,0
REML.US,D,20171221,000000,14.446,14.734,14.446,14.585,10885,0
REML.US,D,20171222,000000,14.581,14.6,14.538,14.538,5715,0
REML.US,D,20171226,000000,14.538,14.741,14.538,14.625,27439,0
REML.US,D,20171227,000000,15.083,15.083,14.581,14.661,12453,0
REML.US,D,20171228,000000,14.725,14.867,14.725,14.867,11482,0
REML.US,D,20171229,000000,14.867,14.901,14.739,14.772,34483,0
REML.US,D,20180102,000000,15.059,15.059,14.238,14.413,106710,0
REML.US,D,20180103,000000,14.409,14.617,14.038,14.038,82129,0
REML.US,D,20180104,000000,14.327,14.327,14.003,14.053,40660,0
REML.US,D,20180105,000000,14.325,14.325,14.087,14.231,56527,0
REML.US,D,20180108,000000,14.259,14.483,14.178,14.36,62831,0
REML.US,D,20180109,000000,14.341,14.503,14.091,14.091,84498,0
REML.US,D,20180110,000000,14.087,14.087,13.767,14.038,97228,0
REML.US,D,20180111,000000,14.379,14.379,13.956,14.155,72910,0
REML.US,D,20180112,000000,14.17,14.226,13.897,13.939,66342,0
REML.US,D,20180116,000000,14.469,14.469,13.751,13.751,61757,0
REML.US,D,20180117,000000,13.828,13.998,13.828,13.828,18920,0
REML.US,D,20180118,000000,13.807,13.807,13.603,13.603,52140,0
REML.US,D,20180119,000000,13.626,13.872,13.626,13.872,37752,0
REML.US,D,20180122,000000,13.974,13.974,13.717,13.816,56946,0
REML.US,D,20180123,000000,13.766,14.002,13.766,13.956,75077,0
REML.US,D,20180124,000000,14.008,14.008,13.839,13.902,21264,0
REML.US,D,20180125,000000,13.897,13.897,13.725,13.855,17217,0
REML.US,D,20180126,000000,13.841,13.841,13.488,13.559,60371,0
REML.US,D,20180129,000000,13.564,13.569,12.903,12.976,85223,0
REML.US,D,20180130,000000,12.898,13.048,12.898,13.048,22330,0
REML.US,D,20180131,000000,13.048,13.174,12.403,12.741,118179,0
REML.US,D,20180201,000000,12.748,13.06,12.665,12.665,74361,0
REML.US,D,20180202,000000,12.878,12.878,12.267,12.392,58358,0
REML.US,D,20180205,000000,12.294,12.294,11.379,11.784,79657,0
REML.US,D,20180206,000000,11.105,12.242,11.105,12.156,68333,0
REML.US,D,20180207,000000,12.216,12.392,12.068,12.129,18985,0
REML.US,D,20180208,000000,11.863,12.124,11.863,11.863,42821,0
REML.US,D,20180209,000000,11.926,12.003,11.61,12.003,22583,0
REML.US,D,20180212,000000,12.279,12.279,11.711,12.144,53219,0
REML.US,D,20180213,000000,12.149,12.578,12.101,12.404,47641,0
REML.US,D,20180214,000000,12.655,12.655,12.281,12.474,12054,0
REML.US,D,20180215,000000,12.555,13.324,12.555,12.911,104727,0
REML.US,D,20180216,000000,13.012,13.263,12.911,13.072,14581,0
REML.US,D,20180220,000000,13.012,13.012,12.498,12.531,62268,0
REML.US,D,20180221,000000,12.831,12.831,12.246,12.246,15768,0
REML.US,D,20180222,000000,12.303,12.424,12.165,12.279,25359,0
REML.US,D,20180223,000000,12.205,12.594,12.205,12.494,11244,0
REML.US,D,20180226,000000,12.399,12.804,12.399,12.63,20942,0
REML.US,D,20180227,000000,13.006,13.006,12.205,12.205,53782,0
REML.US,D,20180228,000000,12.205,12.393,11.866,11.866,25629,0
REML.US,D,20180301,000000,11.897,12.153,11.783,11.921,98961,0
REML.US,D,20180302,000000,11.897,12.144,11.769,12.043,18689,0
REML.US,D,20180305,000000,12.437,12.596,12.286,12.413,13314,0
REML.US,D,20180306,000000,12.148,12.637,12.148,12.504,9572,0
REML.US,D,20180307,000000,12.504,12.646,12.428,12.428,9299,0
REML.US,D,20180308,000000,12.646,12.708,12.545,12.63,7611,0
REML.US,D,20180309,000000,12.738,12.859,12.517,12.859,16050,0
REML.US,D,20180312,000000,12.945,13.082,12.945,13.076,20558,0
REML.US,D,20180313,000000,13.089,13.216,13.082,13.089,31969,0
REML.US,D,20180314,000000,13.135,13.302,13.135,13.238,20863,0
REML.US,D,20180315,000000,13.366,13.366,12.817,12.817,4767,0
REML.US,D,20180316,000000,12.996,13.263,12.996,13.208,2372,0
REML.US,D,20180319,000000,13.221,13.221,12.817,13.082,15802,0
REML.US,D,20180320,000000,12.994,13.113,12.951,13.024,8544,0
REML.US,D,20180321,000000,12.817,13.119,12.817,12.994,11268,0
REML.US,D,20180322,000000,12.991,13.161,12.934,12.94,37443,0
REML.US,D,20180323,000000,13.135,13.135,12.718,12.792,15754,0
REML.US,D,20180326,000000,12.777,12.951,12.777,12.844,3825,0
REML.US,D,20180327,000000,12.869,13.121,12.869,12.897,8195,0
REML.US,D,20180328,000000,13.072,13.189,13.072,13.173,5180,0
REML.US,D,20180329,000000,13.636,13.636,13.279,13.429,39917,0
REML.US,D,20180402,000000,13.429,13.429,13.007,13.074,19200,0
REML.US,D,20180403,000000,13.007,13.439,13.007,13.302,25718,0
REML.US,D,20180404,000000,13.33,13.47,13.099,13.394,19481,0
REML.US,D,20180405,000000,13.459,13.54,13.376,13.402,32969,0
REML.US,D,20180406,000000,13.402,13.55,13.347,13.347,37801,0
REML.US,D,20180409,000000,13.499,13.524,13.347,13.464,33740,0
REML.US,D,20180410,000000,13.702,13.702,13.367,13.395,35785,0
REML.US,D,20180411,000000,13.395,13.421,13.216,13.342,9576,0
REML.US,D,20180412,000000,13.316,13.457,13.062,13.313,47602,0
REML.US,D,20180413,000000,12.707,13.137,12.707,12.968,46923,0
REML.US,D,20180416,000000,12.969,13.238,12.707,13.177,17490,0
REML.US,D,20180417,000000,13.225,13.24,13.09,13.227,5322,0
REML.US,D,20180418,000000,13.28,13.449,13.238,13.263,5035,0
REML.US,D,20180419,000000,13.175,13.261,13.13,13.13,8601,0
REML.US,D,20180420,000000,13.238,13.238,13.035,13.101,14707,0
REML.US,D,20180423,000000,13.014,13.232,12.968,12.968,67275,0
REML.US,D,20180424,000000,12.801,13.208,12.801,13.101,16873,0
REML.US,D,20180425,000000,13.036,13.161,13.036,13.062,14113,0
REML.US,D,20180426,000000,13.204,13.443,13.195,13.381,6176,0
REML.US,D,20180427,000000,13.378,13.538,13.378,13.538,9542,0
REML.US,D,20180430,000000,13.554,13.564,13.507,13.51,11374,0
REML.US,D,20180501,000000,13.499,13.499,13.235,13.342,12858,0
REML.US,D,20180502,000000,13.351,13.443,13.3,13.32,11112,0
REML.US,D,20180503,000000,13.232,13.528,13.157,13.485,20657,0
REML.US,D,20180504,000000,13.493,13.898,13.493,13.872,20689,0
REML.US,D,20180507,000000,13.697,13.985,13.697,13.976,3851,0
REML.US,D,20180508,000000,13.765,13.92,13.554,13.662,10268,0
REML.US,D,20180509,000000,13.434,13.77,13.382,13.66,10668,0
REML.US,D,20180510,000000,13.729,13.96,13.724,13.825,7751,0
REML.US,D,20180511,000000,13.923,14.042,13.862,13.983,2393,0
REML.US,D,20180514,000000,13.956,13.968,13.956,13.968,1109,0
REML.US,D,20180515,000000,14.009,14.009,13.871,13.873,4933,0
REML.US,D,20180516,000000,13.855,13.907,13.855,13.883,6913,0
REML.US,D,20180517,000000,13.883,13.899,13.855,13.899,3127,0
REML.US,D,20180518,000000,13.894,13.914,13.831,13.883,19886,0
REML.US,D,20180521,000000,13.947,14.121,13.85,14.101,16225,0
REML.US,D,20180522,000000,14.121,14.254,14.004,14.099,24738,0
REML.US,D,20180523,000000,14.156,14.219,14.156,14.187,3193,0
REML.US,D,20180524,000000,14.176,14.176,13.956,14.149,34233,0
REML.US,D,20180525,000000,14.075,14.149,14.021,14.139,3937,0
REML.US,D,20180529,000000,14.132,14.282,14.054,14.25,19875,0
REML.US,D,20180530,000000,14.254,14.448,14.228,14.437,12372,0
REML.US,D,20180531,000000,14.009,14.346,14.009,14.121,13550,0
REML.US,D,20180601,000000,14.519,14.519,14.057,14.057,3891,0
REML.US,D,20180604,000000,14.35,14.35,14.105,14.325,17315,0
REML.US,D,20180605,000000,14.23,14.233,14.158,14.202,5683,0
REML.US,D,20180606,000000,14.149,14.331,14.117,14.331,3062,0
REML.US,D,20180607,000000,14.16,14.321,14.16,14.309,13941,0
REML.US,D,20180608,000000,14.334,14.416,14.334,14.36,7910,0
REML.US,D,20180611,000000,14.421,14.47,14.369,14.369,7521,0
REML.US,D,20180612,000000,14.562,14.562,14.331,14.409,17167,0
REML.US,D,20180613,000000,14.286,14.344,14.166,14.167,12898,0
REML.US,D,20180614,000000,14.369,14.381,14.301,14.35,6540,0
REML.US,D,20180615,000000,14.377,14.409,14.304,14.304,12657,0
REML.US,D,20180618,000000,14.304,14.569,14.304,14.493,3792,0
REML.US,D,20180619,000000,14.598,14.68,14.543,14.598,9464,0
REML.US,D,20180620,000000,14.785,14.794,14.611,14.753,6222,0
REML.US,D,20180621,000000,14.704,14.792,14.704,14.792,3272,0
REML.US,D,20180622,000000,14.889,14.889,14.721,14.721,11754,0
REML.US,D,20180625,000000,14.598,14.732,14.548,14.634,16666,0
REML.US,D,20180626,000000,14.543,14.751,14.543,14.679,31587,0
REML.US,D,20180627,000000,14.757,14.757,14.318,14.318,20245,0
REML.US,D,20180628,000000,14.562,14.757,14.305,14.757,12764,0
REML.US,D,20180629,000000,14.543,14.751,14.543,14.598,15231,0
REML.US,D,20180702,000000,14.553,14.732,14.448,14.633,20876,0
REML.US,D,20180703,000000,14.804,15.065,14.767,15.022,24204,0
REML.US,D,20180705,000000,14.995,15.184,14.981,15.116,15929,0
REML.US,D,20180706,000000,15.471,15.471,15.21,15.222,19223,0
REML.US,D,20180709,000000,15.228,15.311,15.134,15.283,25096,0
REML.US,D,20180710,000000,15.155,15.268,15.12,15.2,49955,0
REML.US,D,20180711,000000,15.205,15.215,15.15,15.156,18236,0
REML.US,D,20180712,000000,15.171,15.207,15.028,15.097,29889,0
REML.US,D,20180713,000000,15.097,15.177,14.979,15.052,20689,0
REML.US,D,20180716,000000,14.984,15.042,14.914,14.979,27118,0
REML.US,D,20180717,000000,15.01,15.01,14.931,14.965,12099,0
REML.US,D,20180718,000000,14.989,15.097,14.914,14.982,20638,0
REML.US,D,20180719,000000,14.971,15.172,14.971,15.172,9710,0
REML.US,D,20180720,000000,15.197,15.568,15.097,15.274,5785,0
REML.US,D,20180723,000000,15.267,15.297,15.08,15.161,10645,0
REML.US,D,20180724,000000,15.457,15.457,14.985,15.022,48596,0
REML.US,D,20180725,000000,15.01,15.283,15.01,15.131,17328,0
REML.US,D,20180726,000000,15.283,15.29,15.099,15.122,49676,0
REML.US,D,20180727,000000,15.073,15.207,15.01,15.122,16614,0
REML.US,D,20180730,000000,15.283,15.447,15.234,15.388,14132,0
REML.US,D,20180731,000000,15.479,15.637,15.302,15.569,15624,0
REML.US,D,20180801,000000,15.41,15.416,15.033,15.24,29453,0
REML.US,D,20180802,000000,15.29,15.507,15.29,15.439,15592,0
REML.US,D,20180803,000000,15.36,15.496,15.262,15.29,33549,0
REML.US,D,20180806,000000,15.161,15.222,15.084,15.151,20731,0
REML.US,D,20180807,000000,15.178,15.233,14.801,14.845,47023,0
REML.US,D,20180808,000000,14.989,14.989,14.661,14.799,20358,0
REML.US,D,20180809,000000,15.01,15.01,14.821,14.885,10169,0
REML.US,D,20180810,000000,14.913,14.913,14.859,14.859,3674,0
REML.US,D,20180813,000000,14.826,14.989,14.734,14.969,20430,0
REML.US,D,20180814,000000,14.969,15.029,14.856,14.977,16225,0
REML.US,D,20180815,000000,15.046,15.07,14.907,15.059,7149,0
REML.US,D,20180816,000000,15.145,15.252,15.072,15.224,7651,0
REML.US,D,20180817,000000,15.234,15.447,15.234,15.447,15478,0
REML.US,D,20180820,000000,15.407,15.52,15.381,15.52,17303,0
REML.US,D,20180821,000000,15.573,15.634,15.474,15.632,14616,0
REML.US,D,20180822,000000,15.445,15.577,15.445,15.52,18712,0
REML.US,D,20180823,000000,15.577,15.577,15.469,15.52,23219,0
REML.US,D,20180824,000000,15.577,15.577,15.397,15.407,21028,0
REML.US,D,20180827,000000,15.656,15.656,15.408,15.518,34791,0
REML.US,D,20180828,000000,15.64,15.823,15.466,15.577,38389,0
REML.US,D,20180829,000000,15.608,15.706,15.522,15.667,16172,0
REML.US,D,20180830,000000,15.661,15.69,15.608,15.674,17160,0
REML.US,D,20180831,000000,15.69,15.734,15.496,15.617,26672,0
REML.US,D,20180904,000000,15.722,15.778,15.608,15.68,69419,0
REML.US,D,20180905,000000,15.554,15.85,15.554,15.801,44742,0
REML.US,D,20180906,000000,15.801,15.993,15.801,15.915,69316,0
REML.US,D,20180907,000000,15.926,15.926,15.699,15.751,92367,0
REML.US,D,20180910,000000,15.83,15.94,15.758,15.843,46885,0
REML.US,D,20180911,000000,15.884,15.918,15.778,15.778,45535,0
REML.US,D,20180912,000000,15.884,15.884,15.215,15.451,103592,0
REML.US,D,20180913,000000,15.376,15.658,15.376,15.588,88893,0
REML.US,D,20180914,000000,15.506,15.555,15.338,15.445,108517,0
REML.US,D,20180917,000000,15.445,15.819,15.275,15.417,84837,0
REML.US,D,20180918,000000,15.414,15.64,15.178,15.259,111674,0
REML.US,D,20180919,000000,15.251,15.356,15.107,15.118,63479,0
REML.US,D,20180920,000000,15.145,15.162,15.016,15.156,74049,0
REML.US,D,20180921,000000,15.231,15.331,15.022,15.286,47651,0
REML.US,D,20180924,000000,15.28,15.319,15.097,15.097,48679,0
REML.US,D,20180925,000000,15.097,15.227,15.038,15.079,52579,0
REML.US,D,20180926,000000,15.079,15.177,14.917,14.917,70540,0
REML.US,D,20180927,000000,14.879,15.19,14.879,15.115,22313,0
REML.US,D,20180928,000000,15.208,15.326,15.061,15.326,31094,0
REML.US,D,20181001,000000,15.28,15.544,15.097,15.118,108847,0
REML.US,D,20181002,000000,15.109,15.297,15.079,15.118,57978,0
REML.US,D,20181003,000000,15.259,15.381,14.982,14.999,106276,0
REML.US,D,20181004,000000,14.999,15.073,14.689,14.775,207800,0
REML.US,D,20181005,000000,14.879,14.879,14.611,14.663,111934,0
REML.US,D,20181008,000000,14.63,14.95,14.623,14.903,144399,0
REML.US,D,20181009,000000,15.003,15.054,14.879,15.038,54185,0
REML.US,D,20181010,000000,15.003,15.147,14.611,14.617,378587,0
REML.US,D,20181011,000000,14.783,14.783,14.075,14.208,308356,0
REML.US,D,20181012,000000,14.208,14.454,13.768,14.012,87391,0
REML.US,D,20181015,000000,13.829,14.651,13.829,14.466,41796,0
REML.US,D,20181016,000000,14.474,14.65,14.342,14.65,86062,0
REML.US,D,20181017,000000,14.65,14.778,14.577,14.778,27865,0
REML.US,D,20181018,000000,14.794,14.866,14.371,14.528,31642,0
REML.US,D,20181019,000000,14.618,14.618,14.4,14.533,14978,0
REML.US,D,20181022,000000,14.617,14.617,14.313,14.413,18005,0
REML.US,D,20181023,000000,14.413,14.461,14.021,14.176,88371,0
REML.US,D,20181024,000000,14.355,14.445,14.132,14.4,42564,0
REML.US,D,20181025,000000,14.314,14.648,14.314,14.617,26930,0
REML.US,D,20181026,000000,14.467,14.659,14.032,14.233,104070,0
REML.US,D,20181029,000000,14.23,14.57,14.103,14.305,31355,0
REML.US,D,20181030,000000,14.284,14.527,14.179,14.236,59319,0
REML.US,D,20181031,000000,14.236,14.766,14.236,14.65,18521,0
REML.US,D,20181101,000000,14.664,14.664,14.383,14.46,50766,0
REML.US,D,20181102,000000,14.383,14.645,14.383,14.474,91773,0
REML.US,D,20181105,000000,14.413,14.766,14.413,14.705,49406,0
REML.US,D,20181106,000000,14.607,14.881,14.607,14.881,35188,0
REML.US,D,20181107,000000,14.821,15.078,14.62,14.86,41192,0
REML.US,D,20181108,000000,14.653,14.998,14.653,14.833,23717,0
REML.US,D,20181109,000000,14.834,15.027,14.833,15.027,11977,0
REML.US,D,20181112,000000,15.121,15.205,14.918,15.027,35463,0
REML.US,D,20181113,000000,14.826,15.109,14.826,15.082,24647,0
REML.US,D,20181114,000000,15.082,15.086,14.871,15.011,46033,0
REML.US,D,20181115,000000,14.821,14.833,14.519,14.653,59612,0
REML.US,D,20181116,000000,14.526,14.957,14.519,14.957,7952,0
REML.US,D,20181119,000000,14.788,15.015,14.638,14.731,105883,0
REML.US,D,20181120,000000,14.663,14.73,14.403,14.403,57563,0
REML.US,D,20181121,000000,14.403,14.65,14.403,14.61,17465,0
REML.US,D,20181123,000000,14.638,14.638,14.478,14.608,4513,0
REML.US,D,20181126,000000,14.61,14.774,14.597,14.728,28723,0
REML.US,D,20181127,000000,14.734,14.861,14.667,14.772,24200,0
REML.US,D,20181128,000000,14.73,15.008,14.667,15.003,17913,0
REML.US,D,20181129,000000,15.022,15.268,14.953,15.23,16725,0
REML.US,D,20181130,000000,15.23,15.276,14.734,15.037,37401,0
REML.US,D,20181203,000000,15.335,15.335,14.936,15.258,42231,0
REML.US,D,20181204,000000,15.138,15.382,14.667,14.667,57534,0
REML.US,D,20181206,000000,14.667,15.002,14.581,15.002,59288,0
REML.US,D,20181207,000000,15.263,15.263,14.903,14.982,13575,0
REML.US,D,20181210,000000,14.775,15.089,14.73,14.975,78680,0
REML.US,D,20181211,000000,14.81,15.151,14.81,14.871,24609,0
REML.US,D,20181212,000000,14.871,15.003,14.709,14.717,42819,0
REML.US,D,20181213,000000,14.878,14.878,14.525,14.544,35729,0
REML.US,D,20181214,000000,14.491,14.813,14.491,14.566,44992,0
REML.US,D,20181217,000000,14.637,14.666,13.603,13.756,89844,0
REML.US,D,20181218,000000,14.006,14.7,13.841,14.002,18005,0
REML.US,D,20181219,000000,14.052,14.15,13.603,13.603,23577,0
REML.US,D,20181220,000000,13.603,13.612,12.479,12.722,444717,0
REML.US,D,20181221,000000,12.545,13.277,12.49,12.628,49569,0
REML.US,D,20181224,000000,12.628,12.628,11.87,12.284,39128,0
REML.US,D,20181226,000000,12.42,13.311,12.334,13.154,50086,0
REML.US,D,20181227,000000,13.238,13.308,12.716,13.295,62394,0
REML.US,D,20181228,000000,13.352,13.904,13.352,13.456,35403,0
REML.US,D,20181231,000000,13.738,13.857,13.101,13.313,91691,0
REML.US,D,20190102,000000,13.19,13.65,12.965,13.569,84817,0
REML.US,D,20190103,000000,13.415,13.881,13.366,13.668,47518,0
REML.US,D,20190104,000000,14.123,14.123,13.899,13.993,123634,0
REML.US,D,20190107,000000,14.167,14.481,14.019,14.401,155333,0
REML.US,D,20190108,000000,14.651,14.651,14.11,14.222,136049,0
REML.US,D,20190109,000000,14.195,14.45,14.171,14.39,77842,0
REML.US,D,20190110,000000,14.222,14.491,14.222,14.346,69409,0
REML.US,D,20190111,000000,14.306,14.599,14.306,14.559,72841,0
REML.US,D,20190114,000000,14.559,14.9,14.532,14.698,27330,0
REML.US,D,20190115,000000,14.927,14.927,14.527,14.592,65190,0
REML.US,D,20190116,000000,14.746,14.9,14.621,14.732,35844,0
REML.US,D,20190117,000000,14.729,14.867,14.653,14.825,31573,0
REML.US,D,20190118,000000,14.812,15.022,14.77,14.822,70913,0
REML.US,D,20190122,000000,14.858,14.9,14.684,14.771,28409,0
REML.US,D,20190123,000000,14.894,14.894,14.683,14.869,34833,0
REML.US,D,20190124,000000,14.915,15.149,14.859,15.087,81996,0
REML.US,D,20190125,000000,15.087,15.212,15.087,15.184,34580,0
REML.US,D,20190128,000000,15.107,15.241,14.995,15.235,40826,0
REML.US,D,20190129,000000,15.43,15.43,15.212,15.316,30473,0
REML.US,D,20190130,000000,15.343,15.457,15.212,15.303,62110,0
REML.US,D,20190131,000000,15.374,15.522,15.366,15.466,34425,0
REML.US,D,20190201,000000,15.522,15.585,15.397,15.404,36582,0
REML.US,D,20190204,000000,15.343,15.652,15.343,15.567,26856,0
REML.US,D,20190205,000000,15.652,15.652,15.526,15.632,36708,0
REML.US,D,20190206,000000,15.54,15.717,15.507,15.715,26690,0
REML.US,D,20190207,000000,15.591,15.647,15.397,15.572,38295,0
REML.US,D,20190208,000000,15.585,15.631,15.472,15.549,17119,0
REML.US,D,20190211,000000,15.526,15.617,15.522,15.585,73233,0
REML.US,D,20190212,000000,15.696,15.759,15.628,15.656,47438,0
REML.US,D,20190213,000000,15.728,15.728,15.389,15.525,94176,0
REML.US,D,20190214,000000,15.504,15.504,15.2,15.255,66886,0
REML.US,D,20190215,000000,15.205,15.46,15.205,15.261,27807,0
REML.US,D,20190219,000000,15.225,15.464,15.225,15.302,31454,0
REML.US,D,20190220,000000,15.33,15.33,15.009,15.147,120217,0
REML.US,D,20190221,000000,15.266,15.341,15.042,15.131,32315,0
REML.US,D,20190222,000000,15.246,15.393,15.215,15.298,22885,0
REML.US,D,20190225,000000,15.298,15.442,15.186,15.295,29164,0
REML.US,D,20190226,000000,15.342,15.42,15.227,15.261,30827,0
REML.US,D,20190227,000000,15.255,15.321,15.098,15.098,43433,0
REML.US,D,20190228,000000,15.042,15.442,15.042,15.316,17700,0
REML.US,D,20190301,000000,15.322,15.416,15.093,15.149,56940,0
REML.US,D,20190304,000000,15.373,15.373,15.14,15.167,24449,0
REML.US,D,20190305,000000,15.361,15.361,15.208,15.279,21197,0
REML.US,D,20190306,000000,15.278,15.397,15.131,15.256,17965,0
REML.US,D,20190307,000000,15.074,15.217,15.074,15.074,38681,0
REML.US,D,20190308,000000,15.109,15.236,15.042,15.147,31510,0
REML.US,D,20190311,000000,15.261,15.49,15.193,15.462,40299,0
REML.US,D,20190312,000000,15.559,15.559,15.467,15.472,20556,0
REML.US,D,20190313,000000,15.483,15.591,15.434,15.53,23150,0
REML.US,D,20190314,000000,15.526,15.681,15.526,15.647,39822,0
REML.US,D,20190315,000000,15.697,15.697,15.56,15.639,30674,0
REML.US,D,20190318,000000,15.697,15.774,15.642,15.744,29063,0
REML.US,D,20190319,000000,15.67,15.752,15.56,15.56,107588,0
REML.US,D,20190320,000000,15.609,15.774,15.472,15.472,38908,0
REML.US,D,20190321,000000,15.472,15.746,15.472,15.683,18795,0
REML.US,D,20190322,000000,15.751,15.778,15.415,15.415,47456,0
REML.US,D,20190325,000000,15.611,15.659,15.278,15.49,68169,0
REML.US,D,20190326,000000,15.67,15.676,15.453,15.605,34325,0
REML.US,D,20190327,000000,15.676,15.691,15.598,15.691,34339,0
REML.US,D,20190328,000000,15.742,15.868,15.736,15.848,54849,0
REML.US,D,20190329,000000,15.852,15.912,15.744,15.834,41493,0
REML.US,D,20190401,000000,16.009,16.073,15.86,16.019,144998,0
REML.US,D,20190402,000000,16.021,16.073,15.935,15.954,160137,0
REML.US,D,20190403,000000,16.073,16.073,15.865,15.978,111679,0
REML.US,D,20190404,000000,16.073,16.073,15.935,16.051,67456,0
REML.US,D,20190405,000000,16.115,16.178,16.054,16.09,146226,0
REML.US,D,20190408,000000,16.153,16.198,16.054,16.195,141571,0
REML.US,D,20190409,000000,16.198,16.198,16.096,16.191,303991,0
REML.US,D,20190410,000000,16.198,16.212,16.088,16.191,129950,0
REML.US,D,20190411,000000,16.249,16.274,16.178,16.272,60322,0
REML.US,D,20190412,000000,16.593,16.593,16.151,16.204,52481,0
REML.US,D,20190415,000000,16.3,16.3,16.144,16.191,66031,0
REML.US,D,20190416,000000,16.198,16.235,16.169,16.185,41706,0
REML.US,D,20190417,000000,16.185,16.205,16.088,16.122,74715,0
REML.US,D,20190418,000000,16.088,16.174,16.088,16.106,65318,0
REML.US,D,20190422,000000,16.112,16.185,15.901,16.141,93903,0
REML.US,D,20190423,000000,16.219,16.436,16.219,16.418,153985,0
REML.US,D,20190424,000000,16.509,16.646,16.459,16.57,157258,0
REML.US,D,20190425,000000,16.57,16.57,16.185,16.238,111347,0
REML.US,D,20190426,000000,16.485,16.607,16.275,16.529,72765,0
REML.US,D,20190429,000000,16.57,16.57,16.313,16.359,116980,0
REML.US,D,20190430,000000,16.478,16.503,16.224,16.289,59242,0
REML.US,D,20190501,000000,16.336,16.57,16.224,16.224,157710,0
REML.US,D,20190502,000000,16.224,16.411,16.034,16.076,154343,0
REML.US,D,20190503,000000,16.118,16.309,16.099,16.112,76042,0
REML.US,D,20190506,000000,15.962,16.219,15.962,16.088,132130,0
REML.US,D,20190507,000000,16.1,16.132,15.842,15.926,148788,0
REML.US,D,20190508,000000,15.926,15.955,15.746,15.749,130988,0
REML.US,D,20190509,000000,15.885,15.885,15.277,15.489,246197,0
REML.US,D,20190510,000000,15.457,16.017,15.433,15.693,125126,0
REML.US,D,20190513,000000,15.596,15.7,15.398,15.404,73367,0
REML.US,D,20190514,000000,15.433,15.846,15.433,15.528,61283,0
REML.US,D,20190515,000000,15.504,15.611,15.465,15.543,51729,0
REML.US,D,20190516,000000,15.608,15.833,15.604,15.646,46670,0
REML.US,D,20190517,000000,15.57,15.647,15.36,15.398,155921,0
REML.US,D,20190520,000000,15.555,15.555,15.105,15.105,242177,0
REML.US,D,20190521,000000,15.109,15.364,15.109,15.287,66558,0
REML.US,D,20190522,000000,15.287,15.346,15.136,15.169,68255,0
REML.US,D,20190523,000000,15.169,15.186,14.992,15.065,74473,0
REML.US,D,20190524,000000,15.154,15.36,15.136,15.278,48879,0
REML.US,D,20190528,000000,15.327,15.398,15.071,15.071,89970,0
REML.US,D,20190529,000000,15.071,15.071,14.685,14.718,148529,0
REML.US,D,20190530,000000,14.725,14.841,14.398,14.417,122247,0
REML.US,D,20190531,000000,14.29,14.29,13.83,14.119,171553,0
REML.US,D,20190603,000000,14.182,14.664,14.182,14.594,67973,0
REML.US,D,20190604,000000,14.732,14.871,14.611,14.808,81160,0
REML.US,D,20190605,000000,14.974,15.071,14.732,14.769,78445,0
REML.US,D,20190606,000000,14.741,14.901,14.521,14.841,80192,0
REML.US,D,20190607,000000,15.025,15.025,14.611,14.677,79922,0
REML.US,D,20190610,000000,14.741,14.834,14.611,14.783,56626,0
REML.US,D,20190611,000000,14.821,14.821,14.645,14.714,62213,0
REML.US,D,20190612,000000,14.698,14.982,14.698,14.869,40857,0
REML.US,D,20190613,000000,14.9,14.989,14.897,14.941,45346,0
REML.US,D,20190614,000000,14.976,15.138,14.961,15.119,59525,0
REML.US,D,20190617,000000,15.25,15.316,15.003,15.058,97659,0
REML.US,D,20190618,000000,15.138,15.241,15.099,15.103,44369,0
REML.US,D,20190619,000000,15.067,15.343,15.046,15.343,23880,0
REML.US,D,20190620,000000,15.358,15.439,15.206,15.27,58938,0
REML.US,D,20190621,000000,15.241,15.27,15.152,15.225,49352,0
REML.US,D,20190624,000000,15.184,15.398,15.184,15.333,55612,0
REML.US,D,20190625,000000,15.321,15.368,15.211,15.218,40005,0
REML.US,D,20190626,000000,15.237,15.33,15.138,15.138,55779,0
REML.US,D,20190627,000000,15.316,15.368,15.205,15.33,59134,0
REML.US,D,20190628,000000,15.337,15.744,15.337,15.579,77904,0
REML.US,D,20190701,000000,15.644,15.796,15.468,15.533,75118,0
REML.US,D,20190702,000000,15.587,15.663,15.401,15.495,98708,0
REML.US,D,20190703,000000,15.601,15.796,15.484,15.677,101141,0
REML.US,D,20190705,000000,15.829,15.961,15.594,15.904,137535,0
REML.US,D,20190708,000000,15.981,16.026,15.869,15.923,222060,0
REML.US,D,20190709,000000,15.929,16.026,15.796,16.026,161216,0
REML.US,D,20190710,000000,16.098,16.118,15.929,15.981,356385,0
REML.US,D,20190711,000000,15.939,16.229,15.9,16.037,303101,0
REML.US,D,20190712,000000,16.07,16.205,15.939,16.111,92487,0
REML.US,D,20190715,000000,16.079,16.259,16.07,16.121,47973,0
REML.US,D,20190716,000000,16.123,16.207,16.024,16.131,72358,0
REML.US,D,20190717,000000,16.178,16.178,16.02,16.062,89802,0
REML.US,D,20190718,000000,15.939,16.07,15.879,16.01,79416,0
REML.US,D,20190719,000000,16.008,16.05,15.919,16.008,40930,0
REML.US,D,20190722,000000,16.008,16.178,16.008,16.143,95291,0
REML.US,D,20190723,000000,16.138,16.482,16.131,16.316,122457,0
REML.US,D,20190724,000000,16.351,16.351,16.138,16.221,71915,0
REML.US,D,20190725,000000,16.138,16.419,15.966,16.008,134427,0
REML.US,D,20190726,000000,15.974,16.3,15.974,16.259,70285,0
REML.US,D,20190729,000000,16.28,16.384,16.254,16.258,43306,0
REML.US,D,20190730,000000,16.241,16.357,16.18,16.328,91882,0
REML.US,D,20190731,000000,16.371,16.466,16.151,16.268,80060,0
REML.US,D,20190801,000000,16.411,16.411,15.989,16.015,111405,0
REML.US,D,20190802,000000,16.079,16.131,15.775,15.966,81769,0
REML.US,D,20190805,000000,15.893,16.259,15.098,15.323,361044,0
REML.US,D,20190806,000000,15.815,15.815,15.406,15.632,72380,0
REML.US,D,20190807,000000,15.599,15.966,15.323,15.908,71750,0
REML.US,D,20190808,000000,16.259,16.351,15.873,16.351,62198,0
REML.US,D,20190809,000000,16.28,16.338,15.873,16.167,44818,0
REML.US,D,20190812,000000,16.187,16.187,15.656,15.817,64675,0
REML.US,D,20190813,000000,15.726,15.952,15.668,15.691,206572,0
REML.US,D,20190814,000000,15.561,15.561,14.823,14.877,202153,0
REML.US,D,20190815,000000,14.823,15.076,14.752,14.791,139740,0
REML.US,D,20190816,000000,15.128,15.258,14.928,15.168,80193,0
REML.US,D,20190819,000000,15.242,15.408,15.168,15.408,59702,0
REML.US,D,20190820,000000,15.285,15.374,15.203,15.203,59042,0
REML.US,D,20190821,000000,15.216,15.402,15.037,15.04,249208,0
REML.US,D,20190822,000000,15.044,15.143,14.977,15.044,79219,0
REML.US,D,20190823,000000,15.008,15.12,14.549,14.549,93332,0
REML.US,D,20190826,000000,14.617,14.907,14.617,14.741,53202,0
REML.US,D,20190827,000000,14.701,14.928,14.17,14.199,176213,0
REML.US,D,20190828,000000,14.158,14.178,13.88,14.02,106110,0
REML.US,D,20190829,000000,14.048,14.108,13.792,14.006,136578,0
REML.US,D,20190830,000000,14.102,14.142,14.02,14.075,52278,0
REML.US,D,20190903,000000,14.068,14.095,13.804,13.894,92217,0
REML.US,D,20190904,000000,13.972,14.363,13.972,14.17,34200,0
REML.US,D,20190905,000000,14.184,14.507,14.184,14.435,48482,0
REML.US,D,20190906,000000,14.405,14.52,14.273,14.419,45797,0
REML.US,D,20190909,000000,14.549,14.745,14.449,14.741,62049,0
REML.US,D,20190910,000000,14.756,15.063,14.723,15.008,53804,0
REML.US,D,20190911,000000,15.113,15.203,15.003,15.203,52952,0
REML.US,D,20190912,000000,15.3,15.327,15.093,15.12,33356,0
REML.US,D,20190913,000000,15.264,15.452,15.177,15.233,34684,0
REML.US,D,20190916,000000,15.196,15.458,15.093,15.128,30151,0
REML.US,D,20190917,000000,15.272,15.374,15.196,15.299,40310,0
REML.US,D,20190918,000000,15.387,15.541,15.281,15.441,58268,0
REML.US,D,20190919,000000,15.541,15.803,15.345,15.616,66318,0
REML.US,D,20190920,000000,15.735,15.81,15.616,15.81,45927,0
REML.US,D,20190923,000000,15.804,15.894,15.714,15.894,50382,0
REML.US,D,20190924,000000,15.894,16.045,15.617,15.754,91395,0
REML.US,D,20190925,000000,15.83,15.981,15.655,15.858,72183,0
REML.US,D,20190926,000000,15.915,15.941,15.851,15.941,24266,0
REML.US,D,20190927,000000,15.721,15.983,15.714,15.787,32330,0
REML.US,D,20190930,000000,15.83,15.941,15.665,15.902,32240,0
REML.US,D,20191001,000000,15.909,15.915,15.438,15.545,106332,0
REML.US,D,20191002,000000,15.541,15.541,15.189,15.394,37138,0
REML.US,D,20191003,000000,15.564,15.644,15.231,15.416,38652,0
REML.US,D,20191004,000000,15.611,15.611,15.479,15.611,57671,0
REML.US,D,20191007,000000,15.631,15.838,15.63,15.716,97599,0
REML.US,D,20191008,000000,15.554,15.775,15.491,15.533,145520,0
REML.US,D,20191009,000000,15.644,15.77,15.507,15.7,240525,0
REML.US,D,20191010,000000,15.677,16.099,15.677,15.87,54535,0
REML.US,D,20191011,000000,15.935,16.197,15.929,16.036,144371,0
REML.US,D,20191014,000000,16.193,16.193,15.729,15.856,41036,0
REML.US,D,20191015,000000,15.909,16.201,15.873,16.051,75725,0
REML.US,D,20191016,000000,16.014,16.014,15.929,15.974,22878,0
REML.US,D,20191017,000000,16.051,16.157,15.951,16.115,57533,0
REML.US,D,20191018,000000,16.135,16.353,16.105,16.299,136655,0
REML.US,D,20191021,000000,16.351,16.578,16.336,16.566,150601,0
REML.US,D,20191022,000000,16.66,16.699,16.358,16.599,75800,0
REML.US,D,20191023,000000,16.587,16.729,16.559,16.66,112685,0
REML.US,D,20191024,000000,16.66,16.66,16.373,16.411,92567,0
REML.US,D,20191025,000000,16.515,16.515,16.193,16.235,85331,0
REML.US,D,20191028,000000,16.299,16.38,16.23,16.307,62866,0
REML.US,D,20191029,000000,16.327,16.587,16.313,16.489,67764,0
REML.US,D,20191030,000000,16.63,16.63,16.327,16.38,68432,0
REML.US,D,20191031,000000,16.415,16.729,16.402,16.612,59883,0
REML.US,D,20191101,000000,16.614,16.922,16.614,16.796,79828,0
REML.US,D,20191104,000000,16.801,16.885,16.651,16.657,117161,0
REML.US,D,20191105,000000,16.737,16.737,16.444,16.569,82274,0
REML.US,D,20191106,000000,16.729,16.744,16.443,16.695,58330,0
REML.US,D,20191107,000000,16.729,16.858,16.729,16.796,66816,0
REML.US,D,20191108,000000,16.801,16.965,16.643,16.961,60518,0
REML.US,D,20191111,000000,16.858,17.064,16.844,16.844,67079,0
REML.US,D,20191112,000000,16.922,16.935,16.824,16.872,70384,0
REML.US,D,20191113,000000,16.851,17.09,16.648,16.818,68448,0
REML.US,D,20191114,000000,16.844,16.918,16.532,16.591,57215,0
REML.US,D,20191115,000000,16.777,16.777,16.566,16.693,46917,0
REML.US,D,20191118,000000,16.693,16.902,16.624,16.831,83505,0
REML.US,D,20191119,000000,16.936,16.966,16.777,16.829,45410,0
REML.US,D,20191120,000000,16.867,16.972,16.74,16.806,23740,0
REML.US,D,20191121,000000,16.879,16.879,16.613,16.648,48506,0
REML.US,D,20191122,000000,16.858,16.858,16.613,16.72,27276,0
REML.US,D,20191125,000000,16.749,16.945,16.613,16.909,58176,0
REML.US,D,20191126,000000,16.972,16.972,16.7,16.93,29510,0
REML.US,D,20191127,000000,16.749,17.069,16.749,17.054,27677,0
REML.US,D,20191129,000000,17.037,17.19,17.037,17.159,20922,0
REML.US,D,20191202,000000,17.162,17.408,17.154,17.244,70261,0
REML.US,D,20191203,000000,17.283,17.32,17.045,17.226,40037,0
REML.US,D,20191204,000000,17.392,17.392,17.246,17.299,51822,0
REML.US,D,20191205,000000,17.337,17.396,17.175,17.281,47191,0
REML.US,D,20191206,000000,17.154,17.472,17.154,17.417,99025,0
REML.US,D,20191209,000000,17.343,17.528,17.343,17.503,48602,0
REML.US,D,20191210,000000,17.493,17.493,17.384,17.395,60754,0
REML.US,D,20191211,000000,17.3,17.401,17.292,17.338,62863,0
REML.US,D,20191212,000000,17.331,17.475,17.331,17.38,62164,0
REML.US,D,20191213,000000,17.372,17.546,17.372,17.48,48907,0
REML.US,D,20191216,000000,17.48,17.69,17.48,17.576,69189,0
REML.US,D,20191217,000000,17.69,18.01,17.622,17.988,92579,0
REML.US,D,20191218,000000,17.953,18.047,17.762,17.923,86614,0
REML.US,D,20191219,000000,17.993,18.49,17.993,18.083,38766,0
REML.US,D,20191220,000000,18.083,18.292,18.083,18.237,36279,0
REML.US,D,20191223,000000,18.235,18.27,18.126,18.131,51692,0
REML.US,D,20191224,000000,18.131,18.383,18.131,18.312,57550,0
REML.US,D,20191226,000000,18.554,18.599,18.402,18.599,48944,0
REML.US,D,20191227,000000,18.599,18.73,18.562,18.695,102227,0
REML.US,D,20191230,000000,18.831,18.831,18.343,18.425,144682,0
REML.US,D,20191231,000000,18.445,18.647,18.343,18.547,109183,0
REML.US,D,20200102,000000,18.547,18.562,18.195,18.351,141607,0
REML.US,D,20200103,000000,18.314,18.633,18.279,18.46,90931,0
REML.US,D,20200106,000000,18.336,18.757,18.301,18.621,251130,0
REML.US,D,20200107,000000,18.547,18.62,18.453,18.59,98110,0
REML.US,D,20200108,000000,18.54,18.647,18.491,18.495,249403,0
REML.US,D,20200109,000000,18.524,18.698,18.524,18.613,139395,0
REML.US,D,20200110,000000,18.627,18.91,18.603,18.807,674253,0
REML.US,D,20200113,000000,18.86,19.005,18.769,18.957,186489,0
REML.US,D,20200114,000000,19.01,19.086,18.957,19.043,65810,0
REML.US,D,20200115,000000,19.041,19.304,19.041,19.13,99884,0
REML.US,D,20200116,000000,19.13,19.305,19.13,19.244,66234,0
REML.US,D,20200117,000000,19.327,19.343,19.238,19.281,48443,0
REML.US,D,20200121,000000,19.281,19.546,19.281,19.475,59680,0
REML.US,D,20200122,000000,19.516,19.617,19.502,19.567,44820,0
REML.US,D,20200123,000000,19.614,19.614,19.473,19.582,61692,0
REML.US,D,20200124,000000,19.59,19.652,19.281,19.395,113676,0
REML.US,D,20200127,000000,19.238,19.251,19.048,19.223,108972,0
REML.US,D,20200128,000000,19.281,19.636,19.261,19.606,77208,0
REML.US,D,20200129,000000,19.606,19.81,19.55,19.757,57962,0
REML.US,D,20200130,000000,19.683,19.841,19.683,19.787,54016,0
REML.US,D,20200131,000000,19.69,19.907,19.501,19.501,174014,0
REML.US,D,20200203,000000,19.501,19.937,19.423,19.764,92080,0
REML.US,D,20200204,000000,19.953,20.058,19.764,19.969,55208,0
REML.US,D,20200205,000000,20.128,20.299,19.992,20.284,34481,0
REML.US,D,20200206,000000,20.345,20.651,20.345,20.586,118739,0
REML.US,D,20200207,000000,20.73,20.73,20.285,20.345,392343,0
REML.US,D,20200210,000000,20.361,20.594,20.17,20.216,44355,0
REML.US,D,20200211,000000,20.256,20.446,20.256,20.256,65869,0
REML.US,D,20200212,000000,20.322,20.714,20.322,20.529,50461,0
REML.US,D,20200213,000000,20.531,20.943,20.531,20.896,102262,0
REML.US,D,20200214,000000,20.872,21.024,20.733,21.024,59315,0
REML.US,D,20200218,000000,21.016,21.175,20.987,21.175,40480,0
REML.US,D,20200219,000000,21.251,21.297,21.134,21.259,76269,0
REML.US,D,20200220,000000,21.365,21.442,21.175,21.428,108738,0
REML.US,D,20200221,000000,21.312,21.472,20.987,21.114,113008,0
REML.US,D,20200224,000000,20.412,20.728,20.231,20.488,166338,0
REML.US,D,20200225,000000,20.503,20.714,19.044,19.284,367292,0
REML.US,D,20200226,000000,19.112,19.931,19.112,19.141,143174,0
REML.US,D,20200227,000000,18.855,18.855,17.202,17.463,443850,0
REML.US,D,20200228,000000,16.791,17.016,15.466,16.549,300619,0
REML.US,D,20200302,000000,16.623,18.454,16.623,18.454,455371,0
REML.US,D,20200303,000000,18.703,19.559,17.395,17.796,237484,0
REML.US,D,20200304,000000,18.164,18.542,18.028,18.446,119718,0
REML.US,D,20200305,000000,18.228,18.228,17.42,17.471,120148,0
REML.US,D,20200306,000000,17.093,17.162,15.826,16.915,201224,0
REML.US,D,20200309,000000,15.127,15.64,14.182,14.182,391844,0
REML.US,D,20200310,000000,15.604,15.929,13.69,14.391,307187,0
REML.US,D,20200311,000000,14.059,14.582,12.594,12.767,373176,0
REML.US,D,20200312,000000,10.639,10.859,7.6071,7.8985,825521,0
REML.US,D,20200313,000000,9.1192,10.206,7.6071,8.8985,682854,0
REML.US,D,20200316,000000,7.2196,8.5033,6.6116,6.6175,873815,0
REML.US,D,20200317,000000,6.4598,6.5356,3.8027,4.8714,1060764,0
REML.US,D,20200318,000000,3.8984,4.1722,0.39761,1.2539,3301727,0
REML.US,D,20200319,000000,1.2767,1.9379,0.6459,1.8585,1729496,0
REML.US,D,20200320,000000,2.0443,3.2753,1.9531,3.1994,1956232,0
REML.US,D,20200323,000000,2.8802,2.8802,1.71,2.0671,1486083,0
REML.US,D,20200324,000000,2.432,2.6064,1.3299,1.5427,1531047,0
REML.US,D,20200325,000000,1.7936,2.447,1.6724,2.1203,2417621,0
REML.US,D,20200326,000000,2.3178,3.7305,2.3027,2.9562,3085444,0
REML.US,D,20200327,000000,2.9638,3.0321,2.6598,2.7132,1296499,0
REML.US,D,20200330,000000,2.5612,2.6446,2.0063,2.2495,952351,0
REML.US,D,20200331,000000,2.2798,2.432,1.9454,2.0975,1060306,0
REML.US,D,20200401,000000,1.8998,1.9759,1.5579,1.5655,899054,0
REML.US,D,20200402,000000,1.6719,1.7782,1.3681,1.444,1558125,0
REML.US,D,20200403,000000,1.52,1.6111,0.95,1.0791,2169323,0
REML.US,D,20200406,000000,1.5047,1.52,1.2479,1.4212,3387135,0
REML.US,D,20200407,000000,2.0898,2.105,1.5427,1.6797,4896724,0
REML.US,D,20200408,000000,1.9759,2.2495,1.8391,2.2038,3603402,0
REML.US,D,20200409,000000,2.5823,2.9455,2.2191,2.5581,5187113,0
REML.US,D,20200413,000000,2.7437,2.7437,2.2191,2.4209,2320529,0
REML.US,D,20200414,000000,2.6307,2.6307,2.1788,2.2879,2370612,0
REML.US,D,20200415,000000,1.8318,2.1546,1.8318,2.0337,1826704,0
REML.US,D,20200416,000000,2.082,2.1383,1.8723,1.961,1203760,0
REML.US,D,20200417,000000,2.2918,2.3644,2.1061,2.3161,2298879,0
REML.US,D,20200420,000000,2.1788,2.3807,2.1062,2.1788,1695951,0
REML.US,D,20200421,000000,2.1225,2.2594,2.0981,2.203,1486215,0
REML.US,D,20200422,000000,2.2837,2.3321,2.1143,2.195,2407839,0
REML.US,D,20200423,000000,2.2191,2.2756,2.1546,2.187,1559085,0
REML.US,D,20200424,000000,2.187,2.2113,2.0419,2.1466,1852305,0
REML.US,D,20200427,000000,2.1627,2.1788,2.0093,2.0337,2987821,0
REML.US,D,20200428,000000,2.1143,2.2594,2.0417,2.2026,2114958,0
REML.US,D,20200429,000000,2.3967,2.759,2.3241,2.5905,4429984,0
REML.US,D,20200430,000000,2.655,2.6632,2.3807,2.4773,3436961,0
REML.US,D,20200501,000000,2.3079,2.3807,2.2191,2.2677,2078733,0
REML.US,D,20200504,000000,2.2433,2.3079,2.1466,2.2512,1340357,0
REML.US,D,20200505,000000,2.3241,2.4613,2.2594,2.2756,1735443,0
REML.US,D,20200506,000000,2.3241,2.3886,2.187,2.2273,1333288,0
REML.US,D,20200507,000000,2.2594,2.3322,2.187,2.2354,1189828,0
REML.US,D,20200508,000000,2.2354,2.3564,2.2274,2.3322,1121088,0
REML.US,D,20200511,000000,2.2594,2.2675,2.1788,2.2191,1234319,0
REML.US,D,20200512,000000,2.2334,2.2581,2.0872,2.1118,1580085,0
REML.US,D,20200513,000000,2.0712,2.0712,1.6488,1.868,3026133,0
REML.US,D,20200514,000000,1.7544,2.0021,1.6732,1.9898,1606960,0
REML.US,D,20200515,000000,1.9575,2.0224,1.9088,1.933,547832,0
REML.US,D,20200518,000000,2.1118,2.2173,2.0305,2.2173,1421499,0
REML.US,D,20200519,000000,2.2012,2.3228,2.1443,2.2416,940642,0
REML.US,D,20200520,000000,2.3148,2.3797,2.2904,2.3473,902718,0
REML.US,D,20200521,000000,2.3797,2.4042,2.2334,2.331,1266867,0
REML.US,D,20200522,000000,2.2986,2.3676,2.2499,2.3635,718299,0
REML.US,D,20200526,000000,2.6558,2.6802,2.5178,2.5909,2755618,0
REML.US,D,20200527,000000,2.7695,2.794,2.4771,2.7046,2222413,0
REML.US,D,20200528,000000,2.7209,2.737,2.5178,2.5909,1413897,0
REML.US,D,20200529,000000,2.5341,2.5422,2.4365,2.4854,1376514,0
REML.US,D,20200601,000000,2.4691,2.6397,2.396,2.5749,1311189,0
REML.US,D,20200602,000000,2.6397,2.6893,2.5749,2.6072,859056,0
REML.US,D,20200603,000000,2.672,2.9157,2.6639,2.8832,1941860,0
REML.US,D,20200604,000000,2.9646,3.2084,2.8021,3.1352,3226684,0
REML.US,D,20200605,000000,3.8173,4.0528,3.2982,3.3462,6996929,0
REML.US,D,20200608,000000,3.8661,4.0202,3.6143,3.9635,10062040,0
REML.US,D,20200609,000000,3.8173,3.8743,3.4357,3.5655,7254841,0
REML.US,D,20200610,000000,3.6429,3.6756,2.9976,3.2671,7209118,0
REML.US,D,20200611,000000,2.6546,2.9813,2.5729,2.7362,5261369,0
REML.US,D,20200612,000000,3.0958,3.1691,2.826,3.1203,3838790,0
REML.US,D,20200615,000000,2.6629,3.259,2.6546,3.1691,3458805,0
REML.US,D,20200616,000000,3.5204,3.5204,3.0711,3.2508,2500344,0
REML.US,D,20200617,000000,3.2508,3.2665,3.1038,3.1447,1701662,0
REML.US,D,20200618,000000,3.0549,3.2182,3.0221,3.0874,1382011,0
REML.US,D,20200619,000000,3.2263,3.2347,2.9813,3.0385,1772058,0
REML.US,D,20200622,000000,2.9731,2.9731,2.8751,2.9414,2274053,0
REML.US,D,20200623,000000,2.965,3.0958,2.9568,3.0711,1601662,0
REML.US,D,20200624,000000,2.9813,3.0058,2.6546,2.8589,2528950,0
REML.US,D,20200625,000000,2.7036,3.0221,2.6954,3.0221,1798556,0
REML.US,D,20200626,000000,2.9568,2.9772,2.7772,2.8426,1311116,0
REML.US,D,20200629,000000,2.8589,3.005,2.7362,2.9813,1360768,0
REML.US,D,20200630,000000,2.9731,3.001,2.8751,2.965,1088218,0
REML.US,D,20200701,000000,2.9731,3.0958,2.867,2.8997,1476961,0
REML.US,D,20200702,000000,2.9894,2.9894,2.8016,2.8098,1908718,0
REML.US,D,20200706,000000,2.867,2.9405,2.826,2.9243,1229988,0
REML.US,D,20200707,000000,2.8343,2.8588,2.7036,2.7282,1575454,0
REML.US,D,20200708,000000,2.7446,2.8179,2.6792,2.7772,1618721,0
REML.US,D,20200709,000000,2.8016,2.826,2.5729,2.6299,2291435,0
REML.US,D,20200710,000000,2.6082,2.7355,2.5487,2.7186,1812313,0
REML.US,D,20200713,000000,2.7525,2.8121,2.7016,2.7186,1475439,0
REML.US,D,20200714,000000,2.5487,2.8375,2.5487,2.7952,1293611,0
REML.US,D,20200715,000000,2.9055,3.1349,2.8462,3.1222,2162834,0
REML.US,D,20200716,000000,3.0755,3.2114,3.0074,3.1008,1544411,0
REML.US,D,20200717,000000,3.1435,3.1688,3.0542,3.1159,781374,0
REML.US,D,20200720,000000,3.067,3.0925,2.9905,3.0457,757354,0
REML.US,D,20200721,000000,3.067,3.1604,3.067,3.1435,942812,0
REML.US,D,20200722,000000,3.1264,3.3304,3.084,3.2963,2115365,0
REML.US,D,20200723,000000,3.3217,3.3304,3.1605,3.2369,880956,0
REML.US,D,20200724,000000,3.1858,3.2454,3.1096,3.1096,1197299,0
REML.US,D,20200727,000000,3.1264,3.1858,3.1008,3.1605,832699,0
REML.US,D,20200728,000000,3.1518,3.2794,3.1518,3.2283,896297,0
REML.US,D,20200729,000000,3.2708,3.3387,3.2454,3.3387,907280,0
REML.US,D,20200730,000000,3.2624,3.3558,3.2369,3.3217,762246,0
REML.US,D,20200731,000000,3.3474,3.3984,3.1944,3.2708,1211002,0
REML.US,D,20200803,000000,3.3217,3.3217,3.1858,3.2794,900599,0
REML.US,D,20200804,000000,3.2624,3.2794,3.2369,3.2794,754380,0
REML.US,D,20200805,000000,3.3135,3.3984,3.2708,3.3984,1133878,0
REML.US,D,20200806,000000,3.3984,3.4547,3.3644,3.3814,813281,0
REML.US,D,20200807,000000,3.3727,3.4154,3.2963,3.3984,884819,0
REML.US,D,20200810,000000,3.4408,3.6871,3.4154,3.6532,1804058,0
REML.US,D,20200811,000000,3.8655,3.8697,3.6106,3.6363,2078678,0
REML.US,D,20200812,000000,3.7969,3.7969,3.5062,3.5488,1092932,0
REML.US,D,20200813,000000,3.5917,3.6344,3.4634,3.5062,970148,0
REML.US,D,20200814,000000,3.4634,3.6002,3.4378,3.5233,676928,0
REML.US,D,20200817,000000,3.5575,3.5831,3.472,3.5147,550234,0
REML.US,D,20200818,000000,3.4976,3.5283,3.4205,3.4378,986171,0
REML.US,D,20200819,000000,3.4378,3.4889,3.3523,3.4205,704816,0
REML.US,D,20200820,000000,3.3608,3.4378,3.3351,3.3864,840833,0
REML.US,D,20200821,000000,3.3608,3.4205,3.3448,3.3608,554553,0
REML.US,D,20200824,000000,3.4548,3.5575,3.3523,3.5405,1168570,0
REML.US,D,20200825,000000,3.5917,3.613,3.4378,3.5488,734958,0
REML.US,D,20200826,000000,3.5317,3.5338,3.4205,3.4293,593732,0
REML.US,D,20200827,000000,3.4378,3.5317,3.4378,3.489,594504,0
REML.US,D,20200828,000000,3.4976,3.566,3.4806,3.5488,572571,0
REML.US,D,20200831,000000,3.5488,3.5488,3.4293,3.4548,758689,0
REML.US,D,20200901,000000,3.4293,3.5233,3.4205,3.4378,619668,0
REML.US,D,20200902,000000,3.4548,3.4634,3.3951,3.4634,833023,0
REML.US,D,20200903,000000,3.4205,3.5317,3.3009,3.3523,991757,0
REML.US,D,20200904,000000,3.4035,3.442,3.1641,3.3693,1685996,0
REML.US,D,20200908,000000,3.2496,3.4593,3.2496,3.3523,950294,0
REML.US,D,20200909,000000,3.4122,3.4464,3.3787,3.4464,526807,0
REML.US,D,20200910,000000,3.4293,3.4548,3.2924,3.3608,715876,0
REML.US,D,20200911,000000,3.4049,3.4131,3.1813,3.336,1146016,0
REML.US,D,20200914,000000,3.3447,3.5251,3.2244,3.4909,1237996,0
REML.US,D,20200915,000000,3.5079,3.5682,3.4565,3.4565,558140,0
REML.US,D,20200916,000000,3.5079,3.6351,3.4666,3.594,1151089,0
REML.US,D,20200917,000000,3.4649,3.6111,3.4478,3.5595,628398,0
REML.US,D,20200918,000000,3.5768,3.6455,3.5079,3.5079,620096,0
REML.US,D,20200921,000000,3.4822,3.4916,3.3103,3.3705,1073028,0
REML.US,D,20200922,000000,3.3961,3.4392,3.3188,3.3617,569862,0
REML.US,D,20200923,000000,3.3961,3.4221,3.0437,3.121,1194873,0
REML.US,D,20200924,000000,3.1726,3.2672,2.9836,3.1383,1374209,0
REML.US,D,20200925,000000,3.1469,3.3103,3.1383,3.2587,654596,0
REML.US,D,20200928,000000,3.3532,3.5167,3.3094,3.4822,976979,0
REML.US,D,20200929,000000,3.5079,3.5147,3.293,3.4306,632768,0
REML.US,D,20200930,000000,3.3617,3.4479,3.3103,3.3188,505380,0
REML.US,D,20201001,000000,3.3532,3.3961,3.293,3.3961,389881,0
REML.US,D,20201002,000000,3.2672,3.5079,3.2672,3.4565,1064963,0
REML.US,D,20201005,000000,3.4993,3.5595,3.4736,3.5209,747836,0
REML.US,D,20201006,000000,3.5423,3.6455,3.4649,3.5079,1086191,0
REML.US,D,20201007,000000,3.5595,3.5661,3.4649,3.5423,661204,0
REML.US,D,20201008,000000,3.5423,3.6951,3.53,3.6629,963355,0
REML.US,D,20201009,000000,3.6973,3.723,3.5854,3.6025,885750,0
REML.US,D,20201012,000000,3.7057,3.7057,3.5768,3.6542,1096026,0
REML.US,D,20201013,000000,3.6452,3.6631,3.5563,3.6274,952558,0
REML.US,D,20201014,000000,3.6186,3.6808,3.5983,3.6097,481924,0
REML.US,D,20201015,000000,3.5475,3.5892,3.5119,3.5653,482719,0
REML.US,D,20201016,000000,3.5919,3.5964,3.5208,3.5563,513422,0
REML.US,D,20201019,000000,3.5563,3.5682,3.4141,3.4141,842476,0
REML.US,D,20201020,000000,3.4673,3.5385,3.4319,3.4666,497540,0
REML.US,D,20201021,000000,3.4764,3.4826,3.3786,3.4319,731375,0
REML.US,D,20201022,000000,3.3962,3.4673,3.3956,3.4408,425904,0
REML.US,D,20201023,000000,3.503,3.6364,3.4673,3.583,1118151,0
REML.US,D,20201026,000000,3.5297,3.543,3.3875,3.4586,1146454,0
REML.US,D,20201027,000000,3.4673,3.5297,3.4053,3.4053,523424,0
REML.US,D,20201028,000000,3.3342,3.3786,3.2096,3.2897,1705135,0
REML.US,D,20201029,000000,3.2985,3.3959,3.1563,3.3608,734363,0
REML.US,D,20201030,000000,3.3164,3.3786,3.2718,3.3118,490865,0
REML.US,D,20201102,000000,3.2897,3.4921,3.2897,3.4229,977320,0
REML.US,D,20201103,000000,3.4497,3.5855,3.4497,3.5208,961420,0
REML.US,D,20201104,000000,3.5741,3.583,3.4053,3.4673,653015,0
REML.US,D,20201105,000000,3.5563,3.6436,3.5209,3.583,741644,0
REML.US,D,20201106,000000,3.5563,3.6312,3.4764,3.4941,753959,0
REML.US,D,20201109,000000,3.7787,3.9565,3.7342,3.8765,2579937,0
REML.US,D,20201110,000000,3.9031,4.1876,3.8587,4.1698,1466183,0
REML.US,D,20201111,000000,4.3387,4.3387,3.9565,4.0187,1147982,0
REML.US,D,20201112,000000,3.8942,3.9565,3.743,3.8587,1049264,0
REML.US,D,20201113,000000,3.8853,4.0631,3.8811,4.0364,638083,0
REML.US,D,20201116,000000,4.2587,4.3379,4.1521,4.2676,1245970,0
REML.US,D,20201117,000000,4.1432,4.3831,4.1343,4.3477,802042,0
REML.US,D,20201118,000000,4.4365,4.6055,4.3387,4.3565,1741526,0
REML.US,D,20201119,000000,4.3743,4.4507,4.2054,4.3387,941376,0
REML.US,D,20201120,000000,4.4188,4.4633,4.3387,4.4009,615526,0
REML.US,D,20201123,000000,4.4987,4.5966,4.4608,4.5754,1057575,0
REML.US,D,20201124,000000,4.7389,4.881,4.7123,4.81,1320401,0
REML.US,D,20201125,000000,4.8456,4.8456,4.6412,4.7567,1071231,0
REML.US,D,20201127,000000,4.81,4.8722,4.6766,4.7389,645380,0
REML.US,D,20201130,000000,4.7833,4.7878,4.481,4.5077,1296797,0
REML.US,D,20201201,000000,4.6232,4.73,4.5561,4.6045,747130,0
REML.US,D,20201202,000000,4.6144,4.7122,4.4987,4.7122,517458,0
REML.US,D,20201203,000000,4.7389,4.8456,4.6857,4.7389,710891,0
REML.US,D,20201204,000000,4.7833,4.9256,4.7833,4.9167,674443,0
REML.US,D,20201207,000000,5.0144,5.0282,4.7389,4.8366,1309197,0
REML.US,D,20201208,000000,4.8011,4.9345,4.7833,4.8634,732363,0
REML.US,D,20201209,000000,4.9077,4.9701,4.7567,4.8366,678972,0
REML.US,D,20201210,000000,4.8011,4.8049,4.7033,4.7922,681185,0
REML.US,D,20201211,000000,4.7567,4.7922,4.6943,4.73,617071,0
REML.US,D,20201214,000000,4.8366,4.8955,4.7744,4.8366,565307,0
REML.US,D,20201215,000000,4.8456,4.9345,4.7966,4.9255,719396,0
REML.US,D,20201216,000000,4.9345,4.9576,4.8989,4.9433,301342,0
REML.US,D,20201217,000000,4.9612,5.0057,4.9252,4.9966,487345,0
REML.US,D,20201218,000000,5.0144,5.0908,4.8544,4.9167,754448,0
REML.US,D,20201221,000000,4.7744,4.8811,4.73,4.8456,918898,0
REML.US,D,20201222,000000,4.7567,4.8722,4.7567,4.8188,578067,0
REML.US,D,20201223,000000,4.81,5.1122,4.81,5.05,1038698,0
REML.US,D,20201224,000000,5.0677,5.1122,4.9345,5.0233,437965,0
REML.US,D,20201228,000000,5.0677,5.21,5.05,5.1034,745463,0
REML.US,D,20201229,000000,5.1745,5.1745,4.9433,4.9433,845386,0
REML.US,D,20201230,000000,4.9966,5.1122,4.9612,5.0677,588235,0
REML.US,D,20201231,000000,5.0411,5.111,4.9879,5.0855,375728,0
REML.US,D,20210104,000000,5.1122,5.1469,4.6678,4.7922,2033926,0
REML.US,D,20210105,000000,4.8011,4.8456,4.7211,4.7211,1214458,0
REML.US,D,20210106,000000,4.8011,5.1301,4.8011,4.9966,1482097,0
REML.US,D,20210107,000000,5.0768,5.1234,4.9345,5.0233,1088542,0
REML.US,D,20210108,000000,5.0768,5.088,4.9078,5.0411,1020683,0
REML.US,D,20210111,000000,5.0057,5.0786,4.9499,4.9789,1102049,0
REML.US,D,20210112,000000,5.0057,5.05,4.9345,5.0233,970422,0
REML.US,D,20210113,000000,5.0877,5.1153,4.9865,5.0141,743145,0
REML.US,D,20210114,000000,5.0326,5.0694,4.9314,5.0233,1093457,0
REML.US,D,20210115,000000,5.0141,5.0233,4.9406,4.9682,716660,0
REML.US,D,20210119,000000,4.9958,5.0233,4.913,4.9682,891788,0
REML.US,D,20210120,000000,5.0141,5.1338,4.9958,5.1062,769128,0
REML.US,D,20210121,000000,5.0877,5.2441,5.0796,5.235,1121020,0
REML.US,D,20210122,000000,5.189,5.235,5.1153,5.2258,517998,0
REML.US,D,20210125,000000,5.2441,5.3361,5.1706,5.2717,854882,0
REML.US,D,20210126,000000,5.3361,5.3822,5.2534,5.281,961869,0
REML.US,D,20210127,000000,5.1521,5.1825,4.9589,5.0141,1538964,0
REML.US,D,20210128,000000,4.9682,5.1429,4.9589,5.1153,826600,0
REML.US,D,20210129,000000,5.0785,5.1428,4.7934,4.8762,1285568,0
REML.US,D,20210201,000000,4.8854,5.005,4.7456,5.005,974540,0
REML.US,D,20210202,000000,5.0603,5.2073,5.0141,5.189,1238152,0
REML.US,D,20210203,000000,5.1521,5.2441,5.1153,5.1614,693404,0
REML.US,D,20210204,000000,5.1614,5.3086,5.1246,5.281,1053319,0
REML.US,D,20210205,000000,5.2902,5.4281,5.2824,5.3822,773784,0
REML.US,D,20210208,000000,5.4558,5.5018,5.4281,5.5018,659415,0
REML.US,D,20210209,000000,5.4741,5.4741,5.3575,5.419,631153,0
REML.US,D,20210210,000000,5.4281,5.5202,5.4097,5.4595,664801,0
REML.US,D,20210211,000000,5.4466,5.5968,5.3361,5.4281,498437,0
REML.US,D,20210212,000000,5.4741,5.5385,5.4323,5.4925,544898,0
REML.US,D,20210216,000000,5.5662,5.7226,5.5385,5.7134,735702,0
REML.US,D,20210217,000000,5.7042,5.7377,5.4393,5.5202,1322865,0
REML.US,D,20210218,000000,5.4741,5.511,5.2902,5.327,1105580,0
REML.US,D,20210219,000000,5.3914,5.6672,5.3914,5.5845,656921,0
REML.US,D,20210222,000000,5.5202,5.7411,5.5202,5.6122,738946,0
REML.US,D,20210223,000000,5.6029,5.6398,5.3546,5.6122,700884,0
REML.US,D,20210224,000000,5.649,5.9434,5.6122,5.9342,837673,0
REML.US,D,20210225,000000,5.9525,6.1274,5.5662,5.6122,1208927,0
REML.US,D,20210226,000000,5.6582,5.833,5.5478,5.7593,1136733,0
REML.US,D,20210301,000000,5.9066,6.0906,5.7961,5.8605,976235,0
REML.US,D,20210302,000000,5.8881,5.9619,5.7689,5.8975,599224,0
REML.US,D,20210303,000000,5.9249,6.0538,5.8422,5.971,879035,0
REML.US,D,20210304,000000,5.9158,5.9342,5.4604,5.6766,1227988,0
REML.US,D,20210305,000000,5.7961,5.8227,5.1706,5.6673,2016698,0
REML.US,D,20210308,000000,5.7134,6.0206,5.7042,5.9342,810439,0
REML.US,D,20210309,000000,5.9525,6.0078,5.8328,5.9525,581979,0
REML.US,D,20210310,000000,5.9619,6.1182,5.8896,6.0814,629473,0
REML.US,D,20210311,000000,6.0814,6.2561,6.0722,6.1642,460503,0
REML.US,D,20210312,000000,6.2102,6.4034,6.2102,6.3574,662170,0
REML.US,D,20210315,000000,6.431,6.5046,6.3206,6.4126,734298,0
REML.US,D,20210316,000000,6.431,6.4402,6.2194,6.293,697446,0
REML.US,D,20210317,000000,6.247,6.4402,6.2379,6.4219,490509,0
REML.US,D,20210318,000000,6.4219,6.477,6.1662,6.2102,613083,0
REML.US,D,20210319,000000,6.2653,6.4126,6.0765,6.3022,552225,0
REML.US,D,20210322,000000,6.3482,6.385,6.2102,6.2746,605186,0
REML.US,D,20210323,000000,6.2838,6.339,6.0354,6.1274,762660,0
REML.US,D,20210324,000000,6.1826,6.3758,6.0445,6.0445,620421,0
REML.US,D,20210325,000000,6.0814,6.2838,5.8146,6.247,760827,0
REML.US,D,20210326,000000,6.2931,6.3206,6.1366,6.293,378102,0
REML.US,D,20210329,000000,6.247,6.3666,6.1458,6.1918,355822,0
REML.US,D,20210330,000000,6.1733,6.385,6.1642,6.3482,458974,0
REML.US,D,20210331,000000,6.3574,6.4277,6.3114,6.339,571562,0
REML.US,D,20210401,000000,6.3942,6.431,6.293,6.4219,316681,0
REML.US,D,20210405,000000,6.4586,6.507,6.3666,6.3942,539164,0
REML.US,D,20210406,000000,6.3758,6.4863,6.3758,6.4034,729252,0
REML.US,D,20210407,000000,6.4219,6.4448,6.3298,6.3666,563463,0
REML.US,D,20210408,000000,6.3758,6.477,6.3482,6.4678,422808,0
REML.US,D,20210409,000000,6.4586,6.477,6.431,6.4678,788439,0
REML.US,D,20210412,000000,6.5056,6.5246,6.4395,6.4962,580751,0
REML.US,D,20210413,000000,6.4773,6.5623,6.4016,6.5623,525848,0
REML.US,D,20210414,000000,6.534,6.6664,6.515,6.5246,735655,0
REML.US,D,20210415,000000,6.534,6.5718,6.4773,6.4962,287611,0
REML.US,D,20210416,000000,6.4962,6.6474,6.4962,6.5907,778204,0
REML.US,D,20210419,000000,6.6191,6.6191,6.4016,6.4111,511801,0
REML.US,D,20210420,000000,6.4395,6.4772,6.1747,6.3071,737965,0
REML.US,D,20210421,000000,6.3165,6.4984,6.1747,6.4962,368386,0
REML.US,D,20210422,000000,6.5056,6.6002,6.43,6.4773,724633,0
REML.US,D,20210423,000000,6.5056,6.6853,6.4678,6.6664,873936,0
REML.US,D,20210426,000000,6.657,6.7515,6.5718,6.6191,432335,0
REML.US,D,20210427,000000,6.6758,6.7798,6.6286,6.7704,505469,0
REML.US,D,20210428,000000,6.7988,6.8839,6.7893,6.8744,717360,0
REML.US,D,20210429,000000,6.9312,6.9784,6.7704,6.8744,682461,0
REML.US,D,20210430,000000,6.8649,6.9406,6.8082,6.8839,350425,0
REML.US,D,20210503,000000,6.95,6.9784,6.9028,6.9028,410540,0
REML.US,D,20210504,000000,6.8649,6.8803,6.6474,6.7325,842380,0
REML.US,D,20210505,000000,6.7988,6.8177,6.7138,6.7988,303023,0
REML.US,D,20210506,000000,6.8082,6.8082,6.5246,6.6664,1156075,0
REML.US,D,20210507,000000,6.6664,6.8095,6.6664,6.7704,518524,0
REML.US,D,20210510,000000,6.7986,6.8992,6.6758,6.6758,589984,0
REML.US,D,20210511,000000,6.6097,6.638,6.4005,6.515,1732930,0
REML.US,D,20210512,000000,6.515,6.515,5.9572,5.9572,1929622,0
REML.US,D,20210513,000000,5.995,6.4015,5.995,6.3165,995967,0
REML.US,D,20210514,000000,6.3827,6.6002,6.3827,6.5623,696963,0
REML.US,D,20210517,000000,6.5434,6.638,6.43,6.638,484979,0
REML.US,D,20210518,000000,6.638,6.7325,6.5813,6.638,353844,0
REML.US,D,20210519,000000,6.4962,6.657,6.4205,6.657,523915,0
REML.US,D,20210520,000000,6.6474,6.7503,6.5907,6.7137,406684,0
REML.US,D,20210521,000000,6.7325,6.8044,6.6664,6.6664,305878,0
REML.US,D,20210524,000000,6.7042,6.7798,6.6758,6.7325,502507,0
REML.US,D,20210525,000000,6.7798,6.8271,6.638,6.6474,463627,0
REML.US,D,20210526,000000,6.6758,6.7704,6.6664,6.7609,181189,0
REML.US,D,20210527,000000,6.8082,6.8366,6.7798,6.8082,234604,0
REML.US,D,20210528,000000,6.8082,6.8348,6.7893,6.8177,323643,0
REML.US,D,20210601,000000,6.8744,6.9973,6.8462,6.9879,755975,0
REML.US,D,20210602,000000,7.0067,7.0824,6.969,7.0257,435075,0
REML.US,D,20210603,000000,6.9312,7.0067,6.9087,6.969,257153,0
REML.US,D,20210604,000000,7.0163,7.073,6.9028,7.0352,255568,0
REML.US,D,20210607,000000,7.0824,7.2886,7.0352,7.2527,394762,0
REML.US,D,20210608,000000,7.3378,7.4702,7.2547,7.4702,506287,0
REML.US,D,20210609,000000,7.5174,7.6877,7.489,7.5836,716272,0
REML.US,D,20210610,000000,7.6308,7.6754,7.4795,7.4985,477025,0
REML.US,D,20210611,000000,7.5553,7.5591,7.2055,7.3188,1020753,0
REML.US,D,20210614,000000,7.4133,7.4607,7.2905,7.2999,634383,0
REML.US,D,20210615,000000,7.2999,7.3248,7.0919,7.1297,781905,0
REML.US,D,20210616,000000,7.2337,7.3378,7.1771,7.2715,524273,0
REML.US,D,20210617,000000,7.2527,7.3539,6.8555,7.0824,834569,0
REML.US,D,20210618,000000,7.073,7.0824,6.7137,6.8461,921899,0
REML.US,D,20210621,000000,6.9595,7.1674,6.8555,7.1297,503479,0
REML.US,D,20210622,000000,7.1581,7.1881,6.9973,7.1391,370833,0
REML.US,D,20210623,000000,7.1581,7.2337,7.1014,7.1581,333953,0
REML.US,D,20210624,000000,7.2148,7.3094,7.1391,7.3094,343142,0
REML.US,D,20210625,000000,7.3472,7.4039,7.3188,7.3472,377479,0
REML.US,D,20210628,000000,7.3756,7.3756,7.0919,7.2148,817227,0
REML.US,D,20210629,000000,7.2148,7.2258,7.0636,7.0636,570336,0
REML.US,D,20210630,000000,7.0163,7.1297,6.9879,7.1014,372675,0
REML.US,D,20210701,000000,7.1108,7.2432,7.0636,7.1864,229494,0
REML.US,D,20210702,000000,7.2337,7.2337,7.0163,7.0824,476974,0
REML.US,D,20210706,000000,7.1391,7.1439,6.8839,6.9784,885349,0
REML.US,D,20210707,000000,6.95,7.0129,6.7893,6.8555,1014926,0
REML.US,D,20210708,000000,6.7231,6.8224,6.43,6.6806,1205620,0
REML.US,D,20210709,000000,6.7893,7.0919,6.7704,7.054,530684,0
REML.US,D,20210712,000000,7.054,7.1938,6.969,7.1297,867010,0
REML.US,D,20210713,000000,7.1297,7.141,6.712,6.7315,1030756,0
REML.US,D,20210714,000000,6.78,6.8665,6.4789,6.5275,1561057,0
REML.US,D,20210715,000000,6.5178,6.6926,6.3915,6.5759,870312,0
REML.US,D,20210716,000000,6.6635,6.7509,6.4886,6.5469,580829,0
REML.US,D,20210719,000000,6.3138,6.3138,5.9932,6.2944,1920129,0
REML.US,D,20210720,000000,6.3332,6.6808,6.2361,6.644,451176,0
REML.US,D,20210721,000000,6.6635,6.8869,6.6635,6.8092,555159,0
REML.US,D,20210722,000000,6.7995,6.8189,6.508,6.5372,670477,0
REML.US,D,20210723,000000,6.6732,6.7023,6.508,6.576,562929,0
REML.US,D,20210726,000000,6.5566,6.7412,6.5469,6.6343,432297,0
REML.US,D,20210727,000000,6.6052,6.6124,6.4303,6.5955,300399,0
REML.US,D,20210728,000000,6.576,6.7412,6.5275,6.6829,304567,0
REML.US,D,20210729,000000,6.7703,6.9452,6.7467,6.8772,547130,0
REML.US,D,20210730,000000,6.8674,6.9761,6.6829,6.6926,381997,0
REML.US,D,20210802,000000,6.7897,6.9034,6.6149,6.6343,465505,0
REML.US,D,20210803,000000,6.6343,6.6635,6.4255,6.6343,409270,0
REML.US,D,20210804,000000,6.5858,6.6538,6.4886,6.508,234167,0
REML.US,D,20210805,000000,6.5566,6.7508,6.5566,6.6926,397352,0
REML.US,D,20210806,000000,6.6149,6.8195,6.6052,6.6926,414198,0
REML.US,D,20210809,000000,6.6538,6.7217,6.5663,6.6732,401712,0
REML.US,D,20210810,000000,6.7023,6.7799,6.5972,6.7509,342296,0
REML.US,D,20210811,000000,6.7217,6.7315,6.6149,6.712,264068,0
REML.US,D,20210812,000000,6.7412,6.7995,6.6344,6.7217,299661,0
REML.US,D,20210813,000000,6.6926,6.8383,6.6926,6.7509,397398,0
REML.US,D,20210816,000000,6.7509,6.7743,6.6149,6.7412,279579,0
REML.US,D,20210817,000000,6.6926,6.7217,6.5178,6.6343,468766,0
REML.US,D,20210818,000000,6.6052,6.6975,6.5178,6.5663,253082,0
REML.US,D,20210819,000000,6.508,6.5193,6.2701,6.3818,737727,0
REML.US,D,20210820,000000,6.3721,6.576,6.3332,6.5469,419532,0
REML.US,D,20210823,000000,6.6246,6.7412,6.6086,6.7315,491369,0
REML.US,D,20210824,000000,6.7412,6.8868,6.7412,6.8189,696832,0
REML.US,D,20210825,000000,6.8286,6.9743,6.8189,6.916,551237,0
REML.US,D,20210826,000000,6.9452,6.9452,6.7703,6.7995,318763,0
REML.US,D,20210827,000000,6.8674,7.0326,6.819,7.0034,508953,0
REML.US,D,20210830,000000,7.0326,7.0326,6.8966,6.916,271359,0
REML.US,D,20210831,000000,6.9354,7.052,6.9209,6.984,366880,0
REML.US,D,20210901,000000,7.0132,7.0963,6.9355,7.0423,321652,0
REML.US,D,20210902,000000,7.052,7.0811,6.9658,7.0132,199474,0
REML.US,D,20210903,000000,6.9937,7.0553,6.8851,6.9452,297198,0
REML.US,D,20210907,000000,6.8966,6.9894,6.8189,6.8286,329832,0
REML.US,D,20210908,000000,6.8383,6.8869,6.6732,6.7363,571799,0
REML.US,D,20210909,000000,6.7023,6.8857,6.7023,6.8189,223143,0
REML.US,D,20210910,000000,6.7897,6.8189,6.5858,6.5858,762391,0
REML.US,D,20210913,000000,6.6343,6.7217,6.5373,6.6732,415945,0
REML.US,D,20210914,000000,6.7509,6.7606,6.6053,6.644,266057,0
REML.US,D,20210915,000000,6.6732,6.7107,6.6304,6.6997,230397,0
REML.US,D,20210916,000000,6.6732,6.7703,6.6732,6.7023,238273,0
REML.US,D,20210917,000000,6.6829,6.7606,6.6829,6.6926,168934,0
REML.US,D,20210920,000000,6.576,6.6246,6.4595,6.576,611004,0
REML.US,D,20210921,000000,6.6538,6.7509,6.5858,6.6732,498548,0
REML.US,D,20210922,000000,6.7023,6.9354,6.6878,6.8286,687426,0
REML.US,D,20210923,000000,6.8772,6.9646,6.8674,6.9257,299471,0
REML.US,D,20210924,000000,6.8772,6.9257,6.8529,6.8966,189833,0
REML.US,D,20210927,000000,6.9257,7.0714,6.9159,7.0132,476644,0
REML.US,D,20210928,000000,6.9743,7.0034,6.7995,6.8286,533052,0
REML.US,D,20210929,000000,6.8869,6.887,6.7606,6.848,235128,0
REML.US,D,20210930,000000,6.8286,6.8674,6.7076,6.7217,355284,0
REML.US,D,20211001,000000,6.78,6.9257,6.6943,6.916,376684,0
REML.US,D,20211004,000000,6.8577,7.0229,6.8577,6.8577,317357,0
REML.US,D,20211005,000000,6.9063,6.9531,6.78,6.9354,317288,0
REML.US,D,20211006,000000,6.8383,6.8966,6.7217,6.882,398697,0
REML.US,D,20211007,000000,6.9354,7.0617,6.9166,6.9354,618322,0
REML.US,D,20211008,000000,6.984,7.0423,6.9443,6.9937,366441,0
REML.US,D,20211011,000000,7.0229,7.0811,7.0034,7.0132,769075,0
REML.US,D,20211012,000000,7.0229,7.1297,7.0083,7.12,714143,0
REML.US,D,20211013,000000,7.11,7.16,7.02,7.16,538826,0
REML.US,D,20211014,000000,7.19,7.23,7.1412,7.18,683942,0
REML.US,D,20211015,000000,7.21,7.32,7.15,7.17,358159,0
REML.US,D,20211018,000000,7.15,7.19,7.08,7.16,279495,0
REML.US,D,20211019,000000,7.17,7.24,7.15,7.18,244028,0
REML.US,D,20211020,000000,7.2,7.38,7.2,7.2991,497275,0
REML.US,D,20211021,000000,7.3,7.401,7.29,7.35,246519,0
REML.US,D,20211022,000000,7.35,7.3692,7.26,7.31,280848,0
REML.US,D,20211025,000000,7.32,7.43,7.31,7.39,378154,0
REML.US,D,20211026,000000,7.44,7.44,7.27,7.27,311194,0
REML.US,D,20211027,000000,7.3,7.33,7.18,7.22,232275,0
REML.US,D,20211028,000000,7.23,7.2372,7.09,7.18,437744,0
REML.US,D,20211029,000000,7.16,7.1724,7.11,7.12,181526,0
REML.US,D,20211101,000000,7.2,7.37,7.2,7.3635,411950,0
REML.US,D,20211102,000000,7.37,7.37,7.18,7.21,470777,0
REML.US,D,20211103,000000,7.25,7.39,7.171,7.32,256442,0
REML.US,D,20211104,000000,7.33,7.4,7.225,7.27,222210,0
REML.US,D,20211105,000000,7.3,7.49,7.3,7.49,512785,0
REML.US,D,20211108,000000,7.49,7.4995,7.35,7.39,368874,0
REML.US,D,20211109,000000,7.42,7.432,7.3503,7.39,233394,0
REML.US,D,20211110,000000,7.36,7.37,7.22,7.25,433879,0
REML.US,D,20211111,000000,7.26,7.305,7.24,7.27,234424,0
REML.US,D,20211112,000000,7.31,7.3499,7.2117,7.23,129034,0
REML.US,D,20211115,000000,7.27,7.28,7.16,7.18,292424,0
REML.US,D,20211116,000000,7.16,7.1844,7.0695,7.1,701096,0
REML.US,D,20211117,000000,7.12,7.12,6.9,6.97,652112,0
REML.US,D,20211118,000000,6.97,7.0245,6.82,6.9,524082,0
REML.US,D,20211119,000000,6.85,6.9199,6.76,6.87,505945,0
REML.US,D,20211122,000000,6.94,6.97,6.8201,6.89,285975,0
REML.US,D,20211123,000000,6.89,6.94,6.84,6.93,316177,0
REML.US,D,20211124,000000,6.9,6.98,6.86,6.97,135830,0
REML.US,D,20211126,000000,6.9,6.9,6.46,6.73,1046516,0
REML.US,D,20211129,000000,6.87,6.87,6.52,6.64,520508,0
REML.US,D,20211130,000000,6.52,6.57,6.231,6.3,1080848,0
REML.US,D,20211201,000000,6.5,6.58,6.11,6.12,1039451,0
REML.US,D,20211202,000000,6.21,6.53,6.1445,6.43,634661,0
REML.US,D,20211203,000000,6.5,6.5,6.31,6.38,374408,0
REML.US,D,20211206,000000,6.42,6.6999,6.41,6.65,372116,0
REML.US,D,20211207,000000,6.73,6.82,6.7,6.8,186238,0
REML.US,D,20211208,000000,6.8,6.87,6.7346,6.78,211579,0
REML.US,D,20211209,000000,6.75,6.7679,6.66,6.73,162981,0
REML.US,D,20211210,000000,6.72,6.75,6.325,6.39,4530018,0
REML.US,D,20211213,000000,6.29,6.37,6.1,6.24,3079551,0
REML.US,D,20211214,000000,6.13,6.34,6,6.03,2059529,0
REML.US,D,20211215,000000,6.03,6.16,5.9104,6.08,1477330,0
REML.US,D,20211216,000000,6.12,6.25,5.95,5.99,1017137,0
REML.US,D,20211217,000000,5.94,6.03,5.75,5.92,820808,0
REML.US,D,20211220,000000,5.65,5.82,4.9,5.75,2088596,0
REML.US,D,20211221,000000,5.75,5.9799,5.75,5.92,928624,0
REML.US,D,20211222,000000,5.94,5.99,5.9038,5.98,792073,0
REML.US,D,20211223,000000,5.98,6,5.95,5.99,562414,0
