<TICKER>,<PER>,<DATE>,<TIME>,<OPEN>,<HIGH>,<LOW>,<CLOSE>,<VOL>,<OPENINT>
RFMZ.US,D,20210225,000000,19.252,19.262,19.242,19.262,175678,0
RFMZ.US,D,20210226,000000,19.242,19.521,19.242,19.521,56590,0
RFMZ.US,D,20210301,000000,19.436,19.636,19.367,19.579,57064,0
RFMZ.US,D,20210302,000000,19.531,19.531,19.3,19.493,54997,0
RFMZ.US,D,20210303,000000,19.493,19.493,19.252,19.291,29176,0
RFMZ.US,D,20210304,000000,19.262,19.338,19.242,19.271,24570,0
RFMZ.US,D,20210305,000000,19.291,19.338,19.242,19.271,38776,0
RFMZ.US,D,20210308,000000,19.271,19.348,19.262,19.262,31996,0
RFMZ.US,D,20210309,000000,19.31,19.367,19.252,19.262,11954,0
RFMZ.US,D,20210310,000000,19.262,19.262,19.242,19.242,18104,0
RFMZ.US,D,20210311,000000,19.252,19.252,19.242,19.251,36635,0
RFMZ.US,D,20210312,000000,19.242,19.252,19.242,19.242,6874,0
RFMZ.US,D,20210315,000000,19.242,19.28,19.242,19.242,4251,0
RFMZ.US,D,20210316,000000,19.242,19.252,19.242,19.252,26918,0
RFMZ.US,D,20210317,000000,19.281,19.281,19.242,19.242,27207,0
RFMZ.US,D,20210318,000000,19.242,19.252,19.242,19.242,130634,0
RFMZ.US,D,20210319,000000,19.242,19.252,19.242,19.242,10442,0
RFMZ.US,D,20210322,000000,19.242,19.252,19.242,19.252,11849,0
RFMZ.US,D,20210323,000000,19.242,19.252,19.242,19.242,75829,0
RFMZ.US,D,20210324,000000,19.242,19.252,19.242,19.242,20688,0
RFMZ.US,D,20210325,000000,19.242,19.252,19.242,19.252,7206,0
RFMZ.US,D,20210326,000000,19.242,19.252,19.242,19.243,10569,0
RFMZ.US,D,20210329,000000,19.242,19.252,19.242,19.247,9828,0
RFMZ.US,D,20210330,000000,19.242,19.252,19.242,19.252,11446,0
RFMZ.US,D,20210331,000000,19.252,19.278,19.252,19.271,6778,0
RFMZ.US,D,20210401,000000,19.252,19.451,19.252,19.352,8851,0
RFMZ.US,D,20210405,000000,19.387,19.415,19.271,19.291,28535,0
RFMZ.US,D,20210406,000000,19.281,19.367,19.242,19.243,106258,0
RFMZ.US,D,20210407,000000,19.242,19.291,19.242,19.271,39056,0
RFMZ.US,D,20210408,000000,19.281,19.31,19.242,19.281,33508,0
RFMZ.US,D,20210409,000000,19.252,19.27,19.242,19.242,24276,0
RFMZ.US,D,20210412,000000,19.247,19.262,19.165,19.262,27309,0
RFMZ.US,D,20210413,000000,19.291,19.291,19.242,19.242,23101,0
RFMZ.US,D,20210414,000000,19.252,19.367,19.252,19.252,53305,0
RFMZ.US,D,20210415,000000,19.427,19.427,19.329,19.388,43292,0
RFMZ.US,D,20210416,000000,19.358,19.446,19.338,19.348,25275,0
RFMZ.US,D,20210419,000000,19.378,19.378,19.291,19.3,79311,0
RFMZ.US,D,20210420,000000,19.3,19.338,19.3,19.319,17353,0
RFMZ.US,D,20210421,000000,19.319,19.338,19.252,19.31,30198,0
RFMZ.US,D,20210422,000000,19.338,19.348,19.319,19.338,37205,0
RFMZ.US,D,20210423,000000,19.348,19.455,19.348,19.368,44683,0
RFMZ.US,D,20210426,000000,19.368,19.407,19.338,19.348,66434,0
RFMZ.US,D,20210427,000000,19.368,19.53,19.329,19.368,54676,0
RFMZ.US,D,20210428,000000,19.398,19.398,19.313,19.348,71354,0
RFMZ.US,D,20210429,000000,19.348,19.363,19.281,19.282,28368,0
RFMZ.US,D,20210430,000000,19.291,19.475,19.291,19.446,28952,0
RFMZ.US,D,20210503,000000,19.446,19.547,19.348,19.368,45136,0
RFMZ.US,D,20210504,000000,19.532,19.658,19.329,19.329,80033,0
RFMZ.US,D,20210505,000000,20.779,20.779,19.398,19.437,26574,0
RFMZ.US,D,20210506,000000,19.871,20.066,19.455,19.475,48444,0
RFMZ.US,D,20210507,000000,19.561,19.747,19.561,19.658,29040,0
RFMZ.US,D,20210510,000000,19.813,19.891,19.658,19.725,50590,0
RFMZ.US,D,20210511,000000,19.725,19.879,19.532,19.62,93088,0
RFMZ.US,D,20210512,000000,19.62,19.649,19.417,19.417,44306,0
RFMZ.US,D,20210513,000000,19.533,19.551,19.437,19.513,55087,0
RFMZ.US,D,20210514,000000,19.494,19.669,19.484,19.562,50107,0
RFMZ.US,D,20210517,000000,19.562,19.631,19.503,19.631,13952,0
RFMZ.US,D,20210518,000000,19.602,19.835,19.602,19.679,53040,0
RFMZ.US,D,20210519,000000,19.65,19.835,19.542,19.746,21651,0
RFMZ.US,D,20210520,000000,19.689,19.902,19.562,19.572,85863,0
RFMZ.US,D,20210521,000000,19.698,19.698,19.523,19.582,52752,0
RFMZ.US,D,20210524,000000,19.592,19.698,19.523,19.65,44403,0
RFMZ.US,D,20210525,000000,19.65,19.766,19.542,19.679,110487,0
RFMZ.US,D,20210526,000000,19.698,19.863,19.659,19.776,33565,0
RFMZ.US,D,20210527,000000,19.756,19.776,19.582,19.679,35197,0
RFMZ.US,D,20210528,000000,19.727,19.806,19.611,19.806,31446,0
RFMZ.US,D,20210601,000000,19.806,19.873,19.741,19.873,21281,0
RFMZ.US,D,20210602,000000,19.873,19.873,19.756,19.845,29549,0
RFMZ.US,D,20210603,000000,19.931,19.931,19.786,19.873,21794,0
RFMZ.US,D,20210604,000000,19.873,19.902,19.825,19.825,39843,0
RFMZ.US,D,20210607,000000,19.796,19.883,19.727,19.883,45975,0
RFMZ.US,D,20210608,000000,19.873,19.94,19.786,19.94,33695,0
RFMZ.US,D,20210609,000000,19.902,19.95,19.902,19.95,14425,0
RFMZ.US,D,20210610,000000,19.902,19.94,19.806,19.883,28246,0
RFMZ.US,D,20210611,000000,19.94,19.95,19.932,19.947,8455,0
RFMZ.US,D,20210614,000000,20.049,20.204,19.97,20.204,26822,0
RFMZ.US,D,20210615,000000,20.174,20.452,19.871,19.91,51616,0
RFMZ.US,D,20210616,000000,19.93,20.116,19.93,19.989,43777,0
RFMZ.US,D,20210617,000000,19.92,19.999,19.92,19.954,25396,0
RFMZ.US,D,20210618,000000,19.823,20.038,19.823,20.038,40435,0
RFMZ.US,D,20210621,000000,20.038,20.038,19.784,19.833,62960,0
RFMZ.US,D,20210622,000000,19.91,20.028,19.91,19.969,29180,0
RFMZ.US,D,20210623,000000,19.93,20.038,19.715,19.916,135305,0
RFMZ.US,D,20210624,000000,19.862,20.009,19.695,19.794,143661,0
RFMZ.US,D,20210625,000000,19.824,19.853,19.715,19.794,58901,0
RFMZ.US,D,20210628,000000,19.754,19.969,19.754,19.949,61272,0
RFMZ.US,D,20210629,000000,19.99,20.018,19.804,19.891,41677,0
RFMZ.US,D,20210630,000000,20.068,20.068,19.823,19.93,37539,0
RFMZ.US,D,20210701,000000,19.891,20.074,19.891,20.048,36225,0
RFMZ.US,D,20210702,000000,20.038,20.214,20.028,20.194,32352,0
RFMZ.US,D,20210706,000000,20.125,20.233,19.93,20.086,52735,0
RFMZ.US,D,20210707,000000,20.204,20.281,20.053,20.263,40752,0
RFMZ.US,D,20210708,000000,20.253,20.545,20.146,20.321,77879,0
RFMZ.US,D,20210709,000000,20.554,20.554,20.33,20.478,82465,0
RFMZ.US,D,20210712,000000,20.878,20.878,20.389,20.488,40306,0
RFMZ.US,D,20210713,000000,20.478,20.653,20.349,20.458,56930,0
RFMZ.US,D,20210714,000000,20.419,21.121,20.419,20.799,93915,0
RFMZ.US,D,20210715,000000,20.819,20.888,20.415,20.525,47417,0
RFMZ.US,D,20210716,000000,20.427,20.692,20.427,20.662,28494,0
RFMZ.US,D,20210719,000000,20.642,20.652,20.407,20.476,50834,0
RFMZ.US,D,20210720,000000,20.553,20.701,20.553,20.652,41720,0
RFMZ.US,D,20210721,000000,20.553,20.843,20.553,20.612,70825,0
RFMZ.US,D,20210722,000000,20.711,20.858,20.583,20.829,118352,0
RFMZ.US,D,20210723,000000,20.829,20.848,20.662,20.779,32606,0
RFMZ.US,D,20210726,000000,20.711,20.956,20.093,20.377,191890,0
RFMZ.US,D,20210727,000000,20.319,20.387,20.015,20.26,223245,0
RFMZ.US,D,20210728,000000,20.191,20.466,20.191,20.362,96613,0
RFMZ.US,D,20210729,000000,20.397,20.407,20.25,20.329,70718,0
RFMZ.US,D,20210730,000000,20.329,20.407,20.221,20.329,46577,0
RFMZ.US,D,20210802,000000,20.377,20.407,20.261,20.367,54355,0
RFMZ.US,D,20210803,000000,20.357,20.692,20.309,20.692,58374,0
RFMZ.US,D,20210804,000000,20.701,20.77,20.603,20.672,27769,0
RFMZ.US,D,20210805,000000,20.662,20.799,20.459,20.682,56291,0
RFMZ.US,D,20210806,000000,20.757,20.757,20.612,20.721,25410,0
RFMZ.US,D,20210809,000000,20.711,20.779,20.603,20.701,81909,0
RFMZ.US,D,20210810,000000,20.672,20.829,20.652,20.672,38180,0
RFMZ.US,D,20210811,000000,20.692,20.934,20.692,20.927,36462,0
RFMZ.US,D,20210812,000000,20.985,21.084,20.967,20.995,95789,0
RFMZ.US,D,20210813,000000,21.074,21.094,20.848,21.015,52466,0
RFMZ.US,D,20210816,000000,20.975,21.054,20.65,21.054,76805,0
RFMZ.US,D,20210817,000000,21.044,21.044,20.7,20.838,41747,0
RFMZ.US,D,20210818,000000,20.798,21.064,20.749,20.867,31080,0
RFMZ.US,D,20210819,000000,20.798,20.964,20.758,20.818,46043,0
RFMZ.US,D,20210820,000000,20.985,21.054,20.867,20.927,54389,0
RFMZ.US,D,20210823,000000,20.985,21.222,20.751,20.956,57795,0
RFMZ.US,D,20210824,000000,21.124,21.616,20.947,21.192,112635,0
RFMZ.US,D,20210825,000000,21.025,21.191,20.838,20.966,101472,0
RFMZ.US,D,20210826,000000,20.867,21.153,20.847,20.947,49301,0
RFMZ.US,D,20210827,000000,20.995,21.124,20.897,21.025,68381,0
RFMZ.US,D,20210830,000000,20.927,21.124,20.927,21.124,35562,0
RFMZ.US,D,20210831,000000,21.192,21.192,21.094,21.144,54285,0
RFMZ.US,D,20210901,000000,21.39,21.606,21.094,21.538,131084,0
RFMZ.US,D,20210902,000000,21.439,21.439,21.015,21.134,84262,0
RFMZ.US,D,20210903,000000,21.291,21.488,21.056,21.458,95626,0
RFMZ.US,D,20210907,000000,21.351,21.439,21.192,21.331,31614,0
RFMZ.US,D,20210908,000000,21.242,21.409,21.163,21.173,34192,0
RFMZ.US,D,20210909,000000,21.173,21.39,21.094,21.134,43582,0
RFMZ.US,D,20210910,000000,21.303,21.389,21.134,21.341,18155,0
RFMZ.US,D,20210913,000000,21.317,21.388,21.192,21.202,33760,0
RFMZ.US,D,20210914,000000,21.202,21.291,21.134,21.286,29091,0
RFMZ.US,D,20210915,000000,21.291,21.568,21.291,21.44,41207,0
RFMZ.US,D,20210916,000000,21.519,21.519,21.347,21.36,23361,0
RFMZ.US,D,20210917,000000,21.311,21.37,21.242,21.281,24165,0
RFMZ.US,D,20210920,000000,21.004,21.267,20.994,21.053,40705,0
RFMZ.US,D,20210921,000000,21.073,21.162,20.838,20.964,26786,0
RFMZ.US,D,20210922,000000,20.895,21.113,20.831,20.885,56088,0
RFMZ.US,D,20210923,000000,20.855,21.083,20.816,20.836,52125,0
RFMZ.US,D,20210924,000000,20.816,20.945,20.083,20.182,152952,0
RFMZ.US,D,20210927,000000,20.241,20.341,20.053,20.093,76130,0
RFMZ.US,D,20210928,000000,19.964,20.222,19.786,20.043,98912,0
RFMZ.US,D,20210929,000000,19.954,20.276,19.875,19.984,36297,0
RFMZ.US,D,20210930,000000,20.202,20.311,19.984,20.063,55454,0
RFMZ.US,D,20211001,000000,20.103,20.39,20.004,20.35,33793,0
RFMZ.US,D,20211004,000000,20.321,20.321,19.964,20.063,90930,0
RFMZ.US,D,20211005,000000,20.162,20.222,19.964,20.073,31955,0
RFMZ.US,D,20211006,000000,20.004,20.202,20.004,20.103,30291,0
RFMZ.US,D,20211007,000000,20.123,20.251,19.925,20.043,25404,0
RFMZ.US,D,20211008,000000,20.053,20.202,20.004,20.152,22559,0
RFMZ.US,D,20211011,000000,20.172,20.192,20.014,20.083,45016,0
RFMZ.US,D,20211012,000000,20.053,20.172,20.023,20.103,57963,0
RFMZ.US,D,20211013,000000,20.083,20.37,20.054,20.241,35662,0
RFMZ.US,D,20211014,000000,20.341,20.55,20.296,20.46,41720,0
RFMZ.US,D,20211015,000000,20.45,20.897,20.45,20.863,41817,0
RFMZ.US,D,20211018,000000,20.639,20.957,20.63,20.848,31421,0
RFMZ.US,D,20211019,000000,20.838,20.948,20.55,20.649,53433,0
RFMZ.US,D,20211020,000000,20.679,20.923,20.401,20.401,55178,0
RFMZ.US,D,20211021,000000,20.401,20.679,20.092,20.271,75362,0
RFMZ.US,D,20211022,000000,20.212,20.281,19.953,20.082,39901,0
RFMZ.US,D,20211025,000000,20.013,20.102,19.943,19.953,37515,0
RFMZ.US,D,20211026,000000,19.973,20.072,19.883,20.003,40761,0
RFMZ.US,D,20211027,000000,20.032,20.151,19.823,20.003,61555,0
RFMZ.US,D,20211028,000000,19.953,19.993,19.833,19.913,30053,0
RFMZ.US,D,20211029,000000,19.903,20.142,19.883,20.052,46773,0
RFMZ.US,D,20211101,000000,20.022,20.112,19.893,19.973,61292,0
RFMZ.US,D,20211102,000000,20.003,20.127,19.893,19.953,40330,0
RFMZ.US,D,20211103,000000,20.042,20.102,19.903,20.102,69686,0
RFMZ.US,D,20211104,000000,20.052,20.379,20.052,20.351,50746,0
RFMZ.US,D,20211105,000000,20.301,20.54,20.256,20.51,59239,0
RFMZ.US,D,20211108,000000,20.401,20.649,20.401,20.6,35123,0
RFMZ.US,D,20211109,000000,20.59,20.649,20.371,20.53,70243,0
RFMZ.US,D,20211110,000000,20.58,20.67,20.25,20.43,31992,0
RFMZ.US,D,20211111,000000,20.64,20.64,20.27,20.37,55953,0
RFMZ.US,D,20211112,000000,20.48,20.5,20.38,20.42,20931,0
RFMZ.US,D,20211115,000000,20.41,20.43,20.12,20.26,58607,0
RFMZ.US,D,20211116,000000,20.24,20.5474,20.19,20.27,27153,0
RFMZ.US,D,20211117,000000,20.2,20.53,20.1,20.48,47196,0
RFMZ.US,D,20211118,000000,20.41,20.5272,20.278,20.34,11692,0
RFMZ.US,D,20211119,000000,20.33,20.3869,20.25,20.25,15442,0
RFMZ.US,D,20211122,000000,20.31,20.3982,20.2,20.3,3629,0
RFMZ.US,D,20211123,000000,20.38,20.38,19.9,19.97,89539,0
RFMZ.US,D,20211124,000000,19.91,20.1799,19.9,20.005,36031,0
RFMZ.US,D,20211126,000000,20.01,20.1,19.89,20.1,26395,0
RFMZ.US,D,20211129,000000,20.07,20.2435,19.98,20.03,29899,0
RFMZ.US,D,20211130,000000,20.27,20.2799,20.03,20.25,34880,0
RFMZ.US,D,20211201,000000,20.25,20.46,20.232,20.4,29769,0
RFMZ.US,D,20211202,000000,20.4,20.45,20.1311,20.185,23213,0
RFMZ.US,D,20211203,000000,20.29,20.3961,20.01,20.19,20473,0
RFMZ.US,D,20211206,000000,20.32,20.79,20.095,20.54,52242,0
RFMZ.US,D,20211207,000000,20.66,20.7499,20.47,20.47,21001,0
RFMZ.US,D,20211208,000000,20.2101,20.4899,20.2101,20.275,18132,0
RFMZ.US,D,20211209,000000,20.39,20.6468,20.2105,20.33,38549,0
RFMZ.US,D,20211210,000000,20.46,20.7041,20.41,20.54,10282,0
RFMZ.US,D,20211213,000000,20.51,20.68,20.1,20.2,55985,0
RFMZ.US,D,20211214,000000,20.21,20.4799,20.15,20.21,44888,0
RFMZ.US,D,20211215,000000,20.08,20.11,19.85,19.98,75951,0
RFMZ.US,D,20211216,000000,19.98,20.17,19.8,19.91,58508,0
RFMZ.US,D,20211217,000000,19.92,19.92,19.75,19.88,90194,0
RFMZ.US,D,20211220,000000,19.8,19.8,19.43,19.49,154741,0
RFMZ.US,D,20211221,000000,19.58,19.62,19.25,19.52,88920,0
RFMZ.US,D,20211222,000000,19.56,19.78,19.45,19.75,55379,0
RFMZ.US,D,20211223,000000,19.67,19.94,19.67,19.82,35827,0
RFMZ.US,D,20211227,000000,19.75,19.82,19.54,19.66,89200,0
RFMZ.US,D,20211228,000000,19.74,19.74,19.3,19.38,198158,0
RFMZ.US,D,20211229,000000,19.4,19.48,19.3,19.39,127026,0
RFMZ.US,D,20211230,000000,19.44,19.52,19.3401,19.49,71788,0
RFMZ.US,D,20211231,000000,19.59,19.87,19.525,19.86,167503,0
RFMZ.US,D,20220103,000000,19.85,19.9,19.7293,19.83,58247,0
RFMZ.US,D,20220104,000000,19.68,19.7791,19.56,19.61,80356,0
RFMZ.US,D,20220105,000000,19.77,19.77,19.48,19.48,54817,0
RFMZ.US,D,20220106,000000,19.55,19.69,19.46,19.59,37884,0
RFMZ.US,D,20220107,000000,19.6,19.6,19.49,19.53,46136,0
RFMZ.US,D,20220110,000000,19.45,19.49,19.37,19.44,66436,0
RFMZ.US,D,20220111,000000,19.58,19.63,19.42,19.4425,61283,0
RFMZ.US,D,20220112,000000,19.53,19.61,19.44,19.59,49436,0
RFMZ.US,D,20220113,000000,19.42,19.46,19.275,19.36,48179,0
RFMZ.US,D,20220114,000000,19.3,19.3,19.05,19.05,41119,0
RFMZ.US,D,20220118,000000,18.86,19.15,18.66,18.68,61538,0
RFMZ.US,D,20220119,000000,18.67,18.8,18.25,18.28,85513,0
RFMZ.US,D,20220120,000000,18.35,18.5,17.96,17.96,75871,0
RFMZ.US,D,20220121,000000,17.81,18.34,17.55,17.55,101656,0
