<TICKER>,<PER>,<DATE>,<TIME>,<OPEN>,<HIGH>,<LOW>,<CLOSE>,<VOL>,<OPENINT>
RMI.US,D,20181029,000000,17.343,17.383,17.343,17.343,34424,0
RMI.US,D,20181030,000000,17.328,17.343,17.3,17.343,3460,0
RMI.US,D,20181031,000000,17.353,17.412,17.347,17.412,9749,0
RMI.US,D,20181101,000000,17.412,17.428,17.398,17.428,9712,0
RMI.US,D,20181102,000000,17.613,17.687,17.343,17.419,61027,0
RMI.US,D,20181105,000000,17.419,17.766,17.419,17.766,25315,0
RMI.US,D,20181106,000000,17.776,18.123,17.776,17.939,28661,0
RMI.US,D,20181107,000000,17.949,18.021,17.821,17.821,6805,0
RMI.US,D,20181108,000000,17.856,17.904,17.821,17.859,6100,0
RMI.US,D,20181109,000000,17.992,18.47,17.992,18.424,8965,0
RMI.US,D,20181112,000000,18.102,18.341,17.992,18.164,19048,0
RMI.US,D,20181113,000000,18.19,18.253,18.177,18.246,13749,0
RMI.US,D,20181114,000000,18.253,18.253,17.94,18.074,11043,0
RMI.US,D,20181115,000000,18.07,18.07,17.597,17.597,6262,0
RMI.US,D,20181116,000000,17.428,17.428,17.343,17.343,20973,0
RMI.US,D,20181119,000000,17.369,17.38,17.369,17.38,1458,0
RMI.US,D,20181120,000000,17.766,17.862,17.376,17.766,15582,0
RMI.US,D,20181121,000000,17.732,17.732,17.732,17.732,468,0
RMI.US,D,20181123,000000,17.732,17.732,17.732,17.732,100,0
RMI.US,D,20181126,000000,17.343,17.438,17.328,17.343,87140,0
RMI.US,D,20181127,000000,17.343,17.383,17.343,17.383,4384,0
RMI.US,D,20181128,000000,17.388,17.559,17.388,17.551,14809,0
RMI.US,D,20181129,000000,17.551,17.634,17.47,17.634,3745,0
RMI.US,D,20181130,000000,17.643,17.643,17.428,17.517,17803,0
RMI.US,D,20181203,000000,17.517,17.687,17.517,17.641,8941,0
RMI.US,D,20181204,000000,17.687,17.722,17.559,17.559,1544,0
RMI.US,D,20181206,000000,17.383,17.559,17.383,17.533,2708,0
RMI.US,D,20181207,000000,17.483,17.558,17.47,17.47,4799,0
RMI.US,D,20181210,000000,17.613,17.821,17.604,17.732,5185,0
RMI.US,D,20181211,000000,17.766,17.766,17.723,17.723,5627,0
RMI.US,D,20181212,000000,18.031,18.031,17.757,17.766,19688,0
RMI.US,D,20181213,000000,17.804,17.897,17.677,17.718,26989,0
RMI.US,D,20181214,000000,17.693,17.722,17.598,17.598,13031,0
RMI.US,D,20181217,000000,17.629,17.629,17.418,17.549,11885,0
RMI.US,D,20181218,000000,17.634,17.634,17.342,17.447,23826,0
RMI.US,D,20181219,000000,17.401,17.418,17.307,17.418,50503,0
RMI.US,D,20181220,000000,17.418,17.634,17.321,17.634,6780,0
RMI.US,D,20181221,000000,17.634,17.634,17.506,17.544,2441,0
RMI.US,D,20181224,000000,17.516,17.596,17.461,17.596,3736,0
RMI.US,D,20181226,000000,17.584,17.596,17.574,17.596,7302,0
RMI.US,D,20181227,000000,17.55,17.558,17.55,17.55,7176,0
RMI.US,D,20181228,000000,17.558,17.558,17.243,17.342,5629,0
RMI.US,D,20181231,000000,17.298,17.452,17.298,17.434,8772,0
RMI.US,D,20190102,000000,17.461,17.489,17.418,17.418,10320,0
RMI.US,D,20190103,000000,17.418,17.813,17.418,17.766,16254,0
RMI.US,D,20190104,000000,17.678,17.784,17.677,17.677,3634,0
RMI.US,D,20190107,000000,17.678,17.94,17.678,17.814,5397,0
RMI.US,D,20190108,000000,17.823,18.08,17.794,18.072,13407,0
RMI.US,D,20190109,000000,18.072,18.239,17.974,17.983,56579,0
RMI.US,D,20190110,000000,18.047,18.047,17.963,17.979,5178,0
RMI.US,D,20190111,000000,17.983,17.983,17.687,17.732,13594,0
RMI.US,D,20190114,000000,17.741,17.741,16.406,17.426,31417,0
RMI.US,D,20190115,000000,17.418,18.192,17.345,17.426,32401,0
RMI.US,D,20190116,000000,17.551,17.743,17.551,17.604,5943,0
RMI.US,D,20190117,000000,17.613,17.621,17.47,17.587,12175,0
RMI.US,D,20190118,000000,17.587,17.587,17.543,17.582,12273,0
RMI.US,D,20190122,000000,17.621,17.629,17.497,17.497,3771,0
RMI.US,D,20190123,000000,17.586,17.586,17.452,17.452,12801,0
RMI.US,D,20190124,000000,17.497,17.653,17.494,17.599,25079,0
RMI.US,D,20190125,000000,17.613,17.629,17.497,17.559,4930,0
RMI.US,D,20190128,000000,17.587,17.587,17.506,17.571,5420,0
RMI.US,D,20190129,000000,17.587,17.626,17.507,17.559,12861,0
RMI.US,D,20190130,000000,17.506,17.571,17.47,17.535,23500,0
RMI.US,D,20190131,000000,17.542,17.587,17.461,17.461,23495,0
RMI.US,D,20190201,000000,17.497,17.542,17.497,17.535,5323,0
RMI.US,D,20190204,000000,17.551,17.715,17.506,17.506,21051,0
RMI.US,D,20190205,000000,17.497,17.542,17.461,17.525,16416,0
RMI.US,D,20190206,000000,17.525,17.542,17.506,17.506,5654,0
RMI.US,D,20190207,000000,17.539,17.587,17.506,17.587,19321,0
RMI.US,D,20190208,000000,17.587,17.724,17.577,17.604,24038,0
RMI.US,D,20190211,000000,17.718,17.833,17.629,17.635,13762,0
RMI.US,D,20190212,000000,17.666,17.758,17.666,17.758,4619,0
RMI.US,D,20190213,000000,17.905,17.905,17.905,17.905,1707,0
RMI.US,D,20190214,000000,17.796,17.997,17.786,17.997,23508,0
RMI.US,D,20190215,000000,17.997,18.015,17.934,18.015,22474,0
RMI.US,D,20190219,000000,18.015,18.104,18.015,18.104,29133,0
RMI.US,D,20190220,000000,18.104,18.144,18.043,18.112,13017,0
RMI.US,D,20190221,000000,17.759,18.076,17.759,18.01,8138,0
RMI.US,D,20190222,000000,17.953,18.112,17.816,18.104,6032,0
RMI.US,D,20190225,000000,18.06,18.06,17.883,17.912,19956,0
RMI.US,D,20190226,000000,17.937,18.06,17.937,18.015,7324,0
RMI.US,D,20190227,000000,18.006,18.015,17.899,18.015,11142,0
RMI.US,D,20190228,000000,18.015,18.144,17.893,18.015,34317,0
RMI.US,D,20190301,000000,17.987,18.136,17.823,17.823,1222,0
RMI.US,D,20190304,000000,17.924,18.015,17.881,17.924,9760,0
RMI.US,D,20190305,000000,17.833,18.015,17.823,18.015,29392,0
RMI.US,D,20190306,000000,17.934,18.015,17.891,18.015,27746,0
RMI.US,D,20190307,000000,17.954,17.997,17.934,17.953,15762,0
RMI.US,D,20190308,000000,17.969,17.969,17.931,17.931,8479,0
RMI.US,D,20190311,000000,17.924,18.006,17.828,18.006,59464,0
RMI.US,D,20190312,000000,17.945,18.06,17.924,18.06,34097,0
RMI.US,D,20190313,000000,18.066,18.096,18.025,18.026,29471,0
RMI.US,D,20190314,000000,18.056,18.094,18.051,18.081,9874,0
RMI.US,D,20190315,000000,18.064,18.081,17.987,17.987,22017,0
RMI.US,D,20190318,000000,17.997,18.006,17.969,17.977,8780,0
RMI.US,D,20190319,000000,17.99,18.051,17.975,18.051,22309,0
RMI.US,D,20190320,000000,18.051,18.051,17.969,18.043,28774,0
RMI.US,D,20190321,000000,18.035,18.085,17.997,18.085,30312,0
RMI.US,D,20190322,000000,18.094,18.272,18.094,18.181,63323,0
RMI.US,D,20190325,000000,18.208,18.253,18.136,18.208,73697,0
RMI.US,D,20190326,000000,18.208,18.253,18.122,18.226,42230,0
RMI.US,D,20190327,000000,18.181,18.367,18.151,18.299,62751,0
RMI.US,D,20190328,000000,18.2,18.322,18.2,18.272,41620,0
RMI.US,D,20190329,000000,18.305,18.377,18.226,18.377,42122,0
RMI.US,D,20190401,000000,18.357,18.484,18.272,18.272,26138,0
RMI.US,D,20190402,000000,18.305,18.305,18.163,18.181,24558,0
RMI.US,D,20190403,000000,18.214,18.314,18.176,18.253,36857,0
RMI.US,D,20190404,000000,18.314,18.357,18.144,18.272,77650,0
RMI.US,D,20190405,000000,18.385,18.457,18.284,18.314,96762,0
RMI.US,D,20190408,000000,18.484,18.484,18.349,18.357,19402,0
RMI.US,D,20190409,000000,18.492,18.492,18.323,18.354,43419,0
RMI.US,D,20190410,000000,18.457,18.534,18.362,18.484,18714,0
RMI.US,D,20190411,000000,18.534,18.57,18.488,18.553,30261,0
RMI.US,D,20190412,000000,18.517,18.578,18.488,18.534,44204,0
RMI.US,D,20190415,000000,18.513,18.578,18.513,18.556,9743,0
RMI.US,D,20190416,000000,18.497,18.517,18.377,18.501,21179,0
RMI.US,D,20190417,000000,18.438,18.534,18.289,18.428,33724,0
RMI.US,D,20190418,000000,18.534,18.536,18.333,18.357,21239,0
RMI.US,D,20190422,000000,18.296,18.525,18.296,18.525,37157,0
RMI.US,D,20190423,000000,18.492,18.553,18.189,18.217,65374,0
RMI.US,D,20190424,000000,18.253,18.343,18.144,18.272,53098,0
RMI.US,D,20190425,000000,18.272,18.296,18.172,18.289,42955,0
RMI.US,D,20190426,000000,18.289,18.357,18.272,18.349,35259,0
RMI.US,D,20190429,000000,18.349,18.402,18.279,18.402,35275,0
RMI.US,D,20190430,000000,18.428,18.492,18.405,18.447,18321,0
RMI.US,D,20190501,000000,18.457,18.534,18.457,18.528,7569,0
RMI.US,D,20190502,000000,18.465,18.562,18.465,18.465,32591,0
RMI.US,D,20190503,000000,18.534,18.616,18.534,18.616,20410,0
RMI.US,D,20190506,000000,18.712,18.967,18.534,18.931,47969,0
RMI.US,D,20190507,000000,18.878,19.972,18.817,19.066,83988,0
RMI.US,D,20190508,000000,19.066,19.238,18.557,18.809,55741,0
RMI.US,D,20190509,000000,18.833,19.001,18.755,18.967,24947,0
RMI.US,D,20190510,000000,18.957,18.957,18.889,18.939,8725,0
RMI.US,D,20190513,000000,18.898,18.97,18.889,18.897,4635,0
RMI.US,D,20190514,000000,18.976,19.049,18.898,19.015,14139,0
RMI.US,D,20190515,000000,19.498,19.498,19.047,19.258,12961,0
RMI.US,D,20190516,000000,19.488,19.488,19.11,19.244,32062,0
RMI.US,D,20190517,000000,19.248,19.43,19.145,19.43,13858,0
RMI.US,D,20190520,000000,19.323,19.334,19.084,19.112,40411,0
RMI.US,D,20190521,000000,19.01,19.254,18.976,19.223,29470,0
RMI.US,D,20190522,000000,19.187,19.208,19.102,19.102,7645,0
RMI.US,D,20190523,000000,19.134,19.189,18.844,18.863,87442,0
RMI.US,D,20190524,000000,18.957,19.056,18.888,19.056,12487,0
RMI.US,D,20190528,000000,18.967,19.056,18.923,19.047,8816,0
RMI.US,D,20190529,000000,19.239,19.239,18.98,19.105,20148,0
RMI.US,D,20190530,000000,19.145,19.145,18.931,19.128,10979,0
RMI.US,D,20190531,000000,19.277,19.277,19.066,19.066,5204,0
RMI.US,D,20190603,000000,19.208,19.231,19.109,19.141,13470,0
RMI.US,D,20190604,000000,19.248,19.248,19.066,19.145,11751,0
RMI.US,D,20190605,000000,19.208,19.498,19.047,19.394,24626,0
RMI.US,D,20190606,000000,19.323,19.438,19.277,19.386,32636,0
RMI.US,D,20190607,000000,19.305,19.334,19.199,19.199,10054,0
RMI.US,D,20190610,000000,19.498,19.498,19.024,19.024,13247,0
RMI.US,D,20190611,000000,19.264,19.498,19.155,19.231,35728,0
RMI.US,D,20190612,000000,19.57,19.57,19.136,19.136,36584,0
RMI.US,D,20190613,000000,19.223,19.267,19.036,19.092,35664,0
RMI.US,D,20190614,000000,19.134,19.134,19.134,19.134,228,0
RMI.US,D,20190617,000000,19.128,19.161,19.092,19.128,31363,0
RMI.US,D,20190618,000000,19.101,19.193,19,19.065,23428,0
RMI.US,D,20190619,000000,19.136,19.161,19.046,19.092,25037,0
RMI.US,D,20190620,000000,19.092,19.092,18.879,19.018,22958,0
RMI.US,D,20190621,000000,19.046,19.066,19,19.01,11627,0
RMI.US,D,20190624,000000,19.018,19.046,18.834,18.922,45672,0
RMI.US,D,20190625,000000,18.957,18.965,18.873,18.922,22002,0
RMI.US,D,20190626,000000,18.94,19.036,18.94,18.949,34974,0
RMI.US,D,20190627,000000,18.993,19,18.896,18.975,20047,0
RMI.US,D,20190628,000000,19.018,19.018,18.975,18.993,20254,0
RMI.US,D,20190701,000000,19.046,19.046,18.896,18.984,24072,0
RMI.US,D,20190702,000000,19.01,19.065,18.838,19.065,59589,0
RMI.US,D,20190703,000000,19.083,19.101,19.012,19.065,5309,0
RMI.US,D,20190705,000000,19.065,19.092,18.912,18.966,23762,0
RMI.US,D,20190708,000000,19.026,19.045,18.893,19,38007,0
RMI.US,D,20190709,000000,19.026,19.109,19,19.026,17293,0
RMI.US,D,20190710,000000,19.036,19.162,19.036,19.162,10190,0
RMI.US,D,20190711,000000,19.154,19.216,19.083,19.083,21601,0
RMI.US,D,20190712,000000,19.148,19.188,19.116,19.162,5210,0
RMI.US,D,20190715,000000,19.162,19.245,19.151,19.224,26436,0
RMI.US,D,20190716,000000,19.208,19.288,19.205,19.288,17002,0
RMI.US,D,20190717,000000,19.306,19.472,19.306,19.472,10181,0
RMI.US,D,20190718,000000,19.369,19.432,19.35,19.35,18001,0
RMI.US,D,20190719,000000,19.346,19.378,19.306,19.306,9021,0
RMI.US,D,20190722,000000,19.351,19.472,19.306,19.306,14906,0
RMI.US,D,20190723,000000,19.306,19.401,19.306,19.316,17609,0
RMI.US,D,20190724,000000,19.368,19.452,19.306,19.396,15029,0
RMI.US,D,20190725,000000,19.347,19.602,19.347,19.472,25983,0
RMI.US,D,20190726,000000,19.539,19.64,19.464,19.62,9107,0
RMI.US,D,20190729,000000,19.63,19.664,19.583,19.664,17121,0
RMI.US,D,20190730,000000,19.664,19.664,19.45,19.583,34181,0
RMI.US,D,20190731,000000,19.657,19.806,19.573,19.76,36678,0
RMI.US,D,20190801,000000,19.76,19.843,19.696,19.843,14704,0
RMI.US,D,20190802,000000,19.834,19.913,19.768,19.906,22336,0
RMI.US,D,20190805,000000,19.891,19.913,19.785,19.843,16266,0
RMI.US,D,20190806,000000,19.843,19.843,19.737,19.843,11858,0
RMI.US,D,20190807,000000,19.843,19.891,19.826,19.891,21831,0
RMI.US,D,20190808,000000,19.903,19.914,19.843,19.913,9163,0
RMI.US,D,20190809,000000,19.928,19.928,19.901,19.928,932,0
RMI.US,D,20190812,000000,19.973,19.983,19.891,19.947,29024,0
RMI.US,D,20190813,000000,20.745,20.815,20.03,20.168,46834,0
RMI.US,D,20190814,000000,20.534,20.641,20.188,20.188,40866,0
RMI.US,D,20190815,000000,20.414,20.457,19.899,19.92,39478,0
RMI.US,D,20190816,000000,19.92,20.285,19.912,20.114,14343,0
RMI.US,D,20190819,000000,20.029,20.148,20.009,20.148,34895,0
RMI.US,D,20190820,000000,20.188,20.233,19.963,19.963,23430,0
RMI.US,D,20190821,000000,20.094,20.156,19.936,20.009,28774,0
RMI.US,D,20190822,000000,20.057,20.104,19.963,20.009,8127,0
RMI.US,D,20190823,000000,20.131,20.328,20.052,20.162,50838,0
RMI.US,D,20190826,000000,20.085,20.188,20.067,20.067,5323,0
RMI.US,D,20190827,000000,20.253,20.253,20,20.148,33997,0
RMI.US,D,20190828,000000,19.972,20.438,19.972,20.328,26202,0
RMI.US,D,20190829,000000,20.282,20.409,20.282,20.337,19229,0
RMI.US,D,20190830,000000,20.37,20.457,20.289,20.457,12682,0
RMI.US,D,20190903,000000,20.318,20.613,20.246,20.282,17937,0
RMI.US,D,20190904,000000,20.396,20.486,20.345,20.37,18696,0
RMI.US,D,20190905,000000,20.466,20.496,20.354,20.496,16108,0
RMI.US,D,20190906,000000,20.362,20.406,20.345,20.345,29519,0
RMI.US,D,20190909,000000,20.37,20.386,20.075,20.123,19011,0
RMI.US,D,20190910,000000,20.104,20.125,20.009,20.009,23081,0
RMI.US,D,20190911,000000,20.076,20.224,20.009,20.094,33830,0
RMI.US,D,20190912,000000,20.076,20.076,19.92,19.963,22017,0
RMI.US,D,20190913,000000,19.905,19.912,19.686,19.831,24990,0
RMI.US,D,20190916,000000,19.823,19.886,19.607,19.626,29643,0
RMI.US,D,20190917,000000,19.597,19.686,19.597,19.636,17542,0
RMI.US,D,20190918,000000,19.597,19.623,19.36,19.452,54340,0
RMI.US,D,20190919,000000,19.568,19.646,19.452,19.515,46069,0
RMI.US,D,20190920,000000,19.505,19.771,19.505,19.505,16426,0
RMI.US,D,20190923,000000,19.486,19.784,19.486,19.587,10235,0
RMI.US,D,20190924,000000,19.646,19.905,19.646,19.775,30118,0
RMI.US,D,20190925,000000,19.831,19.905,19.831,19.905,6771,0
RMI.US,D,20190926,000000,19.927,20.189,19.902,20.179,31070,0
RMI.US,D,20190927,000000,20.094,20.215,20.094,20.215,2346,0
RMI.US,D,20190930,000000,20.254,20.254,19.982,20.024,8705,0
RMI.US,D,20191001,000000,19.946,20.048,19.946,20.009,10307,0
RMI.US,D,20191002,000000,19.982,20.391,19.958,20.391,35689,0
RMI.US,D,20191003,000000,20.048,20.301,20.048,20.179,17494,0
RMI.US,D,20191004,000000,20.31,20.31,20.197,20.197,10659,0
RMI.US,D,20191007,000000,20.256,20.256,20.197,20.207,9426,0
RMI.US,D,20191008,000000,20.224,20.224,19.99,20,61382,0
RMI.US,D,20191009,000000,20.067,20.224,20.052,20.179,9856,0
RMI.US,D,20191010,000000,20.189,20.224,20.139,20.139,8620,0
RMI.US,D,20191011,000000,20.085,20.162,20.044,20.094,7379,0
RMI.US,D,20191014,000000,20.224,20.224,20.013,20.179,2592,0
RMI.US,D,20191015,000000,20.117,20.254,20.104,20.104,18165,0
RMI.US,D,20191016,000000,20.039,20.132,20.039,20.132,1952,0
RMI.US,D,20191017,000000,20.132,20.537,20.132,20.227,40503,0
RMI.US,D,20191018,000000,20.408,20.408,20.169,20.169,8147,0
RMI.US,D,20191021,000000,20.339,20.339,19.99,20.057,20441,0
RMI.US,D,20191022,000000,20.094,20.21,20.029,20.029,6540,0
RMI.US,D,20191023,000000,20.039,20.408,20,20.392,22675,0
RMI.US,D,20191024,000000,20.245,20.343,20.057,20.057,11338,0
RMI.US,D,20191025,000000,20.057,20.156,19.981,19.981,12211,0
RMI.US,D,20191028,000000,19.935,19.99,19.55,19.55,42905,0
RMI.US,D,20191029,000000,19.558,19.812,19.558,19.7,51857,0
RMI.US,D,20191030,000000,19.765,19.86,19.676,19.86,24726,0
RMI.US,D,20191031,000000,19.83,20.057,19.693,20.057,21932,0
RMI.US,D,20191101,000000,19.911,20.047,19.693,19.756,59490,0
RMI.US,D,20191104,000000,19.738,19.856,19.738,19.747,8706,0
RMI.US,D,20191105,000000,19.783,19.84,19.738,19.788,7979,0
RMI.US,D,20191106,000000,19.92,19.92,19.634,19.793,54170,0
RMI.US,D,20191107,000000,19.794,19.803,19.718,19.803,7732,0
RMI.US,D,20191108,000000,19.793,19.84,19.676,19.812,17983,0
RMI.US,D,20191111,000000,19.83,19.879,19.718,19.812,19527,0
RMI.US,D,20191112,000000,19.812,19.812,19.7,19.713,15764,0
RMI.US,D,20191113,000000,19.756,19.774,19.558,19.565,28275,0
RMI.US,D,20191114,000000,19.668,19.756,19.575,19.594,42121,0
RMI.US,D,20191115,000000,19.659,19.728,19.575,19.652,31411,0
RMI.US,D,20191118,000000,19.738,19.738,19.659,19.668,26127,0
RMI.US,D,20191119,000000,19.675,19.722,19.659,19.693,14413,0
RMI.US,D,20191120,000000,19.693,19.783,19.684,19.783,37048,0
RMI.US,D,20191121,000000,19.783,19.791,19.756,19.756,17721,0
RMI.US,D,20191122,000000,19.793,19.905,19.684,19.905,24345,0
RMI.US,D,20191125,000000,19.964,19.964,19.793,19.879,26849,0
RMI.US,D,20191126,000000,19.803,19.909,19.728,19.822,35010,0
RMI.US,D,20191127,000000,19.819,19.927,19.819,19.906,40087,0
RMI.US,D,20191129,000000,19.927,19.927,19.765,19.823,8043,0
RMI.US,D,20191202,000000,19.831,19.898,19.822,19.898,24313,0
RMI.US,D,20191203,000000,19.946,19.98,19.812,19.898,4990,0
RMI.US,D,20191204,000000,20.03,20.078,19.851,19.946,17360,0
RMI.US,D,20191205,000000,20.01,20.03,19.954,19.963,14307,0
RMI.US,D,20191206,000000,19.936,20.027,19.905,19.905,17317,0
RMI.US,D,20191209,000000,20.691,20.691,20.049,20.181,54490,0
RMI.US,D,20191210,000000,20.186,20.209,20.096,20.156,16269,0
RMI.US,D,20191211,000000,20.229,20.249,20.06,20.211,39565,0
RMI.US,D,20191212,000000,20.143,20.457,20.08,20.165,34278,0
RMI.US,D,20191213,000000,20.079,20.374,19.973,20.325,12071,0
RMI.US,D,20191216,000000,20.219,20.219,20.069,20.088,4467,0
RMI.US,D,20191217,000000,20.117,20.201,20.108,20.165,11581,0
RMI.US,D,20191218,000000,20.239,20.249,20.173,20.201,9757,0
RMI.US,D,20191219,000000,20.201,20.249,20.117,20.249,30095,0
RMI.US,D,20191220,000000,20.21,20.467,20.181,20.325,34202,0
RMI.US,D,20191223,000000,20.335,20.378,20.165,20.165,11127,0
RMI.US,D,20191224,000000,20.218,20.343,20.159,20.306,16160,0
RMI.US,D,20191226,000000,20.327,20.388,20.327,20.353,9133,0
RMI.US,D,20191227,000000,20.388,20.507,20.368,20.507,23818,0
RMI.US,D,20191230,000000,20.507,20.507,20.34,20.477,26844,0
RMI.US,D,20191231,000000,20.507,20.934,20.43,20.686,40537,0
RMI.US,D,20200102,000000,20.727,20.844,20.659,20.705,20512,0
RMI.US,D,20200103,000000,20.797,20.888,20.626,20.771,25027,0
RMI.US,D,20200106,000000,20.761,20.968,20.761,20.824,17178,0
RMI.US,D,20200107,000000,20.797,20.844,20.787,20.797,29949,0
RMI.US,D,20200108,000000,20.834,20.834,20.733,20.797,18151,0
RMI.US,D,20200109,000000,20.844,20.898,20.844,20.872,13711,0
RMI.US,D,20200110,000000,20.916,20.978,20.846,20.875,17358,0
RMI.US,D,20200113,000000,20.878,21.072,20.878,20.956,15788,0
RMI.US,D,20200114,000000,20.978,20.978,20.889,20.951,46322,0
RMI.US,D,20200115,000000,20.888,21.255,20.888,20.978,17735,0
RMI.US,D,20200116,000000,21.155,21.155,20.969,21.062,45571,0
RMI.US,D,20200117,000000,21.007,21.026,20.926,20.934,42555,0
RMI.US,D,20200121,000000,20.969,21.062,20.878,21.044,54985,0
RMI.US,D,20200122,000000,21.236,21.236,20.752,20.926,25722,0
RMI.US,D,20200123,000000,20.942,20.961,20.833,20.961,35401,0
RMI.US,D,20200124,000000,21.062,21.062,20.863,20.926,23206,0
RMI.US,D,20200127,000000,20.926,21.273,20.893,20.969,41126,0
RMI.US,D,20200128,000000,20.926,21.154,20.907,21.091,24286,0
RMI.US,D,20200129,000000,21.197,21.246,21.004,21.108,32483,0
RMI.US,D,20200130,000000,21.086,21.107,20.926,21.062,11865,0
RMI.US,D,20200131,000000,21.155,21.155,20.801,20.888,87509,0
RMI.US,D,20200203,000000,20.961,20.961,20.867,20.934,34496,0
RMI.US,D,20200204,000000,20.942,20.96,20.916,20.934,8086,0
RMI.US,D,20200205,000000,20.934,21.026,20.926,20.997,32647,0
RMI.US,D,20200206,000000,21.003,21.035,20.969,21.026,10744,0
RMI.US,D,20200207,000000,21.044,21.117,21.044,21.077,17557,0
RMI.US,D,20200210,000000,21.137,21.206,21.114,21.172,31515,0
RMI.US,D,20200211,000000,21.226,21.236,21.155,21.155,16369,0
RMI.US,D,20200212,000000,21.365,22.136,21.336,21.475,38714,0
RMI.US,D,20200213,000000,21.419,21.515,21.374,21.465,9559,0
RMI.US,D,20200214,000000,21.405,21.495,21.405,21.426,5344,0
RMI.US,D,20200218,000000,21.346,21.419,21.187,21.205,67555,0
RMI.US,D,20200219,000000,21.327,21.327,21.107,21.136,66557,0
RMI.US,D,20200220,000000,21.097,21.245,21.051,21.245,38754,0
RMI.US,D,20200221,000000,21.419,21.419,21.042,21.097,60710,0
RMI.US,D,20200224,000000,21.005,21.205,20.9,21.097,117516,0
RMI.US,D,20200225,000000,21.164,21.281,20.775,21.089,80432,0
RMI.US,D,20200226,000000,21.187,21.187,20.869,20.959,39740,0
RMI.US,D,20200227,000000,21.005,21.051,20.813,20.869,52964,0
RMI.US,D,20200228,000000,20.924,20.924,20.371,20.529,41108,0
RMI.US,D,20200302,000000,20.682,20.822,20.461,20.682,59134,0
RMI.US,D,20200303,000000,20.798,21.033,20.754,20.945,41066,0
RMI.US,D,20200304,000000,21.005,21.272,20.959,21.126,40257,0
RMI.US,D,20200305,000000,21.078,21.151,21.042,21.145,19841,0
RMI.US,D,20200306,000000,20.959,21.143,20.959,20.967,15710,0
RMI.US,D,20200309,000000,20.94,20.948,20.511,20.592,36760,0
RMI.US,D,20200310,000000,20.733,20.775,20.442,20.442,20581,0
RMI.US,D,20200311,000000,20.511,20.511,19.58,19.58,12732,0
RMI.US,D,20200312,000000,19.305,19.58,18.008,18.44,62128,0
RMI.US,D,20200313,000000,18.745,19.678,17.754,18.393,34753,0
RMI.US,D,20200316,000000,17.933,18.103,16.809,17.637,75307,0
RMI.US,D,20200317,000000,17.566,17.682,16.713,16.927,87725,0
RMI.US,D,20200318,000000,16.809,16.857,14.081,15.811,130558,0
RMI.US,D,20200319,000000,15.811,16.023,15.006,16.023,59623,0
RMI.US,D,20200320,000000,15.933,17.167,15.386,15.793,73852,0
RMI.US,D,20200323,000000,15.802,16.511,14.496,15.322,52580,0
RMI.US,D,20200324,000000,15.699,16.492,15.699,16.023,26399,0
RMI.US,D,20200325,000000,15.745,17.318,15.719,16.392,50158,0
RMI.US,D,20200326,000000,16.449,18.008,16.449,18.008,169761,0
RMI.US,D,20200327,000000,17.566,18.093,17.566,17.963,46245,0
RMI.US,D,20200330,000000,17.816,18.728,17.816,18.7,54736,0
RMI.US,D,20200331,000000,18.728,18.766,18.582,18.582,17031,0
RMI.US,D,20200401,000000,18.333,18.42,17.963,18.249,44694,0
RMI.US,D,20200402,000000,18.16,18.203,17.812,17.953,12873,0
RMI.US,D,20200403,000000,17.914,17.914,17.613,17.613,13883,0
RMI.US,D,20200406,000000,18.145,18.229,17.575,17.731,7918,0
RMI.US,D,20200407,000000,17.843,18.333,17.778,18.327,24880,0
RMI.US,D,20200408,000000,18.286,18.286,17.961,18.239,5638,0
RMI.US,D,20200409,000000,18.429,18.748,18.164,18.699,59195,0
RMI.US,D,20200413,000000,18.748,18.748,18.382,18.535,29603,0
RMI.US,D,20200414,000000,18.469,18.766,18.469,18.766,23952,0
RMI.US,D,20200415,000000,18.555,18.88,18.553,18.88,8799,0
RMI.US,D,20200416,000000,18.817,19.018,18.574,19.018,21762,0
RMI.US,D,20200417,000000,18.749,18.913,18.74,18.888,4673,0
RMI.US,D,20200420,000000,18.861,19.115,18.672,18.783,7080,0
RMI.US,D,20200421,000000,18.691,18.852,18.548,18.691,39409,0
RMI.US,D,20200422,000000,19.092,19.092,18.576,18.583,49294,0
RMI.US,D,20200423,000000,18.592,18.645,18.555,18.555,8509,0
RMI.US,D,20200424,000000,18.555,18.555,18.432,18.519,24063,0
RMI.US,D,20200427,000000,18.432,18.432,18.111,18.228,17578,0
RMI.US,D,20200428,000000,18.228,18.343,18.11,18.19,22720,0
RMI.US,D,20200429,000000,18.136,18.478,18.136,18.276,23735,0
RMI.US,D,20200430,000000,18.478,18.478,18.123,18.19,15549,0
RMI.US,D,20200501,000000,18.182,18.478,18.182,18.461,11827,0
RMI.US,D,20200504,000000,18.37,18.688,18.216,18.555,9428,0
RMI.US,D,20200505,000000,18.602,19.057,18.555,18.555,8029,0
RMI.US,D,20200506,000000,18.588,19.018,18.451,18.74,6383,0
RMI.US,D,20200507,000000,18.909,18.909,18.768,18.768,6361,0
RMI.US,D,20200508,000000,19.008,19.018,18.742,19.018,16630,0
RMI.US,D,20200511,000000,19.248,19.324,18.842,18.88,6145,0
RMI.US,D,20200512,000000,19.19,19.479,19.086,19.478,10089,0
RMI.US,D,20200513,000000,19.479,19.479,19.129,19.129,7054,0
RMI.US,D,20200514,000000,18.969,19.472,18.969,19.15,6008,0
RMI.US,D,20200515,000000,18.834,19.219,18.834,19.108,7079,0
RMI.US,D,20200518,000000,19.197,19.197,18.814,18.963,8813,0
RMI.US,D,20200519,000000,19.08,19.177,18.171,18.44,58918,0
RMI.US,D,20200520,000000,18.628,18.682,18.497,18.544,99094,0
RMI.US,D,20200521,000000,18.62,18.62,18.393,18.554,20417,0
RMI.US,D,20200522,000000,18.61,18.636,18.482,18.544,59004,0
RMI.US,D,20200526,000000,18.71,18.914,18.687,18.749,20524,0
RMI.US,D,20200527,000000,18.834,18.906,18.73,18.905,12850,0
RMI.US,D,20200528,000000,18.914,19.131,18.852,19.076,16499,0
RMI.US,D,20200529,000000,19.122,19.299,19.056,19.197,28716,0
RMI.US,D,20200601,000000,19.197,19.554,19.197,19.439,11161,0
RMI.US,D,20200602,000000,19.394,19.568,19.394,19.56,13842,0
RMI.US,D,20200603,000000,19.568,19.745,19.492,19.725,36681,0
RMI.US,D,20200604,000000,19.715,19.754,19.65,19.754,17280,0
RMI.US,D,20200605,000000,19.764,19.802,19.654,19.756,16932,0
RMI.US,D,20200608,000000,19.802,19.918,19.797,19.85,2989,0
RMI.US,D,20200609,000000,19.939,19.958,19.754,19.754,19960,0
RMI.US,D,20200610,000000,19.773,20.035,19.773,19.86,10874,0
RMI.US,D,20200611,000000,19.958,19.958,19.104,19.445,31695,0
RMI.US,D,20200612,000000,19.55,19.894,19.43,19.492,9382,0
RMI.US,D,20200615,000000,19.494,19.562,19.375,19.562,8577,0
RMI.US,D,20200616,000000,19.57,19.892,19.57,19.668,10720,0
RMI.US,D,20200617,000000,19.728,19.892,19.656,19.656,7549,0
RMI.US,D,20200618,000000,19.853,19.863,19.535,19.863,2768,0
RMI.US,D,20200619,000000,19.892,19.892,19.3,19.385,17829,0
RMI.US,D,20200622,000000,19.619,19.892,19.619,19.795,8098,0
RMI.US,D,20200623,000000,19.691,19.812,19.395,19.514,9153,0
RMI.US,D,20200624,000000,19.562,19.933,19.562,19.786,9352,0
RMI.US,D,20200625,000000,19.757,19.943,19.699,19.814,17071,0
RMI.US,D,20200626,000000,19.833,20.497,19.691,19.691,13763,0
RMI.US,D,20200629,000000,19.872,19.892,19.784,19.785,7550,0
RMI.US,D,20200630,000000,19.908,19.908,19.795,19.853,6164,0
RMI.US,D,20200701,000000,19.872,20.212,19.872,20.148,14452,0
RMI.US,D,20200702,000000,20.205,20.214,20.077,20.077,14630,0
RMI.US,D,20200706,000000,20.214,20.214,19.943,19.943,6480,0
RMI.US,D,20200707,000000,20.039,20.077,19.656,19.656,12544,0
RMI.US,D,20200708,000000,19.922,20.049,19.793,20.049,5294,0
RMI.US,D,20200709,000000,20.049,20.049,19.693,19.843,8549,0
RMI.US,D,20200710,000000,19.957,20.077,19.892,20.076,10874,0
RMI.US,D,20200713,000000,20.077,20.077,19.872,19.972,28079,0
RMI.US,D,20200714,000000,19.892,20.029,19.877,20.029,8909,0
RMI.US,D,20200715,000000,20.029,20.029,19.872,19.908,4763,0
RMI.US,D,20200716,000000,19.91,19.983,19.91,19.983,2860,0
RMI.US,D,20200717,000000,19.983,19.983,19.786,19.91,12826,0
RMI.US,D,20200720,000000,19.893,19.899,19.806,19.884,7150,0
RMI.US,D,20200721,000000,19.815,19.902,19.806,19.831,11709,0
RMI.US,D,20200722,000000,19.834,19.864,19.825,19.854,16315,0
RMI.US,D,20200723,000000,19.91,19.935,19.825,19.926,2125,0
RMI.US,D,20200724,000000,19.917,19.935,19.825,19.917,6997,0
RMI.US,D,20200727,000000,19.973,19.983,19.834,19.854,13740,0
RMI.US,D,20200728,000000,19.874,20.021,19.874,19.884,10868,0
RMI.US,D,20200729,000000,19.935,20.05,19.884,19.916,5408,0
RMI.US,D,20200730,000000,19.884,20.031,19.884,19.992,10003,0
RMI.US,D,20200731,000000,20.079,20.109,19.975,20.048,8589,0
RMI.US,D,20200803,000000,20.154,20.154,19.992,20.114,6536,0
RMI.US,D,20200804,000000,20.109,20.198,20.109,20.158,4798,0
RMI.US,D,20200805,000000,20.189,20.189,20.163,20.18,2461,0
RMI.US,D,20200806,000000,20.208,20.314,20.19,20.19,7802,0
RMI.US,D,20200807,000000,20.305,20.353,20.241,20.353,3037,0
RMI.US,D,20200810,000000,20.371,20.433,20.306,20.433,13535,0
RMI.US,D,20200811,000000,20.442,20.461,20.334,20.385,4486,0
RMI.US,D,20200812,000000,20.399,20.417,20.2,20.256,9470,0
RMI.US,D,20200813,000000,20.258,20.474,20.228,20.274,10247,0
RMI.US,D,20200814,000000,20.297,20.297,20.181,20.181,3735,0
RMI.US,D,20200817,000000,20.218,20.307,20.216,20.307,5122,0
RMI.US,D,20200818,000000,20.316,20.419,20.199,20.209,9015,0
RMI.US,D,20200819,000000,20.364,20.364,20.248,20.288,13491,0
RMI.US,D,20200820,000000,20.297,20.484,20.297,20.326,7938,0
RMI.US,D,20200821,000000,20.375,20.396,20.12,20.199,7236,0
RMI.US,D,20200824,000000,20.191,20.248,20.05,20.159,30884,0
RMI.US,D,20200825,000000,20.11,20.248,19.874,20.012,15241,0
RMI.US,D,20200826,000000,19.874,19.996,19.738,19.738,7482,0
RMI.US,D,20200827,000000,19.718,19.824,19.492,19.492,20401,0
RMI.US,D,20200828,000000,19.638,19.656,19.55,19.638,7287,0
RMI.US,D,20200831,000000,19.699,19.902,19.699,19.854,5875,0
RMI.US,D,20200901,000000,19.935,19.945,19.635,19.635,9397,0
RMI.US,D,20200902,000000,19.786,20.026,19.737,20.022,12075,0
RMI.US,D,20200903,000000,20.022,20.061,19.638,19.964,12836,0
RMI.US,D,20200904,000000,19.945,19.972,19.492,19.806,9415,0
RMI.US,D,20200908,000000,19.815,19.815,19.588,19.613,3746,0
RMI.US,D,20200909,000000,19.716,19.806,19.638,19.746,9434,0
RMI.US,D,20200910,000000,19.806,19.806,19.658,19.708,2810,0
RMI.US,D,20200911,000000,19.748,19.794,19.418,19.728,10144,0
RMI.US,D,20200914,000000,19.682,19.786,19.682,19.737,6126,0
RMI.US,D,20200915,000000,19.798,19.798,19.692,19.692,5281,0
RMI.US,D,20200916,000000,19.807,19.807,19.74,19.759,7051,0
RMI.US,D,20200917,000000,19.72,19.807,19.7,19.73,2294,0
RMI.US,D,20200918,000000,19.788,19.788,19.674,19.71,5259,0
RMI.US,D,20200921,000000,19.609,19.788,19.609,19.629,9843,0
RMI.US,D,20200922,000000,19.639,19.71,18.963,19.513,35851,0
RMI.US,D,20200923,000000,19.523,19.523,19.315,19.315,4771,0
RMI.US,D,20200924,000000,19.334,19.418,19.247,19.247,11866,0
RMI.US,D,20200925,000000,19.276,19.37,18.954,19.201,24346,0
RMI.US,D,20200928,000000,19.201,19.296,19.191,19.266,19742,0
RMI.US,D,20200929,000000,19.286,19.372,18.992,19.266,39088,0
RMI.US,D,20200930,000000,19.276,19.377,19.247,19.352,32624,0
RMI.US,D,20201001,000000,19.296,19.513,19.296,19.513,43212,0
RMI.US,D,20201002,000000,19.473,19.523,19.334,19.458,11522,0
RMI.US,D,20201005,000000,19.513,19.575,19.438,19.548,8039,0
RMI.US,D,20201006,000000,19.683,19.71,19.438,19.71,6938,0
RMI.US,D,20201007,000000,19.71,19.784,19.7,19.769,6132,0
RMI.US,D,20201008,000000,19.72,19.792,19.706,19.75,5526,0
RMI.US,D,20201009,000000,19.749,19.817,19.749,19.749,4960,0
RMI.US,D,20201012,000000,19.817,19.896,19.788,19.886,14565,0
RMI.US,D,20201013,000000,19.896,19.896,19.812,19.817,9077,0
RMI.US,D,20201014,000000,19.7,19.779,19.438,19.45,32998,0
RMI.US,D,20201015,000000,19.657,19.657,19.296,19.296,14600,0
RMI.US,D,20201016,000000,19.305,19.392,19.106,19.191,21379,0
RMI.US,D,20201019,000000,19.237,19.276,19.184,19.276,3814,0
RMI.US,D,20201020,000000,19.315,19.344,19.256,19.256,5569,0
RMI.US,D,20201021,000000,19.247,19.315,19.201,19.291,4279,0
RMI.US,D,20201022,000000,19.242,19.344,19.152,19.154,7336,0
RMI.US,D,20201023,000000,19.181,19.292,19.087,19.161,13069,0
RMI.US,D,20201026,000000,19.21,19.219,19.106,19.152,5924,0
RMI.US,D,20201027,000000,19.106,19.322,19.106,19.247,28991,0
RMI.US,D,20201028,000000,19.237,19.237,19.106,19.106,7318,0
RMI.US,D,20201029,000000,19.144,19.268,19.059,19.152,11453,0
RMI.US,D,20201030,000000,19.247,19.247,19.059,19.106,20175,0
RMI.US,D,20201102,000000,19.191,19.392,19.166,19.344,10122,0
RMI.US,D,20201103,000000,19.392,19.398,19.344,19.344,13169,0
RMI.US,D,20201104,000000,19.473,19.473,19.418,19.438,1738,0
RMI.US,D,20201105,000000,19.483,19.657,19.483,19.58,7440,0
RMI.US,D,20201106,000000,19.657,19.657,19.601,19.609,8264,0
RMI.US,D,20201109,000000,19.74,19.74,19.619,19.665,9545,0
RMI.US,D,20201110,000000,19.649,19.72,19.635,19.72,3349,0
RMI.US,D,20201111,000000,19.836,20.292,19.831,20.113,16961,0
RMI.US,D,20201112,000000,20.177,20.177,19.674,19.977,30973,0
RMI.US,D,20201113,000000,20.177,20.177,19.737,20.143,12417,0
RMI.US,D,20201116,000000,20.042,20.235,20.042,20.235,1965,0
RMI.US,D,20201117,000000,20.007,20.22,20.007,20.205,9245,0
RMI.US,D,20201118,000000,20.294,20.333,19.877,19.877,28203,0
RMI.US,D,20201119,000000,19.857,20.047,19.857,19.944,12453,0
RMI.US,D,20201120,000000,19.867,20.037,19.867,19.997,5272,0
RMI.US,D,20201123,000000,20.187,20.187,19.96,20.16,18324,0
RMI.US,D,20201124,000000,20.151,20.151,19.968,20.094,12899,0
RMI.US,D,20201125,000000,19.897,20.275,19.877,20.066,12492,0
RMI.US,D,20201127,000000,20.066,20.177,19.978,20.143,11147,0
RMI.US,D,20201130,000000,19.939,20.196,19.939,20.143,13856,0
RMI.US,D,20201201,000000,20.205,20.275,20.09,20.275,6292,0
RMI.US,D,20201202,000000,20.255,20.33,20.049,20.304,16350,0
RMI.US,D,20201203,000000,20.323,20.561,20.215,20.561,12521,0
RMI.US,D,20201204,000000,20.473,20.65,20.375,20.608,11239,0
RMI.US,D,20201207,000000,20.618,20.701,20.196,20.429,12835,0
RMI.US,D,20201208,000000,20.177,20.473,20.177,20.313,33478,0
RMI.US,D,20201209,000000,20.313,20.473,20.273,20.39,46097,0
RMI.US,D,20201210,000000,20.399,20.523,20.323,20.523,16788,0
RMI.US,D,20201211,000000,20.313,20.523,20.313,20.523,3358,0
RMI.US,D,20201214,000000,20.533,20.533,20.285,20.533,13738,0
RMI.US,D,20201215,000000,20.533,20.533,20.453,20.533,5871,0
RMI.US,D,20201216,000000,20.372,20.685,20.363,20.639,31381,0
RMI.US,D,20201217,000000,20.4,20.658,20.372,20.515,21175,0
RMI.US,D,20201218,000000,20.658,20.658,20.177,20.363,19941,0
RMI.US,D,20201221,000000,20.372,20.465,20.16,20.276,34209,0
RMI.US,D,20201222,000000,20.187,20.4,20.095,20.4,30604,0
RMI.US,D,20201223,000000,20.187,20.391,20.187,20.196,12457,0
RMI.US,D,20201224,000000,20.167,20.177,20.027,20.047,27578,0
RMI.US,D,20201228,000000,20.047,20.216,20.047,20.13,32335,0
RMI.US,D,20201229,000000,20.135,20.216,20.086,20.206,15752,0
RMI.US,D,20201230,000000,20.206,20.583,20.206,20.495,21209,0
RMI.US,D,20201231,000000,20.667,20.792,20.495,20.535,21192,0
RMI.US,D,20210104,000000,20.685,20.694,20.445,20.563,17549,0
RMI.US,D,20210105,000000,20.515,20.563,20.441,20.506,8996,0
RMI.US,D,20210106,000000,20.445,20.565,20.445,20.525,14901,0
RMI.US,D,20210107,000000,20.544,20.544,20.295,20.295,35176,0
RMI.US,D,20210108,000000,20.426,20.63,20.354,20.549,7094,0
RMI.US,D,20210111,000000,20.592,20.592,20.324,20.539,11640,0
RMI.US,D,20210112,000000,20.295,20.553,20.286,20.553,26599,0
RMI.US,D,20210113,000000,20.553,20.829,20.544,20.71,18007,0
RMI.US,D,20210114,000000,20.622,20.732,20.392,20.392,2266,0
RMI.US,D,20210115,000000,20.687,20.794,20.409,20.794,14029,0
RMI.US,D,20210119,000000,20.66,20.66,20.521,20.526,12166,0
RMI.US,D,20210120,000000,20.526,20.65,20.456,20.532,19526,0
RMI.US,D,20210121,000000,20.554,20.641,20.409,20.535,8141,0
RMI.US,D,20210122,000000,20.506,20.574,20.456,20.574,6442,0
RMI.US,D,20210125,000000,20.62,20.696,20.602,20.654,3766,0
RMI.US,D,20210126,000000,20.602,20.696,20.554,20.696,7125,0
RMI.US,D,20210127,000000,20.669,20.696,20.496,20.696,10441,0
RMI.US,D,20210128,000000,20.602,20.89,20.602,20.881,7824,0
RMI.US,D,20210129,000000,20.89,20.89,20.554,20.862,8882,0
RMI.US,D,20210201,000000,20.65,20.89,20.65,20.872,15958,0
RMI.US,D,20210202,000000,20.89,20.927,20.66,20.847,15558,0
RMI.US,D,20210203,000000,20.89,20.986,20.794,20.814,32806,0
RMI.US,D,20210204,000000,20.966,21.025,20.794,20.794,13065,0
RMI.US,D,20210205,000000,20.842,21.034,20.794,20.976,23225,0
RMI.US,D,20210208,000000,20.986,21.131,20.986,20.986,14846,0
RMI.US,D,20210209,000000,21.112,21.42,21.112,21.17,29454,0
RMI.US,D,20210210,000000,21.469,21.469,21.133,21.31,21105,0
RMI.US,D,20210211,000000,21.449,21.449,21.231,21.267,12657,0
RMI.US,D,20210212,000000,21.104,21.413,21.104,21.267,20485,0
RMI.US,D,20210216,000000,21.315,21.315,21.026,21.218,19956,0
RMI.US,D,20210217,000000,21.198,21.218,21.026,21.123,10151,0
RMI.US,D,20210218,000000,21.162,21.162,20.706,20.853,21638,0
RMI.US,D,20210219,000000,20.853,20.997,20.65,20.833,18455,0
RMI.US,D,20210222,000000,20.977,20.977,20.381,20.592,33430,0
RMI.US,D,20210223,000000,20.475,20.612,20.254,20.274,27906,0
RMI.US,D,20210224,000000,20.436,20.515,20.291,20.371,24706,0
RMI.US,D,20210225,000000,20.371,20.535,20.264,20.391,23336,0
RMI.US,D,20210226,000000,20.495,20.515,20.332,20.436,25122,0
RMI.US,D,20210301,000000,20.436,20.706,20.362,20.535,27142,0
RMI.US,D,20210302,000000,20.525,20.687,20.525,20.655,3477,0
RMI.US,D,20210303,000000,20.669,20.716,20.544,20.553,14948,0
RMI.US,D,20210304,000000,20.563,20.726,20.563,20.641,3066,0
RMI.US,D,20210305,000000,20.525,20.544,20.475,20.475,11319,0
RMI.US,D,20210308,000000,20.52,20.544,20.312,20.332,7616,0
RMI.US,D,20210309,000000,20.362,20.644,20.362,20.475,13228,0
RMI.US,D,20210310,000000,20.726,20.794,20.573,20.701,16672,0
RMI.US,D,20210311,000000,20.65,21.295,20.592,21.133,19505,0
RMI.US,D,20210312,000000,21.044,21.044,20.938,20.997,12677,0
RMI.US,D,20210315,000000,20.928,20.928,20.818,20.928,21214,0
RMI.US,D,20210316,000000,20.893,20.955,20.688,20.697,13237,0
RMI.US,D,20210317,000000,20.825,21.407,20.825,21.309,15186,0
RMI.US,D,20210318,000000,21.211,21.211,20.959,21.191,17494,0
RMI.US,D,20210319,000000,20.795,21.191,20.795,21.104,8025,0
RMI.US,D,20210322,000000,21.155,21.155,20.939,21.067,5689,0
RMI.US,D,20210323,000000,20.999,21.397,20.999,21.067,25909,0
RMI.US,D,20210324,000000,21.087,21.174,21.087,21.118,7075,0
RMI.US,D,20210325,000000,21.077,21.358,21.019,21.174,3058,0
RMI.US,D,20210326,000000,21.019,21.211,21.019,21.136,6610,0
RMI.US,D,20210329,000000,21.279,21.279,21.067,21.177,11360,0
RMI.US,D,20210330,000000,21.116,21.358,21.116,21.343,3196,0
RMI.US,D,20210331,000000,21.358,21.397,21.261,21.279,6960,0
RMI.US,D,20210401,000000,21.262,21.453,21.262,21.358,8442,0
RMI.US,D,20210405,000000,21.348,21.434,21.279,21.407,9894,0
RMI.US,D,20210406,000000,21.453,21.453,21.324,21.387,11481,0
RMI.US,D,20210407,000000,21.377,21.453,21.359,21.453,2959,0
RMI.US,D,20210408,000000,21.453,21.503,21.279,21.443,22718,0
RMI.US,D,20210409,000000,21.483,21.538,21.4,21.426,3296,0
RMI.US,D,20210412,000000,21.452,21.735,21.395,21.6,30369,0
RMI.US,D,20210413,000000,21.735,21.735,21.43,21.659,7689,0
RMI.US,D,20210414,000000,21.793,21.793,21.551,21.695,13380,0
RMI.US,D,20210415,000000,21.747,22.371,21.612,21.797,18654,0
RMI.US,D,20210416,000000,22.223,22.223,21.641,22.078,2957,0
RMI.US,D,20210419,000000,22.301,22.371,21.722,21.79,22353,0
RMI.US,D,20210420,000000,21.805,22.038,21.697,22.008,9900,0
RMI.US,D,20210421,000000,21.86,22.018,21.707,22.018,17069,0
RMI.US,D,20210422,000000,21.76,22.088,21.76,21.884,10365,0
RMI.US,D,20210423,000000,21.775,22.088,21.775,21.885,6726,0
RMI.US,D,20210426,000000,21.766,21.98,21.641,21.727,27737,0
RMI.US,D,20210427,000000,21.815,21.815,21.775,21.815,5290,0
RMI.US,D,20210428,000000,21.815,21.83,21.594,21.717,20004,0
RMI.US,D,20210429,000000,21.727,21.825,21.661,21.688,12488,0
RMI.US,D,20210430,000000,21.815,21.815,21.671,21.717,7390,0
RMI.US,D,20210503,000000,21.815,21.835,21.717,21.717,12808,0
RMI.US,D,20210504,000000,21.727,21.835,21.727,21.825,11279,0
RMI.US,D,20210505,000000,21.755,22.018,21.755,21.994,3199,0
RMI.US,D,20210506,000000,22.008,22.078,21.884,22.078,13572,0
RMI.US,D,20210507,000000,22.078,22.371,21.932,22.271,4904,0
RMI.US,D,20210510,000000,22.271,22.466,22.271,22.271,12935,0
RMI.US,D,20210511,000000,22.213,22.432,22.092,22.303,7532,0
RMI.US,D,20210512,000000,22.213,22.213,21.894,22.11,9381,0
RMI.US,D,20210513,000000,22.01,22.426,22.01,22.159,4236,0
RMI.US,D,20210514,000000,22.09,22.09,21.895,22.035,6690,0
RMI.US,D,20210517,000000,21.971,22.18,21.876,22.139,11490,0
RMI.US,D,20210518,000000,22.215,22.215,21.928,22.07,4436,0
RMI.US,D,20210519,000000,22.12,22.12,21.891,22.055,12491,0
RMI.US,D,20210520,000000,21.981,22.309,21.981,22.259,3489,0
RMI.US,D,20210521,000000,22.364,22.364,22.07,22.235,1327,0
RMI.US,D,20210524,000000,22.254,22.254,22,22.01,25502,0
RMI.US,D,20210525,000000,22.07,22.169,21.991,22.149,5875,0
RMI.US,D,20210526,000000,22.06,22.179,22.06,22.08,7680,0
RMI.US,D,20210527,000000,22.149,22.179,22,22.159,7965,0
RMI.US,D,20210528,000000,22.254,22.374,22.03,22.374,6093,0
RMI.US,D,20210601,000000,22.374,22.374,22.12,22.374,14595,0
RMI.US,D,20210602,000000,22.45,22.459,22.205,22.205,4140,0
RMI.US,D,20210603,000000,22.274,22.508,22.254,22.498,6941,0
RMI.US,D,20210604,000000,22.498,22.647,22.423,22.518,6626,0
RMI.US,D,20210607,000000,22.528,22.528,22.205,22.459,13461,0
RMI.US,D,20210608,000000,22.522,22.698,22.349,22.618,11425,0
RMI.US,D,20210609,000000,22.782,22.852,22.588,22.657,14680,0
RMI.US,D,20210610,000000,22.647,23.064,22.558,22.677,14497,0
RMI.US,D,20210611,000000,22.891,23.672,22.704,22.852,12472,0
RMI.US,D,20210614,000000,22.996,23.194,22.742,22.799,8382,0
RMI.US,D,20210615,000000,23.039,23.039,22.648,22.774,8126,0
RMI.US,D,20210616,000000,22.824,23.754,22.724,22.744,30870,0
RMI.US,D,20210617,000000,22.913,22.913,22.45,22.549,7075,0
RMI.US,D,20210618,000000,22.589,22.742,22.549,22.653,8606,0
RMI.US,D,20210621,000000,22.744,22.834,22.549,22.764,13162,0
RMI.US,D,20210622,000000,22.834,23.029,22.744,22.744,13822,0
RMI.US,D,20210623,000000,22.734,22.893,22.697,22.744,12394,0
RMI.US,D,20210624,000000,22.697,22.903,22.697,22.699,8618,0
RMI.US,D,20210625,000000,22.705,23,22.648,22.688,13751,0
RMI.US,D,20210628,000000,22.824,23.009,22.638,22.903,10085,0
RMI.US,D,20210629,000000,23.009,23.069,22.648,22.903,2151,0
RMI.US,D,20210630,000000,23.029,23.124,22.687,22.702,15718,0
RMI.US,D,20210701,000000,23.163,23.163,22.754,22.952,6543,0
RMI.US,D,20210702,000000,22.844,23.21,22.755,23.21,2574,0
RMI.US,D,20210706,000000,23.089,23.178,23.039,23.178,7767,0
RMI.US,D,20210707,000000,23.188,23.188,22.794,23.138,4882,0
RMI.US,D,20210708,000000,23.049,23.529,22.943,23.529,39307,0
RMI.US,D,20210709,000000,23.393,23.529,23.373,23.373,9826,0
RMI.US,D,20210712,000000,23.334,23.529,22.984,23.529,12754,0
RMI.US,D,20210713,000000,23.489,23.489,23.289,23.433,1188,0
RMI.US,D,20210714,000000,23.529,23.529,23.089,23.324,14422,0
RMI.US,D,20210715,000000,23.316,23.522,23.316,23.401,13239,0
RMI.US,D,20210716,000000,23.582,23.582,23.365,23.445,1267,0
RMI.US,D,20210719,000000,23.592,23.621,23.375,23.445,15353,0
RMI.US,D,20210720,000000,23.502,23.502,22.933,22.933,7034,0
RMI.US,D,20210721,000000,23.129,23.129,22.834,22.834,12197,0
RMI.US,D,20210722,000000,23.01,23.129,22.834,22.997,26812,0
RMI.US,D,20210723,000000,23.05,23.425,23.05,23.346,4505,0
RMI.US,D,20210726,000000,23.572,23.572,23.375,23.472,11487,0
RMI.US,D,20210727,000000,23.522,23.522,23.129,23.326,12768,0
RMI.US,D,20210728,000000,23.482,23.522,22.943,22.953,14302,0
RMI.US,D,20210729,000000,23.189,23.234,23.003,23.08,9256,0
RMI.US,D,20210730,000000,23.169,23.276,22.883,23.226,26392,0
RMI.US,D,20210802,000000,23.169,23.572,23.169,23.572,3357,0
RMI.US,D,20210803,000000,23.552,23.562,23.326,23.54,15645,0
RMI.US,D,20210804,000000,23.582,23.621,23.582,23.621,1639,0
RMI.US,D,20210805,000000,23.621,23.621,23.425,23.522,6505,0
RMI.US,D,20210806,000000,23.611,23.611,23.256,23.425,1848,0
RMI.US,D,20210809,000000,23.492,23.492,23.256,23.256,1133,0
RMI.US,D,20210810,000000,23.01,23.621,23.01,23.592,9066,0
RMI.US,D,20210811,000000,23.621,23.621,23.11,23.119,10350,0
RMI.US,D,20210812,000000,23.226,23.415,23.226,23.415,13702,0
RMI.US,D,20210813,000000,23.336,23.39,23.149,23.336,5766,0
RMI.US,D,20210816,000000,23.308,23.54,23.308,23.5,2822,0
RMI.US,D,20210817,000000,23.485,23.49,23.318,23.427,3932,0
RMI.US,D,20210818,000000,23.407,23.694,23.397,23.397,18487,0
RMI.US,D,20210819,000000,23.427,23.634,23.011,23.061,15396,0
RMI.US,D,20210820,000000,23.288,23.307,23.051,23.268,5134,0
RMI.US,D,20210823,000000,23.268,23.417,23.218,23.218,13489,0
RMI.US,D,20210824,000000,23.268,23.338,23.143,23.291,20701,0
RMI.US,D,20210825,000000,23.338,23.417,23.338,23.392,11142,0
RMI.US,D,20210826,000000,23.417,23.595,23.179,23.268,11268,0
RMI.US,D,20210827,000000,23.407,23.585,23.18,23.387,21021,0
RMI.US,D,20210830,000000,23.575,23.575,23.397,23.397,8917,0
RMI.US,D,20210831,000000,23.545,23.595,23.021,23.15,17553,0
RMI.US,D,20210901,000000,23.238,23.435,23.125,23.387,11278,0
RMI.US,D,20210902,000000,23.328,23.545,23.328,23.417,9475,0
RMI.US,D,20210903,000000,23.382,23.407,23.358,23.358,11031,0
RMI.US,D,20210907,000000,23.358,23.406,23.218,23.218,2198,0
RMI.US,D,20210908,000000,23.387,23.387,23.011,23.15,14728,0
RMI.US,D,20210909,000000,23.15,23.554,23.15,23.397,16602,0
RMI.US,D,20210910,000000,23.505,23.505,23.16,23.358,4738,0
RMI.US,D,20210913,000000,23.358,23.535,23.358,23.471,2784,0
RMI.US,D,20210914,000000,23.456,23.535,23.218,23.338,12787,0
RMI.US,D,20210915,000000,23.27,23.419,23.27,23.321,4544,0
RMI.US,D,20210916,000000,23.25,23.419,23.151,23.151,8254,0
RMI.US,D,20210917,000000,23.22,23.766,23.22,23.399,3325,0
RMI.US,D,20210920,000000,23.647,23.647,23.284,23.498,3625,0
RMI.US,D,20210921,000000,23.687,23.756,23.409,23.508,10093,0
RMI.US,D,20210922,000000,23.389,23.558,23.389,23.508,5642,0
RMI.US,D,20210923,000000,23.558,23.558,23.419,23.419,4158,0
RMI.US,D,20210924,000000,23.409,23.449,23.344,23.428,7094,0
RMI.US,D,20210927,000000,23.298,23.478,23.141,23.21,9638,0
RMI.US,D,20210928,000000,23.141,23.36,22.606,22.662,26338,0
RMI.US,D,20210929,000000,22.882,22.953,22.882,22.883,1806,0
RMI.US,D,20210930,000000,23.022,23.072,22.804,22.933,11784,0
RMI.US,D,20211001,000000,22.864,22.933,22.735,22.822,3763,0
RMI.US,D,20211004,000000,22.794,22.89,22.794,22.814,4384,0
RMI.US,D,20211005,000000,22.963,22.963,22.774,22.864,1820,0
RMI.US,D,20211006,000000,22.844,22.844,22.784,22.804,1979,0
RMI.US,D,20211007,000000,22.854,22.854,22.774,22.774,2233,0
RMI.US,D,20211008,000000,22.685,22.873,22.685,22.697,1879,0
RMI.US,D,20211011,000000,22.834,22.926,22.834,22.926,405,0
RMI.US,D,20211012,000000,22.832,22.913,22.695,22.715,13182,0
RMI.US,D,20211013,000000,22.764,22.79,22.744,22.744,6115,0
RMI.US,D,20211014,000000,22.846,22.846,22.703,22.717,10118,0
RMI.US,D,20211015,000000,22.736,22.736,22.428,22.527,8478,0
RMI.US,D,20211018,000000,22.597,22.607,22.48,22.487,4051,0
RMI.US,D,20211019,000000,22.517,22.517,22.409,22.458,1850,0
RMI.US,D,20211020,000000,22.517,22.523,22.308,22.378,7300,0
RMI.US,D,20211021,000000,22.378,22.378,22.109,22.219,8369,0
RMI.US,D,20211022,000000,22.219,22.338,22.059,22.119,9198,0
RMI.US,D,20211025,000000,22.219,22.278,22.149,22.149,1786,0
RMI.US,D,20211026,000000,22.079,22.238,21.906,22.043,14797,0
RMI.US,D,20211027,000000,21.93,21.973,21.6,21.76,40755,0
RMI.US,D,20211028,000000,21.651,21.85,21.611,21.76,19996,0
RMI.US,D,20211029,000000,21.9,21.94,21.76,21.86,18186,0
RMI.US,D,20211101,000000,21.91,22.009,21.661,21.89,44256,0
RMI.US,D,20211102,000000,21.91,22.129,21.91,22.129,8403,0
RMI.US,D,20211103,000000,22.129,22.209,22.049,22.069,2980,0
RMI.US,D,20211104,000000,22.069,22.248,22.069,22.172,5333,0
RMI.US,D,20211105,000000,22.248,22.328,22.24,22.328,9724,0
RMI.US,D,20211108,000000,22.268,22.507,22.268,22.458,8217,0
RMI.US,D,20211109,000000,22.587,22.706,22.328,22.358,21939,0
RMI.US,D,20211110,000000,22.34,22.68,22.2222,22.3,12652,0
RMI.US,D,20211111,000000,22.4183,22.58,22.33,22.4044,7536,0
RMI.US,D,20211112,000000,22.58,22.7,22.4598,22.7,4286,0
RMI.US,D,20211115,000000,22.71,22.84,22.695,22.72,13817,0
RMI.US,D,20211116,000000,22.71,22.7593,22.652,22.72,5178,0
RMI.US,D,20211117,000000,22.77,22.77,22.65,22.66,6511,0
RMI.US,D,20211118,000000,22.73,22.79,22.6401,22.79,9016,0
RMI.US,D,20211119,000000,22.86,22.8677,22.65,22.72,8332,0
RMI.US,D,20211122,000000,22.7,22.72,22.5333,22.6,4844,0
RMI.US,D,20211123,000000,22.66,22.66,22.5432,22.5432,1249,0
RMI.US,D,20211124,000000,22.6,22.65,22.5545,22.5545,2010,0
RMI.US,D,20211126,000000,22.5,22.72,22.5,22.72,3738,0
RMI.US,D,20211129,000000,22.72,22.9,22.44,22.67,14667,0
RMI.US,D,20211130,000000,22.54,22.86,22.4545,22.67,7214,0
RMI.US,D,20211201,000000,22.84,22.85,22.4366,22.6,2809,0
RMI.US,D,20211202,000000,22.56,22.79,22.22,22.46,15362,0
RMI.US,D,20211203,000000,22.43,22.61,22.26,22.27,2992,0
RMI.US,D,20211206,000000,22.2998,22.3,22.0001,22.27,11136,0
RMI.US,D,20211207,000000,22.03,22.55,22.03,22.51,8160,0
RMI.US,D,20211208,000000,22.39,22.65,22.39,22.52,4722,0
RMI.US,D,20211209,000000,22.4,22.62,22.32,22.6,9735,0
RMI.US,D,20211210,000000,22.54,22.8,22.3201,22.7,13657,0
RMI.US,D,20211213,000000,22.85,23.28,22.85,22.94,18459,0
RMI.US,D,20211214,000000,22.84,23.39,22.84,23.16,6583,0
RMI.US,D,20211215,000000,23.42,23.42,22.77,23.23,16611,0
RMI.US,D,20211216,000000,23.3,23.3,22.7401,23.28,17159,0
RMI.US,D,20211217,000000,23.34,23.3538,22.9155,23.3,12708,0
RMI.US,D,20211220,000000,22.62,22.62,21.65,22.29,25350,0
RMI.US,D,20211221,000000,21.93,22.375,21.93,22.16,5375,0
RMI.US,D,20211222,000000,22.12,22.2598,22,22.14,11024,0
RMI.US,D,20211223,000000,22.2,22.34,21.82,21.9,21289,0
RMI.US,D,20211227,000000,22.03,22.035,21.8,21.85,12278,0
RMI.US,D,20211228,000000,21.8,22.04,21.16,21.46,79949,0
RMI.US,D,20211229,000000,21.5,21.73,21.47,21.55,29774,0
RMI.US,D,20211230,000000,21.5,21.9,21.5,21.81,28135,0
RMI.US,D,20211231,000000,21.96,22.4,21.9,22.3,42566,0
RMI.US,D,20220103,000000,22.3,22.345,22.055,22.24,25404,0
RMI.US,D,20220104,000000,22.24,22.34,22.1,22.19,26317,0
RMI.US,D,20220105,000000,22.23,22.34,22.01,22.21,23756,0
RMI.US,D,20220106,000000,22.21,22.4,22.01,22.06,28336,0
RMI.US,D,20220107,000000,22.06,22.205,22.02,22.1,4873,0
RMI.US,D,20220110,000000,21.62,22.0275,21.53,21.76,60617,0
RMI.US,D,20220111,000000,21.83,22.0483,21.76,21.85,13929,0
RMI.US,D,20220112,000000,21.9,22.105,21.7018,21.75,40262,0
RMI.US,D,20220113,000000,21.75,22.25,21.614,21.62,17544,0
RMI.US,D,20220114,000000,21.68,21.868,21.45,21.46,12066,0
RMI.US,D,20220118,000000,21.16,21.4598,20.48,20.6,44594,0
RMI.US,D,20220119,000000,20.62,20.685,20.35,20.55,20603,0
RMI.US,D,20220120,000000,20.44,20.96,20.44,20.6,21599,0
RMI.US,D,20220121,000000,20.73,20.81,20.55,20.58,20640,0
