<TICKER>,<PER>,<DATE>,<TIME>,<OPEN>,<HIGH>,<LOW>,<CLOSE>,<VOL>,<OPENINT>
RMM.US,D,20190729,000000,17.715,17.724,17.69,17.724,345479,0
RMM.US,D,20190730,000000,17.724,17.778,17.69,17.69,159351,0
RMM.US,D,20190731,000000,17.732,17.778,17.69,17.732,287012,0
RMM.US,D,20190801,000000,17.741,17.982,17.732,17.821,77902,0
RMM.US,D,20190802,000000,17.866,18.134,17.866,18.044,65978,0
RMM.US,D,20190805,000000,18.077,18.085,17.998,18.044,19459,0
RMM.US,D,20190806,000000,18.034,18.134,17.91,18.085,44043,0
RMM.US,D,20190807,000000,18.095,18.134,18.077,18.077,17006,0
RMM.US,D,20190808,000000,18.134,18.134,17.998,18.114,19994,0
RMM.US,D,20190809,000000,18.067,18.085,18.003,18.058,7746,0
RMM.US,D,20190812,000000,18.085,18.085,18.024,18.077,9597,0
RMM.US,D,20190813,000000,18.085,18.134,17.998,18.085,26650,0
RMM.US,D,20190814,000000,18.053,18.085,17.998,18.034,10602,0
RMM.US,D,20190815,000000,18.034,18.044,17.866,17.947,40144,0
RMM.US,D,20190816,000000,17.866,18.022,17.866,17.937,45736,0
RMM.US,D,20190819,000000,17.973,18.016,17.937,17.973,13059,0
RMM.US,D,20190820,000000,17.989,18.085,17.91,18.044,18831,0
RMM.US,D,20190821,000000,17.998,18.388,17.998,18.263,36139,0
RMM.US,D,20190822,000000,18.178,18.22,18.085,18.142,10194,0
RMM.US,D,20190823,000000,18.085,18.263,17.891,17.891,55435,0
RMM.US,D,20190826,000000,17.945,17.954,17.787,17.812,23526,0
RMM.US,D,20190827,000000,17.866,17.998,17.803,17.91,21302,0
RMM.US,D,20190828,000000,17.891,17.9,17.838,17.876,10227,0
RMM.US,D,20190829,000000,17.896,17.998,17.886,17.933,17937,0
RMM.US,D,20190830,000000,17.938,18.263,17.91,18.22,29275,0
RMM.US,D,20190903,000000,18.263,18.44,18.263,18.356,24667,0
RMM.US,D,20190904,000000,17.891,17.989,17.511,17.91,263568,0
RMM.US,D,20190905,000000,17.83,17.998,17.818,17.998,86505,0
RMM.US,D,20190906,000000,17.945,18.085,17.945,18.034,39697,0
RMM.US,D,20190909,000000,17.954,17.954,17.821,17.866,35875,0
RMM.US,D,20190910,000000,17.866,17.989,17.821,17.884,51409,0
RMM.US,D,20190911,000000,17.9,17.945,17.812,17.937,29754,0
RMM.US,D,20190912,000000,17.937,17.99,17.906,17.99,24267,0
RMM.US,D,20190913,000000,17.964,17.964,17.714,17.9,23766,0
RMM.US,D,20190916,000000,17.9,18.035,17.797,17.9,22563,0
RMM.US,D,20190917,000000,17.9,18.035,17.812,17.937,41118,0
RMM.US,D,20190918,000000,17.945,17.945,17.723,17.937,46467,0
RMM.US,D,20190919,000000,17.884,18.009,17.884,17.999,29677,0
RMM.US,D,20190920,000000,17.99,18.035,17.945,18.009,7002,0
RMM.US,D,20190923,000000,17.999,17.999,17.704,17.884,86716,0
RMM.US,D,20190924,000000,17.945,17.945,17.812,17.884,13035,0
RMM.US,D,20190925,000000,17.945,17.954,17.858,17.91,25729,0
RMM.US,D,20190926,000000,17.982,17.982,17.884,17.973,17604,0
RMM.US,D,20190927,000000,17.99,17.99,17.858,17.954,12886,0
RMM.US,D,20190930,000000,18.035,18.078,17.723,17.858,89069,0
RMM.US,D,20191001,000000,17.858,17.9,17.767,17.875,50143,0
RMM.US,D,20191002,000000,17.812,17.945,17.787,17.838,28728,0
RMM.US,D,20191003,000000,17.848,17.919,17.777,17.803,28969,0
RMM.US,D,20191004,000000,17.891,17.919,17.825,17.891,26738,0
RMM.US,D,20191007,000000,17.83,17.9,17.705,17.787,31504,0
RMM.US,D,20191008,000000,17.884,17.884,17.689,17.812,23699,0
RMM.US,D,20191009,000000,17.875,17.883,17.723,17.812,20255,0
RMM.US,D,20191010,000000,17.858,17.858,17.662,17.662,50149,0
RMM.US,D,20191011,000000,17.723,17.731,17.633,17.679,47431,0
RMM.US,D,20191014,000000,17.679,17.679,17.535,17.679,40851,0
RMM.US,D,20191015,000000,17.679,17.679,17.625,17.644,23171,0
RMM.US,D,20191016,000000,17.691,17.76,17.658,17.76,24272,0
RMM.US,D,20191017,000000,17.662,17.803,17.662,17.788,86473,0
RMM.US,D,20191018,000000,17.831,17.892,17.74,17.885,23087,0
RMM.US,D,20191021,000000,17.839,17.859,17.582,17.679,62166,0
RMM.US,D,20191022,000000,17.679,17.839,17.672,17.714,18355,0
RMM.US,D,20191023,000000,17.759,17.839,17.714,17.839,24110,0
RMM.US,D,20191024,000000,17.833,17.923,17.803,17.849,7602,0
RMM.US,D,20191025,000000,17.849,17.892,17.714,17.714,19787,0
RMM.US,D,20191028,000000,17.803,17.839,17.705,17.788,113963,0
RMM.US,D,20191029,000000,17.768,18.088,17.76,18.072,126860,0
RMM.US,D,20191030,000000,18.072,18.196,17.959,18.127,42723,0
RMM.US,D,20191031,000000,18.206,18.376,18.137,18.163,88415,0
RMM.US,D,20191101,000000,18.233,18.242,17.938,18.064,142126,0
RMM.US,D,20191104,000000,18.163,18.163,17.966,18.037,28107,0
RMM.US,D,20191105,000000,18.017,18.223,17.966,18.018,51933,0
RMM.US,D,20191106,000000,18.117,18.117,17.859,17.867,75998,0
RMM.US,D,20191107,000000,17.938,17.971,17.849,17.92,37450,0
RMM.US,D,20191108,000000,17.867,17.876,17.768,17.768,83350,0
RMM.US,D,20191111,000000,17.788,17.956,17.788,17.901,22317,0
RMM.US,D,20191112,000000,17.813,17.92,17.778,17.92,24872,0
RMM.US,D,20191113,000000,17.849,17.991,17.849,17.975,41154,0
RMM.US,D,20191114,000000,17.975,17.984,17.901,17.966,43093,0
RMM.US,D,20191115,000000,18.048,18.048,17.911,17.92,28970,0
RMM.US,D,20191118,000000,18.098,18.098,17.839,17.859,26987,0
RMM.US,D,20191119,000000,17.893,17.893,17.801,17.801,25764,0
RMM.US,D,20191120,000000,17.812,18.057,17.797,17.839,26877,0
RMM.US,D,20191121,000000,17.843,17.867,17.767,17.849,78996,0
RMM.US,D,20191122,000000,17.849,18.089,17.849,17.859,40982,0
RMM.US,D,20191125,000000,17.849,17.885,17.837,17.839,80745,0
RMM.US,D,20191126,000000,17.867,17.867,17.739,17.849,76879,0
RMM.US,D,20191127,000000,17.911,17.975,17.797,17.828,54863,0
RMM.US,D,20191129,000000,17.797,17.839,17.787,17.797,27654,0
RMM.US,D,20191202,000000,17.797,17.801,17.739,17.787,39453,0
RMM.US,D,20191203,000000,17.767,17.831,17.759,17.797,79152,0
RMM.US,D,20191204,000000,17.777,17.803,17.661,17.695,92518,0
RMM.US,D,20191205,000000,17.695,17.773,17.48,17.624,304461,0
RMM.US,D,20191206,000000,17.57,17.691,17.57,17.606,54501,0
RMM.US,D,20191209,000000,17.651,17.655,17.541,17.585,111016,0
RMM.US,D,20191210,000000,17.606,17.678,17.598,17.642,94107,0
RMM.US,D,20191211,000000,17.653,17.728,17.644,17.69,66994,0
RMM.US,D,20191212,000000,17.721,17.741,17.608,17.608,63482,0
RMM.US,D,20191213,000000,17.653,17.697,17.4,17.516,143358,0
RMM.US,D,20191216,000000,17.508,17.608,17.508,17.516,68517,0
RMM.US,D,20191217,000000,17.59,17.653,17.498,17.635,82679,0
RMM.US,D,20191218,000000,17.608,17.715,17.561,17.69,113457,0
RMM.US,D,20191219,000000,17.671,17.805,17.671,17.751,95972,0
RMM.US,D,20191220,000000,17.706,17.805,17.706,17.779,133408,0
RMM.US,D,20191223,000000,17.732,17.799,17.653,17.697,101062,0
RMM.US,D,20191224,000000,17.616,17.732,17.561,17.653,108138,0
RMM.US,D,20191226,000000,17.671,17.69,17.508,17.608,140300,0
RMM.US,D,20191227,000000,17.608,17.644,17.49,17.49,113136,0
RMM.US,D,20191230,000000,17.516,17.599,17.42,17.472,173395,0
RMM.US,D,20191231,000000,17.524,17.626,17.353,17.464,319428,0
RMM.US,D,20200102,000000,17.581,17.653,17.535,17.626,50928,0
RMM.US,D,20200103,000000,17.697,17.715,17.608,17.69,80680,0
RMM.US,D,20200106,000000,17.741,17.789,17.653,17.706,96568,0
RMM.US,D,20200107,000000,17.68,17.878,17.68,17.878,91596,0
RMM.US,D,20200108,000000,17.805,17.886,17.805,17.87,52245,0
RMM.US,D,20200109,000000,17.894,17.95,17.852,17.87,92322,0
RMM.US,D,20200110,000000,17.87,17.894,17.833,17.87,83752,0
RMM.US,D,20200113,000000,17.878,18.052,17.87,17.986,124721,0
RMM.US,D,20200114,000000,17.959,18.249,17.944,18.168,133503,0
RMM.US,D,20200115,000000,18.158,18.249,18.032,18.158,117301,0
RMM.US,D,20200116,000000,18.013,18.168,18.013,18.168,73989,0
RMM.US,D,20200117,000000,18.158,18.177,18.102,18.15,48389,0
RMM.US,D,20200121,000000,18.102,18.24,18.102,18.132,70497,0
RMM.US,D,20200122,000000,18.231,18.275,18.112,18.265,112489,0
RMM.US,D,20200123,000000,18.24,18.291,18.188,18.24,50434,0
RMM.US,D,20200124,000000,18.283,18.626,18.265,18.603,180227,0
RMM.US,D,20200127,000000,18.591,18.764,18.565,18.737,169399,0
RMM.US,D,20200128,000000,18.69,18.737,18.645,18.657,68770,0
RMM.US,D,20200129,000000,18.664,18.737,18.617,18.636,131963,0
RMM.US,D,20200130,000000,18.645,18.69,18.538,18.599,41218,0
RMM.US,D,20200131,000000,18.672,18.672,18.52,18.52,86467,0
RMM.US,D,20200203,000000,18.464,18.737,18.464,18.737,47270,0
RMM.US,D,20200204,000000,18.737,18.871,18.69,18.772,60153,0
RMM.US,D,20200205,000000,18.645,19.011,18.645,18.927,61156,0
RMM.US,D,20200206,000000,18.781,18.961,18.781,18.934,36619,0
RMM.US,D,20200207,000000,18.934,19.169,18.845,19.149,82142,0
RMM.US,D,20200210,000000,19.251,19.251,19.052,19.052,111707,0
RMM.US,D,20200211,000000,18.789,19.006,18.789,18.943,80759,0
RMM.US,D,20200212,000000,18.961,19.065,18.871,18.917,77419,0
RMM.US,D,20200213,000000,18.943,19.044,18.825,18.988,73995,0
RMM.US,D,20200214,000000,18.835,18.907,18.797,18.854,91450,0
RMM.US,D,20200218,000000,18.854,18.88,18.644,18.644,46134,0
RMM.US,D,20200219,000000,18.564,18.663,18.481,18.49,74142,0
RMM.US,D,20200220,000000,20.711,20.711,18.532,18.753,40211,0
RMM.US,D,20200221,000000,18.653,18.898,18.653,18.825,39978,0
RMM.US,D,20200224,000000,18.816,18.98,18.564,18.98,104614,0
RMM.US,D,20200225,000000,18.797,19.044,18.797,18.997,62335,0
RMM.US,D,20200226,000000,19.016,19.044,18.753,18.952,47383,0
RMM.US,D,20200227,000000,18.816,18.97,18.771,18.864,75092,0
RMM.US,D,20200228,000000,18.771,18.854,18.625,18.653,104758,0
RMM.US,D,20200302,000000,18.59,18.771,18.59,18.763,33483,0
RMM.US,D,20200303,000000,18.771,18.952,18.681,18.834,54605,0
RMM.US,D,20200304,000000,18.864,18.952,18.686,18.736,89531,0
RMM.US,D,20200305,000000,18.689,18.816,18.653,18.653,44227,0
RMM.US,D,20200306,000000,18.59,18.699,18.452,18.452,45622,0
RMM.US,D,20200309,000000,18.318,18.347,17.794,17.801,89802,0
RMM.US,D,20200310,000000,17.954,17.954,17.764,17.856,64425,0
RMM.US,D,20200311,000000,17.726,17.865,17.594,17.611,55596,0
RMM.US,D,20200312,000000,17.594,17.647,15.416,15.416,118403,0
RMM.US,D,20200313,000000,15.87,16.92,15.87,16.821,77517,0
RMM.US,D,20200316,000000,16.366,16.405,15.081,15.236,95742,0
RMM.US,D,20200317,000000,15.038,15.038,14.083,14.738,121634,0
RMM.US,D,20200318,000000,14.282,14.361,12.714,12.73,127527,0
RMM.US,D,20200319,000000,12.557,12.806,11.445,12.714,193127,0
RMM.US,D,20200320,000000,12.806,14.116,12.648,13.343,111455,0
RMM.US,D,20200323,000000,12.988,13.265,11.171,12.259,166270,0
RMM.US,D,20200324,000000,12.521,13.078,12.521,12.787,78072,0
RMM.US,D,20200325,000000,12.988,14.217,12.988,14.091,87003,0
RMM.US,D,20200326,000000,14.334,15.391,14.144,15.226,84957,0
RMM.US,D,20200327,000000,15.038,15.493,14.59,15.386,48886,0
RMM.US,D,20200330,000000,16.913,16.913,15.218,15.83,86743,0
RMM.US,D,20200331,000000,16.147,16.377,15.975,16.292,65633,0
RMM.US,D,20200401,000000,15.946,15.946,15.193,15.338,61629,0
RMM.US,D,20200402,000000,15.129,15.666,14.718,15.263,46611,0
RMM.US,D,20200403,000000,14.991,15.428,14.761,15.038,25184,0
RMM.US,D,20200406,000000,15.203,15.396,14.947,15.053,39009,0
RMM.US,D,20200407,000000,15.138,15.401,15.046,15.046,46263,0
RMM.US,D,20200408,000000,15.32,16.347,15.046,15.993,51510,0
RMM.US,D,20200409,000000,16.405,17.616,15.983,16.292,83303,0
RMM.US,D,20200413,000000,16.405,16.678,16.401,16.676,10100,0
RMM.US,D,20200414,000000,16.54,17.305,16.54,16.937,50998,0
RMM.US,D,20200415,000000,16.942,16.942,16.493,16.806,29522,0
RMM.US,D,20200416,000000,16.615,16.76,16.493,16.52,20060,0
RMM.US,D,20200417,000000,16.623,16.668,16.163,16.258,23410,0
RMM.US,D,20200420,000000,16.451,16.623,16.037,16.347,61624,0
RMM.US,D,20200421,000000,16.166,16.52,15.934,16.066,27734,0
RMM.US,D,20200422,000000,16.117,16.117,15.837,15.873,33936,0
RMM.US,D,20200423,000000,16.025,16.117,15.248,15.561,56365,0
RMM.US,D,20200424,000000,15.778,15.952,15.277,15.873,26149,0
RMM.US,D,20200427,000000,15.952,15.999,14.864,15.379,85407,0
RMM.US,D,20200428,000000,15.605,15.605,15.121,15.323,18145,0
RMM.US,D,20200429,000000,15.403,15.561,15.121,15.276,72674,0
RMM.US,D,20200430,000000,15.248,15.323,15.107,15.313,52993,0
RMM.US,D,20200501,000000,15.111,15.323,15.093,15.158,42649,0
RMM.US,D,20200504,000000,15.303,15.303,14.672,14.79,62097,0
RMM.US,D,20200505,000000,15.055,15.055,14.751,14.987,69991,0
RMM.US,D,20200506,000000,15,15.149,14.809,14.939,32856,0
RMM.US,D,20200507,000000,15.023,15.294,15.023,15.145,37900,0
RMM.US,D,20200508,000000,15.047,15.178,14.939,14.974,36379,0
RMM.US,D,20200511,000000,15.083,15.303,15.01,15.237,34123,0
RMM.US,D,20200512,000000,15.271,15.571,15.185,15.185,33656,0
RMM.US,D,20200513,000000,15.561,15.571,15.097,15.294,74480,0
RMM.US,D,20200514,000000,15.221,15.54,15.117,15.221,21097,0
RMM.US,D,20200515,000000,15.38,15.461,15.15,15.343,20510,0
RMM.US,D,20200518,000000,15.405,15.461,14.779,14.962,81162,0
RMM.US,D,20200519,000000,15.122,15.278,15.02,15.038,32288,0
RMM.US,D,20200520,000000,15.102,15.323,15.03,15.112,38938,0
RMM.US,D,20200521,000000,15.15,15.342,14.837,15.047,132615,0
RMM.US,D,20200522,000000,15.065,15.159,15.02,15.141,51824,0
RMM.US,D,20200526,000000,15.249,15.324,15.154,15.258,47886,0
RMM.US,D,20200527,000000,15.324,15.461,15.15,15.239,142832,0
RMM.US,D,20200528,000000,15.249,15.461,15.178,15.452,70306,0
RMM.US,D,20200529,000000,15.461,15.656,15.424,15.656,64657,0
RMM.US,D,20200601,000000,15.711,16.043,15.711,15.967,47838,0
RMM.US,D,20200602,000000,15.967,16.114,15.803,16.062,53562,0
RMM.US,D,20200603,000000,16.16,16.18,15.818,16.053,49130,0
RMM.US,D,20200604,000000,15.967,16.141,15.887,15.987,40893,0
RMM.US,D,20200605,000000,16.016,16.373,15.957,16.062,109118,0
RMM.US,D,20200608,000000,16.19,16.492,16.026,16.492,50451,0
RMM.US,D,20200609,000000,16.492,16.623,16.318,16.345,59480,0
RMM.US,D,20200610,000000,16.336,16.492,16.011,16.492,50160,0
RMM.US,D,20200611,000000,16.114,16.238,15.887,16.137,44171,0
RMM.US,D,20200612,000000,16.336,16.354,16.097,16.326,31726,0
RMM.US,D,20200615,000000,16.171,16.291,15.977,16.072,48265,0
RMM.US,D,20200616,000000,16.161,16.274,16.072,16.274,47745,0
RMM.US,D,20200617,000000,16.224,16.243,16.026,16.048,22473,0
RMM.US,D,20200618,000000,16.062,16.21,16.016,16.037,29074,0
RMM.US,D,20200619,000000,16.161,16.161,15.967,16.062,33596,0
RMM.US,D,20200622,000000,15.967,16.161,15.967,16.016,31036,0
RMM.US,D,20200623,000000,16.161,16.161,15.895,15.93,37967,0
RMM.US,D,20200624,000000,16.006,16.006,15.83,15.867,18504,0
RMM.US,D,20200625,000000,15.982,16.006,15.718,15.737,91026,0
RMM.US,D,20200626,000000,15.877,15.877,15.737,15.754,29268,0
RMM.US,D,20200629,000000,15.754,15.82,15.663,15.737,28701,0
RMM.US,D,20200630,000000,15.887,15.887,15.732,15.867,42919,0
RMM.US,D,20200701,000000,15.948,15.948,15.84,15.912,28713,0
RMM.US,D,20200702,000000,15.895,15.967,15.877,15.938,22392,0
RMM.US,D,20200706,000000,16.124,16.124,15.877,15.962,28852,0
RMM.US,D,20200707,000000,16.053,16.142,15.812,15.912,65912,0
RMM.US,D,20200708,000000,15.922,15.996,15.85,15.938,45418,0
RMM.US,D,20200709,000000,15.938,16.053,15.877,16.033,28107,0
RMM.US,D,20200710,000000,15.996,16.367,15.996,16.124,43024,0
RMM.US,D,20200713,000000,16.181,16.441,16.106,16.201,72882,0
RMM.US,D,20200714,000000,16.181,16.385,16.151,16.385,59262,0
RMM.US,D,20200715,000000,16.424,16.507,16.291,16.32,56094,0
RMM.US,D,20200716,000000,16.447,16.447,16.097,16.116,87633,0
RMM.US,D,20200717,000000,16.162,16.202,16.026,16.088,85013,0
RMM.US,D,20200720,000000,16.143,16.239,16.107,16.152,44338,0
RMM.US,D,20200721,000000,16.202,16.266,16.162,16.23,99431,0
RMM.US,D,20200722,000000,16.257,16.266,16.143,16.162,88038,0
RMM.US,D,20200723,000000,16.23,16.266,16.152,16.192,68354,0
RMM.US,D,20200724,000000,16.23,16.248,16.125,16.202,53818,0
RMM.US,D,20200727,000000,16.202,16.33,16.202,16.248,86844,0
RMM.US,D,20200728,000000,16.211,16.275,16.172,16.202,77482,0
RMM.US,D,20200729,000000,16.202,16.239,16.192,16.23,75148,0
RMM.US,D,20200730,000000,16.202,16.239,16.162,16.211,80538,0
RMM.US,D,20200731,000000,16.23,16.239,16.152,16.192,60795,0
RMM.US,D,20200803,000000,16.152,16.239,16.107,16.152,92233,0
RMM.US,D,20200804,000000,16.125,16.283,16.125,16.275,90817,0
RMM.US,D,20200805,000000,16.292,16.409,16.283,16.406,61811,0
RMM.US,D,20200806,000000,16.339,16.47,16.322,16.396,144378,0
RMM.US,D,20200807,000000,16.377,16.461,16.283,16.349,145091,0
RMM.US,D,20200810,000000,16.416,16.498,16.363,16.416,83466,0
RMM.US,D,20200811,000000,16.416,16.507,16.386,16.426,105736,0
RMM.US,D,20200812,000000,16.426,16.507,16.386,16.469,73348,0
RMM.US,D,20200813,000000,16.49,16.565,16.463,16.49,87843,0
RMM.US,D,20200814,000000,16.49,16.583,16.478,16.48,62666,0
RMM.US,D,20200817,000000,16.49,16.547,16.48,16.518,67053,0
RMM.US,D,20200818,000000,16.5,16.632,16.48,16.509,61850,0
RMM.US,D,20200819,000000,16.5,16.547,16.378,16.447,119942,0
RMM.US,D,20200820,000000,16.397,16.447,16.293,16.359,71786,0
RMM.US,D,20200821,000000,16.303,16.396,16.152,16.211,110235,0
RMM.US,D,20200824,000000,16.22,16.34,16.22,16.248,38706,0
RMM.US,D,20200825,000000,16.239,16.293,16.088,16.172,61250,0
RMM.US,D,20200826,000000,16.125,16.125,15.947,15.995,83459,0
RMM.US,D,20200827,000000,15.986,15.99,15.827,15.837,90607,0
RMM.US,D,20200828,000000,15.857,15.994,15.809,15.884,79931,0
RMM.US,D,20200831,000000,15.986,16.061,15.956,15.995,81165,0
RMM.US,D,20200901,000000,15.966,16.08,15.947,16.071,60548,0
RMM.US,D,20200902,000000,16.005,16.162,16.005,16.116,46426,0
RMM.US,D,20200903,000000,16.097,16.171,15.77,15.892,108624,0
RMM.US,D,20200904,000000,15.9,15.933,15.705,15.77,84694,0
RMM.US,D,20200908,000000,15.76,15.818,15.67,15.77,53616,0
RMM.US,D,20200909,000000,15.789,15.884,15.751,15.847,49777,0
RMM.US,D,20200910,000000,15.847,15.947,15.809,15.892,76083,0
RMM.US,D,20200911,000000,15.91,15.995,15.857,15.947,52754,0
RMM.US,D,20200914,000000,15.947,16.015,15.869,15.956,93728,0
RMM.US,D,20200915,000000,16.044,16.082,15.939,16.017,71376,0
RMM.US,D,20200916,000000,15.988,16.055,15.901,15.939,142291,0
RMM.US,D,20200917,000000,15.939,15.978,15.819,15.865,105183,0
RMM.US,D,20200918,000000,15.885,15.911,15.8,15.819,109911,0
RMM.US,D,20200921,000000,15.819,15.931,15.79,15.865,157839,0
RMM.US,D,20200922,000000,15.875,15.949,15.771,15.848,100271,0
RMM.US,D,20200923,000000,15.828,15.885,15.554,15.695,108677,0
RMM.US,D,20200924,000000,15.742,15.752,15.597,15.611,47741,0
RMM.US,D,20200925,000000,15.611,15.771,15.593,15.667,111986,0
RMM.US,D,20200928,000000,15.705,15.855,15.705,15.733,40838,0
RMM.US,D,20200929,000000,15.667,15.723,15.649,15.686,80007,0
RMM.US,D,20200930,000000,15.79,15.797,15.659,15.705,59924,0
RMM.US,D,20201001,000000,15.705,15.838,15.705,15.828,105089,0
RMM.US,D,20201002,000000,15.8,15.88,15.752,15.8,60610,0
RMM.US,D,20201005,000000,15.81,15.848,15.8,15.8,177861,0
RMM.US,D,20201006,000000,15.81,15.917,15.775,15.78,82174,0
RMM.US,D,20201007,000000,15.79,15.893,15.79,15.8,42590,0
RMM.US,D,20201008,000000,15.819,15.857,15.8,15.8,185437,0
RMM.US,D,20201009,000000,15.79,15.921,15.79,15.901,41779,0
RMM.US,D,20201012,000000,15.911,15.921,15.752,15.857,66604,0
RMM.US,D,20201013,000000,15.893,15.92,15.838,15.911,50211,0
RMM.US,D,20201014,000000,15.885,15.988,15.885,15.949,69967,0
RMM.US,D,20201015,000000,15.78,16.017,15.78,15.79,29097,0
RMM.US,D,20201016,000000,15.78,15.831,15.714,15.823,56019,0
RMM.US,D,20201019,000000,15.828,15.875,15.705,15.79,65025,0
RMM.US,D,20201020,000000,15.819,15.823,15.705,15.8,56930,0
RMM.US,D,20201021,000000,15.828,15.828,15.659,15.79,83901,0
RMM.US,D,20201022,000000,15.78,15.78,15.705,15.771,32833,0
RMM.US,D,20201023,000000,15.752,15.8,15.695,15.79,48147,0
RMM.US,D,20201026,000000,15.78,15.78,15.695,15.695,50174,0
RMM.US,D,20201027,000000,15.686,15.742,15.663,15.667,55459,0
RMM.US,D,20201028,000000,15.659,15.659,15.526,15.544,62259,0
RMM.US,D,20201029,000000,15.535,15.677,15.535,15.611,103608,0
RMM.US,D,20201030,000000,15.564,15.705,15.564,15.564,96147,0
RMM.US,D,20201102,000000,15.705,15.79,15.611,15.723,34792,0
RMM.US,D,20201103,000000,15.828,15.828,15.705,15.723,106554,0
RMM.US,D,20201104,000000,15.752,15.939,15.752,15.939,31686,0
RMM.US,D,20201105,000000,15.911,16.082,15.911,16.073,60573,0
RMM.US,D,20201106,000000,16.017,16.063,15.875,16.007,59468,0
RMM.US,D,20201109,000000,16.1,16.165,16.026,16.054,60542,0
RMM.US,D,20201110,000000,16.073,16.195,16.073,16.127,75761,0
RMM.US,D,20201111,000000,16.175,16.297,16.082,16.297,46659,0
RMM.US,D,20201112,000000,16.29,16.384,16.29,16.384,52248,0
RMM.US,D,20201113,000000,16.384,16.545,16.319,16.424,61518,0
RMM.US,D,20201116,000000,16.488,16.516,16.394,16.488,47696,0
RMM.US,D,20201117,000000,16.404,16.545,16.404,16.452,48837,0
RMM.US,D,20201118,000000,16.414,16.592,16.394,16.516,128273,0
RMM.US,D,20201119,000000,16.592,16.602,16.394,16.469,53054,0
RMM.US,D,20201120,000000,16.424,16.525,16.424,16.444,48496,0
RMM.US,D,20201123,000000,16.452,16.516,16.404,16.404,121385,0
RMM.US,D,20201124,000000,16.404,16.478,16.379,16.444,99880,0
RMM.US,D,20201125,000000,16.355,16.53,16.355,16.498,98530,0
RMM.US,D,20201127,000000,16.461,16.545,16.461,16.535,32583,0
RMM.US,D,20201130,000000,16.545,16.686,16.545,16.592,116115,0
RMM.US,D,20201201,000000,16.622,16.705,16.622,16.677,115443,0
RMM.US,D,20201202,000000,16.686,16.78,16.652,16.723,135832,0
RMM.US,D,20201203,000000,16.753,16.876,16.733,16.801,115352,0
RMM.US,D,20201204,000000,16.876,17.038,16.87,16.932,114449,0
RMM.US,D,20201207,000000,16.941,17.047,16.941,16.971,112536,0
RMM.US,D,20201208,000000,16.941,17.159,16.941,17.029,171368,0
RMM.US,D,20201209,000000,17.029,17.169,16.951,17.01,200131,0
RMM.US,D,20201210,000000,16.971,17.102,16.904,16.941,110595,0
RMM.US,D,20201211,000000,16.971,17.098,16.971,17.001,119248,0
RMM.US,D,20201214,000000,17.001,17.074,16.961,16.991,101805,0
RMM.US,D,20201215,000000,16.961,17.057,16.941,16.971,153806,0
RMM.US,D,20201216,000000,16.924,16.975,16.724,16.802,163504,0
RMM.US,D,20201217,000000,16.734,16.869,16.506,16.506,178088,0
RMM.US,D,20201218,000000,16.525,16.669,16.525,16.555,177899,0
RMM.US,D,20201221,000000,16.487,16.647,16.478,16.555,234349,0
RMM.US,D,20201222,000000,16.582,16.696,16.582,16.677,185399,0
RMM.US,D,20201223,000000,16.686,16.715,16.582,16.642,161134,0
RMM.US,D,20201224,000000,16.612,16.696,16.612,16.677,57742,0
RMM.US,D,20201228,000000,16.686,16.734,16.652,16.677,264574,0
RMM.US,D,20201229,000000,16.724,16.811,16.677,16.774,258307,0
RMM.US,D,20201230,000000,16.802,16.877,16.754,16.877,131120,0
RMM.US,D,20201231,000000,16.914,17.021,16.877,16.914,182788,0
RMM.US,D,20210104,000000,16.973,17.014,16.921,16.963,34742,0
RMM.US,D,20210105,000000,16.963,17.021,16.924,16.934,42599,0
RMM.US,D,20210106,000000,16.983,17.031,16.934,16.973,99300,0
RMM.US,D,20210107,000000,17.039,17.276,16.973,17.268,196361,0
RMM.US,D,20210108,000000,17.249,17.323,17.249,17.296,61150,0
RMM.US,D,20210111,000000,17.249,17.37,17.249,17.323,71705,0
RMM.US,D,20210112,000000,17.296,17.42,17.296,17.371,54476,0
RMM.US,D,20210113,000000,17.4,17.513,17.381,17.513,47386,0
RMM.US,D,20210114,000000,17.496,17.524,17.392,17.524,63539,0
RMM.US,D,20210115,000000,17.524,17.574,17.488,17.554,60686,0
RMM.US,D,20210119,000000,17.524,17.593,17.488,17.544,49455,0
RMM.US,D,20210120,000000,17.534,17.717,17.534,17.67,78360,0
RMM.US,D,20210121,000000,17.679,17.764,17.655,17.697,46265,0
RMM.US,D,20210122,000000,17.622,17.813,17.622,17.679,33358,0
RMM.US,D,20210125,000000,17.67,17.67,17.515,17.544,90257,0
RMM.US,D,20210126,000000,17.515,17.593,17.515,17.554,44437,0
RMM.US,D,20210127,000000,17.584,17.64,17.524,17.593,53246,0
RMM.US,D,20210128,000000,17.593,17.768,17.593,17.679,82734,0
RMM.US,D,20210129,000000,17.725,17.823,17.622,17.744,73749,0
RMM.US,D,20210201,000000,17.764,17.832,17.744,17.774,60835,0
RMM.US,D,20210202,000000,17.861,17.861,17.642,17.861,42355,0
RMM.US,D,20210203,000000,17.861,18.098,17.861,18.071,63015,0
RMM.US,D,20210204,000000,18.053,18.138,17.813,18.043,63940,0
RMM.US,D,20210205,000000,18.08,18.328,18.014,18.289,53524,0
RMM.US,D,20210208,000000,18.298,18.338,18.023,18.184,102771,0
RMM.US,D,20210209,000000,18.194,18.236,18.023,18.156,96293,0
RMM.US,D,20210210,000000,18.283,18.331,18.12,18.167,62848,0
RMM.US,D,20210211,000000,18.186,18.266,18.081,18.14,44215,0
RMM.US,D,20210212,000000,18.291,18.291,18.13,18.148,29164,0
RMM.US,D,20210216,000000,18.14,18.216,17.923,18.1,96244,0
RMM.US,D,20210217,000000,18.044,18.235,18.044,18.063,36816,0
RMM.US,D,20210218,000000,18.044,18.044,17.779,17.937,68475,0
RMM.US,D,20210219,000000,17.937,17.951,17.66,17.66,95905,0
RMM.US,D,20210222,000000,17.67,17.725,17.305,17.342,145479,0
RMM.US,D,20210223,000000,17.342,17.477,17.001,17.093,214369,0
RMM.US,D,20210224,000000,17.045,17.275,16.929,17.238,85063,0
RMM.US,D,20210225,000000,17.14,17.218,16.91,17.036,137668,0
RMM.US,D,20210226,000000,17.14,17.236,17.036,17.179,83064,0
RMM.US,D,20210301,000000,17.275,17.439,17.274,17.43,47405,0
RMM.US,D,20210302,000000,17.468,17.563,17.38,17.514,56737,0
RMM.US,D,20210303,000000,17.505,17.553,17.209,17.322,106665,0
RMM.US,D,20210304,000000,17.362,17.458,17.169,17.179,139431,0
RMM.US,D,20210305,000000,17.238,17.512,17.199,17.459,34751,0
RMM.US,D,20210308,000000,17.342,17.515,17.342,17.41,122971,0
RMM.US,D,20210309,000000,17.468,17.611,17.468,17.611,56688,0
RMM.US,D,20210310,000000,17.592,17.813,17.583,17.813,72209,0
RMM.US,D,20210311,000000,17.899,18.024,17.794,17.955,70021,0
RMM.US,D,20210312,000000,17.852,18.024,17.784,17.946,78511,0
RMM.US,D,20210315,000000,18.044,18.063,17.965,17.985,29213,0
RMM.US,D,20210316,000000,18.007,18.132,18.007,18.083,34591,0
RMM.US,D,20210317,000000,18.103,18.103,17.977,18.017,18708,0
RMM.US,D,20210318,000000,18.007,18.093,17.891,18.088,63126,0
RMM.US,D,20210319,000000,18.024,18.117,17.891,17.997,87924,0
RMM.US,D,20210322,000000,18.007,18.18,17.987,18.074,33550,0
RMM.US,D,20210323,000000,18.074,18.074,17.845,17.939,58503,0
RMM.US,D,20210324,000000,17.956,18.056,17.862,17.862,50552,0
RMM.US,D,20210325,000000,17.924,17.973,17.775,17.814,75573,0
RMM.US,D,20210326,000000,17.843,18.065,17.775,17.795,107975,0
RMM.US,D,20210329,000000,17.843,17.939,17.843,17.911,38983,0
RMM.US,D,20210330,000000,17.891,18.123,17.891,17.987,40208,0
RMM.US,D,20210331,000000,18.133,18.16,17.881,17.939,77828,0
RMM.US,D,20210401,000000,17.987,18.17,17.987,18.113,36997,0
RMM.US,D,20210405,000000,18.151,18.278,18.113,18.209,62902,0
RMM.US,D,20210406,000000,18.268,18.325,18.18,18.305,23317,0
RMM.US,D,20210407,000000,18.315,18.325,18.248,18.305,56176,0
RMM.US,D,20210408,000000,18.325,18.402,18.306,18.372,51198,0
RMM.US,D,20210409,000000,18.372,18.431,18.372,18.411,13466,0
RMM.US,D,20210412,000000,18.45,18.691,18.325,18.643,54250,0
RMM.US,D,20210413,000000,18.576,18.701,18.576,18.576,71585,0
RMM.US,D,20210414,000000,18.594,18.701,18.567,18.585,68167,0
RMM.US,D,20210415,000000,18.569,18.713,18.539,18.559,49642,0
RMM.US,D,20210416,000000,18.596,18.686,18.549,18.655,26956,0
RMM.US,D,20210419,000000,18.655,18.694,18.549,18.616,75569,0
RMM.US,D,20210420,000000,18.549,18.733,18.539,18.606,48658,0
RMM.US,D,20210421,000000,18.72,18.743,18.51,18.578,48481,0
RMM.US,D,20210422,000000,18.694,18.714,18.578,18.674,59974,0
RMM.US,D,20210423,000000,18.995,19.305,18.946,19.199,492302,0
RMM.US,D,20210426,000000,19.285,19.382,19.209,19.266,139167,0
RMM.US,D,20210427,000000,19.333,19.361,19.217,19.236,105505,0
RMM.US,D,20210428,000000,19.275,19.305,19.236,19.246,59637,0
RMM.US,D,20210429,000000,19.305,19.333,19.285,19.333,141144,0
RMM.US,D,20210430,000000,19.333,19.449,19.275,19.402,77228,0
RMM.US,D,20210503,000000,19.449,19.712,19.402,19.469,121489,0
RMM.US,D,20210504,000000,19.459,19.469,19.362,19.362,115454,0
RMM.US,D,20210505,000000,19.372,19.459,19.372,19.372,70802,0
RMM.US,D,20210506,000000,19.392,19.479,19.382,19.43,67237,0
RMM.US,D,20210507,000000,19.479,19.702,19.479,19.566,33667,0
RMM.US,D,20210510,000000,19.575,19.672,19.489,19.643,74150,0
RMM.US,D,20210511,000000,19.634,19.818,19.595,19.721,35115,0
RMM.US,D,20210512,000000,19.741,19.75,19.518,19.527,102563,0
RMM.US,D,20210513,000000,19.724,19.724,19.471,19.471,70075,0
RMM.US,D,20210514,000000,19.539,19.607,19.471,19.491,51138,0
RMM.US,D,20210517,000000,19.51,19.52,19.441,19.441,45103,0
RMM.US,D,20210518,000000,19.5,19.587,19.432,19.51,56988,0
RMM.US,D,20210519,000000,19.539,19.539,19.169,19.373,105527,0
RMM.US,D,20210520,000000,19.423,19.509,19.373,19.423,35231,0
RMM.US,D,20210521,000000,19.471,19.5,19.423,19.461,38908,0
RMM.US,D,20210524,000000,19.471,19.715,19.471,19.587,43796,0
RMM.US,D,20210525,000000,19.529,19.656,19.52,19.646,26249,0
RMM.US,D,20210526,000000,19.666,19.666,19.568,19.607,37824,0
RMM.US,D,20210527,000000,19.568,19.651,19.52,19.549,100665,0
RMM.US,D,20210528,000000,19.568,19.693,19.52,19.587,41920,0
RMM.US,D,20210601,000000,19.52,19.705,19.52,19.637,49276,0
RMM.US,D,20210602,000000,19.705,19.715,19.627,19.685,30963,0
RMM.US,D,20210603,000000,19.715,19.715,19.568,19.607,54763,0
RMM.US,D,20210604,000000,19.617,19.791,19.617,19.743,40145,0
RMM.US,D,20210607,000000,19.89,19.89,19.715,19.763,85525,0
RMM.US,D,20210608,000000,19.811,19.9,19.787,19.791,35477,0
RMM.US,D,20210609,000000,19.801,19.831,19.743,19.753,33711,0
RMM.US,D,20210610,000000,19.841,19.9,19.753,19.851,23136,0
RMM.US,D,20210611,000000,19.9,19.9,19.821,19.86,28832,0
RMM.US,D,20210614,000000,19.811,19.9,19.811,19.851,27023,0
RMM.US,D,20210615,000000,20.058,20.058,19.833,19.882,41018,0
RMM.US,D,20210616,000000,19.853,19.901,19.803,19.843,51985,0
RMM.US,D,20210617,000000,19.921,19.948,19.803,19.803,61223,0
RMM.US,D,20210618,000000,19.803,19.97,19.803,19.813,57024,0
RMM.US,D,20210621,000000,19.813,19.96,19.813,19.833,35660,0
RMM.US,D,20210622,000000,19.853,19.941,19.803,19.843,98308,0
RMM.US,D,20210623,000000,19.803,19.909,19.706,19.853,46602,0
RMM.US,D,20210624,000000,19.775,19.882,19.735,19.784,58249,0
RMM.US,D,20210625,000000,19.882,19.892,19.818,19.882,87512,0
RMM.US,D,20210628,000000,19.901,19.948,19.833,19.911,37353,0
RMM.US,D,20210629,000000,19.911,19.97,19.755,19.803,84404,0
RMM.US,D,20210630,000000,19.911,19.911,19.716,19.833,64779,0
RMM.US,D,20210701,000000,19.853,19.941,19.803,19.833,39099,0
RMM.US,D,20210702,000000,19.833,20.097,19.833,20.067,49967,0
RMM.US,D,20210706,000000,20.067,20.087,19.999,20.048,81811,0
RMM.US,D,20210707,000000,20.058,20.342,20.058,20.342,67317,0
RMM.US,D,20210708,000000,20.282,20.537,20.048,20.537,78586,0
RMM.US,D,20210709,000000,20.429,20.537,20.395,20.527,48669,0
RMM.US,D,20210712,000000,20.537,20.732,20.488,20.635,62741,0
RMM.US,D,20210713,000000,20.567,20.742,20.527,20.722,37976,0
RMM.US,D,20210714,000000,20.742,20.742,20.547,20.732,51809,0
RMM.US,D,20210715,000000,20.804,20.804,20.411,20.411,34713,0
RMM.US,D,20210716,000000,20.411,20.424,20.234,20.234,14979,0
RMM.US,D,20210719,000000,20.096,20.401,19.89,20.302,74359,0
RMM.US,D,20210720,000000,20.028,20.617,20.028,20.597,25927,0
RMM.US,D,20210721,000000,20.637,20.637,20.273,20.43,47827,0
RMM.US,D,20210722,000000,20.421,20.566,20.289,20.508,26776,0
RMM.US,D,20210723,000000,20.637,20.97,20.44,20.97,145586,0
RMM.US,D,20210726,000000,20.833,20.969,20.675,20.902,67996,0
RMM.US,D,20210727,000000,20.97,20.97,20.774,20.833,29169,0
RMM.US,D,20210728,000000,20.99,21,20.783,20.843,59568,0
RMM.US,D,20210729,000000,20.828,20.912,20.799,20.912,17440,0
RMM.US,D,20210730,000000,20.921,21.03,20.845,21.01,62667,0
RMM.US,D,20210802,000000,21.059,21.098,20.912,20.912,61925,0
RMM.US,D,20210803,000000,21.078,21.108,20.862,20.892,44297,0
RMM.US,D,20210804,000000,21.02,21.088,20.833,20.853,77229,0
RMM.US,D,20210805,000000,20.862,21.035,20.744,20.853,55547,0
RMM.US,D,20210806,000000,20.892,21.02,20.775,20.97,22526,0
RMM.US,D,20210809,000000,21.078,21.088,20.902,20.97,41743,0
RMM.US,D,20210810,000000,21.03,21.107,20.912,20.95,20153,0
RMM.US,D,20210811,000000,20.94,21.098,20.921,20.95,20310,0
RMM.US,D,20210812,000000,20.979,21.078,20.97,21.078,10861,0
RMM.US,D,20210813,000000,20.96,21.579,20.754,21.166,74545,0
RMM.US,D,20210816,000000,21.1,21.327,20.913,20.922,43502,0
RMM.US,D,20210817,000000,21.139,21.248,20.922,20.961,34577,0
RMM.US,D,20210818,000000,21.011,21.079,20.814,20.961,37907,0
RMM.US,D,20210819,000000,21.041,21.051,20.834,20.854,54602,0
RMM.US,D,20210820,000000,20.903,21.039,20.844,20.863,18142,0
RMM.US,D,20210823,000000,20.873,20.961,20.863,20.903,23197,0
RMM.US,D,20210824,000000,21.011,21.061,20.854,20.913,44497,0
RMM.US,D,20210825,000000,20.913,21.003,20.814,20.903,32811,0
RMM.US,D,20210826,000000,20.863,21.011,20.854,20.931,28379,0
RMM.US,D,20210827,000000,20.941,21.061,20.941,21.061,33185,0
RMM.US,D,20210830,000000,21.061,21.11,21.011,21.061,27215,0
RMM.US,D,20210831,000000,21.139,21.158,20.922,21.1,48709,0
RMM.US,D,20210901,000000,21.129,21.248,21.087,21.198,41352,0
RMM.US,D,20210902,000000,21.238,21.366,21.144,21.278,93607,0
RMM.US,D,20210903,000000,21.248,21.325,21.188,21.188,15505,0
RMM.US,D,20210907,000000,21.238,21.346,20.951,20.971,35752,0
RMM.US,D,20210908,000000,20.961,21.287,20.913,20.954,32433,0
RMM.US,D,20210909,000000,21.011,21.049,20.834,20.981,26281,0
RMM.US,D,20210910,000000,20.951,21.188,20.666,20.666,49829,0
RMM.US,D,20210913,000000,20.704,20.922,20.567,20.922,46300,0
RMM.US,D,20210914,000000,21.09,21.198,20.971,21.041,125523,0
RMM.US,D,20210915,000000,20.943,21.122,20.637,20.755,62627,0
RMM.US,D,20210916,000000,20.725,21.281,20.676,20.953,43308,0
RMM.US,D,20210917,000000,20.943,21.112,20.785,20.953,19285,0
RMM.US,D,20210920,000000,20.785,20.953,20.557,20.587,59328,0
RMM.US,D,20210921,000000,20.557,20.848,20.557,20.607,39157,0
RMM.US,D,20210922,000000,20.537,20.665,20.409,20.637,58894,0
RMM.US,D,20210923,000000,20.498,20.656,20.423,20.488,44831,0
RMM.US,D,20210924,000000,20.488,20.507,20.081,20.101,101305,0
RMM.US,D,20210927,000000,20.052,20.25,19.855,19.903,70372,0
RMM.US,D,20210928,000000,19.963,19.963,19.467,19.517,106191,0
RMM.US,D,20210929,000000,19.567,19.745,19.547,19.616,50110,0
RMM.US,D,20210930,000000,19.735,19.735,19.645,19.665,27377,0
RMM.US,D,20211001,000000,19.675,19.718,19.327,19.467,66633,0
RMM.US,D,20211004,000000,19.467,19.614,19.061,19.061,103444,0
RMM.US,D,20211005,000000,19.071,19.428,19.071,19.358,50274,0
RMM.US,D,20211006,000000,19.348,19.358,19.228,19.358,45389,0
RMM.US,D,20211007,000000,19.339,19.575,19.322,19.547,46152,0
RMM.US,D,20211008,000000,19.497,19.616,19.447,19.477,22946,0
RMM.US,D,20211011,000000,19.567,19.665,19.477,19.517,42031,0
RMM.US,D,20211012,000000,19.517,19.552,19.477,19.527,32717,0
RMM.US,D,20211013,000000,19.567,19.616,19.427,19.537,62886,0
RMM.US,D,20211014,000000,19.658,19.698,19.539,19.608,20711,0
RMM.US,D,20211015,000000,19.608,19.658,19.519,19.549,42989,0
RMM.US,D,20211018,000000,19.459,19.609,19.459,19.559,35364,0
RMM.US,D,20211019,000000,19.588,19.668,19.489,19.489,33732,0
RMM.US,D,20211020,000000,19.489,19.678,19.489,19.658,62914,0
RMM.US,D,20211021,000000,19.668,19.698,19.469,19.489,21689,0
RMM.US,D,20211022,000000,19.529,19.608,19.469,19.519,34529,0
RMM.US,D,20211025,000000,19.588,19.608,19.536,19.578,20052,0
RMM.US,D,20211026,000000,19.578,19.578,19.449,19.449,36399,0
RMM.US,D,20211027,000000,19.489,19.569,19.24,19.369,52180,0
RMM.US,D,20211028,000000,19.359,19.379,19.23,19.28,53945,0
RMM.US,D,20211029,000000,19.33,19.424,19.24,19.32,40136,0
RMM.US,D,20211101,000000,19.3,19.359,19.209,19.32,66131,0
RMM.US,D,20211102,000000,19.31,19.658,19.31,19.578,51871,0
RMM.US,D,20211103,000000,19.658,19.658,19.499,19.529,35287,0
RMM.US,D,20211104,000000,19.688,19.738,19.474,19.608,46162,0
RMM.US,D,20211105,000000,19.588,19.787,19.588,19.648,44904,0
RMM.US,D,20211108,000000,19.708,19.827,19.588,19.748,74822,0
RMM.US,D,20211109,000000,19.807,19.827,19.648,19.678,54862,0
RMM.US,D,20211110,000000,19.66,19.82,19.4692,19.58,61337,0
RMM.US,D,20211111,000000,19.65,19.8,19.56,19.65,91594,0
RMM.US,D,20211112,000000,19.68,19.73,19.6506,19.7,31897,0
RMM.US,D,20211115,000000,19.74,19.74,19.67,19.67,45521,0
RMM.US,D,20211116,000000,19.7,19.84,19.67,19.73,33333,0
RMM.US,D,20211117,000000,19.73,19.7993,19.7,19.74,24592,0
RMM.US,D,20211118,000000,19.78,19.84,19.66,19.78,38846,0
RMM.US,D,20211119,000000,19.76,19.76,19.712,19.75,22752,0
RMM.US,D,20211122,000000,19.76,19.77,19.7,19.71,14750,0
RMM.US,D,20211123,000000,19.82,19.82,19.75,19.76,23149,0
RMM.US,D,20211124,000000,19.71,19.835,19.71,19.8,13524,0
RMM.US,D,20211126,000000,19.8,19.83,19.77,19.7767,14246,0
RMM.US,D,20211129,000000,19.77,19.79,19.71,19.71,28118,0
RMM.US,D,20211130,000000,19.83,19.92,19.78,19.9,34105,0
RMM.US,D,20211201,000000,19.93,19.93,19.71,19.8,28145,0
RMM.US,D,20211202,000000,19.8519,19.9489,19.71,19.76,35596,0
RMM.US,D,20211203,000000,19.76,19.8494,19.65,19.75,42378,0
RMM.US,D,20211206,000000,19.715,19.79,19.64,19.7,34031,0
RMM.US,D,20211207,000000,19.7,19.8,19.6616,19.77,44864,0
RMM.US,D,20211208,000000,19.75,19.83,19.67,19.71,23032,0
RMM.US,D,20211209,000000,19.67,19.95,19.65,19.92,51094,0
RMM.US,D,20211210,000000,19.9,19.9799,19.9,19.96,21789,0
RMM.US,D,20211213,000000,19.96,20.2,19.96,19.99,48612,0
RMM.US,D,20211214,000000,19.98,20.03,19.7,19.74,34129,0
RMM.US,D,20211215,000000,19.64,19.81,19.6,19.64,42665,0
RMM.US,D,20211216,000000,19.61,19.789,19.61,19.64,11068,0
RMM.US,D,20211217,000000,19.602,19.7635,19.6,19.65,39721,0
RMM.US,D,20211220,000000,19.61,19.72,19.6,19.63,32401,0
RMM.US,D,20211221,000000,19.61,19.68,19.6,19.665,34539,0
RMM.US,D,20211222,000000,19.61,19.93,19.61,19.85,17194,0
RMM.US,D,20211223,000000,19.835,20,19.7241,19.75,35130,0
RMM.US,D,20211227,000000,19.75,20,19.74,19.91,25296,0
RMM.US,D,20211228,000000,19.86,20.1,19.83,19.95,50970,0
RMM.US,D,20211229,000000,19.99,20.032,19.95,19.98,34914,0
RMM.US,D,20211230,000000,20,20.06,19.95,20,55556,0
RMM.US,D,20211231,000000,20.16,20.25,20.095,20.15,35225,0
RMM.US,D,20220103,000000,20.15,20.193,20.12,20.17,51901,0
RMM.US,D,20220104,000000,20.11,20.15,19.9807,20.05,37820,0
RMM.US,D,20220105,000000,20.05,20.2,19.97,20.08,33803,0
RMM.US,D,20220106,000000,20.08,20.105,19.85,20.07,43466,0
RMM.US,D,20220107,000000,20.07,20.07,19.97,20,16237,0
RMM.US,D,20220110,000000,20,20.1,19.8,19.81,41192,0
RMM.US,D,20220111,000000,19.81,19.858,19.81,19.85,85408,0
RMM.US,D,20220112,000000,19.84,19.995,19.8201,19.99,48969,0
RMM.US,D,20220113,000000,19.84,19.85,19.78,19.81,28681,0
RMM.US,D,20220114,000000,19.8,19.8292,19.6479,19.66,50867,0
RMM.US,D,20220118,000000,19.35,19.37,18.67,18.74,127189,0
RMM.US,D,20220119,000000,18.75,18.83,18.3,18.53,267048,0
RMM.US,D,20220120,000000,18.54,18.76,18.3401,18.4,130734,0
RMM.US,D,20220121,000000,18.25,18.51,17.92,17.98,148918,0
