<TICKER>,<PER>,<DATE>,<TIME>,<OPEN>,<HIGH>,<LOW>,<CLOSE>,<VOL>,<OPENINT>
RSF.US,D,20190613,000000,15.486,15.486,15.096,15.218,26222,0
RSF.US,D,20190614,000000,15.239,15.264,15.139,15.155,12866,0
RSF.US,D,20190617,000000,15.356,15.49,15.157,15.157,16446,0
RSF.US,D,20190618,000000,15.178,15.287,15.155,15.202,32026,0
RSF.US,D,20190619,000000,15.239,15.265,15.172,15.18,3550,0
RSF.US,D,20190620,000000,15.23,15.239,15.172,15.22,24082,0
RSF.US,D,20190621,000000,15.211,15.279,15.163,15.22,49601,0
RSF.US,D,20190624,000000,15.279,15.356,15.256,15.304,28242,0
RSF.US,D,20190625,000000,15.272,16.368,15.247,15.748,62046,0
RSF.US,D,20190626,000000,15.705,15.865,15.686,15.85,21622,0
RSF.US,D,20190627,000000,15.86,15.941,15.858,15.941,12261,0
RSF.US,D,20190628,000000,15.865,16.019,15.865,15.865,29909,0
RSF.US,D,20190701,000000,15.865,15.894,14.951,15.32,146193,0
RSF.US,D,20190702,000000,15.279,15.426,15.202,15.202,33069,0
RSF.US,D,20190703,000000,15.404,15.425,15.356,15.388,1399,0
RSF.US,D,20190705,000000,15.293,15.427,15.239,15.239,26743,0
RSF.US,D,20190708,000000,15.247,15.363,15.239,15.338,41510,0
RSF.US,D,20190709,000000,15.356,15.356,15.18,15.239,26693,0
RSF.US,D,20190710,000000,15.321,15.321,15.127,15.305,17607,0
RSF.US,D,20190711,000000,15.193,15.247,15.171,15.247,13679,0
RSF.US,D,20190712,000000,15.375,15.375,15.171,15.171,22851,0
RSF.US,D,20190715,000000,15.287,15.287,15.21,15.239,18683,0
RSF.US,D,20190716,000000,15.256,15.256,15.171,15.171,13355,0
RSF.US,D,20190717,000000,15.264,15.313,15.171,15.264,12322,0
RSF.US,D,20190718,000000,15.247,15.256,15.036,15.036,31748,0
RSF.US,D,20190719,000000,15.05,15.084,14.982,14.985,19049,0
RSF.US,D,20190722,000000,15.012,15.047,14.772,15.003,10911,0
RSF.US,D,20190723,000000,15.018,15.032,14.694,14.891,27868,0
RSF.US,D,20190724,000000,14.772,14.84,14.772,14.797,25285,0
RSF.US,D,20190725,000000,14.734,14.831,14.734,14.781,9758,0
RSF.US,D,20190726,000000,14.856,14.856,14.527,14.576,44521,0
RSF.US,D,20190729,000000,14.519,14.688,14.356,14.45,78043,0
RSF.US,D,20190730,000000,14.418,14.655,14.418,14.613,34132,0
RSF.US,D,20190731,000000,14.576,14.734,14.497,14.613,40868,0
RSF.US,D,20190801,000000,14.621,15.05,14.621,15.002,51226,0
RSF.US,D,20190802,000000,14.974,15.033,14.934,14.934,22179,0
RSF.US,D,20190805,000000,14.941,14.973,14.915,14.941,15018,0
RSF.US,D,20190807,000000,15.042,15.042,14.876,14.915,20431,0
RSF.US,D,20190808,000000,14.891,14.974,14.871,14.891,7990,0
RSF.US,D,20190809,000000,14.955,14.974,14.891,14.926,17067,0
RSF.US,D,20190812,000000,14.958,14.958,14.891,14.904,13384,0
RSF.US,D,20190813,000000,14.925,14.964,14.892,14.916,2296,0
RSF.US,D,20190814,000000,14.995,15.069,14.958,14.958,4986,0
RSF.US,D,20190815,000000,15.027,15.076,14.995,15.018,8813,0
RSF.US,D,20190816,000000,14.965,15.052,14.965,14.979,3325,0
RSF.US,D,20190819,000000,15.01,15.07,14.927,14.927,17099,0
RSF.US,D,20190820,000000,14.995,14.995,14.856,14.875,5567,0
RSF.US,D,20190821,000000,14.87,14.938,14.848,14.848,16508,0
RSF.US,D,20190822,000000,14.871,14.934,14.871,14.925,2765,0
RSF.US,D,20190823,000000,14.894,14.915,14.894,14.906,2580,0
RSF.US,D,20190826,000000,14.872,14.915,14.867,14.881,4239,0
RSF.US,D,20190827,000000,14.941,15.034,14.91,15.034,6199,0
RSF.US,D,20190828,000000,15.034,15.195,15.034,15.101,26019,0
RSF.US,D,20190829,000000,15.149,15.195,15.077,15.094,17003,0
RSF.US,D,20190830,000000,15.062,15.082,15.062,15.077,4293,0
RSF.US,D,20190903,000000,15.121,15.195,15.052,15.052,16679,0
RSF.US,D,20190904,000000,15.122,15.195,15.122,15.187,10039,0
RSF.US,D,20190905,000000,15.156,15.181,15.156,15.181,2416,0
RSF.US,D,20190906,000000,15.144,15.182,15.144,15.182,2666,0
RSF.US,D,20190909,000000,15.153,15.153,15.153,15.153,484,0
RSF.US,D,20190910,000000,15.147,15.155,15.114,15.14,10594,0
RSF.US,D,20190911,000000,15.223,15.223,15.188,15.188,1907,0
RSF.US,D,20190912,000000,15.261,15.261,15.139,15.139,4075,0
RSF.US,D,20190913,000000,15.114,15.169,15.114,15.169,667,0
RSF.US,D,20190916,000000,15.215,15.262,15.215,15.254,3053,0
RSF.US,D,20190917,000000,15.26,15.26,15.243,15.26,5601,0
RSF.US,D,20190918,000000,15.215,15.348,15.215,15.348,2221,0
RSF.US,D,20190920,000000,15.434,15.434,15.433,15.433,747,0
RSF.US,D,20190923,000000,15.51,15.535,15.51,15.535,886,0
RSF.US,D,20190924,000000,15.54,15.562,15.472,15.491,11425,0
RSF.US,D,20190925,000000,15.455,15.455,15.44,15.44,882,0
RSF.US,D,20190926,000000,15.488,15.488,15.261,15.488,6231,0
RSF.US,D,20190927,000000,15.39,15.503,15.39,15.408,3287,0
RSF.US,D,20190930,000000,15.366,15.433,15.319,15.407,22583,0
RSF.US,D,20191001,000000,15.415,15.422,15.302,15.302,8476,0
RSF.US,D,20191002,000000,15.302,15.418,15.139,15.262,31504,0
RSF.US,D,20191003,000000,15.268,16.043,15.181,15.275,3937,0
RSF.US,D,20191004,000000,15.399,15.422,15.018,15.141,10263,0
RSF.US,D,20191008,000000,15.187,15.187,15.114,15.114,1957,0
RSF.US,D,20191009,000000,15.114,15.152,15.114,15.152,1272,0
RSF.US,D,20191010,000000,15.172,15.342,15.149,15.149,3971,0
RSF.US,D,20191011,000000,15.149,15.646,15.149,15.422,1468,0
RSF.US,D,20191014,000000,15.479,15.479,15.114,15.114,7772,0
RSF.US,D,20191015,000000,15.205,15.261,15.171,15.23,1247,0
RSF.US,D,20191016,000000,15.101,15.101,15.079,15.079,435,0
RSF.US,D,20191017,000000,15.155,15.242,15.155,15.236,3037,0
RSF.US,D,20191018,000000,15.187,15.34,15.187,15.3,791,0
RSF.US,D,20191021,000000,15.341,15.341,15.299,15.299,1216,0
RSF.US,D,20191022,000000,15.285,15.342,15.285,15.342,1019,0
RSF.US,D,20191023,000000,15.335,15.422,15.335,15.422,1480,0
RSF.US,D,20191024,000000,15.153,15.379,15.153,15.379,2128,0
RSF.US,D,20191025,000000,15.342,15.353,15.289,15.31,3673,0
RSF.US,D,20191028,000000,15.158,15.312,15.158,15.181,3878,0
RSF.US,D,20191029,000000,15.215,15.422,15.149,15.382,18664,0
RSF.US,D,20191030,000000,15.353,15.366,15.327,15.327,5280,0
RSF.US,D,20191031,000000,15.302,15.331,15.153,15.153,7889,0
RSF.US,D,20191101,000000,15.181,15.254,15.139,15.139,22658,0
RSF.US,D,20191104,000000,15.061,15.106,14.922,15.101,15475,0
RSF.US,D,20191105,000000,15.172,15.278,15.172,15.181,33686,0
RSF.US,D,20191106,000000,15.015,15.094,14.965,14.975,3933,0
RSF.US,D,20191107,000000,14.959,14.97,14.922,14.957,7145,0
RSF.US,D,20191108,000000,15.027,15.062,14.957,15.051,8055,0
RSF.US,D,20191111,000000,15.033,15.077,14.993,15.061,4305,0
RSF.US,D,20191112,000000,15.018,15.068,14.993,15.061,9868,0
RSF.US,D,20191113,000000,15.027,15.192,14.92,14.92,29695,0
RSF.US,D,20191114,000000,14.92,14.963,14.88,14.91,6288,0
RSF.US,D,20191115,000000,14.88,15.01,14.87,14.894,6220,0
RSF.US,D,20191118,000000,14.864,14.901,14.823,14.823,6327,0
RSF.US,D,20191119,000000,14.797,14.83,14.774,14.809,14745,0
RSF.US,D,20191120,000000,14.937,15.007,14.92,14.922,2354,0
RSF.US,D,20191121,000000,14.92,15.048,14.773,14.773,13622,0
RSF.US,D,20191122,000000,14.85,15.009,14.782,14.925,8202,0
RSF.US,D,20191125,000000,14.856,15.173,14.675,14.719,10036,0
RSF.US,D,20191126,000000,14.79,15.165,14.766,15.101,18341,0
RSF.US,D,20191127,000000,15.156,15.156,15.094,15.122,1425,0
RSF.US,D,20191129,000000,15.165,15.165,14.978,15.027,7118,0
RSF.US,D,20191202,000000,14.939,14.947,14.915,14.93,9979,0
RSF.US,D,20191203,000000,14.972,14.985,14.952,14.985,1962,0
RSF.US,D,20191204,000000,15.033,15.033,14.963,15.013,6128,0
RSF.US,D,20191205,000000,15.001,15.068,14.92,15.068,7265,0
RSF.US,D,20191206,000000,15.084,15.15,15.043,15.043,10364,0
RSF.US,D,20191209,000000,15.085,15.115,14.683,14.939,12456,0
RSF.US,D,20191210,000000,14.91,15.084,14.886,14.947,22425,0
RSF.US,D,20191211,000000,15.062,15.062,14.972,15.032,44653,0
RSF.US,D,20191212,000000,14.946,14.956,14.902,14.942,6149,0
RSF.US,D,20191213,000000,14.93,15.031,14.93,14.985,41461,0
RSF.US,D,20191216,000000,14.985,15.103,14.956,15.087,7010,0
RSF.US,D,20191217,000000,15.046,15.098,14.993,15.069,20181,0
RSF.US,D,20191218,000000,14.93,15.08,14.93,15.052,16061,0
RSF.US,D,20191219,000000,15.027,15.034,14.92,15.032,46099,0
RSF.US,D,20191220,000000,14.978,15.067,14.978,15.032,86115,0
RSF.US,D,20191223,000000,14.972,14.972,14.822,14.915,161779,0
RSF.US,D,20191224,000000,15.069,15.069,14.841,14.876,23199,0
RSF.US,D,20191226,000000,14.87,14.886,14.822,14.859,25602,0
RSF.US,D,20191227,000000,14.939,15.123,14.822,15.018,32418,0
RSF.US,D,20191230,000000,14.972,15.109,14.947,15.018,23896,0
RSF.US,D,20191231,000000,14.947,15.066,14.822,15.002,14296,0
RSF.US,D,20200102,000000,15.078,15.078,14.947,15.002,11499,0
RSF.US,D,20200103,000000,15.018,15.018,14.978,14.993,7948,0
RSF.US,D,20200106,000000,15.052,15.075,15.03,15.075,4833,0
RSF.US,D,20200107,000000,15.152,15.152,15.034,15.034,13122,0
RSF.US,D,20200108,000000,15.109,15.232,15.027,15.21,18251,0
RSF.US,D,20200109,000000,15.25,15.274,15.192,15.192,25543,0
RSF.US,D,20200110,000000,15.2,15.274,15.109,15.274,19063,0
RSF.US,D,20200113,000000,15.192,15.24,15.069,15.219,47027,0
RSF.US,D,20200114,000000,15.192,15.398,15.185,15.248,15726,0
RSF.US,D,20200115,000000,15.325,15.373,15.142,15.176,21361,0
RSF.US,D,20200116,000000,15.018,15.168,14.978,15.01,23775,0
RSF.US,D,20200117,000000,14.985,15.052,14.985,14.985,10965,0
RSF.US,D,20200121,000000,14.87,15.109,14.87,14.956,55648,0
RSF.US,D,20200122,000000,15.052,15.052,14.972,14.985,29671,0
RSF.US,D,20200123,000000,15.062,15.062,14.91,14.91,20465,0
RSF.US,D,20200124,000000,14.985,14.985,14.902,14.92,27957,0
RSF.US,D,20200127,000000,14.963,15.027,14.832,14.985,30248,0
RSF.US,D,20200128,000000,15.002,15.103,15.002,15.027,130361,0
RSF.US,D,20200129,000000,15.044,15.222,15.025,15.141,18243,0
RSF.US,D,20200130,000000,15.027,15.172,15.027,15.152,8164,0
RSF.US,D,20200131,000000,15.142,15.142,15.094,15.094,5417,0
RSF.US,D,20200203,000000,15.152,15.152,15.142,15.145,4281,0
RSF.US,D,20200204,000000,15.192,15.192,15.158,15.185,17465,0
RSF.US,D,20200205,000000,15.133,15.192,15.034,15.059,27686,0
RSF.US,D,20200206,000000,15.133,15.152,15.029,15.084,30410,0
RSF.US,D,20200207,000000,15.133,15.185,14.902,15.044,76191,0
RSF.US,D,20200210,000000,15.069,15.103,14.863,15.018,425230,0
RSF.US,D,20200211,000000,15.062,15.106,15,15.069,90542,0
RSF.US,D,20200212,000000,15.069,15.078,15.062,15.062,53746,0
RSF.US,D,20200213,000000,15.134,15.221,15.097,15.159,18248,0
RSF.US,D,20200214,000000,15.194,15.309,15.103,15.109,46762,0
RSF.US,D,20200218,000000,15.117,15.23,15.117,15.143,19160,0
RSF.US,D,20200219,000000,15.188,15.188,15.116,15.152,22849,0
RSF.US,D,20200220,000000,15.176,15.176,15.117,15.164,53152,0
RSF.US,D,20200221,000000,15.124,15.188,15.124,15.178,11645,0
RSF.US,D,20200224,000000,15.221,15.259,15.096,15.159,64599,0
RSF.US,D,20200225,000000,15.134,15.219,15.027,15.034,87558,0
RSF.US,D,20200226,000000,15.052,15.078,15.009,15.057,55794,0
RSF.US,D,20200227,000000,15.034,15.096,15.034,15.04,8210,0
RSF.US,D,20200228,000000,15.034,15.2,15.034,15.053,20444,0
RSF.US,D,20200302,000000,15.052,15.121,15.052,15.052,29373,0
RSF.US,D,20200303,000000,15.221,15.221,15.062,15.169,72973,0
RSF.US,D,20200304,000000,15.299,15.343,15.194,15.228,5477,0
RSF.US,D,20200305,000000,15.302,15.316,15.109,15.177,18445,0
RSF.US,D,20200306,000000,15.22,15.23,15.009,15.009,41193,0
RSF.US,D,20200309,000000,14.938,15.334,14.847,14.847,22735,0
RSF.US,D,20200310,000000,14.918,14.962,14.761,14.847,18525,0
RSF.US,D,20200311,000000,14.847,14.847,14.646,14.653,19808,0
RSF.US,D,20200312,000000,14.554,14.838,13.462,13.631,24393,0
RSF.US,D,20200313,000000,13.805,14.126,13.64,13.772,46332,0
RSF.US,D,20200316,000000,13.452,13.452,12.922,13.3,66119,0
RSF.US,D,20200317,000000,13.232,13.535,13.232,13.325,119722,0
RSF.US,D,20200318,000000,13.058,13.104,11.981,12.021,55658,0
RSF.US,D,20200319,000000,12.191,12.204,11.813,12.148,11510,0
RSF.US,D,20200320,000000,13.031,13.158,12.487,12.82,75237,0
RSF.US,D,20200323,000000,12.82,12.82,12.191,12.316,18914,0
RSF.US,D,20200324,000000,12.401,12.914,12.401,12.737,47836,0
RSF.US,D,20200325,000000,12.637,13.375,12.621,13.36,30024,0
RSF.US,D,20200326,000000,13.501,13.577,13.199,13.577,37410,0
RSF.US,D,20200327,000000,13.085,13.577,12.198,13.57,21623,0
RSF.US,D,20200330,000000,13.401,13.401,13.038,13.388,2637,0
RSF.US,D,20200331,000000,13.393,13.585,13.031,13.585,26456,0
RSF.US,D,20200401,000000,13.09,13.577,13.031,13.132,17476,0
RSF.US,D,20200402,000000,13.313,13.577,13.038,13.149,172653,0
RSF.US,D,20200403,000000,13.318,13.437,13.255,13.268,8823,0
RSF.US,D,20200406,000000,13.325,13.368,13.281,13.368,5393,0
RSF.US,D,20200407,000000,13.259,13.502,13.259,13.502,1194,0
RSF.US,D,20200408,000000,13.561,15.731,13.561,13.991,7040,0
RSF.US,D,20200409,000000,13.946,14.58,13.946,13.999,3776,0
RSF.US,D,20200413,000000,14.335,14.335,12.621,12.905,29810,0
RSF.US,D,20200414,000000,13.242,13.242,12.674,12.93,55711,0
RSF.US,D,20200415,000000,13.084,13.085,12.59,12.983,9002,0
RSF.US,D,20200416,000000,12.777,13.038,12.718,12.959,11797,0
RSF.US,D,20200417,000000,12.777,12.965,12.675,12.937,48539,0
RSF.US,D,20200420,000000,12.76,12.974,12.76,12.827,26656,0
RSF.US,D,20200421,000000,12.812,12.894,12.718,12.894,26097,0
RSF.US,D,20200422,000000,13.144,13.144,12.739,12.819,7161,0
RSF.US,D,20200423,000000,12.718,12.988,12.718,12.786,8670,0
RSF.US,D,20200424,000000,12.76,12.934,12.76,12.822,11798,0
RSF.US,D,20200427,000000,12.694,12.755,12.694,12.694,17732,0
RSF.US,D,20200428,000000,12.819,13.15,12.694,12.854,14181,0
RSF.US,D,20200429,000000,12.951,13.183,12.741,12.795,7793,0
RSF.US,D,20200430,000000,12.718,13.186,12.694,13.06,22744,0
RSF.US,D,20200501,000000,12.845,13.178,12.76,12.898,6126,0
RSF.US,D,20200504,000000,12.76,13.056,12.76,12.882,11319,0
RSF.US,D,20200505,000000,12.951,12.951,12.76,12.842,3912,0
RSF.US,D,20200506,000000,12.831,12.983,12.739,12.815,9590,0
RSF.US,D,20200507,000000,12.859,12.859,12.828,12.828,3278,0
RSF.US,D,20200508,000000,12.762,12.836,12.76,12.822,2490,0
RSF.US,D,20200511,000000,12.952,13.147,12.718,13.144,47723,0
RSF.US,D,20200512,000000,13.036,13.156,12.914,13.145,9132,0
RSF.US,D,20200513,000000,12.889,13.125,12.889,12.974,12733,0
RSF.US,D,20200514,000000,13.041,13.085,12.983,13.069,43423,0
RSF.US,D,20200515,000000,13.123,13.123,12.999,13.06,5253,0
RSF.US,D,20200518,000000,13.094,13.219,12.955,13.084,3258,0
RSF.US,D,20200519,000000,12.974,13.128,12.974,12.983,18028,0
RSF.US,D,20200520,000000,12.974,13.157,12.308,12.671,222088,0
RSF.US,D,20200521,000000,12.758,12.769,12.622,12.622,33759,0
RSF.US,D,20200522,000000,12.707,12.731,12.702,12.707,3438,0
RSF.US,D,20200526,000000,12.723,12.766,12.699,12.758,13215,0
RSF.US,D,20200527,000000,12.88,12.969,12.741,12.908,20264,0
RSF.US,D,20200528,000000,13.033,13.099,12.741,12.946,11821,0
RSF.US,D,20200529,000000,12.897,13.016,12.484,13.016,9369,0
RSF.US,D,20200601,000000,13.051,13.051,12.913,12.974,54004,0
RSF.US,D,20200602,000000,13.077,13.102,12.736,13.041,30919,0
RSF.US,D,20200603,000000,13.11,13.189,12.983,13.016,20742,0
RSF.US,D,20200604,000000,13.102,13.308,12.933,12.933,21245,0
RSF.US,D,20200605,000000,13.023,13.258,13.023,13.125,16679,0
RSF.US,D,20200608,000000,13.24,13.49,13.128,13.267,265953,0
RSF.US,D,20200609,000000,13.318,13.352,12.905,13.18,24786,0
RSF.US,D,20200610,000000,13.258,13.258,12.955,13.245,7565,0
RSF.US,D,20200611,000000,13.051,13.051,12.758,12.946,72539,0
RSF.US,D,20200612,000000,13.137,13.137,12.834,12.96,8026,0
RSF.US,D,20200615,000000,12.993,13.042,12.937,12.937,12441,0
RSF.US,D,20200616,000000,13.095,13.095,12.946,13.07,10330,0
RSF.US,D,20200617,000000,13.07,13.176,13.048,13.112,6357,0
RSF.US,D,20200618,000000,13.104,13.112,12.87,13.112,3922,0
RSF.US,D,20200619,000000,13.148,13.148,12.937,13.024,7239,0
RSF.US,D,20200622,000000,12.965,13.453,12.946,12.946,7929,0
RSF.US,D,20200623,000000,13.275,13.275,12.937,13.047,7217,0
RSF.US,D,20200624,000000,12.937,13.197,12.832,12.912,9313,0
RSF.US,D,20200625,000000,12.946,13.065,12.946,13.052,7172,0
RSF.US,D,20200626,000000,13.017,13.125,12.861,13.116,9856,0
RSF.US,D,20200629,000000,13.017,13.07,12.946,12.946,4095,0
RSF.US,D,20200630,000000,13.005,13.005,12.896,12.937,20094,0
RSF.US,D,20200701,000000,12.93,13.06,12.881,13.06,10952,0
RSF.US,D,20200702,000000,13.121,13.157,12.983,12.983,7184,0
RSF.US,D,20200706,000000,13.052,13.052,12.892,13.005,6456,0
RSF.US,D,20200707,000000,13.042,13.042,12.879,12.879,5935,0
RSF.US,D,20200708,000000,12.879,13.054,12.879,12.879,8620,0
RSF.US,D,20200709,000000,13.024,13.034,12.925,12.925,3902,0
RSF.US,D,20200710,000000,13.017,13.017,12.824,12.887,4671,0
RSF.US,D,20200713,000000,12.879,12.983,12.879,12.896,32444,0
RSF.US,D,20200714,000000,12.896,12.896,12.816,12.846,3894,0
RSF.US,D,20200715,000000,12.896,12.983,12.832,12.912,122007,0
RSF.US,D,20200716,000000,12.98,12.98,12.822,12.951,111644,0
RSF.US,D,20200717,000000,12.892,12.989,12.865,12.989,16249,0
RSF.US,D,20200720,000000,12.97,12.997,12.97,12.997,2356,0
RSF.US,D,20200721,000000,13.093,13.164,12.901,13.119,15561,0
RSF.US,D,20200722,000000,13.164,13.284,13.146,13.263,2606,0
RSF.US,D,20200723,000000,13.233,13.233,13.137,13.137,530,0
RSF.US,D,20200724,000000,13.233,13.233,13.005,13.005,10605,0
RSF.US,D,20200727,000000,12.97,13.155,12.97,13.142,605,0
RSF.US,D,20200728,000000,13.164,13.198,13.005,13.005,3501,0
RSF.US,D,20200729,000000,13.067,13.305,12.901,12.934,16685,0
RSF.US,D,20200730,000000,12.916,13.11,12.916,13.013,3650,0
RSF.US,D,20200731,000000,13.015,13.056,13.015,13.023,1994,0
RSF.US,D,20200803,000000,13.119,13.128,12.846,12.98,21769,0
RSF.US,D,20200804,000000,13.085,13.155,13.001,13.137,3497,0
RSF.US,D,20200805,000000,12.887,13.102,12.887,13.1,1502,0
RSF.US,D,20200806,000000,12.984,13.11,12.984,13.11,19296,0
RSF.US,D,20200807,000000,12.91,13.157,12.846,13.067,43321,0
RSF.US,D,20200810,000000,13.155,13.19,13.067,13.108,21783,0
RSF.US,D,20200811,000000,12.961,13.145,12.934,13.021,5904,0
RSF.US,D,20200812,000000,13.067,13.072,13.067,13.067,597,0
RSF.US,D,20200813,000000,13.161,13.195,12.797,12.797,9266,0
RSF.US,D,20200814,000000,12.885,13.08,12.868,13.071,7101,0
RSF.US,D,20200817,000000,13.161,13.161,13.106,13.133,10126,0
RSF.US,D,20200818,000000,13.093,13.122,13.026,13.098,12133,0
RSF.US,D,20200819,000000,13.063,13.195,13.063,13.116,7241,0
RSF.US,D,20200820,000000,13.098,13.151,13.098,13.134,2115,0
RSF.US,D,20200821,000000,13.133,13.302,13.133,13.133,3952,0
RSF.US,D,20200824,000000,13.222,13.24,13.019,13.24,5068,0
RSF.US,D,20200825,000000,13.24,13.285,13.175,13.284,6560,0
RSF.US,D,20200826,000000,13.328,13.328,13.24,13.276,4186,0
RSF.US,D,20200827,000000,13.276,13.328,13.245,13.289,5022,0
RSF.US,D,20200828,000000,13.23,13.23,12.946,13.088,19910,0
RSF.US,D,20200831,000000,13.107,13.205,13.106,13.177,5227,0
RSF.US,D,20200901,000000,13.23,13.258,13.133,13.191,6478,0
RSF.US,D,20200902,000000,13.285,13.328,13.254,13.254,6598,0
RSF.US,D,20200903,000000,13.24,13.285,13.195,13.212,7693,0
RSF.US,D,20200904,000000,13.285,13.285,13.151,13.205,2838,0
RSF.US,D,20200908,000000,13.179,13.273,13.12,13.195,26511,0
RSF.US,D,20200909,000000,13.268,13.311,13.049,13.311,8706,0
RSF.US,D,20200910,000000,13.311,13.328,13.24,13.283,1808,0
RSF.US,D,20200911,000000,13.293,13.311,13.161,13.311,7281,0
RSF.US,D,20200914,000000,13.328,13.461,13.306,13.454,23255,0
RSF.US,D,20200915,000000,13.494,13.522,13.49,13.522,6813,0
RSF.US,D,20200916,000000,13.629,13.646,13.466,13.574,14390,0
RSF.US,D,20200917,000000,13.645,13.645,13.517,13.517,2498,0
RSF.US,D,20200918,000000,13.592,13.592,13.517,13.565,3766,0
RSF.US,D,20200921,000000,13.566,13.638,13.332,13.431,7446,0
RSF.US,D,20200922,000000,13.431,13.431,13.363,13.363,1551,0
RSF.US,D,20200923,000000,13.35,13.458,13.35,13.458,5337,0
RSF.US,D,20200924,000000,13.332,13.449,13.233,13.405,11789,0
RSF.US,D,20200925,000000,13.293,13.35,13.293,13.35,1697,0
RSF.US,D,20200928,000000,13.449,13.449,13.072,13.344,4059,0
RSF.US,D,20200929,000000,13.279,13.279,12.894,13.271,62556,0
RSF.US,D,20200930,000000,13.252,13.44,13.252,13.305,13032,0
RSF.US,D,20201001,000000,13.387,13.387,13.009,13.297,8390,0
RSF.US,D,20201002,000000,13.198,13.261,13.019,13.261,5897,0
RSF.US,D,20201005,000000,13.279,13.368,13.279,13.368,2165,0
RSF.US,D,20201006,000000,13.431,13.458,13.271,13.387,11310,0
RSF.US,D,20201007,000000,13.35,13.592,13.233,13.592,5469,0
RSF.US,D,20201008,000000,13.541,13.548,13.531,13.544,3489,0
RSF.US,D,20201009,000000,13.396,13.638,13.396,13.592,14000,0
RSF.US,D,20201012,000000,13.674,13.674,13.583,13.62,9594,0
RSF.US,D,20201013,000000,13.601,13.601,13.548,13.548,7873,0
RSF.US,D,20201014,000000,13.506,13.629,13.396,13.507,3898,0
RSF.US,D,20201015,000000,13.198,13.547,13.198,13.225,5898,0
RSF.US,D,20201016,000000,13.243,13.407,13.243,13.407,4004,0
RSF.US,D,20201019,000000,13.431,13.431,13.323,13.323,8332,0
RSF.US,D,20201020,000000,13.368,13.406,13.297,13.405,27400,0
RSF.US,D,20201021,000000,13.405,13.405,13.329,13.329,2534,0
RSF.US,D,20201022,000000,13.36,13.36,13.323,13.36,2279,0
RSF.US,D,20201023,000000,13.46,13.476,13.396,13.431,1613,0
RSF.US,D,20201026,000000,13.44,13.449,13.35,13.449,3571,0
RSF.US,D,20201027,000000,13.401,13.401,13.368,13.368,5939,0
RSF.US,D,20201028,000000,13.44,13.44,13.368,13.368,11850,0
RSF.US,D,20201029,000000,13.35,13.35,13.279,13.323,29192,0
RSF.US,D,20201030,000000,13.341,13.341,13.301,13.323,3166,0
RSF.US,D,20201102,000000,13.377,13.422,13.112,13.233,12986,0
RSF.US,D,20201103,000000,13.261,13.279,13.233,13.271,3316,0
RSF.US,D,20201104,000000,13.311,13.315,13.009,13.18,11580,0
RSF.US,D,20201105,000000,13.279,13.319,13.148,13.189,15243,0
RSF.US,D,20201106,000000,13.271,13.321,13.189,13.321,18632,0
RSF.US,D,20201109,000000,13.261,13.54,13.261,13.44,22407,0
RSF.US,D,20201110,000000,13.44,13.44,13.271,13.32,14847,0
RSF.US,D,20201111,000000,13.332,13.466,13.261,13.414,13459,0
RSF.US,D,20201112,000000,13.264,13.44,13.251,13.419,18568,0
RSF.US,D,20201113,000000,13.427,13.499,13.319,13.481,23397,0
RSF.US,D,20201116,000000,13.508,13.536,13.409,13.427,17180,0
RSF.US,D,20201117,000000,13.499,13.499,13.427,13.458,29770,0
RSF.US,D,20201118,000000,13.491,13.577,13.476,13.553,12672,0
RSF.US,D,20201119,000000,13.547,13.781,13.547,13.725,23391,0
RSF.US,D,20201120,000000,13.69,13.862,13.69,13.758,11420,0
RSF.US,D,20201123,000000,13.8,13.811,13.657,13.811,5347,0
RSF.US,D,20201124,000000,13.725,13.89,13.662,13.89,15718,0
RSF.US,D,20201125,000000,13.9,14.106,13.9,14.106,5101,0
RSF.US,D,20201127,000000,14.034,14.034,14.034,14.034,672,0
RSF.US,D,20201130,000000,14.106,14.268,13.952,14.221,9601,0
RSF.US,D,20201201,000000,14.159,14.424,14.124,14.332,8992,0
RSF.US,D,20201202,000000,14.386,14.749,14.268,14.586,8991,0
RSF.US,D,20201203,000000,14.578,15.002,14.578,14.897,12353,0
RSF.US,D,20201204,000000,14.902,15.119,14.902,15.049,13899,0
RSF.US,D,20201207,000000,15.167,15.203,15.163,15.202,7077,0
RSF.US,D,20201208,000000,15.19,15.203,15.104,15.104,5408,0
RSF.US,D,20201209,000000,15.131,15.131,14.115,14.992,10070,0
RSF.US,D,20201210,000000,14.696,15.128,14.696,15.02,2891,0
RSF.US,D,20201211,000000,14.843,14.843,14.559,14.607,11577,0
RSF.US,D,20201214,000000,14.622,14.832,14.504,14.504,18867,0
RSF.US,D,20201215,000000,14.496,14.497,14.347,14.452,43386,0
RSF.US,D,20201216,000000,14.382,14.565,14.382,14.491,4410,0
RSF.US,D,20201217,000000,14.533,14.713,14.533,14.628,6179,0
RSF.US,D,20201218,000000,14.628,14.628,14.473,14.473,2613,0
RSF.US,D,20201221,000000,14.674,14.674,14.447,14.457,6332,0
RSF.US,D,20201222,000000,14.464,14.464,14.447,14.457,93279,0
RSF.US,D,20201223,000000,14.584,14.619,14.581,14.581,951,0
RSF.US,D,20201224,000000,14.666,14.666,14.652,14.652,305,0
RSF.US,D,20201228,000000,14.538,14.666,14.538,14.584,3843,0
RSF.US,D,20201229,000000,14.584,14.832,14.584,14.802,5954,0
RSF.US,D,20201230,000000,14.674,15.177,14.674,15.177,2138,0
RSF.US,D,20201231,000000,15.169,15.169,15.002,15.169,2253,0
RSF.US,D,20210104,000000,15.224,15.224,14.812,14.985,4420,0
RSF.US,D,20210105,000000,15.097,15.097,15.014,15.014,869,0
RSF.US,D,20210106,000000,15.14,15.955,15.14,15.379,4598,0
RSF.US,D,20210107,000000,15.698,15.698,15.206,15.453,4127,0
RSF.US,D,20210108,000000,15.764,15.764,15.415,15.488,7145,0
RSF.US,D,20210111,000000,15.597,15.597,14.985,15.479,16886,0
RSF.US,D,20210112,000000,15.535,15.535,15.235,15.434,11878,0
RSF.US,D,20210113,000000,15.497,15.716,15.497,15.644,4230,0
RSF.US,D,20210114,000000,15.868,15.868,15.345,15.535,4913,0
RSF.US,D,20210115,000000,15.618,15.804,15.609,15.671,5668,0
RSF.US,D,20210119,000000,15.526,15.792,15.434,15.434,17929,0
RSF.US,D,20210120,000000,15.582,15.682,15.582,15.682,11280,0
RSF.US,D,20210121,000000,15.645,15.734,15.488,15.734,4205,0
RSF.US,D,20210122,000000,15.738,15.738,15.591,15.641,8251,0
RSF.US,D,20210125,000000,15.682,15.768,15.507,15.615,8272,0
RSF.US,D,20210126,000000,15.682,15.692,15.628,15.628,11881,0
RSF.US,D,20210127,000000,15.682,15.682,15.591,15.673,9156,0
RSF.US,D,20210128,000000,15.544,15.682,15.544,15.646,10504,0
RSF.US,D,20210129,000000,15.636,15.682,15.636,15.646,5826,0
RSF.US,D,20210201,000000,15.71,15.886,15.509,15.701,11637,0
RSF.US,D,20210202,000000,15.701,15.859,15.632,15.666,6570,0
RSF.US,D,20210203,000000,15.682,15.729,15.636,15.659,14419,0
RSF.US,D,20210204,000000,15.719,15.842,15.657,15.681,10626,0
RSF.US,D,20210205,000000,15.682,15.832,15.655,15.729,23829,0
RSF.US,D,20210208,000000,15.931,15.997,15.774,15.868,28752,0
RSF.US,D,20210209,000000,15.931,15.979,15.863,15.96,26230,0
RSF.US,D,20210210,000000,16.008,16.008,15.86,15.999,9001,0
RSF.US,D,20210211,000000,16.054,16.101,15.895,16.049,13805,0
RSF.US,D,20210212,000000,16.212,16.212,16.054,16.101,8883,0
RSF.US,D,20210216,000000,16.212,16.212,16.044,16.044,15244,0
RSF.US,D,20210217,000000,16.138,16.138,16.083,16.101,15412,0
RSF.US,D,20210218,000000,16.017,16.101,16.017,16.044,8693,0
RSF.US,D,20210219,000000,16.027,16.147,16.027,16.087,12022,0
RSF.US,D,20210222,000000,16.314,16.752,16.156,16.38,51974,0
RSF.US,D,20210223,000000,16.194,16.38,15.923,16.203,39173,0
RSF.US,D,20210224,000000,16.194,16.306,16.073,16.193,21861,0
RSF.US,D,20210225,000000,16.147,16.38,16.101,16.143,16304,0
RSF.US,D,20210226,000000,16.129,16.378,16.129,16.194,11111,0
RSF.US,D,20210301,000000,16.231,16.426,16.231,16.343,12105,0
RSF.US,D,20210302,000000,16.333,16.472,16.333,16.472,17707,0
RSF.US,D,20210303,000000,16.472,16.511,16.421,16.445,26362,0
RSF.US,D,20210304,000000,16.463,16.521,16.306,16.35,17152,0
RSF.US,D,20210305,000000,16.472,16.521,16.406,16.445,24051,0
RSF.US,D,20210308,000000,16.435,16.511,16.222,16.288,25858,0
RSF.US,D,20210309,000000,16.435,16.463,16.34,16.39,9010,0
RSF.US,D,20210310,000000,16.445,16.501,16.287,16.497,12772,0
RSF.US,D,20210311,000000,16.521,16.521,16.472,16.521,17759,0
RSF.US,D,20210312,000000,16.521,16.556,16.426,16.556,21185,0
RSF.US,D,20210315,000000,16.482,16.661,16.343,16.583,28957,0
RSF.US,D,20210316,000000,16.634,16.698,16.522,16.69,15090,0
RSF.US,D,20210317,000000,16.67,16.698,16.483,16.568,8281,0
RSF.US,D,20210318,000000,16.549,16.615,16.4,16.595,13068,0
RSF.US,D,20210319,000000,16.517,16.522,16.446,16.522,12575,0
RSF.US,D,20210322,000000,16.522,16.665,16.522,16.664,15308,0
RSF.US,D,20210323,000000,16.69,16.707,16.522,16.541,13458,0
RSF.US,D,20210324,000000,16.585,16.69,16.568,16.615,8282,0
RSF.US,D,20210325,000000,16.644,16.898,16.577,16.681,13884,0
RSF.US,D,20210326,000000,16.644,16.829,16.644,16.75,27689,0
RSF.US,D,20210329,000000,16.751,16.839,16.707,16.707,9311,0
RSF.US,D,20210330,000000,16.558,16.834,16.558,16.802,19239,0
RSF.US,D,20210331,000000,16.717,16.844,16.502,16.801,25253,0
RSF.US,D,20210401,000000,16.707,16.888,16.707,16.802,7700,0
RSF.US,D,20210405,000000,16.888,16.888,16.802,16.849,20047,0
RSF.US,D,20210406,000000,16.849,17.073,16.815,17.03,13227,0
RSF.US,D,20210407,000000,17.064,17.083,17.054,17.054,3208,0
RSF.US,D,20210408,000000,17.073,17.568,17.005,17.093,23635,0
RSF.US,D,20210409,000000,17.103,17.385,16.981,17.073,13015,0
RSF.US,D,20210412,000000,17.151,17.151,17.001,17.064,14261,0
RSF.US,D,20210413,000000,17.159,17.186,17.01,17.066,15883,0
RSF.US,D,20210414,000000,17.178,17.178,17.038,17.083,23820,0
RSF.US,D,20210415,000000,17.181,17.181,17.085,17.085,29903,0
RSF.US,D,20210416,000000,17.188,17.228,17.105,17.105,17766,0
RSF.US,D,20210419,000000,17.248,17.31,17.181,17.228,20621,0
RSF.US,D,20210420,000000,17.275,17.275,17.162,17.198,13407,0
RSF.US,D,20210421,000000,17.275,17.275,17.198,17.275,22219,0
RSF.US,D,20210422,000000,17.321,17.331,17.208,17.321,32005,0
RSF.US,D,20210423,000000,17.321,17.507,17.285,17.295,60784,0
RSF.US,D,20210426,000000,17.321,17.512,17.321,17.512,42730,0
RSF.US,D,20210427,000000,17.487,17.512,17.463,17.494,19006,0
RSF.US,D,20210428,000000,17.512,17.531,17.386,17.531,11873,0
RSF.US,D,20210429,000000,17.531,17.531,17.172,17.285,26051,0
RSF.US,D,20210430,000000,17.321,17.531,17.321,17.474,16538,0
RSF.US,D,20210503,000000,17.531,17.56,17.418,17.55,28827,0
RSF.US,D,20210504,000000,17.541,17.654,17.512,17.65,41487,0
RSF.US,D,20210505,000000,17.654,17.701,17.654,17.692,9282,0
RSF.US,D,20210506,000000,17.701,17.701,17.577,17.678,18645,0
RSF.US,D,20210507,000000,17.701,17.701,17.676,17.696,31477,0
RSF.US,D,20210510,000000,17.701,17.701,17.683,17.683,22474,0
RSF.US,D,20210511,000000,17.683,17.701,17.664,17.683,20990,0
RSF.US,D,20210512,000000,17.701,17.701,17.418,17.56,15977,0
RSF.US,D,20210513,000000,17.562,17.847,17.409,17.465,15120,0
RSF.US,D,20210514,000000,17.627,17.753,17.489,17.579,16971,0
RSF.US,D,20210517,000000,17.485,17.676,17.409,17.657,18114,0
RSF.US,D,20210518,000000,17.657,17.676,17.619,17.652,31985,0
RSF.US,D,20210519,000000,17.609,17.753,17.609,17.664,5691,0
RSF.US,D,20210520,000000,17.695,17.842,17.578,17.819,7350,0
RSF.US,D,20210521,000000,17.867,17.934,17.67,17.847,6767,0
RSF.US,D,20210524,000000,17.905,18.153,17.847,17.991,37438,0
RSF.US,D,20210525,000000,17.981,18.039,17.981,18.039,7113,0
RSF.US,D,20210526,000000,18.039,18.105,18,18.039,101164,0
RSF.US,D,20210527,000000,18.049,18.086,18.019,18.035,47734,0
RSF.US,D,20210528,000000,18.039,18.058,18.019,18.019,26752,0
RSF.US,D,20210601,000000,18.01,18.191,18.01,18.163,37458,0
RSF.US,D,20210602,000000,18.153,18.802,18.153,18.173,56470,0
RSF.US,D,20210603,000000,18.181,18.181,18.115,18.178,25884,0
RSF.US,D,20210604,000000,18.175,18.181,18.134,18.181,32732,0
RSF.US,D,20210607,000000,18.163,18.297,18.148,18.181,31654,0
RSF.US,D,20210608,000000,18.22,18.22,18.143,18.173,20935,0
RSF.US,D,20210609,000000,18.181,18.421,18.153,18.315,32050,0
RSF.US,D,20210610,000000,18.302,18.344,18.258,18.292,8278,0
RSF.US,D,20210611,000000,18.297,18.305,18.267,18.304,23984,0
RSF.US,D,20210614,000000,18.401,18.401,18.297,18.297,34529,0
RSF.US,D,20210615,000000,18.307,18.307,18.26,18.299,23079,0
RSF.US,D,20210616,000000,18.299,18.327,18.269,18.279,30349,0
RSF.US,D,20210617,000000,18.317,18.317,18.202,18.25,23259,0
RSF.US,D,20210618,000000,18.237,18.307,18.182,18.289,15402,0
RSF.US,D,20210621,000000,18.307,18.346,18.289,18.327,19594,0
RSF.US,D,20210622,000000,18.327,18.327,18.289,18.314,9801,0
RSF.US,D,20210623,000000,18.327,18.327,18.284,18.327,14326,0
RSF.US,D,20210624,000000,18.327,18.327,18.315,18.317,23004,0
RSF.US,D,20210625,000000,18.424,18.471,18.405,18.471,48302,0
RSF.US,D,20210628,000000,18.471,18.485,18.452,18.471,46752,0
RSF.US,D,20210629,000000,18.654,18.826,18.471,18.76,13946,0
RSF.US,D,20210630,000000,18.712,19.145,18.712,19.145,18597,0
RSF.US,D,20210701,000000,19.145,19.232,18.952,19.135,29186,0
RSF.US,D,20210702,000000,19.164,19.164,19,19.087,14176,0
RSF.US,D,20210706,000000,19.097,19.189,19.097,19.145,27952,0
RSF.US,D,20210707,000000,19.241,19.423,19.154,19.289,21548,0
RSF.US,D,20210708,000000,19.386,19.423,19,19.212,28349,0
RSF.US,D,20210709,000000,19.423,19.423,19.192,19.279,15426,0
RSF.US,D,20210712,000000,19.241,19.241,19.097,19.145,26608,0
RSF.US,D,20210713,000000,19.097,19.192,19.097,19.116,18407,0
RSF.US,D,20210714,000000,19.145,19.192,18.577,18.736,77961,0
RSF.US,D,20210715,000000,18.636,18.888,17.996,18.161,128033,0
RSF.US,D,20210716,000000,18.432,18.704,18.374,18.481,71041,0
RSF.US,D,20210719,000000,18.452,18.481,18.238,18.354,25117,0
RSF.US,D,20210720,000000,18.412,18.471,18.408,18.432,34480,0
RSF.US,D,20210721,000000,18.568,18.568,18.451,18.529,19644,0
RSF.US,D,20210722,000000,18.529,18.771,18.454,18.588,26307,0
RSF.US,D,20210723,000000,18.636,18.636,18.558,18.636,24045,0
RSF.US,D,20210726,000000,18.597,18.704,18.597,18.684,39421,0
RSF.US,D,20210727,000000,18.616,18.714,18.616,18.714,10615,0
RSF.US,D,20210728,000000,18.781,19.198,18.665,18.724,21931,0
RSF.US,D,20210729,000000,18.714,19.064,18.714,18.892,18321,0
RSF.US,D,20210730,000000,18.888,18.907,18.791,18.907,13434,0
RSF.US,D,20210802,000000,18.859,18.966,18.859,18.927,12855,0
RSF.US,D,20210803,000000,18.927,19.053,18.902,19.052,29847,0
RSF.US,D,20210804,000000,19.053,19.053,18.995,18.995,16550,0
RSF.US,D,20210805,000000,19.004,19.004,18.927,18.936,33416,0
RSF.US,D,20210806,000000,18.966,18.966,18.917,18.946,14774,0
RSF.US,D,20210809,000000,19.053,19.072,18.946,19.043,18603,0
RSF.US,D,20210810,000000,19.023,19.023,18.952,19.014,26662,0
RSF.US,D,20210811,000000,19.082,19.082,18.917,19.014,6782,0
RSF.US,D,20210812,000000,19.072,19.121,19.014,19.121,27876,0
RSF.US,D,20210813,000000,19.121,19.149,19.053,19.121,28786,0
RSF.US,D,20210816,000000,19.328,19.348,19.104,19.278,23626,0
RSF.US,D,20210817,000000,19.25,19.25,19.015,19.221,12240,0
RSF.US,D,20210818,000000,19.221,19.221,18.977,19.099,11317,0
RSF.US,D,20210819,000000,19.201,19.201,18.82,18.864,30646,0
RSF.US,D,20210820,000000,18.82,19.044,18.82,18.977,17199,0
RSF.US,D,20210823,000000,19.005,19.084,18.859,18.888,14462,0
RSF.US,D,20210824,000000,19.015,19.104,18.859,18.888,19627,0
RSF.US,D,20210825,000000,19.005,19.104,18.907,18.989,9730,0
RSF.US,D,20210826,000000,19.054,19.151,18.81,19.151,12373,0
RSF.US,D,20210827,000000,19.151,19.151,18.888,19.104,18207,0
RSF.US,D,20210830,000000,19.211,19.368,18.993,19.049,20196,0
RSF.US,D,20210831,000000,19.044,19.201,18.997,19.141,20265,0
RSF.US,D,20210901,000000,19.25,19.288,19.151,19.278,30866,0
RSF.US,D,20210902,000000,19.278,19.298,19.206,19.211,27819,0
RSF.US,D,20210903,000000,19.25,19.25,19.171,19.241,19366,0
RSF.US,D,20210907,000000,19.161,19.241,19.161,19.191,30783,0
RSF.US,D,20210908,000000,19.074,19.231,18.996,19.131,34915,0
RSF.US,D,20210909,000000,19.201,19.231,19.172,19.231,13052,0
RSF.US,D,20210910,000000,19.201,19.298,19.151,19.269,11682,0
RSF.US,D,20210913,000000,19.298,19.298,19.181,19.248,14599,0
RSF.US,D,20210914,000000,19.272,19.298,19.181,19.211,13154,0
RSF.US,D,20210915,000000,19.321,19.429,19.168,19.301,18692,0
RSF.US,D,20210916,000000,19.301,19.321,19.208,19.296,10976,0
RSF.US,D,20210917,000000,19.311,19.351,19.213,19.301,13835,0
RSF.US,D,20210920,000000,19.301,19.301,19.005,19.095,22270,0
RSF.US,D,20210921,000000,19.095,19.376,19.005,19.085,15442,0
RSF.US,D,20210922,000000,19.124,19.173,19.095,19.129,3123,0
RSF.US,D,20210923,000000,19.143,19.173,19.035,19.065,18643,0
RSF.US,D,20210924,000000,19.163,19.198,19.042,19.045,6113,0
RSF.US,D,20210927,000000,18.996,19.085,18.996,19.005,11433,0
RSF.US,D,20210928,000000,19.085,19.085,18.809,18.907,15776,0
RSF.US,D,20210929,000000,18.907,19.075,18.611,18.641,25084,0
RSF.US,D,20210930,000000,18.661,19.075,18.661,18.907,13267,0
RSF.US,D,20211001,000000,18.858,19.223,18.842,19.031,25143,0
RSF.US,D,20211004,000000,19.351,19.351,19.173,19.233,10051,0
RSF.US,D,20211005,000000,19.259,19.259,19.193,19.223,7866,0
RSF.US,D,20211006,000000,19.223,19.419,19.178,19.321,15145,0
RSF.US,D,20211007,000000,19.261,19.419,19.153,19.419,19059,0
RSF.US,D,20211008,000000,19.38,19.38,19.203,19.321,8658,0
RSF.US,D,20211011,000000,19.389,19.419,19.261,19.389,11099,0
RSF.US,D,20211012,000000,19.419,19.537,19.381,19.469,19998,0
RSF.US,D,20211013,000000,19.607,19.646,19.459,19.562,22123,0
RSF.US,D,20211014,000000,19.748,19.797,19.629,19.629,9790,0
RSF.US,D,20211015,000000,19.539,19.797,19.526,19.549,16374,0
RSF.US,D,20211018,000000,19.629,19.629,19.48,19.529,6400,0
RSF.US,D,20211019,000000,19.589,19.589,19.45,19.549,7545,0
RSF.US,D,20211020,000000,19.589,19.599,19.351,19.549,17208,0
RSF.US,D,20211021,000000,19.5,19.693,19.5,19.559,21415,0
RSF.US,D,20211022,000000,19.698,19.698,19.467,19.47,14378,0
RSF.US,D,20211025,000000,19.639,19.648,19.45,19.519,15760,0
RSF.US,D,20211026,000000,19.465,19.519,19.24,19.361,27669,0
RSF.US,D,20211027,000000,19.361,19.609,19.232,19.579,104286,0
RSF.US,D,20211028,000000,19.589,19.599,19.36,19.599,9431,0
RSF.US,D,20211029,000000,19.599,19.688,19.51,19.519,12685,0
RSF.US,D,20211101,000000,19.648,19.678,19.524,19.529,10591,0
RSF.US,D,20211102,000000,19.515,19.549,19.46,19.534,7014,0
RSF.US,D,20211103,000000,19.529,19.549,19.48,19.525,8615,0
RSF.US,D,20211104,000000,19.524,19.549,19.524,19.549,9874,0
RSF.US,D,20211105,000000,19.549,19.878,19.539,19.621,14731,0
RSF.US,D,20211108,000000,19.748,19.802,19.726,19.728,14889,0
RSF.US,D,20211109,000000,19.764,19.847,19.673,19.713,10085,0
RSF.US,D,20211110,000000,19.73,19.85,19.7151,19.74,9154,0
RSF.US,D,20211111,000000,19.85,19.9,19.6485,19.6485,6719,0
RSF.US,D,20211112,000000,19.72,19.72,19.6188,19.65,9971,0
RSF.US,D,20211115,000000,19.76,19.81,19.6598,19.77,21735,0
RSF.US,D,20211116,000000,19.66,19.92,19.6403,19.8301,5316,0
RSF.US,D,20211117,000000,20.04,20.04,19.78,19.88,13892,0
RSF.US,D,20211118,000000,19.86,19.86,19.667,19.8417,8717,0
RSF.US,D,20211119,000000,19.85,19.8869,19.6501,19.77,10589,0
RSF.US,D,20211122,000000,19.88,19.88,19.649,19.67,10375,0
RSF.US,D,20211123,000000,19.6,19.9468,19.59,19.66,23814,0
RSF.US,D,20211124,000000,19.68,19.77,19.605,19.61,6930,0
RSF.US,D,20211126,000000,19.65,19.71,19.5,19.57,23629,0
RSF.US,D,20211129,000000,19.75,19.77,19.5,19.64,9969,0
RSF.US,D,20211130,000000,19.54,19.7774,19.5,19.56,13459,0
RSF.US,D,20211201,000000,19.59,19.7,19.59,19.6364,4737,0
RSF.US,D,20211202,000000,19.56,19.68,19.56,19.65,13219,0
RSF.US,D,20211203,000000,19.69,19.7899,19.6,19.6601,3848,0
RSF.US,D,20211206,000000,19.81,19.81,19.66,19.7,8769,0
RSF.US,D,20211207,000000,19.75,19.81,19.67,19.74,6182,0
RSF.US,D,20211208,000000,19.69,19.81,19.69,19.73,6213,0
RSF.US,D,20211209,000000,19.775,19.85,19.7,19.7142,10981,0
RSF.US,D,20211210,000000,19.745,19.77,19.7077,19.75,11964,0
RSF.US,D,20211213,000000,19.75,19.76,19.72,19.72,11223,0
RSF.US,D,20211214,000000,19.79,19.79,19.66,19.7086,11983,0
RSF.US,D,20211215,000000,19.62,19.62,19.34,19.511,19622,0
RSF.US,D,20211216,000000,19.55,19.5526,18.99,19.13,27300,0
RSF.US,D,20211217,000000,18.83,19.4641,18.82,19.2954,17674,0
RSF.US,D,20211220,000000,19.33,19.48,18.9693,19.48,15518,0
RSF.US,D,20211221,000000,19.22,19.84,19.22,19.54,9232,0
RSF.US,D,20211222,000000,19.4337,19.4337,19.17,19.24,7875,0
RSF.US,D,20211223,000000,19.43,19.5902,19.35,19.4,12794,0
RSF.US,D,20211227,000000,19.4,19.4,19.35,19.39,4790,0
RSF.US,D,20211228,000000,19.4,19.4,19.21,19.4,11876,0
RSF.US,D,20211229,000000,19.4,19.4,19.3,19.345,11390,0
RSF.US,D,20211230,000000,19.31,19.39,19.27,19.2702,15263,0
RSF.US,D,20211231,000000,19.23,19.3899,19.05,19.2,22865,0
RSF.US,D,20220103,000000,19.35,19.4,19.35,19.37,8777,0
RSF.US,D,20220104,000000,19.4,19.69,19.25,19.535,34642,0
RSF.US,D,20220105,000000,19.41,19.88,19.41,19.8,28119,0
RSF.US,D,20220106,000000,19.52,19.85,19.52,19.79,9237,0
RSF.US,D,20220107,000000,19.84,19.85,19.69,19.79,18745,0
RSF.US,D,20220110,000000,19.8,19.85,19.8,19.8,38343,0
RSF.US,D,20220111,000000,19.85,19.85,19.7,19.72,32819,0
RSF.US,D,20220112,000000,19.75,19.85,19.75,19.78,48996,0
RSF.US,D,20220113,000000,19.54,19.74,19.54,19.7,17739,0
RSF.US,D,20220114,000000,19.6211,19.6999,19.5875,19.64,10623,0
RSF.US,D,20220118,000000,19.69,19.7,19.6076,19.61,57685,0
RSF.US,D,20220119,000000,19.65,19.65,19.6101,19.63,26701,0
RSF.US,D,20220120,000000,19.75,19.75,19.61,19.67,47380,0
RSF.US,D,20220121,000000,19.59,19.7,19.46,19.46,38233,0
