<TICKER>,<PER>,<DATE>,<TIME>,<OPEN>,<HIGH>,<LOW>,<CLOSE>,<VOL>,<OPENINT>
RVI.US,D,20180703,000000,5.1143,5.2636,5.0095,5.1945,3620211,0
RVI.US,D,20180705,000000,5.1914,5.4211,5.1598,5.4211,1390677,0
RVI.US,D,20180706,000000,5.3756,5.7958,5.3,5.7485,3161403,0
RVI.US,D,20180709,000000,5.7485,5.7579,5.6652,5.6652,4160721,0
RVI.US,D,20180710,000000,5.6509,5.9798,5.6243,5.8791,2790653,0
RVI.US,D,20180711,000000,5.8571,5.8791,5.6838,5.7564,6095569,0
RVI.US,D,20180712,000000,5.8083,5.8412,5.6367,5.7376,2271213,0
RVI.US,D,20180713,000000,5.6901,5.8271,5.6399,5.6652,1107566,0
RVI.US,D,20180716,000000,5.6652,5.6684,5.5472,5.5849,845191,0
RVI.US,D,20180717,000000,5.6414,5.6571,5.5606,5.5707,1643254,0
RVI.US,D,20180718,000000,5.5785,5.5896,5.4148,5.429,1318586,0
RVI.US,D,20180719,000000,5.4574,5.5078,5.3952,5.4005,1385759,0
RVI.US,D,20180720,000000,5.4921,5.536,5.3866,5.4322,1430754,0
RVI.US,D,20180723,000000,5.4401,5.6243,5.4371,5.6162,726328,0
RVI.US,D,20180724,000000,5.577,5.6352,5.4211,5.4921,1451792,0
RVI.US,D,20180725,000000,5.4557,5.5391,5.4133,5.5015,606856,0
RVI.US,D,20180726,000000,5.514,5.5242,5.4133,5.4228,1306041,0
RVI.US,D,20180727,000000,5.4401,5.4934,5.2889,5.3266,626972,0
RVI.US,D,20180730,000000,5.3394,5.3504,5.1362,5.1536,925885,0
RVI.US,D,20180731,000000,5.1475,5.2527,5.1475,5.1994,782049,0
RVI.US,D,20180801,000000,5.215,5.3489,5.215,5.3191,712706,0
RVI.US,D,20180802,000000,5.3095,5.3677,5.2733,5.3566,677605,0
RVI.US,D,20180803,000000,5.3519,5.429,5.2512,5.2936,485283,0
RVI.US,D,20180806,000000,5.2827,5.4258,5.2576,5.3911,317687,0
RVI.US,D,20180807,000000,5.3677,5.4277,5.2542,5.2589,610787,0
RVI.US,D,20180808,000000,5.2748,5.3119,5.1994,5.2433,464876,0
RVI.US,D,20180809,000000,5.2983,5.4637,5.2983,5.4448,613747,0
RVI.US,D,20180810,000000,5.4448,5.4889,5.2621,5.3769,753287,0
RVI.US,D,20180813,000000,5.418,5.462,5.3424,5.3707,698898,0
RVI.US,D,20180814,000000,5.3769,5.3769,5.2559,5.2812,1162432,0
RVI.US,D,20180815,000000,5.2559,5.2589,5.0435,5.1536,1190876,0
RVI.US,D,20180816,000000,5.1617,5.2474,5.1617,5.2133,353011,0
RVI.US,D,20180817,000000,5.2026,5.3504,5.1882,5.303,988152,0
RVI.US,D,20180820,000000,5.2968,5.3662,5.2716,5.3456,455667,0
RVI.US,D,20180821,000000,5.333,5.4637,5.3315,5.4148,321984,0
RVI.US,D,20180822,000000,5.4277,5.4605,5.4016,5.4605,102025,0
RVI.US,D,20180823,000000,5.4684,5.5219,5.4654,5.5046,257362,0
RVI.US,D,20180824,000000,5.4857,5.5864,5.4857,5.5566,545295,0
RVI.US,D,20180827,000000,5.5958,5.6037,5.4934,5.5913,827823,0
RVI.US,D,20180828,000000,5.5707,5.662,5.4934,5.6179,1124679,0
RVI.US,D,20180829,000000,5.6337,5.6548,5.5204,5.5566,492508,0
RVI.US,D,20180830,000000,5.5296,5.6211,5.5015,5.514,472982,0
RVI.US,D,20180831,000000,5.5204,5.6367,5.4872,5.6211,651686,0
RVI.US,D,20180904,000000,5.6446,5.6446,5.4322,5.4527,288973,0
RVI.US,D,20180905,000000,5.4588,5.577,5.4195,5.451,528257,0
RVI.US,D,20180906,000000,5.4527,5.5078,5.311,5.3236,1386751,0
RVI.US,D,20180907,000000,5.3236,5.3236,5.193,5.2356,577856,0
RVI.US,D,20180910,000000,5.2542,5.2542,5.0687,5.1034,1270181,0
RVI.US,D,20180911,000000,5.0829,5.094,5.0246,5.0357,486270,0
RVI.US,D,20180912,000000,5.0325,5.1835,5.0229,5.1111,1343062,0
RVI.US,D,20180913,000000,5.1206,5.2307,5.0623,5.0908,699312,0
RVI.US,D,20180914,000000,5.0529,5.094,4.9726,5.0357,1886952,0
RVI.US,D,20180917,000000,5.0819,5.1238,5.0043,5.0246,572195,0
RVI.US,D,20180918,000000,5.0325,5.0876,5.0073,5.0276,391937,0
RVI.US,D,20180919,000000,5.034,5.034,4.9019,4.9238,302951,0
RVI.US,D,20180920,000000,4.9304,5.0073,4.8702,4.9616,529105,0
RVI.US,D,20180921,000000,4.9522,5.0325,4.8862,4.9411,2267446,0
RVI.US,D,20180924,000000,4.9379,4.9743,4.8925,4.9175,580359,0
RVI.US,D,20180925,000000,4.9411,4.9569,4.8451,4.9379,4377619,0
RVI.US,D,20180926,000000,4.9285,5.0229,4.8546,4.9649,441636,0
RVI.US,D,20180927,000000,4.9726,5.0199,4.9192,4.9649,249368,0
RVI.US,D,20180928,000000,4.946,5.1679,4.946,5.1443,532622,0
RVI.US,D,20181001,000000,5.152,5.2026,5.0182,5.0514,458802,0
RVI.US,D,20181002,000000,5.0403,5.0403,4.9019,4.9475,324233,0
RVI.US,D,20181003,000000,4.9681,5.0078,4.7995,4.8689,746863,0
RVI.US,D,20181004,000000,4.8783,4.894,4.7995,4.8531,966869,0
RVI.US,D,20181005,000000,4.8516,4.8766,4.8201,4.8451,201647,0
RVI.US,D,20181008,000000,4.8451,4.8972,4.7995,4.8721,306691,0
RVI.US,D,20181009,000000,4.8404,4.9207,4.8139,4.8689,160281,0
RVI.US,D,20181010,000000,4.8563,4.8702,4.7822,4.8107,837234,0
RVI.US,D,20181011,000000,4.7854,4.8783,4.7128,4.7618,527434,0
RVI.US,D,20181012,000000,4.8012,4.9224,4.7413,4.798,469056,0
RVI.US,D,20181015,000000,4.7854,4.7854,4.6502,4.7036,794674,0
RVI.US,D,20181016,000000,4.7021,4.8327,4.6817,4.7886,475438,0
RVI.US,D,20181017,000000,4.7807,4.831,4.651,4.743,239454,0
RVI.US,D,20181018,000000,4.7335,4.8152,4.6655,4.6989,97108,0
RVI.US,D,20181019,000000,4.7021,4.7588,4.6421,4.658,307136,0
RVI.US,D,20181022,000000,4.6736,4.6957,4.5399,4.5697,373402,0
RVI.US,D,20181023,000000,4.51,4.5982,4.417,4.5068,522745,0
RVI.US,D,20181024,000000,4.4676,4.6421,4.4628,4.4896,1226407,0
RVI.US,D,20181025,000000,4.5038,4.5635,4.4644,4.5068,365939,0
RVI.US,D,20181026,000000,4.4661,4.5226,4.3873,4.4517,629725,0
RVI.US,D,20181029,000000,4.4879,4.6233,4.4108,4.4598,343998,0
RVI.US,D,20181030,000000,4.4504,4.4911,4.4061,4.4346,267303,0
RVI.US,D,20181031,000000,4.4581,4.5211,4.3778,4.4076,772431,0
RVI.US,D,20181101,000000,4.4517,4.4847,4.3982,4.414,171336,0
RVI.US,D,20181102,000000,4.4076,4.5194,4.3241,4.4361,844358,0
RVI.US,D,20181105,000000,4.4061,4.4847,4.4061,4.447,471958,0
RVI.US,D,20181106,000000,4.4517,4.5005,4.4267,4.4847,196295,0
RVI.US,D,20181107,000000,4.4847,4.5556,4.4847,4.5337,98869,0
RVI.US,D,20181108,000000,4.5022,4.5432,4.4455,4.4864,68399,0
RVI.US,D,20181109,000000,4.4661,4.5997,4.414,4.4504,564726,0
RVI.US,D,20181112,000000,4.4061,4.4346,4.3669,4.417,899606,0
RVI.US,D,20181113,000000,4.4157,4.4549,4.2962,4.4108,549428,0
RVI.US,D,20181114,000000,4.4265,4.4857,4.3526,4.4061,466600,0
RVI.US,D,20181115,000000,4.4157,4.5492,4.3857,4.4314,546563,0
RVI.US,D,20181116,000000,4.414,4.4487,4.3825,4.3952,454686,0
RVI.US,D,20181119,000000,4.4265,4.4319,4.3982,4.4076,243973,0
RVI.US,D,20181120,000000,4.3825,4.4234,4.3825,4.4061,957157,0
RVI.US,D,20181121,000000,4.4346,4.6091,4.3982,4.5243,465088,0
RVI.US,D,20181123,000000,4.4958,4.5895,4.4864,4.5322,182603,0
RVI.US,D,20181126,000000,4.5337,4.5925,4.4693,4.5275,432592,0
RVI.US,D,20181127,000000,4.5132,4.5603,4.4046,4.4815,232738,0
RVI.US,D,20181128,000000,4.4943,4.5933,4.4676,4.5226,638928,0
RVI.US,D,20181129,000000,4.5211,4.6421,4.4815,4.5635,402599,0
RVI.US,D,20181130,000000,4.5682,4.5793,4.5322,4.562,380473,0
RVI.US,D,20181203,000000,4.5744,4.6911,4.4291,4.4721,405745,0
RVI.US,D,20181204,000000,4.4517,4.5635,4.3369,4.4504,256264,0
RVI.US,D,20181206,000000,4.4265,4.5967,4.417,4.5667,289503,0
RVI.US,D,20181207,000000,4.5667,4.6359,4.4928,4.5667,172424,0
RVI.US,D,20181210,000000,4.565,4.589,4.4785,4.5149,199456,0
RVI.US,D,20181211,000000,4.5181,4.6029,4.4785,4.51,334402,0
RVI.US,D,20181212,000000,4.5556,4.562,4.51,4.5149,428263,0
RVI.US,D,20181213,000000,4.5326,4.5635,4.4061,4.4282,553746,0
RVI.US,D,20181214,000000,4.3854,4.6246,4.2549,4.5041,460415,0
RVI.US,D,20181217,000000,4.4645,4.4645,4.3573,4.3573,459641,0
RVI.US,D,20181218,000000,4.3588,4.4661,4.3292,4.4135,292241,0
RVI.US,D,20181219,000000,4.3984,4.4397,4.2945,4.4199,314961,0
RVI.US,D,20181220,000000,4.3688,4.4546,4.3622,4.4365,1091360,0
RVI.US,D,20181221,000000,4.448,4.4628,4.2583,4.3292,752088,0
RVI.US,D,20181224,000000,4.2896,4.3522,4.2302,4.2517,237464,0
RVI.US,D,20181226,000000,4.2121,4.3788,4.1718,4.3441,174503,0
RVI.US,D,20181227,000000,4.2764,4.3358,4.1708,4.2236,285949,0
RVI.US,D,20181228,000000,4.2402,4.306,4.0421,4.1774,327554,0
RVI.US,D,20181231,000000,4.1759,4.3177,4.0817,4.2221,780930,0
RVI.US,D,20190102,000000,4.1906,4.2847,4.1378,4.2153,416365,0
RVI.US,D,20190103,000000,4.2055,4.2945,4.1659,4.2715,466537,0
RVI.US,D,20190104,000000,4.2798,4.4069,4.2798,4.3837,300930,0
RVI.US,D,20190107,000000,4.3803,4.6212,4.3803,4.5669,197881,0
RVI.US,D,20190108,000000,4.5899,4.8702,4.543,4.8191,596931,0
RVI.US,D,20190109,000000,4.8191,4.8374,4.6989,4.7878,401623,0
RVI.US,D,20190110,000000,4.7929,4.9826,4.7929,4.9249,484880,0
RVI.US,D,20190111,000000,4.8174,5.0815,4.7682,5.0354,275754,0
RVI.US,D,20190114,000000,5.0453,5.0674,4.8729,4.9594,257442,0
RVI.US,D,20190115,000000,4.9215,5.0322,4.8851,4.9496,201838,0
RVI.US,D,20190116,000000,4.9479,4.9496,4.8587,4.9132,190905,0
RVI.US,D,20190117,000000,4.8721,4.9496,4.8721,4.9496,222887,0
RVI.US,D,20190118,000000,4.8606,4.9496,4.834,4.8606,93516,0
RVI.US,D,20190122,000000,4.8044,4.8836,4.717,4.7582,369275,0
RVI.US,D,20190123,000000,4.7713,4.854,4.7104,4.811,2648657,0
RVI.US,D,20190124,000000,4.9183,5.0734,4.8027,4.9183,692219,0
RVI.US,D,20190125,000000,4.9132,5.0369,4.8593,5.0273,419150,0
RVI.US,D,20190128,000000,4.9975,5.0947,4.8968,5.0584,168328,0
RVI.US,D,20190129,000000,5.0388,5.07,4.8868,5.0122,238531,0
RVI.US,D,20190130,000000,4.9926,5.0503,4.8977,4.9479,168636,0
RVI.US,D,20190131,000000,4.9545,5.0584,4.9002,5.0173,292490,0
RVI.US,D,20190201,000000,5.0156,5.0915,4.9579,4.9926,759159,0
RVI.US,D,20190204,000000,4.9926,5.1954,4.9669,5.0273,485580,0
RVI.US,D,20190205,000000,5.0288,5.1641,4.9926,5.126,371190,0
RVI.US,D,20190206,000000,5.1343,5.1524,4.9992,5.0486,396255,0
RVI.US,D,20190207,000000,5.0486,5.1854,4.9777,5.1377,1372365,0
RVI.US,D,20190208,000000,5.1377,5.1377,5.0923,5.1079,316329,0
RVI.US,D,20190211,000000,5.1145,5.192,5.0668,5.1722,356883,0
RVI.US,D,20190212,000000,5.1773,5.1969,5.1096,5.1722,300845,0
RVI.US,D,20190213,000000,5.1592,5.1954,5.1253,5.1592,646350,0
RVI.US,D,20190214,000000,5.1558,5.3142,5.0996,5.212,759037,0
RVI.US,D,20190215,000000,5.2301,5.2778,5.0288,5.1096,1366673,0
RVI.US,D,20190219,000000,5.1096,5.3843,5.1096,5.2169,505982,0
RVI.US,D,20190220,000000,5.2399,5.2797,5.2054,5.2597,522581,0
RVI.US,D,20190221,000000,5.2482,5.2482,5.0864,5.1507,454102,0
RVI.US,D,20190222,000000,5.136,5.225,5.1245,5.1822,126761,0
RVI.US,D,20190225,000000,5.1805,5.2763,5.169,5.212,202262,0
RVI.US,D,20190226,000000,5.2497,5.2763,5.1988,5.2497,270353,0
RVI.US,D,20190227,000000,5.2497,5.2497,5.1196,5.1245,96901,0
RVI.US,D,20190228,000000,5.1162,5.2316,5.0881,5.136,500200,0
RVI.US,D,20190301,000000,5.1541,5.2497,5.1145,5.1607,503776,0
RVI.US,D,20190304,000000,5.1624,5.2054,5.0798,5.1226,251819,0
RVI.US,D,20190305,000000,5.1326,5.235,5.0947,5.1443,506465,0
RVI.US,D,20190306,000000,5.1443,5.2086,5.0996,5.1558,432136,0
RVI.US,D,20190307,000000,5.1426,5.2201,5.0674,5.1311,684830,0
RVI.US,D,20190308,000000,5.1079,5.1788,5.0273,5.1558,543900,0
RVI.US,D,20190311,000000,5.1888,5.192,5.0535,5.1888,378924,0
RVI.US,D,20190312,000000,5.2069,5.2284,5.1155,5.2069,200273,0
RVI.US,D,20190313,000000,5.1954,5.245,5.0996,5.1573,337261,0
RVI.US,D,20190314,000000,5.1409,5.2301,5.1045,5.1969,669261,0
RVI.US,D,20190315,000000,5.2103,5.2431,5.1145,5.1145,1393955,0
RVI.US,D,20190318,000000,5.1145,5.2069,5.0964,5.1558,494736,0
RVI.US,D,20190319,000000,5.1905,5.2416,5.1756,5.1937,347887,0
RVI.US,D,20190320,000000,5.1756,5.2697,5.1226,5.2497,580577,0
RVI.US,D,20190321,000000,5.2335,5.367,5.1822,5.3306,1099837,0
RVI.US,D,20190322,000000,5.3406,5.3892,5.2382,5.2431,353600,0
RVI.US,D,20190325,000000,5.2614,5.3901,5.1773,5.2482,125647,0
RVI.US,D,20190326,000000,5.2927,5.2927,5.1502,5.2054,439653,0
RVI.US,D,20190327,000000,5.1641,5.2086,5.0815,5.1641,1137161,0
RVI.US,D,20190328,000000,5.1854,5.2259,5.1426,5.1988,269844,0
RVI.US,D,20190329,000000,5.2184,5.2425,5.1145,5.1426,490620,0
RVI.US,D,20190401,000000,5.1739,5.3726,5.1326,5.3093,746237,0
RVI.US,D,20190402,000000,5.4001,5.4363,5.2589,5.4001,608522,0
RVI.US,D,20190403,000000,5.4312,5.4463,5.3406,5.4033,265383,0
RVI.US,D,20190404,000000,5.4097,5.4116,5.3423,5.4048,224473,0
RVI.US,D,20190405,000000,5.4363,5.6096,5.4092,5.5368,715761,0
RVI.US,D,20190408,000000,5.5534,5.5649,5.5021,5.56,292495,0
RVI.US,D,20190409,000000,5.5617,5.6591,5.5353,5.6013,923350,0
RVI.US,D,20190410,000000,5.5979,5.6656,5.5798,5.6226,898147,0
RVI.US,D,20190411,000000,5.6407,5.6407,5.6096,5.636,275069,0
RVI.US,D,20190412,000000,5.6507,5.6507,5.6062,5.6407,572132,0
RVI.US,D,20190415,000000,5.6426,5.6426,5.5822,5.6343,248551,0
RVI.US,D,20190416,000000,5.613,5.6194,5.504,5.5121,344688,0
RVI.US,D,20190417,000000,5.5302,5.5302,5.3967,5.4378,322276,0
RVI.US,D,20190418,000000,5.3306,5.5898,5.3306,5.4429,296490,0
RVI.US,D,20190422,000000,5.4759,5.5138,5.3916,5.4182,1153605,0
RVI.US,D,20190423,000000,5.4346,5.5436,5.4263,5.5221,511420,0
RVI.US,D,20190424,000000,5.5221,5.6079,5.5121,5.5881,886403,0
RVI.US,D,20190425,000000,5.5568,5.6096,5.494,5.5006,210750,0
RVI.US,D,20190426,000000,5.5021,5.6507,5.4527,5.6226,373010,0
RVI.US,D,20190429,000000,5.6311,5.6624,5.5864,5.626,195228,0
RVI.US,D,20190430,000000,5.6045,5.6045,5.4444,5.527,509234,0
RVI.US,D,20190501,000000,5.5468,5.5864,5.4395,5.4644,143990,0
RVI.US,D,20190502,000000,5.4429,5.5163,5.3769,5.4163,377418,0
RVI.US,D,20190503,000000,5.4263,5.5261,5.4263,5.5187,255299,0
RVI.US,D,20190506,000000,5.4825,5.5749,5.4825,5.5649,188672,0
RVI.US,D,20190507,000000,5.5302,5.5558,5.3884,5.4182,289684,0
RVI.US,D,20190508,000000,5.3933,5.5072,5.3159,5.3636,437414,0
RVI.US,D,20190509,000000,5.3571,5.4065,5.2829,5.3801,784367,0
RVI.US,D,20190510,000000,5.3901,5.4825,5.3142,5.4182,251172,0
RVI.US,D,20190513,000000,5.3472,5.4874,5.3225,5.4197,234006,0
RVI.US,D,20190514,000000,5.4065,5.4463,5.2978,5.395,385412,0
RVI.US,D,20190515,000000,5.3933,5.451,5.3621,5.4231,317963,0
RVI.US,D,20190516,000000,5.4278,5.475,5.395,5.4297,237279,0
RVI.US,D,20190517,000000,5.395,5.4454,5.3406,5.4097,689328,0
RVI.US,D,20190520,000000,5.4033,5.4725,5.3044,5.3208,208304,0
RVI.US,D,20190521,000000,5.3555,5.4148,5.2863,5.3884,340110,0
RVI.US,D,20190522,000000,5.3982,5.4339,5.3571,5.3786,599944,0
RVI.US,D,20190523,000000,5.3621,5.5798,5.3621,5.5121,288257,0
RVI.US,D,20190524,000000,5.5055,5.6045,5.4857,5.5253,621418,0
RVI.US,D,20190528,000000,5.5236,5.5764,5.4495,5.4593,777853,0
RVI.US,D,20190529,000000,5.4363,5.4857,5.344,5.3817,694590,0
RVI.US,D,20190530,000000,5.3769,5.4214,5.333,5.3587,476281,0
RVI.US,D,20190531,000000,5.3108,5.3489,5.2184,5.2663,442464,0
RVI.US,D,20190603,000000,5.2778,5.385,5.2704,5.385,550335,0
RVI.US,D,20190604,000000,5.4148,5.4429,5.3225,5.4263,748460,0
RVI.US,D,20190605,000000,5.4395,5.6311,5.4346,5.6194,838485,0
RVI.US,D,20190606,000000,5.6326,5.6607,5.5006,5.636,394653,0
RVI.US,D,20190607,000000,5.6492,5.6985,5.5881,5.6311,550271,0
RVI.US,D,20190610,000000,5.6045,5.687,5.5387,5.6045,280851,0
RVI.US,D,20190611,000000,5.5915,5.6392,5.5036,5.5749,397830,0
RVI.US,D,20190612,000000,5.5683,5.6441,5.5683,5.6062,758358,0
RVI.US,D,20190613,000000,5.57,5.7315,5.57,5.6936,380526,0
RVI.US,D,20190614,000000,5.6558,5.7415,5.6311,5.7053,641125,0
RVI.US,D,20190617,000000,5.7068,5.7711,5.6763,5.7217,542044,0
RVI.US,D,20190618,000000,5.7579,5.7796,5.6616,5.7085,406509,0
RVI.US,D,20190619,000000,5.7134,5.7381,5.6326,5.72,427781,0
RVI.US,D,20190620,000000,5.72,5.7564,5.613,5.6788,347240,0
RVI.US,D,20190621,000000,5.6706,5.6772,5.5483,5.6377,834825,0
RVI.US,D,20190624,000000,5.6377,5.7315,5.5798,5.6492,1047007,0
RVI.US,D,20190625,000000,5.6292,5.7134,5.5668,5.6277,488599,0
RVI.US,D,20190626,000000,5.6096,5.626,5.5287,5.5468,659675,0
RVI.US,D,20190627,000000,5.6096,5.7117,5.6096,5.6755,629327,0
RVI.US,D,20190628,000000,5.6591,5.8073,5.626,5.7415,9860613,0
RVI.US,D,20190701,000000,5.7579,5.7711,5.603,5.6426,905065,0
RVI.US,D,20190702,000000,5.6343,5.8207,5.6343,5.7645,1354403,0
RVI.US,D,20190703,000000,5.7332,5.8224,5.7183,5.7977,170684,0
RVI.US,D,20190705,000000,5.7579,5.763,5.6722,5.7002,420370,0
RVI.US,D,20190708,000000,5.6772,5.7696,5.6079,5.6441,498869,0
RVI.US,D,20190709,000000,5.6343,5.8083,5.6284,5.7926,641825,0
RVI.US,D,20190710,000000,5.7811,6.0226,5.7728,5.9676,1258675,0
RVI.US,D,20190711,000000,5.9766,6.0292,5.875,5.9016,551847,0
RVI.US,D,20190712,000000,5.8933,5.9955,5.8273,5.8354,445228,0
RVI.US,D,20190715,000000,5.8527,5.9824,5.8141,5.8388,485787,0
RVI.US,D,20190716,000000,5.8224,5.9312,5.8041,5.8867,344248,0
RVI.US,D,20190717,000000,5.8933,5.9939,5.8933,5.9643,455805,0
RVI.US,D,20190718,000000,5.951,6.0269,5.8735,5.9774,408891,0
RVI.US,D,20190719,000000,5.9527,6.0005,5.9197,5.9429,298527,0
RVI.US,D,20190722,000000,5.9412,6.0286,5.9278,5.9708,260333,0
RVI.US,D,20190723,000000,5.974,6.0863,5.9692,6.0797,343510,0
RVI.US,D,20190724,000000,6.0616,6.0878,5.9412,5.9988,406509,0
RVI.US,D,20190725,000000,5.989,6.0673,5.9116,5.9971,281992,0
RVI.US,D,20190726,000000,6.0203,6.1012,5.9643,6.0631,274014,0
RVI.US,D,20190729,000000,6.0897,6.1044,6.0477,6.0782,239279,0
RVI.US,D,20190730,000000,6.0567,6.1853,6.0501,6.1772,454495,0
RVI.US,D,20190731,000000,6.1672,6.2679,6.1572,6.21,774118,0
RVI.US,D,20190801,000000,6.1902,6.3668,6.1902,6.2464,1189730,0
RVI.US,D,20190802,000000,6.2364,6.3255,5.9131,6.1506,465884,0
RVI.US,D,20190805,000000,6.1127,6.2068,5.9031,5.9758,523467,0
RVI.US,D,20190806,000000,5.9906,6.1291,5.989,6.0335,500747,0
RVI.US,D,20190807,000000,6.0863,6.154,5.9493,6.0782,449015,0
RVI.US,D,20190808,000000,6.1159,6.2398,6.0386,6.1953,448267,0
RVI.US,D,20190809,000000,6.187,6.2695,6.1127,6.2564,356692,0
RVI.US,D,20190812,000000,6.2826,6.2982,6.187,6.2415,176232,0
RVI.US,D,20190813,000000,6.2315,6.2513,6.1621,6.1787,406997,0
RVI.US,D,20190814,000000,6.0797,6.1374,5.9824,6.0467,262041,0
RVI.US,D,20190815,000000,6.0631,6.1523,6.0416,6.0878,294161,0
RVI.US,D,20190816,000000,6.1029,6.2002,5.9971,6.1244,339033,0
RVI.US,D,20190819,000000,6.1721,6.187,6.0886,6.1557,206374,0
RVI.US,D,20190820,000000,6.1853,6.304,6.1259,6.2298,409517,0
RVI.US,D,20190821,000000,6.2695,6.3221,6.1787,6.2019,283769,0
RVI.US,D,20190822,000000,6.2183,6.2645,6.1406,6.2315,154048,0
RVI.US,D,20190823,000000,6.2447,6.281,6.0599,6.0814,337134,0
RVI.US,D,20190826,000000,6.1276,6.2695,6.0582,6.2611,331325,0
RVI.US,D,20190827,000000,6.3238,6.3372,6.0929,6.1589,825399,0
RVI.US,D,20190828,000000,6.1621,6.2234,6.1078,6.1621,302256,0
RVI.US,D,20190829,000000,6.2168,6.2283,6.1093,6.1391,380495,0
RVI.US,D,20190830,000000,6.187,6.187,6.0411,6.1029,464309,0
RVI.US,D,20190903,000000,6.0782,6.1687,6.0731,6.0978,299662,0
RVI.US,D,20190904,000000,6.1244,6.1606,6.0748,6.1425,691837,0
RVI.US,D,20190905,000000,6.1291,6.2679,6.0731,6.2149,486477,0
RVI.US,D,20190906,000000,6.2596,6.2892,6.1772,6.2068,336980,0
RVI.US,D,20190909,000000,6.2149,6.3478,6.0878,6.131,520087,0
RVI.US,D,20190910,000000,6.1193,6.14,6.0137,6.111,494864,0
RVI.US,D,20190911,000000,6.1044,6.1621,6.0526,6.0829,537922,0
RVI.US,D,20190912,000000,6.1193,6.1738,5.9906,6.1259,808217,0
RVI.US,D,20190913,000000,6.144,6.3073,6.1061,6.2266,619948,0
RVI.US,D,20190916,000000,6.2332,6.2545,6.1359,6.1902,533561,0
RVI.US,D,20190917,000000,6.1853,6.21,6.1457,6.2083,282050,0
RVI.US,D,20190918,000000,6.2381,6.2554,6.0863,6.1721,692357,0
RVI.US,D,20190919,000000,6.21,6.2513,6.1457,6.1638,500513,0
RVI.US,D,20190920,000000,6.1887,6.2034,6.0963,6.1638,1248320,0
RVI.US,D,20190923,000000,6.154,6.1836,6.0878,6.1474,749367,0
RVI.US,D,20190924,000000,6.1936,6.1968,6.0748,6.0929,806822,0
RVI.US,D,20190925,000000,6.1127,6.1572,6.0616,6.1276,1343688,0
RVI.US,D,20190926,000000,6.1621,6.281,6.1589,6.2168,1419020,0
RVI.US,D,20190927,000000,6.2298,6.2513,6.1359,6.1523,513282,0
RVI.US,D,20190930,000000,6.1491,6.2283,6.1078,6.111,483024,0
RVI.US,D,20191001,000000,6.1225,6.1425,6.0318,6.055,387571,0
RVI.US,D,20191002,000000,6.022,6.0944,6.022,6.0797,595027,0
RVI.US,D,20191003,000000,6.0665,6.1672,6.045,6.0748,303640,0
RVI.US,D,20191004,000000,6.0897,6.1802,6.0533,6.0829,346879,0
RVI.US,D,20191007,000000,6.0467,6.0939,6.0426,6.0665,444724,0
RVI.US,D,20191008,000000,6.0352,6.0805,5.9758,6.0318,460659,0
RVI.US,D,20191009,000000,6.0416,6.0863,6.0137,6.0616,312361,0
RVI.US,D,20191010,000000,6.0318,6.0714,6.0228,6.045,281668,0
RVI.US,D,20191011,000000,6.0763,6.1029,6.0086,6.0482,471640,0
RVI.US,D,20191014,000000,6.0401,6.0878,5.9016,5.9363,487899,0
RVI.US,D,20191015,000000,5.9363,6.0186,5.9297,6.0005,557151,0
RVI.US,D,20191016,000000,6.0005,6.0386,5.9331,5.9922,496269,0
RVI.US,D,20191017,000000,5.9856,6.0748,5.9263,5.9429,486742,0
RVI.US,D,20191018,000000,5.9378,5.974,5.8769,5.9278,443392,0
RVI.US,D,20191021,000000,5.9544,6.0848,5.9534,6.0582,356448,0
RVI.US,D,20191022,000000,6.045,6.0863,5.8967,5.9065,538367,0
RVI.US,D,20191023,000000,5.9097,5.9758,5.885,5.9065,863253,0
RVI.US,D,20191024,000000,5.9329,5.9791,5.8884,5.9395,544510,0
RVI.US,D,20191025,000000,5.9297,5.9312,5.8305,5.8488,293604,0
RVI.US,D,20191028,000000,5.8586,5.9395,5.8045,5.8769,396568,0
RVI.US,D,20191029,000000,5.8488,5.9577,5.8339,5.9278,381052,0
RVI.US,D,20191030,000000,5.9278,6.1044,5.9131,6.0829,499983,0
RVI.US,D,20191031,000000,6.0731,6.111,6.0047,6.0401,296092,0
RVI.US,D,20191101,000000,6.0516,6.0814,5.9676,6.045,339511,0
RVI.US,D,20191104,000000,6.0697,6.2134,6.0416,6.1589,377524,0
RVI.US,D,20191105,000000,6.1572,6.1853,6.045,6.0929,394085,0
RVI.US,D,20191106,000000,6.0697,6.22,6.0658,6.0912,287679,0
RVI.US,D,20191107,000000,6.1259,6.2002,6.0797,6.1853,324795,0
RVI.US,D,20191108,000000,6.1753,6.2134,6.012,6.0416,332646,0
RVI.US,D,20191111,000000,6.0433,6.0848,5.9197,6.0829,342174,0
RVI.US,D,20191112,000000,6.0944,6.1325,6.0105,6.0137,254323,0
RVI.US,D,20191113,000000,5.9955,6.0731,5.9922,6.0433,343675,0
RVI.US,D,20191114,000000,6.0697,6.1506,6.0137,6.1144,279562,0
RVI.US,D,20191115,000000,6.144,6.2149,6.1244,6.1706,254222,0
RVI.US,D,20191118,000000,6.187,6.3372,6.0814,6.3287,424985,0
RVI.US,D,20191119,000000,6.3419,6.4096,6.2398,6.3783,393687,0
RVI.US,D,20191120,000000,6.37,6.4015,6.1589,6.1802,380892,0
RVI.US,D,20191121,000000,6.1772,6.1853,6.1193,6.1557,372320,0
RVI.US,D,20191122,000000,6.1802,6.3438,6.1491,6.3206,572142,0
RVI.US,D,20191125,000000,6.2735,6.3938,6.1619,6.1759,696792,0
RVI.US,D,20191126,000000,6.1532,6.1968,6.0207,6.1968,510014,0
RVI.US,D,20191127,000000,6.209,6.2718,6.1864,6.2386,331447,0
RVI.US,D,20191129,000000,6.2194,6.2752,6.1636,6.1898,108513,0
RVI.US,D,20191202,000000,6.1881,6.1881,5.9579,5.9824,552706,0
RVI.US,D,20191203,000000,5.9824,6.1568,5.9824,6.108,381333,0
RVI.US,D,20191204,000000,6.1184,6.1898,6.1131,6.1446,340763,0
RVI.US,D,20191205,000000,6.1568,6.1881,6.0914,6.1619,192783,0
RVI.US,D,20191206,000000,6.1898,6.2403,6.1393,6.1811,230213,0
RVI.US,D,20191209,000000,6.1689,6.2492,6.1689,6.2264,242525,0
RVI.US,D,20191210,000000,6.2334,6.3974,6.1985,6.3851,418821,0
RVI.US,D,20191211,000000,6.3868,6.4156,6.3084,6.3555,545709,0
RVI.US,D,20191212,000000,6.3519,6.4426,6.2596,6.2961,420656,0
RVI.US,D,20191213,000000,6.2841,6.3154,6.1619,6.2752,314998,0
RVI.US,D,20191216,000000,6.3467,6.3555,6.2038,6.2701,654476,0
RVI.US,D,20191217,000000,6.3223,6.3223,6.1498,6.2369,601313,0
RVI.US,D,20191218,000000,6.2648,6.4287,6.2247,6.3904,386208,0
RVI.US,D,20191219,000000,6.3904,6.624,6.3712,6.5665,677393,0
RVI.US,D,20191220,000000,6.5838,6.6081,6.2283,6.3171,1325923,0
RVI.US,D,20191223,000000,6.3695,6.5071,6.3084,6.3904,452426,0
RVI.US,D,20191224,000000,6.4147,6.4409,6.3815,6.4287,164408,0
RVI.US,D,20191226,000000,6.4287,6.4409,6.3712,6.4183,421919,0
RVI.US,D,20191227,000000,6.4409,6.4496,6.3798,6.4234,209657,0
RVI.US,D,20191230,000000,6.3712,6.4409,6.3536,6.4147,307985,0
RVI.US,D,20191231,000000,6.4339,6.4356,6.3834,6.4147,395581,0
RVI.US,D,20200102,000000,6.4392,6.4409,6.2482,6.3067,336667,0
RVI.US,D,20200103,000000,6.2439,6.3293,6.2369,6.2961,327867,0
RVI.US,D,20200106,000000,6.2631,6.3555,6.2386,6.291,480971,0
RVI.US,D,20200107,000000,6.2665,6.3223,6.2213,6.2752,320965,0
RVI.US,D,20200108,000000,6.2701,6.3938,6.2073,6.2841,439828,0
RVI.US,D,20200109,000000,6.2752,6.298,6.1027,6.1359,371418,0
RVI.US,D,20200110,000000,6.1306,6.1306,6.0243,6.0678,465513,0
RVI.US,D,20200113,000000,6.0486,6.1037,6.026,6.0643,644254,0
RVI.US,D,20200114,000000,6.0748,6.0991,6.0156,6.094,341638,0
RVI.US,D,20200115,000000,6.0801,6.1776,6.0416,6.127,671022,0
RVI.US,D,20200116,000000,6.1532,6.2317,6.1193,6.1828,413469,0
RVI.US,D,20200117,000000,6.2283,6.2283,6.1532,6.1759,265431,0
RVI.US,D,20200121,000000,6.1602,6.2021,6.1489,6.1759,282894,0
RVI.US,D,20200122,000000,6.1776,6.2021,6.0957,6.1253,351706,0
RVI.US,D,20200123,000000,6.1097,6.2317,6.1001,6.1845,453317,0
RVI.US,D,20200124,000000,6.1725,6.1934,6.0678,6.0731,246010,0
RVI.US,D,20200127,000000,6.0469,6.0573,5.9144,5.9353,390828,0
RVI.US,D,20200128,000000,5.9476,5.9476,5.8369,5.8569,346317,0
RVI.US,D,20200129,000000,5.8465,5.8691,5.7854,5.8516,415368,0
RVI.US,D,20200130,000000,5.815,5.8482,5.7592,5.8117,274093,0
RVI.US,D,20200131,000000,5.7802,5.7977,5.6965,5.7296,512412,0
RVI.US,D,20200203,000000,5.7592,5.8237,5.6686,5.7662,357748,0
RVI.US,D,20200204,000000,5.7802,5.911,5.7611,5.8535,599992,0
RVI.US,D,20200205,000000,5.8831,5.9772,5.8482,5.951,461168,0
RVI.US,D,20200206,000000,5.9632,6.0296,5.8744,5.8778,312934,0
RVI.US,D,20200207,000000,5.8675,5.9459,5.8465,5.8884,551237,0
RVI.US,D,20200210,000000,5.8831,5.9353,5.8326,5.8935,357631,0
RVI.US,D,20200211,000000,5.9004,5.9493,5.8429,5.8691,389884,0
RVI.US,D,20200212,000000,5.8865,5.9632,5.8691,5.9091,173118,0
RVI.US,D,20200213,000000,5.8795,5.9894,5.8795,5.9841,121902,0
RVI.US,D,20200214,000000,6.0051,6.0765,5.9519,6.0243,241395,0
RVI.US,D,20200218,000000,5.9964,6.0852,5.9894,6.0573,182916,0
RVI.US,D,20200219,000000,6.0765,6.0765,5.9266,5.93,226043,0
RVI.US,D,20200220,000000,5.9319,5.9319,5.7768,5.7871,490121,0
RVI.US,D,20200221,000000,5.8098,5.8954,5.7871,5.8326,292665,0
RVI.US,D,20200224,000000,5.7542,5.8326,5.7017,5.7958,313242,0
RVI.US,D,20200225,000000,5.8167,5.897,5.5425,5.613,232701,0
RVI.US,D,20200226,000000,5.6407,5.6738,5.4908,5.517,195244,0
RVI.US,D,20200227,000000,5.4439,5.5413,5.2363,5.245,449052,0
RVI.US,D,20200228,000000,5.1108,5.1858,4.8146,4.8442,858458,0
RVI.US,D,20200302,000000,4.8493,4.9157,4.7466,4.907,292071,0
RVI.US,D,20200303,000000,4.8372,5.0725,4.7867,4.8024,287710,0
RVI.US,D,20200304,000000,4.8267,4.9419,4.7901,4.8267,255569,0
RVI.US,D,20200305,000000,4.7396,4.7396,4.3352,4.3578,1000321,0
RVI.US,D,20200306,000000,4.2672,4.333,4.119,4.1852,560774,0
RVI.US,D,20200309,000000,3.8366,4.0023,3.7599,3.8017,908794,0
RVI.US,D,20200310,000000,3.8662,4.037,3.7512,4.03,664921,0
RVI.US,D,20200311,000000,3.8958,4.1313,3.8157,3.9744,1258983,0
RVI.US,D,20200312,000000,3.6449,3.6605,3.2422,3.3014,1095476,0
RVI.US,D,20200313,000000,3.4027,3.6675,3.3748,3.6675,822396,0
RVI.US,D,20200316,000000,3.2718,3.5857,3.1063,3.2788,980582,0
RVI.US,D,20200317,000000,3.3433,3.6815,3.2718,3.5159,877045,0
RVI.US,D,20200318,000000,3.2911,3.3389,2.498,2.4997,909223,0
RVI.US,D,20200319,000000,2.4771,2.6164,2.2801,2.3462,1068751,0
RVI.US,D,20200320,000000,2.3359,2.3741,1.4503,1.6228,5379415,0
RVI.US,D,20200323,000000,1.6996,1.9854,1.6246,1.9488,1110823,0
RVI.US,D,20200324,000000,2.0412,2.1651,1.8617,2.1249,755223,0
RVI.US,D,20200325,000000,2.1283,2.2661,2.0167,2.0674,587892,0
RVI.US,D,20200326,000000,2.0987,2.2137,2.0325,2.1179,411745,0
RVI.US,D,20200327,000000,2.0203,2.0917,1.9698,2.0638,416254,0
RVI.US,D,20200330,000000,2.0831,2.1894,2.0465,2.1894,623349,0
RVI.US,D,20200331,000000,2.1579,2.308,2.0046,2.1353,1230857,0
RVI.US,D,20200401,000000,2.0359,2.1668,1.7937,1.8512,595552,0
RVI.US,D,20200402,000000,1.893,1.913,1.7431,1.792,347197,0
RVI.US,D,20200403,000000,1.764,1.778,1.6281,1.7205,484026,0
RVI.US,D,20200406,000000,1.8146,2.0465,1.7588,1.8495,423038,0
RVI.US,D,20200407,000000,1.907,2.0917,1.8791,1.9592,942887,0
RVI.US,D,20200408,000000,2.0011,2.1426,1.8774,2.0011,660322,0
RVI.US,D,20200409,000000,2.0465,2.2678,1.9436,2.0917,641310,0
RVI.US,D,20200413,000000,2.0883,2.1598,1.9703,2.1249,413060,0
RVI.US,D,20200414,000000,2.1685,2.3707,2.0273,2.2435,611408,0
RVI.US,D,20200415,000000,2.1372,2.1841,1.9541,2.1509,590353,0
RVI.US,D,20200416,000000,2.1615,2.3236,1.9209,1.9784,701937,0
RVI.US,D,20200417,000000,2.0046,2.2486,1.9662,2.0516,234807,0
RVI.US,D,20200420,000000,1.9784,1.9856,1.703,1.8338,595090,0
RVI.US,D,20200421,000000,1.7571,1.8478,1.7431,1.7623,177394,0
RVI.US,D,20200422,000000,1.8199,1.8495,1.6159,1.6333,453620,0
RVI.US,D,20200423,000000,1.6839,1.8651,1.6385,1.8146,755239,0
RVI.US,D,20200424,000000,1.8163,1.8293,1.6734,1.8216,669696,0
RVI.US,D,20200427,000000,1.8425,2.1764,1.8389,2.1179,888312,0
RVI.US,D,20200428,000000,2.1179,2.3741,2.1179,2.3585,833663,0
RVI.US,D,20200429,000000,2.4403,2.6416,2.3585,2.6269,893134,0
RVI.US,D,20200430,000000,2.5449,2.6252,2.4386,2.5223,502205,0
RVI.US,D,20200501,000000,2.4701,2.51,2.2486,2.2957,400854,0
RVI.US,D,20200504,000000,2.2574,2.3357,2.1232,2.219,316653,0
RVI.US,D,20200505,000000,2.2625,2.3967,2.1858,2.1998,568180,0
RVI.US,D,20200506,000000,2.2016,2.2016,2.0482,2.0621,625640,0
RVI.US,D,20200507,000000,2.1528,2.3114,2.097,2.2207,679865,0
RVI.US,D,20200508,000000,2.3061,2.5083,2.1981,2.4752,357658,0
RVI.US,D,20200511,000000,2.4282,2.4282,2.1824,2.1858,280469,0
RVI.US,D,20200512,000000,2.1877,2.1877,2.0099,2.0569,689286,0
RVI.US,D,20200513,000000,2.015,2.0186,1.8242,1.9174,845047,0
RVI.US,D,20200514,000000,1.8825,1.9732,1.7658,1.914,465104,0
RVI.US,D,20200515,000000,1.9436,1.9488,1.8129,1.9192,443339,0
RVI.US,D,20200518,000000,2.0133,2.1737,1.9645,2.0744,1108096,0
RVI.US,D,20200519,000000,2.0325,2.0499,1.9366,2.0203,876303,0
RVI.US,D,20200520,000000,2.0708,2.1475,2.0167,2.104,478435,0
RVI.US,D,20200521,000000,2.0674,2.1353,2.0604,2.0778,429335,0
RVI.US,D,20200522,000000,2.1004,2.1319,1.9784,2.0516,842490,0
RVI.US,D,20200526,000000,2.1179,2.2086,2.0359,2.09,710754,0
RVI.US,D,20200527,000000,2.1545,2.2442,2.0011,2.2243,657150,0
RVI.US,D,20200528,000000,2.2678,2.301,2.0237,2.0655,899298,0
RVI.US,D,20200529,000000,2.0203,2.1911,2.0133,2.0203,2337426,0
RVI.US,D,20200601,000000,2.0307,2.2695,2.0203,2.2137,709131,0
RVI.US,D,20200602,000000,2.2505,2.3688,2.2505,2.3323,458500,0
RVI.US,D,20200603,000000,2.3898,2.4857,2.3585,2.4003,748624,0
RVI.US,D,20200604,000000,2.3811,2.505,2.3498,2.4665,597430,0
RVI.US,D,20200605,000000,2.606,2.8897,2.606,2.7036,1040663,0
RVI.US,D,20200608,000000,2.8152,2.9267,2.7419,2.8396,1446657,0
RVI.US,D,20200609,000000,2.7542,2.8013,2.6356,2.7106,482196,0
RVI.US,D,20200610,000000,2.6635,2.6635,2.4107,2.4456,639544,0
RVI.US,D,20200611,000000,2.2801,2.5004,2.2731,2.2835,779603,0
RVI.US,D,20200612,000000,2.3707,2.4056,2.2469,2.3515,1267173,0
RVI.US,D,20200615,000000,2.2033,2.2748,2.1485,2.2329,1425672,0
RVI.US,D,20200616,000000,2.2765,2.3602,2.1858,2.2904,977431,0
RVI.US,D,20200617,000000,2.3376,2.3376,2.1858,2.1964,1645864,0
RVI.US,D,20200618,000000,2.1702,2.219,2.1093,2.1615,1590669,0
RVI.US,D,20200619,000000,2.1964,2.2286,2.1509,2.1964,4215248,0
RVI.US,D,20200622,000000,2.1858,2.2024,2.1162,2.1858,1078698,0
RVI.US,D,20200623,000000,2.2365,2.2416,2.1545,2.2103,961666,0
RVI.US,D,20200624,000000,2.1492,2.1702,2.0865,2.1249,1081843,0
RVI.US,D,20200625,000000,2.1023,2.1771,2.0586,2.1598,728875,0
RVI.US,D,20200626,000000,2.1302,2.2033,2.0778,2.1545,2635623,0
RVI.US,D,20200629,000000,2.2033,2.205,2.1093,2.1754,643379,0
RVI.US,D,20200630,000000,2.1492,2.2312,2.1302,2.1545,349945,0
RVI.US,D,20200701,000000,2.1649,2.2539,2.1579,2.2277,599249,0
RVI.US,D,20200702,000000,2.2921,2.2921,2.1379,2.2173,493171,0
RVI.US,D,20200706,000000,2.2851,2.3236,2.1981,2.2016,287838,0
RVI.US,D,20200707,000000,2.1685,2.1685,2.0325,2.0917,807172,0
RVI.US,D,20200708,000000,2.0814,2.0917,2.0482,2.0725,436549,0
RVI.US,D,20200709,000000,2.0621,2.0621,1.9488,2.0325,609052,0
RVI.US,D,20200710,000000,2.0359,2.0725,2.0237,2.0465,520167,0
RVI.US,D,20200713,000000,2.0795,2.1127,2.0256,2.0569,548494,0
RVI.US,D,20200714,000000,2.0795,2.1441,2.0359,2.0848,502004,0
RVI.US,D,20200715,000000,2.1562,2.1754,2.0953,2.1249,660232,0
RVI.US,D,20200716,000000,2.1213,2.1632,2.0586,2.1302,458166,0
RVI.US,D,20200717,000000,2.1196,2.1947,2.0865,2.1807,385863,0
RVI.US,D,20200720,000000,2.1754,2.1858,2.104,2.1249,558790,0
RVI.US,D,20200721,000000,2.1458,2.1964,2.111,2.1423,578476,0
RVI.US,D,20200722,000000,2.1179,2.1668,2.0795,2.1353,460261,0
RVI.US,D,20200723,000000,2.1283,2.1319,2.0621,2.1232,289869,0
RVI.US,D,20200724,000000,2.1074,2.1266,2.0552,2.0917,341314,0
RVI.US,D,20200727,000000,2.1023,2.1196,2.0307,2.1004,301052,0
RVI.US,D,20200728,000000,2.09,2.1964,2.0586,2.1668,303476,0
RVI.US,D,20200729,000000,2.1877,2.205,2.163,2.1947,333734,0
RVI.US,D,20200730,000000,2.1492,2.2469,2.1283,2.2452,283679,0
RVI.US,D,20200731,000000,2.2277,2.2312,2.1423,2.2067,373768,0
RVI.US,D,20200803,000000,2.2137,2.2137,2.1004,2.1372,368029,0
RVI.US,D,20200804,000000,2.1372,2.2608,2.1302,2.2452,355695,0
RVI.US,D,20200805,000000,2.2591,2.2591,2.1702,2.1858,239517,0
RVI.US,D,20200806,000000,2.1737,2.4316,2.1719,2.3777,448676,0
RVI.US,D,20200807,000000,2.3498,2.4333,2.3198,2.423,342030,0
RVI.US,D,20200810,000000,2.4299,2.4665,2.3515,2.3672,410450,0
RVI.US,D,20200811,000000,2.4143,2.4456,2.3532,2.3672,300404,0
RVI.US,D,20200812,000000,2.3967,2.3967,2.308,2.3445,162679,0
RVI.US,D,20200813,000000,2.32,2.3428,2.2478,2.2608,225948,0
RVI.US,D,20200814,000000,2.2365,2.3409,2.2365,2.2921,156769,0
RVI.US,D,20200817,000000,2.2904,2.3479,2.2644,2.3409,185738,0
RVI.US,D,20200818,000000,2.3323,2.3323,2.2522,2.2748,260359,0
RVI.US,D,20200819,000000,2.2974,2.2991,2.2486,2.2835,209795,0
RVI.US,D,20200820,000000,2.2591,2.3611,2.2591,2.3183,223582,0
RVI.US,D,20200821,000000,2.3061,2.3114,2.2226,2.2452,353976,0
RVI.US,D,20200824,000000,2.2574,2.3236,2.2277,2.3183,203058,0
RVI.US,D,20200825,000000,2.3253,2.327,2.2748,2.3166,165703,0
RVI.US,D,20200826,000000,2.313,2.313,2.1877,2.2137,294240,0
RVI.US,D,20200827,000000,2.226,2.2784,2.226,2.2365,182545,0
RVI.US,D,20200828,000000,2.2644,2.2887,2.2243,2.2748,180715,0
RVI.US,D,20200831,000000,2.2661,2.2721,2.1824,2.2156,329416,0
RVI.US,D,20200901,000000,2.1964,2.2399,2.1528,2.1632,227900,0
RVI.US,D,20200902,000000,2.1562,2.1981,2.1562,2.1928,340980,0
RVI.US,D,20200903,000000,2.1911,2.2835,2.1911,2.2137,268640,0
RVI.US,D,20200904,000000,2.2591,2.287,2.1615,2.2033,240520,0
RVI.US,D,20200908,000000,2.1911,2.2226,2.1144,2.1877,341574,0
RVI.US,D,20200909,000000,2.1981,2.2226,2.1319,2.1632,242419,0
RVI.US,D,20200910,000000,2.1632,2.1737,2.1232,2.1615,310924,0
RVI.US,D,20200911,000000,2.1754,2.3289,2.1127,2.1981,2076260,0
RVI.US,D,20200914,000000,2.226,2.2295,2.1249,2.1615,502550,0
RVI.US,D,20200915,000000,2.1685,2.212,2.1545,2.1737,331506,0
RVI.US,D,20200916,000000,2.1911,2.1911,2.1458,2.1685,715608,0
RVI.US,D,20200917,000000,2.1598,2.1668,2.111,2.1598,632494,0
RVI.US,D,20200918,000000,2.1877,2.2067,2.1023,2.1423,1236019,0
RVI.US,D,20200921,000000,2.111,2.111,2.0325,2.0604,1125013,0
RVI.US,D,20200922,000000,2.0831,2.1127,2.0116,2.0446,765753,0
RVI.US,D,20200923,000000,2.0446,2.0612,1.989,1.9941,525090,0
RVI.US,D,20200924,000000,1.9907,2.008,1.9436,1.9698,686193,0
RVI.US,D,20200925,000000,1.9505,2.1877,1.9505,2.1807,690713,0
RVI.US,D,20200928,000000,2.2137,2.2904,2.2137,2.2784,335155,0
RVI.US,D,20200929,000000,2.2765,2.2765,2.1458,2.2226,223672,0
RVI.US,D,20200930,000000,2.2312,2.2835,2.1545,2.1911,355191,0
RVI.US,D,20201001,000000,2.1807,2.2827,2.1807,2.2678,360841,0
RVI.US,D,20201002,000000,2.2312,2.4333,2.2226,2.416,363981,0
RVI.US,D,20201005,000000,2.4143,2.4788,2.3794,2.423,296033,0
RVI.US,D,20201006,000000,2.4595,2.4874,2.3672,2.3707,316870,0
RVI.US,D,20201007,000000,2.3707,2.4542,2.3409,2.4003,253585,0
RVI.US,D,20201008,000000,2.4073,2.4665,2.3811,2.4352,206915,0
RVI.US,D,20201009,000000,2.4595,2.4682,2.3306,2.3393,180513,0
RVI.US,D,20201012,000000,2.3289,2.4352,2.3236,2.4194,169437,0
RVI.US,D,20201013,000000,2.3828,2.3828,2.2887,2.2887,196809,0
RVI.US,D,20201014,000000,2.2608,2.3219,2.215,2.226,225768,0
RVI.US,D,20201015,000000,2.1964,2.287,2.1964,2.2435,113048,0
RVI.US,D,20201016,000000,2.2452,2.2486,2.2137,2.2346,214659,0
RVI.US,D,20201019,000000,2.2243,2.2584,2.1894,2.2243,189526,0
RVI.US,D,20201020,000000,2.2312,2.2661,2.1877,2.2277,182205,0
RVI.US,D,20201021,000000,2.2156,2.3349,2.2156,2.2574,248334,0
RVI.US,D,20201022,000000,2.2608,2.334,2.2416,2.3114,230961,0
RVI.US,D,20201023,000000,2.3462,2.4403,2.3183,2.3898,335808,0
RVI.US,D,20201026,000000,2.3568,2.4403,2.2851,2.3323,484493,0
RVI.US,D,20201027,000000,2.3253,2.3515,2.2207,2.2207,205525,0
RVI.US,D,20201028,000000,2.1858,2.2277,2.1841,2.212,570869,0
RVI.US,D,20201029,000000,2.1998,2.2835,2.1981,2.2173,389645,0
RVI.US,D,20201030,000000,2.1947,2.219,2.1057,2.1788,362040,0
RVI.US,D,20201102,000000,2.2103,2.2469,2.1649,2.2399,228377,0
RVI.US,D,20201103,000000,2.287,2.3794,2.2514,2.3498,255453,0
RVI.US,D,20201104,000000,2.3149,2.3149,2.2416,2.2625,208257,0
RVI.US,D,20201105,000000,2.2625,2.2921,2.1973,2.1998,165989,0
RVI.US,D,20201106,000000,2.1964,2.239,2.1074,2.1336,296336,0
RVI.US,D,20201109,000000,2.3619,2.517,2.3619,2.4056,646419,0
RVI.US,D,20201110,000000,2.4386,2.5798,2.3828,2.4701,493150,0
RVI.US,D,20201111,000000,2.4927,2.5432,2.3523,2.3777,358698,0
RVI.US,D,20201112,000000,2.3445,2.3707,2.225,2.2714,382574,0
RVI.US,D,20201113,000000,2.2539,2.4595,2.2539,2.4246,346640,0
RVI.US,D,20201116,000000,2.4961,2.5885,2.4752,2.5293,593234,0
RVI.US,D,20201117,000000,2.5276,2.6426,2.5014,2.6024,308924,0
RVI.US,D,20201118,000000,2.6286,2.6582,2.5293,2.531,294415,0
RVI.US,D,20201119,000000,2.5555,2.5834,2.4473,2.5572,676650,0
RVI.US,D,20201120,000000,2.5206,2.5834,2.5206,2.5675,230950,0
RVI.US,D,20201123,000000,2.6671,2.7001,2.5822,2.592,1107704,0
RVI.US,D,20201124,000000,2.6495,2.7349,2.6495,2.7018,539991,0
RVI.US,D,20201125,000000,2.7018,2.7087,2.6269,2.6671,370119,0
RVI.US,D,20201127,000000,2.6705,2.7193,2.6409,2.6791,460463,0
RVI.US,D,20201130,000000,2.728,2.7385,2.6279,2.6844,1996976,0
RVI.US,D,20201201,000000,2.7655,2.7711,2.6392,2.6825,1048556,0
RVI.US,D,20201202,000000,2.7052,2.8277,2.6712,2.7843,697105,0
RVI.US,D,20201203,000000,2.7806,2.7806,2.6109,2.6411,601467,0
RVI.US,D,20201204,000000,2.6618,2.8277,2.6411,2.8258,730869,0
RVI.US,D,20201207,000000,2.8748,2.8748,2.7447,2.79,885549,0
RVI.US,D,20201208,000000,2.741,2.773,2.7202,2.7466,672634,0
RVI.US,D,20201209,000000,2.7674,2.8032,2.7334,2.7956,563416,0
RVI.US,D,20201210,000000,2.7938,2.8004,2.6995,2.7655,455858,0
RVI.US,D,20201211,000000,2.7561,2.7768,2.6279,2.6316,748497,0
RVI.US,D,20201214,000000,2.6806,2.7014,2.5902,2.6203,461826,0
RVI.US,D,20201215,000000,2.6335,2.6976,2.5996,2.675,709544,0
RVI.US,D,20201216,000000,2.6731,2.7014,2.6297,2.6618,1371288,0
RVI.US,D,20201217,000000,2.658,2.6675,2.6203,2.6618,409941,0
RVI.US,D,20201218,000000,2.6222,2.6561,2.5826,2.5864,1250856,0
RVI.US,D,20201221,000000,2.543,2.5525,2.4903,2.5204,578184,0
RVI.US,D,20201222,000000,2.5374,2.5393,2.4997,2.5355,701810,0
RVI.US,D,20201223,000000,2.5449,2.79,2.543,2.6806,8281286,0
RVI.US,D,20201224,000000,2.6901,2.7692,2.6882,2.7334,755149,0
RVI.US,D,20201228,000000,2.773,2.807,2.7259,2.7561,2484228,0
RVI.US,D,20201229,000000,2.7447,2.7561,2.6693,2.7391,579802,0
RVI.US,D,20201230,000000,2.7749,2.8767,2.7749,2.8541,561676,0
RVI.US,D,20201231,000000,2.8428,2.8484,2.7919,2.8032,304489,0
RVI.US,D,20210104,000000,2.8352,2.8513,2.7674,2.7787,472414,0
RVI.US,D,20210105,000000,2.79,2.8107,2.7806,2.7881,457954,0
RVI.US,D,20210106,000000,2.8164,2.9163,2.8164,2.9087,531774,0
RVI.US,D,20210107,000000,3.0275,3.035,2.8993,2.9163,902810,0
RVI.US,D,20210108,000000,2.8899,2.9634,2.8899,2.9615,679663,0
RVI.US,D,20210111,000000,2.9465,2.9691,2.9069,2.9578,486976,0
RVI.US,D,20210112,000000,2.9483,2.971,2.8692,2.9596,667250,0
RVI.US,D,20210113,000000,2.9257,2.9512,2.868,2.9333,538500,0
RVI.US,D,20210114,000000,2.9691,2.9691,2.8918,2.9672,1115051,0
RVI.US,D,20210115,000000,2.9314,2.9785,2.8918,2.9672,355340,0
RVI.US,D,20210119,000000,2.9936,3.0129,2.8974,2.9634,901362,0
RVI.US,D,20210120,000000,2.9691,3.0878,2.9529,3.0124,272597,0
RVI.US,D,20210121,000000,3.0332,3.0332,2.9502,2.9955,415468,0
RVI.US,D,20210122,000000,2.9691,2.9766,2.9069,2.9615,737601,0
RVI.US,D,20210125,000000,2.9408,3.003,2.9087,2.986,336795,0
RVI.US,D,20210126,000000,3.0011,3.0988,2.9446,3.0407,538346,0
RVI.US,D,20210127,000000,3.0162,3.0643,2.9502,2.971,555841,0
RVI.US,D,20210128,000000,2.9955,3.0746,2.9578,3.0501,697052,0
RVI.US,D,20210129,000000,3.0501,3.0501,2.9276,2.9427,877613,0
RVI.US,D,20210201,000000,2.9691,3.0935,2.905,3.0577,799199,0
RVI.US,D,20210202,000000,3.0859,3.1425,3.0313,3.101,514072,0
RVI.US,D,20210203,000000,3.1199,3.184,3.0502,3.184,317703,0
RVI.US,D,20210204,000000,3.2085,3.2763,3.1331,3.2424,478387,0
RVI.US,D,20210205,000000,3.2273,3.2537,3.1689,3.25,493845,0
RVI.US,D,20210208,000000,3.2858,3.3272,3.2556,3.2895,337007,0
RVI.US,D,20210209,000000,3.299,3.348,3.2745,3.3442,206633,0
RVI.US,D,20210210,000000,3.3819,3.4064,3.3122,3.3744,577336,0
RVI.US,D,20210211,000000,3.3725,3.3982,3.282,3.3027,300033,0
RVI.US,D,20210212,000000,3.3084,3.3122,3.2254,3.2537,265346,0
RVI.US,D,20210216,000000,3.2613,3.2877,3.1802,3.2047,322398,0
RVI.US,D,20210217,000000,3.1783,3.1887,3.1425,3.1783,261134,0
RVI.US,D,20210218,000000,3.1783,3.1783,3.0954,3.1368,358820,0
RVI.US,D,20210219,000000,3.1293,3.2009,3.1237,3.1896,221953,0
RVI.US,D,20210222,000000,3.1632,3.2933,3.1632,3.282,272841,0
RVI.US,D,20210223,000000,3.2763,3.3206,3.2292,3.25,320690,0
RVI.US,D,20210224,000000,3.2726,3.3348,3.2726,3.3009,368426,0
RVI.US,D,20210225,000000,3.3291,3.3367,3.184,3.184,319995,0
RVI.US,D,20210226,000000,3.184,3.2236,3.0954,3.1482,954250,0
RVI.US,D,20210301,000000,3.2217,3.2745,3.1877,3.2311,544521,0
RVI.US,D,20210302,000000,3.216,3.2495,3.1218,3.1368,771657,0
RVI.US,D,20210303,000000,3.1576,3.2047,3.1368,3.1632,836639,0
RVI.US,D,20210304,000000,3.1557,3.167,2.9898,3.0162,5047118,0
RVI.US,D,20210305,000000,3.0633,3.0633,2.9125,2.9955,1331848,0
RVI.US,D,20210308,000000,2.9879,3.1746,2.9502,3.1406,1106314,0
RVI.US,D,20210309,000000,3.1595,3.2292,3.135,3.1746,605132,0
RVI.US,D,20210310,000000,3.2104,3.2968,3.1972,3.2424,553942,0
RVI.US,D,20210311,000000,3.2575,3.282,3.1406,3.2575,513796,0
RVI.US,D,20210312,000000,3.2462,3.3046,3.2424,3.2801,1280695,0
RVI.US,D,20210315,000000,3.2914,3.3141,3.2264,3.3141,820943,0
RVI.US,D,20210316,000000,3.3084,3.3699,3.282,3.3178,1089498,0
RVI.US,D,20210317,000000,3.3084,3.3235,3.2726,3.3216,1087843,0
RVI.US,D,20210318,000000,3.3122,3.3555,3.3122,3.331,1238496,0
RVI.US,D,20210319,000000,3.3235,3.3404,3.2726,3.2895,1622041,0
RVI.US,D,20210322,000000,3.2877,3.2877,3.1538,3.2443,835000,0
RVI.US,D,20210323,000000,3.2537,3.2952,3.2094,3.2613,3088729,0
RVI.US,D,20210324,000000,3.2914,3.3159,3.2575,3.265,1578012,0
RVI.US,D,20210325,000000,3.2669,3.299,3.1746,3.2613,777970,0
RVI.US,D,20210326,000000,3.2877,3.4611,3.2877,3.4573,1113348,0
RVI.US,D,20210329,000000,3.4404,3.4969,3.3895,3.4158,946611,0
RVI.US,D,20210330,000000,3.4064,3.5195,3.3668,3.5139,497166,0
RVI.US,D,20210331,000000,3.5139,3.5516,3.4234,3.5271,912385,0
RVI.US,D,20210401,000000,3.5082,3.5893,3.4757,3.5799,450326,0
RVI.US,D,20210405,000000,3.6289,3.6308,3.544,3.6251,1212201,0
RVI.US,D,20210406,000000,3.6666,3.7099,3.6458,3.6854,613742,0
RVI.US,D,20210407,000000,3.6986,3.7703,3.6798,3.7684,609837,0
RVI.US,D,20210408,000000,3.7721,3.8136,3.7165,3.7948,625614,0
RVI.US,D,20210409,000000,3.808,3.808,3.7627,3.7627,321316,0
RVI.US,D,20210412,000000,3.7608,3.7891,3.659,3.7816,521965,0
RVI.US,D,20210413,000000,3.7703,3.7703,3.6421,3.7212,530278,0
RVI.US,D,20210414,000000,3.7363,3.7495,3.5403,3.5535,400440,0
RVI.US,D,20210415,000000,3.5723,3.6025,3.5131,3.5855,816312,0
RVI.US,D,20210416,000000,3.61,3.61,3.5082,3.5139,267850,0
RVI.US,D,20210419,000000,3.4931,3.512,3.3989,3.5082,518846,0
RVI.US,D,20210420,000000,3.495,3.495,3.38,3.463,563278,0
RVI.US,D,20210421,000000,3.4592,3.5817,3.4347,3.5497,334270,0
RVI.US,D,20210422,000000,3.5761,3.7288,3.5629,3.7005,953114,0
RVI.US,D,20210423,000000,3.7231,3.7589,3.6449,3.708,276422,0
RVI.US,D,20210426,000000,3.7288,3.7872,3.68,3.693,305799,0
RVI.US,D,20210427,000000,3.6779,3.6807,3.6213,3.6477,289859,0
RVI.US,D,20210428,000000,3.6496,3.6873,3.5912,3.6194,595605,0
RVI.US,D,20210429,000000,3.6534,3.6703,3.5553,3.5629,289901,0
RVI.US,D,20210430,000000,3.5403,3.5704,3.5007,3.512,643724,0
RVI.US,D,20210503,000000,3.5365,3.5553,3.4894,3.5082,548218,0
RVI.US,D,20210504,000000,3.5007,3.5082,3.4441,3.4667,518236,0
RVI.US,D,20210505,000000,3.4479,3.5667,3.4479,3.5214,408848,0
RVI.US,D,20210506,000000,3.4988,3.5459,3.4799,3.512,442947,0
RVI.US,D,20210507,000000,3.4894,3.5233,3.4328,3.4573,393396,0
RVI.US,D,20210510,000000,3.4404,3.4554,3.3706,3.3763,378039,0
RVI.US,D,20210511,000000,3.3386,3.4177,3.2368,3.397,802207,0
RVI.US,D,20210512,000000,3.3631,3.4102,3.3272,3.348,595435,0
RVI.US,D,20210513,000000,3.3593,3.4196,3.3546,3.3631,873104,0
RVI.US,D,20210514,000000,3.3706,3.4253,3.3555,3.4008,882583,0
RVI.US,D,20210517,000000,3.3763,3.397,3.348,3.3913,306298,0
RVI.US,D,20210518,000000,3.3725,3.4234,3.3555,3.3932,638966,0
RVI.US,D,20210519,000000,3.3687,3.4234,3.2933,3.4196,579203,0
RVI.US,D,20210520,000000,3.4027,3.4385,3.3461,3.4121,348173,0
RVI.US,D,20210521,000000,3.4404,3.4404,3.3574,3.3687,286294,0
RVI.US,D,20210524,000000,3.397,3.4083,3.3404,3.348,410811,0
RVI.US,D,20210525,000000,3.3593,3.3819,3.2575,3.2575,583744,0
RVI.US,D,20210526,000000,3.2537,3.3442,3.2518,3.3046,505818,0
RVI.US,D,20210527,000000,3.3009,3.3461,3.2594,3.2782,5941977,0
RVI.US,D,20210528,000000,3.3046,3.3235,3.2839,3.3103,523594,0
RVI.US,D,20210601,000000,3.331,3.4517,3.331,3.4196,394472,0
RVI.US,D,20210602,000000,3.446,3.4649,3.3932,3.4102,877077,0
RVI.US,D,20210603,000000,3.3763,3.4913,3.3763,3.4479,672794,0
RVI.US,D,20210604,000000,3.4743,3.5733,3.4422,3.5516,600098,0
RVI.US,D,20210607,000000,3.5459,3.6779,3.5308,3.6722,814317,0
RVI.US,D,20210608,000000,3.6628,3.7985,3.6383,3.7608,501442,0
RVI.US,D,20210609,000000,3.8193,3.9361,3.7948,3.9343,607811,0
RVI.US,D,20210610,000000,3.9324,4.053,3.9286,4.0436,751096,0
RVI.US,D,20210611,000000,4.0364,4.0518,4.0078,4.0398,427176,0
RVI.US,D,20210614,000000,4.0266,4.0945,4.0191,4.0681,586433,0
RVI.US,D,20210615,000000,4.0756,4.0756,4.053,4.07,298150,0
RVI.US,D,20210616,000000,4.0436,4.0926,4.0115,4.0455,746767,0
RVI.US,D,20210617,000000,4.0417,4.0738,3.9493,4.0417,953242,0
RVI.US,D,20210618,000000,4.021,4.0813,4.0002,4.0002,1079971,0
RVI.US,D,20210621,000000,4.0511,4.087,3.9814,4.0549,480934,0
RVI.US,D,20210622,000000,4.0361,4.0775,3.9305,3.9965,546961,0
RVI.US,D,20210623,000000,4.0097,4.0606,3.9738,4.0606,286851,0
RVI.US,D,20210624,000000,4.0794,4.0832,4.0021,4.0115,680098,0
RVI.US,D,20210625,000000,4.0285,4.0436,3.9738,3.9757,1444748,0
RVI.US,D,20210628,000000,3.9343,3.955,3.8815,3.9437,585441,0
RVI.US,D,20210629,000000,3.9475,4.0229,3.9248,4.0172,483246,0
RVI.US,D,20210630,000000,3.9965,4.1096,3.9776,4.1001,554754,0
RVI.US,D,20210701,000000,4.1096,4.2189,4.1001,4.2038,593648,0
RVI.US,D,20210702,000000,4.2057,4.2057,4.1322,4.1473,603679,0
RVI.US,D,20210706,000000,4.0733,4.1416,4.0436,4.1397,564822,0
RVI.US,D,20210707,000000,4.1397,4.1567,4.07,4.07,447450,0
RVI.US,D,20210708,000000,4.0342,4.0606,3.9493,4.0247,462022,0
RVI.US,D,20210709,000000,4.0455,4.1096,3.9691,4.0738,180073,0
RVI.US,D,20210712,000000,4.0417,4.1322,4.0417,4.1096,225550,0
RVI.US,D,20210713,000000,4.1001,4.1567,4.0813,4.151,814121,0
RVI.US,D,20210714,000000,4.1586,4.1982,4.136,4.1473,1368928,0
RVI.US,D,20210715,000000,4.2415,4.6129,4.2415,4.6091,5469621,0
RVI.US,D,20210716,000000,4.6544,4.6958,4.513,4.5865,928967,0
RVI.US,D,20210719,000000,4.53,4.579,4.4677,4.5639,880875,0
RVI.US,D,20210720,000000,4.5507,4.728,4.5092,4.6431,908895,0
RVI.US,D,20210721,000000,4.6412,4.7411,4.6384,4.6431,1212392,0
RVI.US,D,20210722,000000,4.7072,4.7128,4.5469,4.6468,973506,0
RVI.US,D,20210723,000000,4.6299,4.6449,4.5073,4.6431,724329,0
RVI.US,D,20210726,000000,4.6657,4.7072,4.6204,4.6695,600735,0
RVI.US,D,20210727,000000,4.628,4.7072,4.5922,4.6883,543677,0
RVI.US,D,20210728,000000,4.6996,4.7317,4.5827,4.6713,513419,0
RVI.US,D,20210729,000000,4.6487,4.7392,4.6291,4.6449,315894,0
RVI.US,D,20210730,000000,4.6685,4.6902,4.5752,4.6072,458458,0
RVI.US,D,20210802,000000,4.5827,4.6544,4.5714,4.5771,418397,0
RVI.US,D,20210803,000000,4.562,4.6072,4.5583,4.579,590788,0
RVI.US,D,20210804,000000,4.5318,4.6827,4.5318,4.6186,1193698,0
RVI.US,D,20210805,000000,4.6223,4.6996,4.6129,4.6902,386478,0
RVI.US,D,20210806,000000,4.66,4.6845,4.6148,4.6544,488249,0
RVI.US,D,20210809,000000,4.6544,4.677,4.6016,4.6657,358077,0
RVI.US,D,20210810,000000,4.6581,4.6845,4.6035,4.6449,395136,0
RVI.US,D,20210811,000000,4.6412,4.6563,4.6016,4.6431,292904,0
RVI.US,D,20210812,000000,4.6506,4.7543,4.6318,4.7317,445695,0
RVI.US,D,20210813,000000,4.7373,4.7892,4.7354,4.7562,272406,0
RVI.US,D,20210816,000000,4.7392,4.7939,4.7222,4.7694,287721,0
RVI.US,D,20210817,000000,4.7373,4.8259,4.7373,4.7995,339405,0
RVI.US,D,20210818,000000,4.7769,4.8297,4.7373,4.8146,371699,0
RVI.US,D,20210819,000000,4.7901,4.87,4.7279,4.8372,464065,0
RVI.US,D,20210820,000000,4.8523,4.9013,4.6723,4.7015,1730097,0
RVI.US,D,20210823,000000,4.6921,4.7335,4.5997,4.6148,541869,0
RVI.US,D,20210824,000000,4.6129,4.6525,4.562,4.6186,1383250,0
RVI.US,D,20210825,000000,4.6318,4.6657,4.5922,4.5978,923445,0
RVI.US,D,20210826,000000,4.66,4.6751,4.5959,4.6186,697938,0
RVI.US,D,20210827,000000,4.611,4.6883,4.6091,4.611,470542,0
RVI.US,D,20210830,000000,4.6091,4.6883,4.6091,4.6506,1348579,0
RVI.US,D,20210831,000000,4.6958,4.7505,4.6544,4.7128,1141882,0
RVI.US,D,20210901,000000,4.7411,4.8429,4.6977,4.7882,569368,0
RVI.US,D,20210902,000000,4.7807,4.8674,4.7713,4.7769,683636,0
RVI.US,D,20210903,000000,4.8278,4.8844,4.7731,4.8712,488021,0
RVI.US,D,20210907,000000,4.8184,4.8825,4.8184,4.873,345293,0
RVI.US,D,20210908,000000,4.8504,4.8976,4.8222,4.89,631576,0
RVI.US,D,20210909,000000,4.8881,4.9202,4.8125,4.9013,477878,0
RVI.US,D,20210910,000000,4.9013,4.9013,4.8542,4.873,490636,0
RVI.US,D,20210913,000000,4.89,4.9013,4.8108,4.9013,693763,0
RVI.US,D,20210914,000000,4.8919,4.9145,4.8768,4.9013,669409,0
RVI.US,D,20210915,000000,4.9277,4.988,4.8928,4.9616,478971,0
RVI.US,D,20210916,000000,4.9692,4.9692,4.8862,4.9145,877539,0
RVI.US,D,20210917,000000,4.9277,4.9503,4.8646,4.9258,893537,0
RVI.US,D,20210920,000000,4.8636,4.9485,4.8146,4.9126,838199,0
RVI.US,D,20210921,000000,4.9371,4.961,4.9013,4.9183,426895,0
RVI.US,D,20210922,000000,4.8702,4.961,4.8702,4.9221,453179,0
RVI.US,D,20210923,000000,4.8976,4.9673,4.8976,4.9277,338651,0
RVI.US,D,20210924,000000,4.9126,4.9334,4.9013,4.9032,222548,0
RVI.US,D,20210927,000000,4.8806,4.9673,4.8806,4.9485,410853,0
RVI.US,D,20210928,000000,4.9485,4.9805,4.9258,4.9353,312616,0
RVI.US,D,20210929,000000,4.9541,4.9616,4.9296,4.9428,462590,0
RVI.US,D,20210930,000000,4.9748,4.9862,4.9296,4.9635,430024,0
RVI.US,D,20211001,000000,4.9503,4.9682,4.9109,4.9522,571209,0
RVI.US,D,20211004,000000,4.9862,5.0003,4.9145,4.9239,2528384,0
RVI.US,D,20211005,000000,4.9862,4.9862,4.8693,4.9013,1668489,0
RVI.US,D,20211006,000000,4.9013,5.1615,4.8976,5.1162,3898638,0
RVI.US,D,20211007,000000,5.1558,5.2312,5.1558,5.1954,1734527,0
RVI.US,D,20211008,000000,5.2595,5.3007,5.2067,5.2218,1032154,0
RVI.US,D,20211011,000000,5.2369,5.3179,5.2146,5.2614,1792979,0
RVI.US,D,20211012,000000,5.2802,5.367,5.1668,5.2275,2447668,0
RVI.US,D,20211013,000000,5.1087,5.2425,5.1068,5.2143,1606514,0
RVI.US,D,20211014,000000,5.1709,5.2086,5.1294,5.1973,946038,0
RVI.US,D,20211015,000000,5.2388,5.2388,5.1351,5.137,1174638,0
RVI.US,D,20211018,000000,5.1275,5.1351,5.0738,5.1181,948605,0
RVI.US,D,20211019,000000,5.1125,5.1577,5.071,5.1181,1269268,0
RVI.US,D,20211020,000000,5.1351,5.1634,5.0974,5.137,1211527,0
RVI.US,D,20211021,000000,5.1652,5.1652,5.0842,5.1294,746104,0
RVI.US,D,20211022,000000,5.1181,5.1313,5.0842,5.0993,760400,0
RVI.US,D,20211025,000000,5.0653,5.1275,4.988,5.1106,1078549,0
RVI.US,D,20211026,000000,5.1106,5.137,5.0559,5.1238,684305,0
RVI.US,D,20211027,000000,5.1464,5.1916,5.1049,5.1219,1032849,0
RVI.US,D,20211028,000000,5.1445,5.1784,5.1056,5.12,2833966,0
RVI.US,D,20211029,000000,6.555,6.84,6,6.26,10139222,0
RVI.US,D,20211101,000000,5.935,6.15,5.8603,6.01,1570060,0
RVI.US,D,20211102,000000,5.89,5.93,5.57,5.8,1108211,0
RVI.US,D,20211103,000000,5.81,6.09,5.76,5.96,801737,0
RVI.US,D,20211104,000000,5.95,5.96,5.61,5.94,606939,0
RVI.US,D,20211105,000000,5.86,6.07,5.69,6.04,547079,0
RVI.US,D,20211108,000000,5.97,6.365,5.93,6.23,597699,0
RVI.US,D,20211109,000000,6.18,6.3799,6.18,6.22,862282,0
RVI.US,D,20211110,000000,6.21,6.35,6.21,6.29,375890,0
RVI.US,D,20211111,000000,6.25,6.285,6.1318,6.21,249133,0
RVI.US,D,20211112,000000,6.23,6.31,6.07,6.09,240273,0
RVI.US,D,20211115,000000,6.03,6.12,5.95,6.07,219448,0
RVI.US,D,20211116,000000,6.04,6.15,5.96,6.01,362409,0
RVI.US,D,20211117,000000,5.95,6.08,5.84,6,411505,0
RVI.US,D,20211118,000000,6,6.11,5.915,6.07,392865,0
RVI.US,D,20211119,000000,6.07,6.12,5.945,6.03,189578,0
RVI.US,D,20211122,000000,6.05,6.195,5.97,6.19,371422,0
RVI.US,D,20211123,000000,6.1,6.29,6.06,6.23,273758,0
RVI.US,D,20211124,000000,6.26,6.48,6.26,6.38,300741,0
RVI.US,D,20211126,000000,6.14,6.1498,5.9618,6.09,227124,0
RVI.US,D,20211129,000000,6.17,6.24,6.01,6.02,258037,0
RVI.US,D,20211130,000000,6.045,6.15,5.93,6.08,269640,0
RVI.US,D,20211201,000000,6.14,6.2483,5.96,5.98,238031,0
RVI.US,D,20211202,000000,5.95,6.15,5.86,6.14,217873,0
RVI.US,D,20211203,000000,6.17,6.19,5.935,6,189243,0
RVI.US,D,20211206,000000,6.02,6.09,5.9001,6.02,153923,0
RVI.US,D,20211207,000000,6.1,6.185,6.03,6.09,213978,0
RVI.US,D,20211208,000000,6.08,6.25,6.04,6.2,109963,0
RVI.US,D,20211209,000000,6.115,6.22,6.09,6.16,81115,0
RVI.US,D,20211210,000000,6.16,6.29,6.0945,6.26,174696,0
RVI.US,D,20211213,000000,6.24,6.24,6.06,6.06,230208,0
RVI.US,D,20211214,000000,6.01,6.13,6,6.1,292447,0
RVI.US,D,20211215,000000,6.01,6.09,5.92,6.06,532311,0
RVI.US,D,20211216,000000,6.45,6.637,6.29,6.34,528662,0
RVI.US,D,20211217,000000,6.2,6.35,6.13,6.13,544666,0
RVI.US,D,20211220,000000,6.1,6.1899,5.965,6.13,385492,0
RVI.US,D,20211221,000000,6.14,6.44,6.14,6.38,233331,0
RVI.US,D,20211222,000000,6.43,6.61,6.4,6.49,395137,0
RVI.US,D,20211223,000000,6.61,6.6999,6.275,6.29,477958,0
RVI.US,D,20211227,000000,6.43,6.53,6.28,6.38,1013572,0
RVI.US,D,20211228,000000,6.3,6.58,6.22,6.54,532163,0
RVI.US,D,20211229,000000,6.48,6.55,6.39,6.42,308587,0
RVI.US,D,20211230,000000,6.31,6.51,6.31,6.49,270240,0
RVI.US,D,20211231,000000,6.47,6.5,6.36,6.42,160422,0
RVI.US,D,20220103,000000,6.41,6.6387,6.39,6.42,182063,0
RVI.US,D,20220104,000000,6.5,6.56,6.38,6.4,153065,0
RVI.US,D,20220105,000000,6.4,6.49,6.22,6.31,1359482,0
RVI.US,D,20220106,000000,6.31,6.3536,6.25,6.27,102280,0
RVI.US,D,20220107,000000,6.27,6.38,6.2201,6.3,96460,0
RVI.US,D,20220110,000000,6.35,6.35,6.26,6.3,713888,0
RVI.US,D,20220111,000000,6.3,6.43,6.29,6.43,169976,0
RVI.US,D,20220112,000000,6.6,6.64,6.44,6.44,554995,0
RVI.US,D,20220113,000000,6.45,6.53,6.34,6.39,191607,0
RVI.US,D,20220114,000000,6.35,6.5,6.34,6.43,339996,0
RVI.US,D,20220118,000000,6.5,6.53,6.315,6.37,339470,0
RVI.US,D,20220119,000000,3.235,3.44,3.16,3.22,943610,0
RVI.US,D,20220120,000000,3.21,3.3,3.03,3.03,699930,0
RVI.US,D,20220121,000000,3.03,3.2,3.03,3.15,505964,0
