<TICKER>,<PER>,<DATE>,<TIME>,<OPEN>,<HIGH>,<LOW>,<CLOSE>,<VOL>,<OPENINT>
SDHY.US,D,20201130,000000,18.823,18.823,18.793,18.803,402863,0
SDHY.US,D,20201201,000000,18.803,18.813,18.793,18.793,208892,0
SDHY.US,D,20201202,000000,18.803,18.803,18.793,18.793,127913,0
SDHY.US,D,20201203,000000,18.737,18.803,18.539,18.793,586800,0
SDHY.US,D,20201204,000000,18.803,18.87,18.793,18.793,134880,0
SDHY.US,D,20201207,000000,18.813,18.842,18.793,18.793,51861,0
SDHY.US,D,20201208,000000,18.813,18.818,18.793,18.793,125833,0
SDHY.US,D,20201209,000000,18.803,18.803,18.793,18.793,139611,0
SDHY.US,D,20201210,000000,18.793,18.808,18.793,18.793,150633,0
SDHY.US,D,20201211,000000,18.803,18.86,18.793,18.86,85584,0
SDHY.US,D,20201214,000000,18.935,18.935,18.86,18.935,59585,0
SDHY.US,D,20201215,000000,18.926,18.982,18.842,18.926,47185,0
SDHY.US,D,20201216,000000,18.879,18.935,18.879,18.935,18135,0
SDHY.US,D,20201217,000000,18.935,18.982,18.906,18.944,44334,0
SDHY.US,D,20201218,000000,18.916,18.972,18.879,18.944,41756,0
SDHY.US,D,20201221,000000,18.887,18.916,18.842,18.906,34808,0
SDHY.US,D,20201222,000000,18.87,18.904,18.823,18.879,39131,0
SDHY.US,D,20201223,000000,18.906,18.935,18.793,18.813,90681,0
SDHY.US,D,20201224,000000,18.846,18.879,18.793,18.823,25434,0
SDHY.US,D,20201228,000000,18.673,19.542,18.654,19.282,155754,0
SDHY.US,D,20201229,000000,19.104,19.735,19.075,19.414,16793,0
SDHY.US,D,20201230,000000,19.451,19.726,18.931,19.348,22798,0
SDHY.US,D,20201231,000000,19.17,19.498,18.897,19.235,60725,0
SDHY.US,D,20210104,000000,18.926,18.935,18.793,18.793,387548,0
SDHY.US,D,20210105,000000,18.813,19.288,18.813,18.953,41841,0
SDHY.US,D,20210106,000000,18.992,18.992,18.793,18.793,86501,0
SDHY.US,D,20210107,000000,18.887,18.887,18.803,18.887,23614,0
SDHY.US,D,20210108,000000,18.842,18.879,18.803,18.832,28244,0
SDHY.US,D,20210111,000000,18.793,18.793,18.554,18.663,24960,0
SDHY.US,D,20210112,000000,18.568,18.568,18.231,18.445,42941,0
SDHY.US,D,20210113,000000,18.437,18.663,18.23,18.352,24719,0
SDHY.US,D,20210114,000000,18.325,18.607,18.297,18.578,35608,0
SDHY.US,D,20210115,000000,18.558,18.558,18.286,18.513,35889,0
SDHY.US,D,20210119,000000,18.509,18.7,18.344,18.611,28714,0
SDHY.US,D,20210120,000000,18.568,18.656,18.325,18.644,33101,0
SDHY.US,D,20210121,000000,18.636,18.792,18.443,18.792,32041,0
SDHY.US,D,20210122,000000,18.765,18.792,18.548,18.792,28182,0
SDHY.US,D,20210125,000000,18.896,18.896,18.528,18.756,23244,0
SDHY.US,D,20210126,000000,18.642,18.642,18.226,18.586,83532,0
SDHY.US,D,20210127,000000,18.586,18.841,18.416,18.736,49241,0
SDHY.US,D,20210128,000000,18.546,18.784,18.522,18.652,15849,0
SDHY.US,D,20210129,000000,18.642,18.756,18.605,18.661,25231,0
SDHY.US,D,20210201,000000,18.831,18.831,18.528,18.642,24709,0
SDHY.US,D,20210202,000000,18.677,18.84,18.537,18.774,34248,0
SDHY.US,D,20210203,000000,18.707,18.831,18.699,18.792,18017,0
SDHY.US,D,20210204,000000,18.841,19.464,18.802,18.906,81542,0
SDHY.US,D,20210205,000000,18.962,19.034,18.783,18.896,70035,0
SDHY.US,D,20210208,000000,18.916,19.01,18.869,19.01,48132,0
SDHY.US,D,20210209,000000,19.114,19.376,18.916,19.114,85772,0
SDHY.US,D,20210210,000000,19.114,19.114,18.896,18.944,74572,0
SDHY.US,D,20210211,000000,19.018,19.284,18.914,19.028,93055,0
SDHY.US,D,20210212,000000,19.094,19.284,19.028,19.219,46969,0
SDHY.US,D,20210216,000000,19.14,19.16,18.867,18.952,46031,0
SDHY.US,D,20210217,000000,19.085,19.236,18.867,18.904,46849,0
SDHY.US,D,20210218,000000,18.914,19.018,18.914,18.952,8320,0
SDHY.US,D,20210219,000000,18.999,18.999,18.894,18.894,13645,0
SDHY.US,D,20210222,000000,18.904,18.957,18.781,18.809,48034,0
SDHY.US,D,20210223,000000,18.772,18.958,18.762,18.838,24926,0
SDHY.US,D,20210224,000000,18.904,18.914,18.618,18.638,42369,0
SDHY.US,D,20210225,000000,18.753,18.761,18.059,18.22,58346,0
SDHY.US,D,20210226,000000,18.591,19.075,18.268,18.371,51339,0
SDHY.US,D,20210301,000000,18.381,18.648,18.23,18.335,22514,0
SDHY.US,D,20210302,000000,18.296,18.876,17.774,17.964,68219,0
SDHY.US,D,20210303,000000,18.002,18.338,17.928,18.335,40827,0
SDHY.US,D,20210304,000000,18.164,18.401,18.049,18.135,40678,0
SDHY.US,D,20210305,000000,18.19,18.296,17.831,17.849,86749,0
SDHY.US,D,20210308,000000,17.623,17.984,17.442,17.642,53343,0
SDHY.US,D,20210309,000000,17.564,17.849,17.517,17.623,104702,0
SDHY.US,D,20210310,000000,17.507,18.029,17.507,17.707,103345,0
SDHY.US,D,20210311,000000,17.753,17.984,17.667,17.695,62539,0
SDHY.US,D,20210312,000000,17.705,18.039,17.504,17.954,78413,0
SDHY.US,D,20210315,000000,17.921,18.112,17.581,17.63,107588,0
SDHY.US,D,20210316,000000,17.649,17.896,17.6,17.658,88984,0
SDHY.US,D,20210317,000000,17.753,17.762,17.458,17.533,132379,0
SDHY.US,D,20210318,000000,17.322,17.458,17.055,17.199,179994,0
SDHY.US,D,20210319,000000,17.199,17.561,17.074,17.438,212001,0
SDHY.US,D,20210322,000000,17.38,17.61,17.208,17.227,156343,0
SDHY.US,D,20210323,000000,17.332,17.389,17.199,17.295,122640,0
SDHY.US,D,20210324,000000,17.337,17.571,17.237,17.561,81407,0
SDHY.US,D,20210325,000000,17.533,17.63,16.034,17.114,235257,0
SDHY.US,D,20210326,000000,17.18,17.552,17.149,17.552,82137,0
SDHY.US,D,20210329,000000,17.458,19.014,17.256,18.096,326335,0
SDHY.US,D,20210330,000000,18.096,18.136,17.715,18.078,71977,0
SDHY.US,D,20210331,000000,18.146,18.337,18.087,18.274,76893,0
SDHY.US,D,20210401,000000,18.47,18.536,18.156,18.48,61869,0
SDHY.US,D,20210405,000000,18.585,18.585,18.373,18.45,23356,0
SDHY.US,D,20210406,000000,18.363,18.712,18.363,18.68,41760,0
SDHY.US,D,20210407,000000,18.671,18.824,18.626,18.68,53665,0
SDHY.US,D,20210408,000000,18.652,18.776,18.545,18.585,45923,0
SDHY.US,D,20210409,000000,18.585,18.585,18.184,18.422,46503,0
SDHY.US,D,20210412,000000,18.363,18.555,18.165,18.347,19573,0
SDHY.US,D,20210413,000000,18.986,18.986,18.269,18.373,46363,0
SDHY.US,D,20210414,000000,18.298,18.872,18.298,18.872,41345,0
SDHY.US,D,20210415,000000,18.927,18.927,18.687,18.802,72546,0
SDHY.US,D,20210416,000000,18.61,18.771,18.505,18.658,49040,0
SDHY.US,D,20210419,000000,18.802,18.802,18.592,18.61,11586,0
SDHY.US,D,20210420,000000,18.639,18.772,18.495,18.561,41951,0
SDHY.US,D,20210421,000000,18.623,18.734,18.495,18.541,37013,0
SDHY.US,D,20210422,000000,18.551,18.707,18.486,18.551,27777,0
SDHY.US,D,20210423,000000,18.398,18.639,18.359,18.561,43886,0
SDHY.US,D,20210426,000000,18.571,18.782,18.541,18.639,42678,0
SDHY.US,D,20210427,000000,18.639,18.744,18.332,18.359,59412,0
SDHY.US,D,20210428,000000,18.293,18.417,18.17,18.244,54425,0
SDHY.US,D,20210429,000000,18.337,18.388,18.264,18.378,29060,0
SDHY.US,D,20210430,000000,18.486,18.561,18.186,18.273,45687,0
SDHY.US,D,20210503,000000,18.254,18.368,18.178,18.342,66756,0
SDHY.US,D,20210504,000000,18.398,18.398,18.052,18.159,51722,0
SDHY.US,D,20210505,000000,18.332,18.332,18.071,18.159,28951,0
SDHY.US,D,20210506,000000,18.159,18.293,18.022,18.062,45771,0
SDHY.US,D,20210507,000000,18.273,18.273,17.987,18.081,112850,0
SDHY.US,D,20210510,000000,18.244,18.244,18.014,18.1,71396,0
SDHY.US,D,20210511,000000,18.014,18.205,18.014,18.11,42920,0
SDHY.US,D,20210512,000000,18.062,18.15,17.774,17.774,89646,0
SDHY.US,D,20210513,000000,17.674,17.897,17.674,17.83,109606,0
SDHY.US,D,20210514,000000,17.995,18.265,17.83,17.966,63812,0
SDHY.US,D,20210517,000000,18.015,18.169,17.995,18.13,62129,0
SDHY.US,D,20210518,000000,18.022,18.284,18.022,18.052,40011,0
SDHY.US,D,20210519,000000,18.11,18.206,17.878,17.907,67392,0
SDHY.US,D,20210520,000000,17.907,18.032,17.907,17.976,45598,0
SDHY.US,D,20210521,000000,17.936,18.091,17.936,17.986,39485,0
SDHY.US,D,20210524,000000,17.976,18.052,17.897,17.926,90156,0
SDHY.US,D,20210525,000000,17.966,18.071,17.878,17.878,133358,0
SDHY.US,D,20210526,000000,17.888,18.022,17.848,18.013,70747,0
SDHY.US,D,20210527,000000,18.081,18.081,17.83,17.917,319951,0
SDHY.US,D,20210528,000000,17.966,18.022,17.848,17.926,176662,0
SDHY.US,D,20210601,000000,17.946,18.032,17.83,17.83,188736,0
SDHY.US,D,20210602,000000,17.888,17.976,17.848,17.976,96745,0
SDHY.US,D,20210603,000000,17.888,17.986,17.792,17.848,177712,0
SDHY.US,D,20210604,000000,17.83,18.004,17.83,17.976,57716,0
SDHY.US,D,20210607,000000,18.013,18.052,17.888,17.897,170940,0
SDHY.US,D,20210608,000000,17.878,18.081,17.878,18.052,95112,0
SDHY.US,D,20210609,000000,18.091,18.133,18.004,18.071,95576,0
SDHY.US,D,20210610,000000,18.108,18.225,17.963,18.06,125807,0
SDHY.US,D,20210611,000000,18.011,18.089,18.002,18.06,65806,0
SDHY.US,D,20210614,000000,18.089,18.089,18.002,18.04,74244,0
SDHY.US,D,20210615,000000,18.03,18.055,17.993,18.02,103795,0
SDHY.US,D,20210616,000000,18.06,18.118,17.983,18.06,84486,0
SDHY.US,D,20210617,000000,18.06,18.108,17.993,18.03,91036,0
SDHY.US,D,20210618,000000,18.07,18.108,17.933,18.03,129651,0
SDHY.US,D,20210621,000000,18.108,18.205,18.002,18.148,92650,0
SDHY.US,D,20210622,000000,18.128,18.205,17.993,18.06,96291,0
SDHY.US,D,20210623,000000,18.089,18.313,18.079,18.313,119528,0
SDHY.US,D,20210624,000000,18.244,18.323,18.138,18.148,90585,0
SDHY.US,D,20210625,000000,18.168,18.527,18.168,18.527,148913,0
SDHY.US,D,20210628,000000,18.488,18.925,18.381,18.885,327944,0
SDHY.US,D,20210629,000000,18.858,18.858,18.643,18.759,53762,0
SDHY.US,D,20210630,000000,18.818,19.323,18.643,19.323,567448,0
SDHY.US,D,20210701,000000,19.168,19.178,19.033,19.09,118638,0
SDHY.US,D,20210702,000000,19.1,19.148,19.035,19.08,42686,0
SDHY.US,D,20210706,000000,18.983,19.1,18.858,18.944,39661,0
SDHY.US,D,20210707,000000,19.003,19.363,18.829,19.188,80840,0
SDHY.US,D,20210708,000000,19.188,19.208,18.545,19.198,55497,0
SDHY.US,D,20210709,000000,19.198,19.198,18.781,18.915,47562,0
SDHY.US,D,20210712,000000,18.769,18.983,18.759,18.963,63441,0
SDHY.US,D,20210713,000000,18.808,18.969,18.711,18.818,81272,0
SDHY.US,D,20210714,000000,18.895,18.925,18.779,18.798,28621,0
SDHY.US,D,20210715,000000,18.777,19.022,18.738,18.924,58317,0
SDHY.US,D,20210716,000000,18.962,18.962,18.748,18.748,25696,0
SDHY.US,D,20210719,000000,18.66,18.911,18.582,18.582,29895,0
SDHY.US,D,20210720,000000,18.582,18.758,18.582,18.582,33092,0
SDHY.US,D,20210721,000000,18.504,18.748,18.504,18.67,38267,0
SDHY.US,D,20210722,000000,18.68,18.758,18.601,18.718,32805,0
SDHY.US,D,20210723,000000,18.826,18.826,18.67,18.708,46111,0
SDHY.US,D,20210726,000000,18.684,18.777,18.62,18.7,28688,0
SDHY.US,D,20210727,000000,18.703,18.792,18.64,18.708,20467,0
SDHY.US,D,20210728,000000,18.63,18.806,18.61,18.758,35569,0
SDHY.US,D,20210729,000000,18.816,18.982,18.63,18.836,114316,0
SDHY.US,D,20210730,000000,19.1,19.1,18.758,19.06,43424,0
SDHY.US,D,20210802,000000,18.913,18.914,18.816,18.816,16389,0
SDHY.US,D,20210803,000000,18.816,19.012,18.816,18.943,42684,0
SDHY.US,D,20210804,000000,18.846,19.032,18.837,18.982,39798,0
SDHY.US,D,20210805,000000,18.904,19.022,18.856,18.904,57211,0
SDHY.US,D,20210806,000000,19.01,19.022,18.876,19.002,23627,0
SDHY.US,D,20210809,000000,18.929,19.042,18.924,19.022,34794,0
SDHY.US,D,20210810,000000,19.06,19.06,18.953,18.972,28533,0
SDHY.US,D,20210811,000000,19.06,19.06,18.914,18.962,26104,0
SDHY.US,D,20210812,000000,18.96,19.02,18.863,18.902,54011,0
SDHY.US,D,20210813,000000,18.931,18.951,18.833,18.882,46222,0
SDHY.US,D,20210816,000000,18.902,18.95,18.813,18.813,41426,0
SDHY.US,D,20210817,000000,18.803,18.863,18.793,18.803,47818,0
SDHY.US,D,20210818,000000,18.745,18.853,18.715,18.793,19405,0
SDHY.US,D,20210819,000000,18.745,18.807,18.725,18.755,21216,0
SDHY.US,D,20210820,000000,18.774,18.863,18.745,18.745,44556,0
SDHY.US,D,20210823,000000,18.863,18.863,18.706,18.755,64878,0
SDHY.US,D,20210824,000000,18.783,18.783,18.706,18.735,57462,0
SDHY.US,D,20210825,000000,18.793,18.793,18.696,18.745,44937,0
SDHY.US,D,20210826,000000,18.764,18.764,18.558,18.578,141375,0
SDHY.US,D,20210827,000000,18.548,18.715,18.548,18.686,43836,0
SDHY.US,D,20210830,000000,18.686,18.725,18.597,18.686,102917,0
SDHY.US,D,20210831,000000,18.636,18.676,18.597,18.666,54114,0
SDHY.US,D,20210901,000000,18.666,18.715,18.616,18.636,103092,0
SDHY.US,D,20210902,000000,18.626,18.725,18.626,18.706,40160,0
SDHY.US,D,20210903,000000,18.676,18.774,18.676,18.774,36611,0
SDHY.US,D,20210907,000000,18.853,18.853,18.578,18.696,46000,0
SDHY.US,D,20210908,000000,18.754,18.754,18.607,18.626,122224,0
SDHY.US,D,20210909,000000,18.658,18.686,18.616,18.646,34974,0
SDHY.US,D,20210910,000000,18.676,18.696,18.568,18.578,64472,0
SDHY.US,D,20210913,000000,18.656,18.686,18.558,18.676,123393,0
SDHY.US,D,20210914,000000,18.745,18.745,18.656,18.745,81342,0
SDHY.US,D,20210915,000000,18.774,18.793,18.677,18.793,57737,0
SDHY.US,D,20210916,000000,18.791,18.794,18.633,18.673,121743,0
SDHY.US,D,20210917,000000,18.613,18.753,18.535,18.575,60628,0
SDHY.US,D,20210920,000000,18.535,18.569,18.436,18.455,53304,0
SDHY.US,D,20210921,000000,18.445,18.515,18.387,18.475,83576,0
SDHY.US,D,20210922,000000,18.495,18.585,18.475,18.525,60971,0
SDHY.US,D,20210923,000000,18.495,18.565,18.436,18.515,94522,0
SDHY.US,D,20210924,000000,18.426,18.535,18.426,18.445,39215,0
SDHY.US,D,20210927,000000,18.317,18.465,18.317,18.367,178419,0
SDHY.US,D,20210928,000000,18.277,18.397,18.239,18.347,150041,0
SDHY.US,D,20210929,000000,18.338,18.445,18.327,18.416,110097,0
SDHY.US,D,20210930,000000,18.495,18.555,18.445,18.555,66639,0
SDHY.US,D,20211001,000000,18.565,18.585,18.504,18.575,24211,0
SDHY.US,D,20211004,000000,18.613,18.979,18.589,18.841,303970,0
SDHY.US,D,20211005,000000,18.881,18.881,18.782,18.801,52489,0
SDHY.US,D,20211006,000000,18.841,18.861,18.613,18.643,51221,0
SDHY.US,D,20211007,000000,18.643,18.811,18.613,18.733,54457,0
SDHY.US,D,20211008,000000,18.743,18.743,18.673,18.743,42444,0
SDHY.US,D,20211011,000000,18.753,18.764,18.683,18.733,29731,0
SDHY.US,D,20211012,000000,18.723,18.733,18.475,18.475,125188,0
SDHY.US,D,20211013,000000,18.475,18.607,18.465,18.525,40793,0
SDHY.US,D,20211014,000000,18.553,18.851,18.493,18.543,80765,0
SDHY.US,D,20211015,000000,18.592,18.622,18.503,18.563,69283,0
SDHY.US,D,20211018,000000,18.672,18.672,18.592,18.612,43946,0
SDHY.US,D,20211019,000000,18.647,18.668,18.602,18.642,86977,0
SDHY.US,D,20211020,000000,18.622,18.752,18.61,18.652,136085,0
SDHY.US,D,20211021,000000,18.642,18.692,18.543,18.622,77361,0
SDHY.US,D,20211022,000000,18.632,18.742,18.583,18.742,57522,0
SDHY.US,D,20211025,000000,18.712,18.742,18.583,18.583,157592,0
SDHY.US,D,20211026,000000,18.543,18.722,18.543,18.692,91668,0
SDHY.US,D,20211027,000000,18.742,18.742,18.513,18.573,241663,0
SDHY.US,D,20211028,000000,18.573,18.677,18.573,18.592,51925,0
SDHY.US,D,20211029,000000,18.642,18.658,18.473,18.553,190856,0
SDHY.US,D,20211101,000000,18.563,18.662,18.563,18.592,57447,0
SDHY.US,D,20211102,000000,18.642,18.652,18.612,18.652,64579,0
SDHY.US,D,20211103,000000,18.652,18.706,18.632,18.692,64692,0
SDHY.US,D,20211104,000000,18.722,18.722,18.593,18.682,80193,0
SDHY.US,D,20211105,000000,18.712,18.712,18.642,18.662,52541,0
SDHY.US,D,20211108,000000,18.652,18.692,18.652,18.692,53500,0
SDHY.US,D,20211109,000000,18.712,18.712,18.622,18.672,70307,0
SDHY.US,D,20211110,000000,18.68,18.73,18.61,18.65,112419,0
SDHY.US,D,20211111,000000,18.6236,18.64,18.58,18.64,68032,0
SDHY.US,D,20211112,000000,18.75,18.75,18.58,18.64,80426,0
SDHY.US,D,20211115,000000,18.6,18.6766,18.55,18.58,106580,0
SDHY.US,D,20211116,000000,18.58,18.72,18.58,18.7,128155,0
SDHY.US,D,20211117,000000,18.67,18.7,18.58,18.62,67319,0
SDHY.US,D,20211118,000000,18.57,18.65,18.52,18.52,113904,0
SDHY.US,D,20211119,000000,18.49,18.6008,18.4,18.42,207974,0
SDHY.US,D,20211122,000000,18.43,18.43,18.15,18.25,168910,0
SDHY.US,D,20211123,000000,18.23,18.28,18.19,18.22,141883,0
SDHY.US,D,20211124,000000,18.25,18.25,18.14,18.2,99619,0
SDHY.US,D,20211126,000000,18.17,18.17,18.0002,18.1,27047,0
SDHY.US,D,20211129,000000,18.08,18.23,18.03,18.07,306099,0
SDHY.US,D,20211130,000000,18.07,18.11,17.95,17.97,251734,0
SDHY.US,D,20211201,000000,18.01,18.22,17.99,18.01,244896,0
SDHY.US,D,20211202,000000,18.03,18.16,18.01,18.12,137505,0
SDHY.US,D,20211203,000000,18.14,18.14,18.02,18.04,146549,0
SDHY.US,D,20211206,000000,18.17,18.22,18.07,18.09,203229,0
SDHY.US,D,20211207,000000,18.14,18.415,18.14,18.16,128721,0
SDHY.US,D,20211208,000000,18.21,18.25,18.05,18.1,342319,0
SDHY.US,D,20211209,000000,18.1,18.2,18.1,18.18,101098,0
SDHY.US,D,20211210,000000,18.17,18.25,18.12,18.15,182336,0
SDHY.US,D,20211213,000000,18.2,18.25,18.14,18.19,156092,0
SDHY.US,D,20211214,000000,18.18,18.24,18.09,18.22,132931,0
SDHY.US,D,20211215,000000,18.22,18.28,18.01,18.26,290133,0
SDHY.US,D,20211216,000000,18.16,18.37,18.16,18.24,245075,0
SDHY.US,D,20211217,000000,18.28,18.28,18.1,18.15,169465,0
SDHY.US,D,20211220,000000,18.08,18.15,17.9975,18.11,202785,0
SDHY.US,D,20211221,000000,18.15,18.31,18.0863,18.28,126595,0
SDHY.US,D,20211222,000000,18.35,18.41,18.2553,18.41,103504,0
SDHY.US,D,20211223,000000,18.41,18.54,18.41,18.48,161402,0
SDHY.US,D,20211227,000000,18.32,18.5,18.32,18.35,372597,0
SDHY.US,D,20211228,000000,18.34,18.46,18.25,18.3,469302,0
SDHY.US,D,20211229,000000,18.34,18.34,18.27,18.31,237290,0
SDHY.US,D,20211230,000000,18.38,18.44,18.31,18.41,331284,0
SDHY.US,D,20211231,000000,18.39,18.44,18.31,18.43,286235,0
SDHY.US,D,20220103,000000,18.36,18.4899,18.36,18.42,39211,0
SDHY.US,D,20220104,000000,18.42,18.47,18.29,18.32,90306,0
SDHY.US,D,20220105,000000,18.26,18.34,18.25,18.33,111195,0
SDHY.US,D,20220106,000000,18.3508,18.37,18.2144,18.26,43197,0
SDHY.US,D,20220107,000000,18.28,18.3,18.21,18.27,34854,0
SDHY.US,D,20220110,000000,18.2403,18.2998,18.22,18.27,63469,0
SDHY.US,D,20220111,000000,18.2981,18.37,18.2875,18.32,39891,0
SDHY.US,D,20220112,000000,18.38,18.51,18.3485,18.51,106354,0
SDHY.US,D,20220113,000000,18.59,18.59,18.38,18.5,94619,0
SDHY.US,D,20220114,000000,18.55,18.55,18.45,18.47,119851,0
SDHY.US,D,20220118,000000,18.35,18.38,18.26,18.3,44689,0
SDHY.US,D,20220119,000000,18.32,18.42,18.32,18.35,110144,0
SDHY.US,D,20220120,000000,18.37,18.5,18.37,18.44,110301,0
SDHY.US,D,20220121,000000,18.39,18.39,18.06,18.08,58379,0
