<TICKER>,<PER>,<DATE>,<TIME>,<OPEN>,<HIGH>,<LOW>,<CLOSE>,<VOL>,<OPENINT>
SNII-U.US,D,20210303,000000,10.5,10.5,10.25,10.3,1190269,0
SNII-U.US,D,20210304,000000,10.25,10.7,10.18,10.25,809270,0
SNII-U.US,D,20210305,000000,10.54,10.54,10.17,10.3,208042,0
SNII-U.US,D,20210308,000000,10.3,10.5899,10.19,10.3,79905,0
SNII-U.US,D,20210309,000000,10.2,10.3286,10.06,10.12,387502,0
SNII-U.US,D,20210310,000000,10.19,10.19,10.12,10.14,169388,0
SNII-U.US,D,20210311,000000,10.14,10.3,10.1,10.2,133281,0
SNII-U.US,D,20210312,000000,10.2224,10.265,10.2,10.2,7291,0
SNII-U.US,D,20210315,000000,10.2801,10.2801,10.05,10.06,87074,0
SNII-U.US,D,20210316,000000,10.1,10.13,10.08,10.12,134518,0
SNII-U.US,D,20210317,000000,10.15,10.3994,10.1,10.1905,102003,0
SNII-U.US,D,20210318,000000,10.27,10.27,10.09,10.11,18881,0
SNII-U.US,D,20210319,000000,10.17,10.1715,10.13,10.17,17207,0
SNII-U.US,D,20210322,000000,10.225,10.23,10.05,10.11,97250,0
SNII-U.US,D,20210323,000000,10.15,10.15,9.89,9.97,406493,0
SNII-U.US,D,20210324,000000,10,10.24,9.94,9.94,258927,0
SNII-U.US,D,20210325,000000,9.9,9.95,9.805,9.95,148152,0
SNII-U.US,D,20210326,000000,10,10.09,10,10.02,31662,0
SNII-U.US,D,20210329,000000,10.002,10.0099,9.89,9.89,186353,0
SNII-U.US,D,20210330,000000,9.95,10.05,9.9269,10.04,52210,0
SNII-U.US,D,20210331,000000,10.05,10.05,10.015,10.04,18221,0
SNII-U.US,D,20210401,000000,10.02,10.03,10,10.02,442318,0
SNII-U.US,D,20210405,000000,10.05,10.05,10.04,10.04,710,0
SNII-U.US,D,20210406,000000,10.3,10.3,10,10.06,156576,0
SNII-U.US,D,20210407,000000,10.01,10.1103,10.01,10.1103,413458,0
SNII-U.US,D,20210408,000000,10.06,10.18,10.05,10.18,196217,0
SNII-U.US,D,20210409,000000,10.07,10.16,10.05,10.15,148965,0
SNII-U.US,D,20210412,000000,10,10.1,10,10.05,214065,0
SNII-U.US,D,20210413,000000,10.04,10.1183,10.04,10.07,2792,0
SNII-U.US,D,20210414,000000,10.16,10.16,10.05,10.12,12331,0
SNII-U.US,D,20210415,000000,10.085,10.13,10.06,10.09,5345,0
SNII-U.US,D,20210416,000000,10.06,10.11,10.06,10.11,7580,0
SNII-U.US,D,20210419,000000,10.1,10.13,10.05,10.064,74463,0
SNII-U.US,D,20210420,000000,10.04,10.04,9.97,10.03,82927,0
SNII-U.US,D,20210421,000000,9.98,10.01,9.98,10.01,6332,0
SNII-U.US,D,20210422,000000,10.03,10.08,10.03,10.08,15595,0
SNII-U.US,D,20210423,000000,10.1,10.24,10.1,10.21,129948,0
SNII-U.US,D,20210427,000000,10.0116,10.0116,10.0116,10.0116,628,0
SNII-U.US,D,20210428,000000,10.12,10.14,10.08,10.14,20039,0
SNII-U.US,D,20210429,000000,10.09,10.15,10.09,10.15,157413,0
SNII-U.US,D,20210430,000000,10.06,10.1,10.0306,10.1,3035,0
SNII-U.US,D,20210503,000000,10.0687,10.1,10.0687,10.09,27540,0
SNII-U.US,D,20210504,000000,10.1,10.1,10.08,10.09,14339,0
SNII-U.US,D,20210505,000000,10.09,10.09,10.09,10.09,6167,0
SNII-U.US,D,20210506,000000,10.1,10.15,10.1,10.15,20201,0
SNII-U.US,D,20210507,000000,10.1,10.1,10.08,10.08,114752,0
SNII-U.US,D,20210510,000000,10.08,10.1,10.06,10.1,7034,0
SNII-U.US,D,20210511,000000,10.05,10.07,10.05,10.07,33233,0
SNII-U.US,D,20210512,000000,10.055,10.055,10.02,10.02,1121,0
SNII-U.US,D,20210513,000000,10.04,10.04,10.04,10.04,149,0
SNII-U.US,D,20210514,000000,10.05,10.05,10.01,10.01,11813,0
SNII-U.US,D,20210517,000000,10.0001,10.01,9.9801,9.9801,12342,0
SNII-U.US,D,20210519,000000,10,10,9.98,9.98,3019,0
SNII-U.US,D,20210520,000000,10,10,10,10,8876,0
SNII-U.US,D,20210521,000000,10.1,10.18,9.97,9.97,161794,0
SNII-U.US,D,20210524,000000,9.99,9.99,9.99,9.99,200,0
SNII-U.US,D,20210525,000000,9.99,9.99,9.95,9.99,54472,0
SNII-U.US,D,20210526,000000,10,10,9.975,9.975,10214,0
SNII-U.US,D,20210527,000000,9.97,10.02,9.95,9.95,8645,0
SNII-U.US,D,20210601,000000,9.95,10.19,9.95,10.19,2051,0
SNII-U.US,D,20210602,000000,9.96,10,9.95,10,1931,0
SNII-U.US,D,20210603,000000,10.1,10.1,10.1,10.1,200,0
SNII-U.US,D,20210604,000000,10.05,10.08,10.05,10.075,5326,0
SNII-U.US,D,20210607,000000,9.96,10.01,9.96,9.992,50712,0
SNII-U.US,D,20210608,000000,9.99,9.99,9.99,9.99,427,0
SNII-U.US,D,20210610,000000,10.21,10.21,10,10.05,342766,0
SNII-U.US,D,20210611,000000,10.05,10.15,10.04,10.05,133641,0
SNII-U.US,D,20210614,000000,10.04,10.05,10.04,10.05,11108,0
SNII-U.US,D,20210615,000000,10.02,10.02,10.005,10.005,127706,0
SNII-U.US,D,20210617,000000,10.05,10.05,10.05,10.05,2921,0
SNII-U.US,D,20210618,000000,10.05,10.05,10.05,10.05,3893,0
SNII-U.US,D,20210624,000000,10,10.01,10,10.01,371,0
SNII-U.US,D,20210625,000000,10.01,10.02,10,10,5657,0
SNII-U.US,D,20210628,000000,9.97,9.97,9.97,9.97,397,0
SNII-U.US,D,20210629,000000,9.955,10,9.955,10,15471,0
SNII-U.US,D,20210630,000000,9.97,10.03,9.97,9.98,13604,0
SNII-U.US,D,20210701,000000,9.98,9.98,9.98,9.98,373383,0
SNII-U.US,D,20210702,000000,9.98,9.98,9.98,9.98,94949,0
SNII-U.US,D,20210706,000000,9.98,9.99,9.98,9.98,1264,0
SNII-U.US,D,20210707,000000,9.98,9.995,9.98,9.98,1769,0
SNII-U.US,D,20210708,000000,9.99,9.99,9.98,9.99,52374,0
SNII-U.US,D,20210709,000000,9.96,10,9.96,10,221523,0
SNII-U.US,D,20210714,000000,10,10,9.98,10,28708,0
SNII-U.US,D,20210715,000000,10,10,10,10,100,0
SNII-U.US,D,20210716,000000,10,10,10,10,995,0
SNII-U.US,D,20210719,000000,10,10.02,10,10,226192,0
SNII-U.US,D,20210721,000000,10,10,10,10,100,0
SNII-U.US,D,20210723,000000,10.1,10.14,10.0664,10.07,74627,0
SNII-U.US,D,20210726,000000,10.05,10.05,9.995,10,86824,0
SNII-U.US,D,20210727,000000,10,10,10,10,3508,0
SNII-U.US,D,20210728,000000,10,10.02,9.99,9.99,2695,0
SNII-U.US,D,20210729,000000,9.99,10.046,9.99,10.005,2011,0
SNII-U.US,D,20210730,000000,9.99,10,9.99,9.995,124852,0
SNII-U.US,D,20210802,000000,9.99,10.0041,9.99,10,118559,0
SNII-U.US,D,20210803,000000,10,10,9.99,9.99,75870,0
SNII-U.US,D,20210804,000000,9.99,9.99,9.99,9.99,367,0
SNII-U.US,D,20210806,000000,9.99,9.99,9.99,9.99,7900,0
SNII-U.US,D,20210809,000000,9.99,9.99,9.99,9.99,12088,0
SNII-U.US,D,20210810,000000,10,10,9.99,9.99,321,0
SNII-U.US,D,20210811,000000,10.005,10.01,9.99,10.01,3840,0
SNII-U.US,D,20210813,000000,9.99,9.99,9.95,9.95,78876,0
SNII-U.US,D,20210816,000000,9.95,9.95,9.9,9.9,69122,0
SNII-U.US,D,20210817,000000,9.83,9.9,9.83,9.9,18275,0
SNII-U.US,D,20210818,000000,9.955,9.955,9.955,9.955,110,0
SNII-U.US,D,20210820,000000,9.8516,9.8516,9.8516,9.8516,1015,0
SNII-U.US,D,20210823,000000,9.87,9.87,9.87,9.87,1001,0
SNII-U.US,D,20210825,000000,9.87,9.87,9.86,9.87,837,0
SNII-U.US,D,20210827,000000,9.87,9.88,9.87,9.88,7351,0
SNII-U.US,D,20210830,000000,9.83,9.85,9.83,9.83,54599,0
SNII-U.US,D,20210831,000000,9.8393,9.8393,9.8393,9.8393,194,0
SNII-U.US,D,20210901,000000,9.9,9.9,9.89,9.89,452,0
SNII-U.US,D,20210902,000000,9.9,9.9,9.9,9.9,3410,0
SNII-U.US,D,20210903,000000,9.9,9.9,9.9,9.9,26896,0
SNII-U.US,D,20210907,000000,9.81,10,9.81,10,15357,0
SNII-U.US,D,20210909,000000,9.87,9.87,9.87,9.87,100,0
SNII-U.US,D,20210914,000000,9.94,9.94,9.94,9.94,1593,0
SNII-U.US,D,20210920,000000,9.89,9.905,9.89,9.905,215,0
SNII-U.US,D,20210922,000000,9.9,9.9,9.9,9.9,128,0
SNII-U.US,D,20210923,000000,9.8,9.87,9.8,9.87,518,0
SNII-U.US,D,20210924,000000,9.9,9.91,9.9,9.91,1382,0
SNII-U.US,D,20210927,000000,9.9699,9.9699,9.9699,9.9699,261,0
SNII-U.US,D,20210929,000000,9.95,9.95,9.95,9.95,10007,0
SNII-U.US,D,20211001,000000,9.93,9.93,9.92,9.92,5200,0
SNII-U.US,D,20211004,000000,9.9,9.92,9.85,9.92,37042,0
SNII-U.US,D,20211005,000000,9.885,9.9,9.885,9.9,588,0
SNII-U.US,D,20211006,000000,10.21,10.23,10.135,10.15,1312583,0
SNII-U.US,D,20211007,000000,10.07,10.18,10.07,10.12,508034,0
SNII-U.US,D,20211008,000000,10.115,10.15,10.115,10.13,888346,0
SNII-U.US,D,20211011,000000,10.05,10.14,10.05,10.14,45543,0
SNII-U.US,D,20211012,000000,10.04,10.2,10.04,10.14,111212,0
SNII-U.US,D,20211013,000000,10.145,10.17,10.14,10.15,218603,0
SNII-U.US,D,20211014,000000,10.14,10.1789,10.14,10.15,300931,0
SNII-U.US,D,20211015,000000,10.19,10.19,10.19,10.19,101,0
SNII-U.US,D,20211018,000000,10.14,10.18,10.14,10.18,12308,0
SNII-U.US,D,20211019,000000,10.45,10.47,10.23,10.37,385784,0
SNII-U.US,D,20211020,000000,10.42,10.5,10.35,10.38,119551,0
SNII-U.US,D,20211021,000000,10.47,10.5,10.41,10.41,19846,0
SNII-U.US,D,20211022,000000,10.46,10.5,10.425,10.45,13107,0
SNII-U.US,D,20211025,000000,10.5,10.5,10.44,10.48,69197,0
SNII-U.US,D,20211026,000000,10.5,10.64,10.49,10.59,97141,0
SNII-U.US,D,20211027,000000,10.55,10.83,10.55,10.78,8121,0
SNII-U.US,D,20211028,000000,10.85,10.95,10.79,10.79,52896,0
SNII-U.US,D,20211029,000000,10.88,11.25,10.88,11.05,24323,0
SNII-U.US,D,20211101,000000,11.06,11.25,11.06,11.25,9296,0
SNII-U.US,D,20211102,000000,11.25,11.91,10.83,10.84,29743,0
SNII-U.US,D,20211103,000000,11.2,11.2,10.84,10.88,12708,0
SNII-U.US,D,20211104,000000,11.49,11.49,10.8699,10.9,45899,0
SNII-U.US,D,20211105,000000,10.9,11.41,10.8982,11.41,121104,0
SNII-U.US,D,20211108,000000,11.52,12.27,11.25,11.66,225162,0
SNII-U.US,D,20211109,000000,11.92,12.4049,11.5,12.4024,7772,0
SNII-U.US,D,20211110,000000,12.27,12.27,11.01,11.09,110900,0
SNII-U.US,D,20211111,000000,11.22,11.25,11.11,11.15,2909,0
SNII-U.US,D,20211112,000000,11.28,11.31,11.13,11.2,32715,0
SNII-U.US,D,20211115,000000,11.25,11.3,11.22,11.22,76593,0
SNII-U.US,D,20211116,000000,11.5,12.285,11.14,12.09,125817,0
SNII-U.US,D,20211117,000000,12.5,13.18,11.87,12.85,60588,0
SNII-U.US,D,20211118,000000,13.24,13.9544,12.64,13.17,44815,0
SNII-U.US,D,20211119,000000,13.03,13.07,12.67,12.89,25098,0
SNII-U.US,D,20211122,000000,13.23,13.23,12.2,12.51,70247,0
SNII-U.US,D,20211123,000000,12.66,12.66,11.4057,11.87,25211,0
SNII-U.US,D,20211124,000000,12.32,12.6313,11.79,11.9,9106,0
SNII-U.US,D,20211126,000000,11.83,11.83,11.35,11.35,3822,0
SNII-U.US,D,20211129,000000,11.35,12.15,11.24,12.15,2586,0
SNII-U.US,D,20211130,000000,11.99,11.99,11.29,11.56,9708,0
SNII-U.US,D,20211201,000000,11.39,11.73,11.12,11.12,11839,0
SNII-U.US,D,20211202,000000,11.05,11.11,11,11.08,1407,0
SNII-U.US,D,20211203,000000,11.21,11.21,10.89,10.89,3706,0
SNII-U.US,D,20211206,000000,10.97,10.97,10.97,10.97,518,0
SNII-U.US,D,20211207,000000,10.5,11.82,10.5,11.655,26192,0
SNII-U.US,D,20211208,000000,11.7,11.825,11.55,11.81,13571,0
SNII-U.US,D,20211209,000000,11.94,11.995,11.4,11.4,9903,0
SNII-U.US,D,20211210,000000,11.66,11.66,11.281,11.5,2342,0
SNII-U.US,D,20211213,000000,11.39,11.39,11,11.05,9610,0
SNII-U.US,D,20211214,000000,11.355,11.48,11.355,11.48,1062,0
SNII-U.US,D,20211215,000000,11.455,11.93,10.96,11.35,10280,0
SNII-U.US,D,20211216,000000,11.35,11.35,11.0701,11.19,1804,0
SNII-U.US,D,20211217,000000,11,11.5,11,11.27,2163,0
SNII-U.US,D,20211220,000000,11.18,11.18,11.18,11.18,930,0
SNII-U.US,D,20211221,000000,10.9,11.015,10.89,10.95,3851,0
SNII-U.US,D,20211222,000000,10.9307,11.0221,10.9306,10.938,4294,0
SNII-U.US,D,20211223,000000,11,11.2899,11,11.2899,841,0
SNII-U.US,D,20211227,000000,10.97,11.13,10.93,10.93,7800,0
SNII-U.US,D,20211228,000000,10.95,10.97,10.731,10.97,1692,0
SNII-U.US,D,20211229,000000,10.9648,11.09,10.9648,11.09,1058,0
SNII-U.US,D,20211230,000000,11.05,11.05,11.01,11.03,1179,0
SNII-U.US,D,20211231,000000,10.7374,11.08,10.7374,10.955,930,0
SNII-U.US,D,20220103,000000,10.93,10.96,10.93,10.96,603,0
SNII-U.US,D,20220104,000000,11.04,11.0799,10.87,10.87,33776,0
SNII-U.US,D,20220105,000000,11.06,11.16,11.05,11.1,1971,0
SNII-U.US,D,20220106,000000,10.89,11.02,10.89,11.02,762,0
SNII-U.US,D,20220107,000000,10.91,10.93,10.91,10.91,706,0
SNII-U.US,D,20220110,000000,10.91,10.91,10.75,10.76,1652,0
SNII-U.US,D,20220111,000000,10.67,10.7,10.65,10.65,1562,0
SNII-U.US,D,20220112,000000,10.65,10.8685,10.61,10.64,1822,0
SNII-U.US,D,20220113,000000,10.56,10.56,10.38,10.39,3969,0
SNII-U.US,D,20220114,000000,10.28,10.44,10.28,10.415,1040,0
SNII-U.US,D,20220118,000000,10.31,10.44,10.31,10.44,770,0
SNII-U.US,D,20220119,000000,10.6,10.6,10.3,10.3,1022,0
SNII-U.US,D,20220121,000000,10.3,10.3,10.25,10.28,1817,0
