<TICKER>,<PER>,<DATE>,<TIME>,<OPEN>,<HIGH>,<LOW>,<CLOSE>,<VOL>,<OPENINT>
SPAX.US,D,20210624,000000,20.11,20.11,20.07,20.09,28841,0
SPAX.US,D,20210625,000000,20.1,20.11,20.08,20.0905,10530,0
SPAX.US,D,20210628,000000,20.11,20.11,20.1,20.1021,3562,0
SPAX.US,D,20210629,000000,20.06,20.075,20.0524,20.0524,6406,0
SPAX.US,D,20210630,000000,20.07,20.07,20.05,20.05,552,0
SPAX.US,D,20210701,000000,20.08,20.085,20.0554,20.0554,5125,0
SPAX.US,D,20210702,000000,20.1,20.1,20.09,20.0905,554,0
SPAX.US,D,20210706,000000,20.11,20.11,20.0655,20.0655,1038,0
SPAX.US,D,20210707,000000,20.1097,20.1097,20.075,20.075,1918,0
SPAX.US,D,20210708,000000,20.1,20.1,20.0753,20.0753,3012,0
SPAX.US,D,20210709,000000,20.095,20.095,20.0799,20.0799,5808,0
SPAX.US,D,20210712,000000,20.0799,20.08,20.06,20.0651,4203,0
SPAX.US,D,20210713,000000,20.07,20.09,20.07,20.075,7420,0
SPAX.US,D,20210714,000000,20.11,20.11,20.09,20.09,198,0
SPAX.US,D,20210715,000000,20.09,20.09,20.07,20.07,10403,0
SPAX.US,D,20210716,000000,20.05,20.06,20.02,20.06,526,0
SPAX.US,D,20210719,000000,20.0651,20.0651,20.0651,20.0651,117,0
SPAX.US,D,20210720,000000,20.11,20.11,20.0603,20.0603,261,0
SPAX.US,D,20210721,000000,20.0648,20.0648,20.0648,20.0648,25,0
SPAX.US,D,20210722,000000,20.07,20.075,20.06,20.075,300,0
SPAX.US,D,20210723,000000,20.07,20.07,20.065,20.065,1917,0
SPAX.US,D,20210726,000000,20.12,20.12,20.0687,20.0687,124956,0
SPAX.US,D,20210727,000000,20.05,20.0663,20.05,20.0663,382,0
SPAX.US,D,20210728,000000,20.05,20.05,20.01,20.01,2618,0
SPAX.US,D,20210729,000000,20,20,19.9492,19.9492,228,0
SPAX.US,D,20210730,000000,19.935,19.935,19.935,19.935,60,0
SPAX.US,D,20210802,000000,19.935,19.9703,19.935,19.9703,1039,0
SPAX.US,D,20210803,000000,19.975,19.975,19.975,19.975,65,0
SPAX.US,D,20210804,000000,19.9628,19.9628,19.9628,19.9628,3,0
SPAX.US,D,20210805,000000,19.95,19.9713,19.95,19.9713,210,0
SPAX.US,D,20210806,000000,19.98,19.98,19.965,19.965,265,0
SPAX.US,D,20210809,000000,19.9552,19.9552,19.9552,19.9552,31,0
SPAX.US,D,20210810,000000,19.975,19.975,19.975,19.975,26,0
SPAX.US,D,20210811,000000,19.98,19.98,19.9252,19.9252,4359,0
SPAX.US,D,20210812,000000,19.98,19.98,19.9683,19.9683,25000,0
SPAX.US,D,20210813,000000,19.9132,19.9132,19.9132,19.9132,25,0
SPAX.US,D,20210816,000000,19.9,19.9064,19.9,19.9064,661,0
SPAX.US,D,20210817,000000,19.8995,19.8995,19.8995,19.8995,8,0
SPAX.US,D,20210818,000000,19.8786,19.8786,19.8786,19.8786,14,0
SPAX.US,D,20210819,000000,19.885,19.885,19.885,19.885,10,0
SPAX.US,D,20210820,000000,19.88,19.88,19.88,19.88,16,0
SPAX.US,D,20210823,000000,19.8803,19.8803,19.8803,19.8803,55,0
SPAX.US,D,20210824,000000,19.89,19.89,19.8801,19.8801,2245,0
SPAX.US,D,20210825,000000,19.88,19.88,19.88,19.88,101,0
SPAX.US,D,20210826,000000,19.9,19.9,19.8505,19.8505,3562,0
SPAX.US,D,20210827,000000,19.8611,19.8611,19.8611,19.8611,18,0
SPAX.US,D,20210830,000000,19.8654,19.8654,19.8654,19.8654,36,0
SPAX.US,D,20210831,000000,19.864,19.864,19.864,19.864,21,0
SPAX.US,D,20210901,000000,19.865,19.865,19.865,19.865,42,0
SPAX.US,D,20210902,000000,19.8754,19.8754,19.8754,19.8754,26,0
SPAX.US,D,20210903,000000,19.8807,19.8807,19.8807,19.8807,21,0
SPAX.US,D,20210907,000000,19.8867,19.8867,19.8867,19.8867,18,0
SPAX.US,D,20210908,000000,19.8905,19.8905,19.8905,19.8905,163,0
SPAX.US,D,20210909,000000,19.9131,19.9131,19.9131,19.9131,1,0
SPAX.US,D,20210910,000000,19.9257,19.9257,19.9257,19.9257,2,0
SPAX.US,D,20210913,000000,19.9357,19.9357,19.9357,19.9357,7,0
SPAX.US,D,20210914,000000,19.9404,19.9404,19.9404,19.9404,1,0
SPAX.US,D,20210915,000000,20,20,19.9443,19.9443,101,0
SPAX.US,D,20210916,000000,19.935,19.935,19.935,19.935,2,0
SPAX.US,D,20210917,000000,19.9643,19.9643,19.9643,19.9643,2,0
SPAX.US,D,20210920,000000,19.96,19.96,19.9403,19.9403,156,0
SPAX.US,D,20210921,000000,19.9552,19.9552,19.9552,19.9552,43,0
SPAX.US,D,20210922,000000,19.98,19.98,19.9555,19.9555,764,0
SPAX.US,D,20210923,000000,19.955,19.955,19.955,19.955,1,0
SPAX.US,D,20210924,000000,19.95,19.9551,19.95,19.9551,4050,0
SPAX.US,D,20210927,000000,19.97,19.9751,19.97,19.9751,454,0
SPAX.US,D,20210928,000000,19.985,19.985,19.985,19.985,1,0
SPAX.US,D,20210929,000000,19.9862,19.9862,19.91,19.9756,15371,0
SPAX.US,D,20210930,000000,19.96,19.96,19.96,19.96,16,0
SPAX.US,D,20211001,000000,20.003,20.003,20.003,20.003,24,0
SPAX.US,D,20211004,000000,20.0051,20.0051,20.0051,20.0051,22,0
SPAX.US,D,20211005,000000,20.0066,20.0066,20.0066,20.0066,25,0
SPAX.US,D,20211006,000000,19.9678,19.9678,19.9678,19.9678,16,0
SPAX.US,D,20211007,000000,19.9902,19.9902,19.9902,19.9902,3,0
SPAX.US,D,20211008,000000,20.0055,20.0055,20.0055,20.0055,12,0
SPAX.US,D,20211011,000000,20.0256,20.0256,20.0256,20.0256,136,0
SPAX.US,D,20211012,000000,20.025,20.025,20.025,20.025,10,0
SPAX.US,D,20211013,000000,20.01,20.01,20.01,20.01,65,0
SPAX.US,D,20211014,000000,20.028,20.028,20.028,20.028,3,0
SPAX.US,D,20211015,000000,19.82,20.025,19.82,20.025,205,0
SPAX.US,D,20211018,000000,20.24,20.24,20,20.0296,5206,0
SPAX.US,D,20211019,000000,19.97,19.97,19.97,19.97,217,0
SPAX.US,D,20211020,000000,20.05,20.05,19.95,19.95,268,0
SPAX.US,D,20211021,000000,20.68,21.73,20.16,20.18,76788,0
SPAX.US,D,20211022,000000,20.56,20.56,20.27,20.295,15691,0
SPAX.US,D,20211025,000000,22.32,22.32,20.24,20.301,3638,0
SPAX.US,D,20211026,000000,20.35,20.35,20.24,20.2984,3542,0
SPAX.US,D,20211027,000000,20.31,20.3156,20.31,20.3156,186,0
SPAX.US,D,20211028,000000,20.3799,20.3799,20.36,20.36,693,0
SPAX.US,D,20211029,000000,20.33,20.34,20.26,20.33,2100,0
SPAX.US,D,20211101,000000,20.69,20.69,20.355,20.355,2145,0
SPAX.US,D,20211102,000000,20.5,20.5,20.36,20.433,1850,0
SPAX.US,D,20211103,000000,20.4259,20.4259,20.4259,20.4259,144,0
SPAX.US,D,20211104,000000,20.45,20.45,20.4401,20.4401,8857,0
SPAX.US,D,20211105,000000,20.425,20.425,20.425,20.425,138,0
SPAX.US,D,20211108,000000,20.43,20.43,20.4,20.4073,679,0
SPAX.US,D,20211109,000000,20.42,20.42,20.42,20.42,85,0
SPAX.US,D,20211110,000000,20.455,20.455,20.45,20.45,170,0
SPAX.US,D,20211111,000000,20.49,20.49,20.49,20.49,55,0
SPAX.US,D,20211112,000000,20.3801,20.3801,20.3801,20.3801,148,0
SPAX.US,D,20211115,000000,20.6099,20.6099,20.43,20.4319,1076,0
SPAX.US,D,20211116,000000,20.45,20.46,20.38,20.38,2641,0
SPAX.US,D,20211117,000000,20.3849,20.3849,20.3849,20.3849,85,0
SPAX.US,D,20211118,000000,20.425,20.425,20.425,20.425,123,0
SPAX.US,D,20211119,000000,20.425,20.425,20.425,20.425,61,0
SPAX.US,D,20211122,000000,20.56,20.56,20.56,20.56,63,0
SPAX.US,D,20211123,000000,20.505,20.505,20.4206,20.4206,263,0
SPAX.US,D,20211124,000000,20.4853,20.4853,20.4853,20.4853,28,0
SPAX.US,D,20211126,000000,20.445,20.445,20.445,20.445,41,0
SPAX.US,D,20211129,000000,20.4895,20.4895,20.4,20.45,4649,0
SPAX.US,D,20211130,000000,20.4169,20.4169,20.4169,20.4169,37,0
SPAX.US,D,20211201,000000,20.4362,20.4362,20.4362,20.4362,135,0
SPAX.US,D,20211202,000000,20.4414,20.4414,20.4414,20.4414,49,0
SPAX.US,D,20211203,000000,20.5,20.51,20.4689,20.4689,1071,0
SPAX.US,D,20211206,000000,20.535,20.6,20.535,20.535,379,0
SPAX.US,D,20211207,000000,20.56,20.56,20.56,20.56,51,0
SPAX.US,D,20211208,000000,20.5689,20.5689,20.5689,20.5689,80,0
SPAX.US,D,20211209,000000,20.5599,20.56,20.5182,20.5182,469,0
SPAX.US,D,20211210,000000,20.5589,20.5589,20.4952,20.4952,11476,0
SPAX.US,D,20211213,000000,20.69,20.69,20.54,20.5899,14334,0
SPAX.US,D,20211214,000000,20.4821,20.65,20.459,20.52,29810,0
SPAX.US,D,20211215,000000,20.74,20.74,20.53,20.54,24763,0
SPAX.US,D,20211216,000000,20.72,20.72,20.5852,20.5852,3531,0
SPAX.US,D,20211217,000000,20.59,20.59,20.5084,20.5338,255114,0
SPAX.US,D,20211220,000000,20.58,20.7195,20.5652,20.5652,11291,0
SPAX.US,D,20211221,000000,20.6,20.6,20.56,20.56,1794,0
SPAX.US,D,20211222,000000,20.69,20.69,20.5531,20.5531,359,0
SPAX.US,D,20211223,000000,20.57,20.57,20.42,20.5048,266528,0
SPAX.US,D,20211227,000000,20.5384,20.55,20.44,20.505,9642,0
SPAX.US,D,20211228,000000,20.58,20.58,20.475,20.475,291,0
SPAX.US,D,20211229,000000,20.4832,20.59,20.4832,20.485,31601,0
SPAX.US,D,20211230,000000,20.69,20.71,20.485,20.485,2513,0
SPAX.US,D,20211231,000000,20.51,20.51,20.4936,20.4936,223,0
SPAX.US,D,20220103,000000,20.34,20.5056,20.34,20.5056,1283,0
SPAX.US,D,20220104,000000,20.52,20.67,20.51,20.56,14349,0
SPAX.US,D,20220105,000000,20.5151,20.5151,20.5151,20.5151,189,0
SPAX.US,D,20220106,000000,20.56,20.56,20.51,20.55,13094,0
SPAX.US,D,20220107,000000,20.5549,20.5549,20.5549,20.5549,87,0
SPAX.US,D,20220110,000000,20.525,20.56,20.525,20.5439,3412,0
SPAX.US,D,20220111,000000,20.5499,20.55,20.5499,20.55,521,0
SPAX.US,D,20220112,000000,20.56,20.56,20.52,20.52,840,0
SPAX.US,D,20220113,000000,20.52,20.56,20.52,20.56,17686,0
SPAX.US,D,20220114,000000,20.53,20.54,20.5152,20.5152,8552,0
SPAX.US,D,20220118,000000,20.52,20.54,20.5,20.5,1234,0
SPAX.US,D,20220119,000000,20.51,20.51,20.51,20.51,31,0
SPAX.US,D,20220120,000000,20.51,20.51,20.48,20.48,2709,0
SPAX.US,D,20220121,000000,20.48,20.48,20.48,20.48,3013,0
