<TICKER>,<PER>,<DATE>,<TIME>,<OPEN>,<HIGH>,<LOW>,<CLOSE>,<VOL>,<OPENINT>
SPGS-WS.US,D,20210414,000000,1.53,1.6125,1.5,1.51,3628,0
SPGS-WS.US,D,20210415,000000,1.51,1.51,1.3,1.35,5604,0
SPGS-WS.US,D,20210416,000000,1.3204,1.3204,1.05,1.09,4195,0
SPGS-WS.US,D,20210419,000000,1.15,1.15,1.1,1.1,1390,0
SPGS-WS.US,D,20210420,000000,1.04,1.05,1.04,1.05,13246,0
SPGS-WS.US,D,20210421,000000,0.9501,0.99,0.945,0.9457,119563,0
SPGS-WS.US,D,20210422,000000,0.91,1.1,0.91,1.1,35200,0
SPGS-WS.US,D,20210423,000000,1,1.06,0.99,1.05,20507,0
SPGS-WS.US,D,20210426,000000,1.05,1.059,0.9765,0.9765,8946,0
SPGS-WS.US,D,20210427,000000,1,1.05,1,1,54654,0
SPGS-WS.US,D,20210428,000000,0.9701,1.02,0.97,1,11429,0
SPGS-WS.US,D,20210429,000000,1.0499,1.0499,1.01,1.01,6163,0
SPGS-WS.US,D,20210430,000000,0.9901,1.01,0.9901,1,12828,0
SPGS-WS.US,D,20210503,000000,0.9701,0.9801,0.9501,0.9801,48307,0
SPGS-WS.US,D,20210504,000000,0.9952,1,0.9701,1,9530,0
SPGS-WS.US,D,20210505,000000,0.9501,1.06,0.9501,1.015,6880,0
SPGS-WS.US,D,20210506,000000,1.01,1.05,0.97,1.05,7757,0
SPGS-WS.US,D,20210510,000000,1.08,1.09,1.05,1.07,8954,0
SPGS-WS.US,D,20210511,000000,1.05,1.05,1.05,1.05,7514,0
SPGS-WS.US,D,20210512,000000,1.05,1.0505,1,1,20864,0
SPGS-WS.US,D,20210513,000000,0.985,1,0.9501,0.9905,4672,0
SPGS-WS.US,D,20210514,000000,0.99,1.05,0.9499,1,56120,0
SPGS-WS.US,D,20210517,000000,0.9742,1.05,0.9742,1.05,934,0
SPGS-WS.US,D,20210519,000000,1.05,1.064,1.05,1.064,468,0
SPGS-WS.US,D,20210520,000000,1.09,1.09,1.09,1.09,350,0
SPGS-WS.US,D,20210521,000000,1.08,1.22,1.075,1.12,7725,0
SPGS-WS.US,D,20210524,000000,1.18,1.1897,1.1,1.13,5116,0
SPGS-WS.US,D,20210525,000000,1.14,1.16,1.14,1.16,1239,0
SPGS-WS.US,D,20210526,000000,1.15,1.3,1.15,1.2793,3251,0
SPGS-WS.US,D,20210527,000000,1.16,1.31,1.15,1.26,29986,0
SPGS-WS.US,D,20210528,000000,1.25,1.28,1.25,1.26,3879,0
SPGS-WS.US,D,20210601,000000,1.26,1.27,1.25,1.27,1916,0
SPGS-WS.US,D,20210602,000000,1.27,1.29,1.25,1.25,7651,0
SPGS-WS.US,D,20210603,000000,1.25,1.47,1.25,1.3701,6690,0
SPGS-WS.US,D,20210604,000000,1.33,1.3376,1.2101,1.22,5576,0
SPGS-WS.US,D,20210607,000000,1.22,1.22,1.2198,1.2198,4112,0
SPGS-WS.US,D,20210608,000000,1.2799,1.2799,1.2799,1.2799,490,0
SPGS-WS.US,D,20210609,000000,1.24,1.34,1.23,1.2799,17521,0
SPGS-WS.US,D,20210610,000000,1.26,1.26,1.26,1.26,660,0
SPGS-WS.US,D,20210611,000000,1.3,1.36,1.27,1.35,5272,0
SPGS-WS.US,D,20210614,000000,1.37,1.5521,1.36,1.37,10781,0
SPGS-WS.US,D,20210615,000000,1.39,1.49,1.39,1.44,6330,0
SPGS-WS.US,D,20210616,000000,1.51,1.64,1.4,1.54,16911,0
SPGS-WS.US,D,20210617,000000,1.61,1.61,1.44,1.45,5016,0
SPGS-WS.US,D,20210618,000000,1.41,1.4981,1.41,1.4981,5410,0
SPGS-WS.US,D,20210621,000000,1.43,1.44,1.4,1.4,5790,0
SPGS-WS.US,D,20210622,000000,1.39,1.44,1.39,1.44,1038,0
SPGS-WS.US,D,20210623,000000,1.4785,1.55,1.46,1.46,14347,0
SPGS-WS.US,D,20210624,000000,1.48,1.48,1.48,1.48,500,0
SPGS-WS.US,D,20210625,000000,1.52,1.52,1.3,1.31,32187,0
SPGS-WS.US,D,20210628,000000,1.47,1.49,1.305,1.3398,9377,0
SPGS-WS.US,D,20210629,000000,1.42,1.45,1.385,1.45,5505,0
SPGS-WS.US,D,20210630,000000,1.42,1.47,1.42,1.46,3172,0
SPGS-WS.US,D,20210701,000000,1.4,1.49,1.4,1.49,3787,0
SPGS-WS.US,D,20210702,000000,1.5099,1.51,1.5099,1.51,200,0
SPGS-WS.US,D,20210706,000000,1.5484,1.5484,1.5484,1.5484,268,0
SPGS-WS.US,D,20210707,000000,1.5,1.55,1.45,1.47,2181,0
SPGS-WS.US,D,20210708,000000,1.47,1.5,1.47,1.4994,9174,0
SPGS-WS.US,D,20210709,000000,1.7,1.7,1.65,1.6542,4863,0
SPGS-WS.US,D,20210712,000000,1.65,1.65,1.55,1.55,1699,0
SPGS-WS.US,D,20210714,000000,1.8,1.8,1.57,1.57,2529,0
SPGS-WS.US,D,20210715,000000,1.57,1.64,1.53,1.5499,11996,0
SPGS-WS.US,D,20210716,000000,1.5,1.65,1.48,1.65,11061,0
SPGS-WS.US,D,20210719,000000,1.57,1.628,1.57,1.628,11450,0
SPGS-WS.US,D,20210720,000000,1.65,1.65,1.65,1.65,1500,0
SPGS-WS.US,D,20210721,000000,1.65,1.65,1.65,1.65,10181,0
SPGS-WS.US,D,20210722,000000,1.61,1.67,1.6,1.67,3311,0
SPGS-WS.US,D,20210723,000000,1.61,1.61,1.56,1.56,1520,0
SPGS-WS.US,D,20210727,000000,1.56,1.63,1.48,1.52,14606,0
SPGS-WS.US,D,20210728,000000,1.5,1.5,1.46,1.46,2823,0
SPGS-WS.US,D,20210729,000000,1.54,1.55,1.53,1.53,856,0
SPGS-WS.US,D,20210730,000000,1.55,1.57,1.55,1.57,60701,0
SPGS-WS.US,D,20210803,000000,1.5701,1.6291,1.52,1.53,5761,0
SPGS-WS.US,D,20210804,000000,1.46,1.5711,1.46,1.5711,1649,0
SPGS-WS.US,D,20210805,000000,1.58,1.61,1.5501,1.59,821,0
SPGS-WS.US,D,20210809,000000,1.64,1.88,1.64,1.64,12356,0
SPGS-WS.US,D,20210810,000000,1.4801,1.5287,1.44,1.45,4005,0
SPGS-WS.US,D,20210811,000000,1.5,1.51,1.42,1.42,19015,0
SPGS-WS.US,D,20210812,000000,1.4301,1.45,1.41,1.42,3226,0
SPGS-WS.US,D,20210813,000000,1.49,1.51,1.4,1.41,12677,0
SPGS-WS.US,D,20210816,000000,1.37,1.5,1.35,1.35,16298,0
SPGS-WS.US,D,20210817,000000,1.36,1.375,1.21,1.21,10876,0
SPGS-WS.US,D,20210818,000000,1.28,1.28,1.2,1.2,3906,0
SPGS-WS.US,D,20210819,000000,1.19,1.2,1.1865,1.2,9298,0
SPGS-WS.US,D,20210820,000000,1.19,1.24,1.19,1.24,23864,0
SPGS-WS.US,D,20210823,000000,1.19,1.29,1.15,1.235,4812,0
SPGS-WS.US,D,20210825,000000,1.2001,1.2501,1.03,1.03,9036,0
SPGS-WS.US,D,20210826,000000,1.08,1.15,1.08,1.15,17101,0
SPGS-WS.US,D,20210827,000000,1.13,1.13,1.1,1.11,6144,0
SPGS-WS.US,D,20210830,000000,1.1599,1.24,1.1599,1.24,7297,0
SPGS-WS.US,D,20210831,000000,1.2,1.2,1.18,1.18,8415,0
SPGS-WS.US,D,20210901,000000,1.19,1.19,1.12,1.12,8248,0
SPGS-WS.US,D,20210902,000000,1.11,1.12,1,1.11,14954,0
SPGS-WS.US,D,20210903,000000,1.11,1.11,1.11,1.11,2256,0
SPGS-WS.US,D,20210907,000000,1.105,1.105,1.105,1.105,1563,0
SPGS-WS.US,D,20210908,000000,1.08,1.09,0.973,0.973,1597,0
SPGS-WS.US,D,20210909,000000,1.04,1.06,1.035,1.06,3385,0
SPGS-WS.US,D,20210913,000000,1.0546,1.11,1.0546,1.06,2094,0
SPGS-WS.US,D,20210914,000000,1.02,1.02,0.9328,1.01,191156,0
SPGS-WS.US,D,20210916,000000,1,1.05,0.9839,1.03,15617,0
SPGS-WS.US,D,20210917,000000,1.04,1.04,1.02,1.03,2073,0
SPGS-WS.US,D,20210920,000000,1.11,1.11,1.02,1.03,2195,0
SPGS-WS.US,D,20210921,000000,1.05,1.05,1.04,1.04,475,0
SPGS-WS.US,D,20210922,000000,1.03,1.03,1,1,1474,0
SPGS-WS.US,D,20210923,000000,1.03,1.05,1.02,1.02,5016,0
SPGS-WS.US,D,20210924,000000,1.04,1.04,1.01,1.01,6099,0
SPGS-WS.US,D,20210927,000000,1.03,1.03,0.99,0.99,2804,0
SPGS-WS.US,D,20210928,000000,1.005,1.005,0.9309,0.99,3838,0
SPGS-WS.US,D,20210929,000000,0.99,0.99,0.99,0.99,970,0
SPGS-WS.US,D,20211001,000000,0.99,0.99,0.9402,0.95,14298,0
SPGS-WS.US,D,20211004,000000,1,1.03,0.9401,0.9401,1743,0
SPGS-WS.US,D,20211005,000000,0.95,0.95,0.9401,0.9401,1004,0
SPGS-WS.US,D,20211006,000000,1,1.015,1,1,6985,0
SPGS-WS.US,D,20211007,000000,1.07,1.07,1.02,1.02,256,0
SPGS-WS.US,D,20211008,000000,0.9999,1.04,0.969,0.99,6279,0
SPGS-WS.US,D,20211011,000000,0.96,0.96,0.899899,0.899899,54322,0
SPGS-WS.US,D,20211012,000000,0.9,0.9295,0.8701,0.8987,27836,0
SPGS-WS.US,D,20211014,000000,0.92,0.92,0.8399,0.8499,50022,0
SPGS-WS.US,D,20211015,000000,0.85,0.8861,0.85,0.855101,22609,0
SPGS-WS.US,D,20211018,000000,0.9,0.91,0.83,0.8451,48594,0
SPGS-WS.US,D,20211019,000000,0.841,0.88,0.83,0.8311,19692,0
SPGS-WS.US,D,20211020,000000,0.8726,0.8801,0.825,0.8302,58404,0
SPGS-WS.US,D,20211021,000000,0.841,0.854501,0.83,0.84,22995,0
SPGS-WS.US,D,20211025,000000,0.8651,0.8819,0.85,0.85,24570,0
SPGS-WS.US,D,20211026,000000,0.8847,0.908,0.8847,0.9,71695,0
SPGS-WS.US,D,20211027,000000,0.9,0.9183,0.8849,0.9183,7500,0
SPGS-WS.US,D,20211028,000000,0.92,1.005,0.92,1,68768,0
SPGS-WS.US,D,20211029,000000,0.906,1.04,0.906,1.03,10543,0
SPGS-WS.US,D,20211101,000000,1.06,1.13,1.04,1.1,48203,0
SPGS-WS.US,D,20211102,000000,1.05,1.12,1.04,1.12,55249,0
SPGS-WS.US,D,20211103,000000,1.06,1.24,1.06,1.2,28319,0
SPGS-WS.US,D,20211104,000000,1.2499,1.2499,1.04,1.11,5763,0
SPGS-WS.US,D,20211105,000000,1.16,1.19,1.0901,1.0901,28061,0
SPGS-WS.US,D,20211108,000000,1.1399,1.14,1.1,1.1,5807,0
SPGS-WS.US,D,20211109,000000,1.16,1.16,1.11,1.11,10669,0
SPGS-WS.US,D,20211110,000000,1.11,1.1694,1.11,1.1694,471,0
SPGS-WS.US,D,20211111,000000,1.17,1.18,1.05,1.119,19111,0
SPGS-WS.US,D,20211112,000000,1.14,1.15,1.04,1.08,10426,0
SPGS-WS.US,D,20211115,000000,1.05,1.0799,1.04,1.05,12435,0
SPGS-WS.US,D,20211116,000000,1.07,1.0798,1.02,1.02,6734,0
SPGS-WS.US,D,20211117,000000,1.05,1.12,1.02,1.02,39812,0
SPGS-WS.US,D,20211118,000000,1.01,1.06,0.9801,0.9801,9779,0
SPGS-WS.US,D,20211119,000000,1.0001,1.0201,1,1.0001,4197,0
SPGS-WS.US,D,20211122,000000,1.0567,1.07,1.01,1.01,9349,0
SPGS-WS.US,D,20211123,000000,1.04,1.04,0.9798,1.0099,4071,0
SPGS-WS.US,D,20211124,000000,1.06,1.1,0.9705,0.9705,22920,0
SPGS-WS.US,D,20211126,000000,1,1,1,1,2197,0
SPGS-WS.US,D,20211129,000000,0.9501,0.9901,0.9002,0.9601,65023,0
SPGS-WS.US,D,20211130,000000,0.9942,1,0.968903,0.9943,1970,0
SPGS-WS.US,D,20211201,000000,1,1,1,1,1722,0
SPGS-WS.US,D,20211202,000000,1,1,0.98,1,6714,0
SPGS-WS.US,D,20211203,000000,0.95,0.97,0.9,0.97,8074,0
SPGS-WS.US,D,20211206,000000,0.93,0.93,0.93,0.93,349,0
SPGS-WS.US,D,20211207,000000,0.95,0.95,0.95,0.95,2128,0
SPGS-WS.US,D,20211208,000000,0.931,0.931,0.874649,0.92,31705,0
SPGS-WS.US,D,20211209,000000,0.925,0.9589,0.92,0.95,3950,0
SPGS-WS.US,D,20211210,000000,0.92,0.92,0.89,0.89,824,0
SPGS-WS.US,D,20211213,000000,0.9,0.91,0.9,0.91,1425,0
SPGS-WS.US,D,20211214,000000,0.9279,0.9279,0.9199,0.92,4424,0
SPGS-WS.US,D,20211215,000000,0.9,0.9,0.8601,0.8775,9630,0
SPGS-WS.US,D,20211216,000000,0.8877,0.89,0.81,0.81,29577,0
SPGS-WS.US,D,20211217,000000,0.8201,0.8666,0.82,0.8201,2748,0
SPGS-WS.US,D,20211220,000000,0.84,0.86,0.84,0.86,1017,0
SPGS-WS.US,D,20211221,000000,0.9501,0.9501,0.76,0.826,168920,0
SPGS-WS.US,D,20211222,000000,0.87,0.8799,0.8299,0.8499,7084,0
SPGS-WS.US,D,20211223,000000,0.8499,0.87,0.8499,0.8601,3891,0
SPGS-WS.US,D,20211227,000000,0.83,0.8699,0.83,0.8699,1252,0
SPGS-WS.US,D,20211228,000000,0.88,0.88,0.86,0.8601,2186,0
SPGS-WS.US,D,20211229,000000,0.8614,0.88,0.86,0.86,1850,0
SPGS-WS.US,D,20211230,000000,0.830101,0.85,0.830101,0.85,1220,0
SPGS-WS.US,D,20211231,000000,0.85,0.8585,0.8,0.8585,7756,0
SPGS-WS.US,D,20220103,000000,0.82,0.82,0.81,0.8102,800,0
SPGS-WS.US,D,20220104,000000,0.81,0.8618,0.81,0.84,71399,0
SPGS-WS.US,D,20220105,000000,0.84,0.849899,0.8,0.83,14208,0
SPGS-WS.US,D,20220106,000000,0.83,0.85,0.83,0.85,1514,0
SPGS-WS.US,D,20220107,000000,0.8754,0.8755,0.8,0.85,10196,0
SPGS-WS.US,D,20220110,000000,0.82,0.82,0.7999,0.810001,4060,0
SPGS-WS.US,D,20220111,000000,0.8201,0.8401,0.82,0.8401,2856,0
SPGS-WS.US,D,20220112,000000,0.81,0.8151,0.75,0.8151,12857,0
SPGS-WS.US,D,20220113,000000,0.8301,0.8301,0.78,0.800101,3048,0
SPGS-WS.US,D,20220114,000000,0.8301,0.839799,0.76,0.76,16240,0
SPGS-WS.US,D,20220118,000000,0.75,0.7601,0.75,0.7501,2600,0
SPGS-WS.US,D,20220119,000000,0.7501,0.7501,0.73,0.7306,4598,0
SPGS-WS.US,D,20220120,000000,0.7102,0.737,0.7102,0.72,5710,0
SPGS-WS.US,D,20220121,000000,0.715,0.715,0.6599,0.66,21827,0
