<TICKER>,<PER>,<DATE>,<TIME>,<OPEN>,<HIGH>,<LOW>,<CLOSE>,<VOL>,<OPENINT>
STRE-WS.US,D,20210517,000000,1.15,1.15,1.15,1.15,1000,0
STRE-WS.US,D,20210519,000000,1.2,1.2,1.2,1.2,1071,0
STRE-WS.US,D,20210520,000000,1.1,1.1,1.05,1.05,400,0
STRE-WS.US,D,20210524,000000,1,1.1,1,1.1,161104,0
STRE-WS.US,D,20210526,000000,1.17,1.17,1.17,1.17,1000,0
STRE-WS.US,D,20210527,000000,1.09,1.11,1.09,1.1,17041,0
STRE-WS.US,D,20210528,000000,1.15,1.15,1.15,1.15,120,0
STRE-WS.US,D,20210601,000000,1.11,1.14,1.1,1.14,4753,0
STRE-WS.US,D,20210602,000000,1.14,1.14,1.14,1.14,220,0
STRE-WS.US,D,20210603,000000,1.14,1.14,1.14,1.14,200,0
STRE-WS.US,D,20210604,000000,1.12,1.12,1.09,1.09,52700,0
STRE-WS.US,D,20210608,000000,1.13,1.13,1.13,1.13,1075,0
STRE-WS.US,D,20210609,000000,1.13,1.14,1.13,1.14,4359,0
STRE-WS.US,D,20210610,000000,1.28,1.36,1.28,1.36,74399,0
STRE-WS.US,D,20210611,000000,1.45,1.45,1.39,1.39,1001,0
STRE-WS.US,D,20210614,000000,1.5,1.5,1.35,1.35,4950,0
STRE-WS.US,D,20210618,000000,1.21,1.29,1.21,1.24,22600,0
STRE-WS.US,D,20210623,000000,1.24,1.24,1.2399,1.2399,430,0
STRE-WS.US,D,20210624,000000,1.23,1.23,1.2,1.21,5285,0
STRE-WS.US,D,20210628,000000,1.15,1.15,1.15,1.15,22815,0
STRE-WS.US,D,20210630,000000,1.2,1.2,1.2,1.2,100,0
STRE-WS.US,D,20210706,000000,1.18,1.18,1.15,1.15,1060,0
STRE-WS.US,D,20210707,000000,1.15,1.15,1.15,1.15,3367,0
STRE-WS.US,D,20210720,000000,1.15,1.17,1.15,1.17,600,0
STRE-WS.US,D,20210726,000000,1.18,1.18,1.17,1.17,785,0
STRE-WS.US,D,20210802,000000,1.15,1.15,1.12,1.12,3300,0
STRE-WS.US,D,20210803,000000,1.13,1.13,1.12,1.13,1640,0
STRE-WS.US,D,20210811,000000,1.07,1.08,1.01,1.04,16932,0
STRE-WS.US,D,20210813,000000,1.05,1.05,1.0499,1.0499,1000,0
STRE-WS.US,D,20210820,000000,1.01,1.01,1,1,700,0
STRE-WS.US,D,20210823,000000,0.99,0.99,0.99,0.99,1000,0
STRE-WS.US,D,20210824,000000,0.9201,0.9501,0.9201,0.9501,428,0
STRE-WS.US,D,20210831,000000,0.95,0.95,0.95,0.95,207,0
STRE-WS.US,D,20210901,000000,0.935,0.935,0.935,0.935,1180,0
STRE-WS.US,D,20210907,000000,0.95,0.95,0.95,0.95,897,0
STRE-WS.US,D,20210908,000000,0.9719,0.9719,0.95,0.965,320,0
STRE-WS.US,D,20210910,000000,0.92,0.92,0.895,0.8999,555,0
STRE-WS.US,D,20210914,000000,0.8901,0.8901,0.8901,0.8901,1104,0
STRE-WS.US,D,20210916,000000,0.9,0.95,0.899899,0.95,1100,0
STRE-WS.US,D,20210917,000000,0.989799,0.989799,0.989799,0.989799,250,0
STRE-WS.US,D,20210922,000000,0.99,0.99,0.99,0.99,253,0
STRE-WS.US,D,20210929,000000,0.9401,0.9401,0.9401,0.9401,125,0
STRE-WS.US,D,20211004,000000,0.97,0.97,0.89,0.89,1363,0
STRE-WS.US,D,20211005,000000,0.8501,0.852,0.85,0.85,2446,0
STRE-WS.US,D,20211007,000000,0.9,0.9,0.81,0.81,6073,0
STRE-WS.US,D,20211011,000000,0.89,0.89,0.89,0.89,100,0
STRE-WS.US,D,20211012,000000,0.825,0.825,0.7501,0.7503,46036,0
STRE-WS.US,D,20211013,000000,0.78,0.8,0.77,0.8,1700,0
STRE-WS.US,D,20211014,000000,0.85,0.85,0.85,0.85,555,0
STRE-WS.US,D,20211015,000000,0.85,0.85,0.85,0.85,100,0
STRE-WS.US,D,20211018,000000,0.83,0.83,0.83,0.83,100,0
STRE-WS.US,D,20211019,000000,0.85,0.85,0.85,0.85,2425,0
STRE-WS.US,D,20211020,000000,0.88,0.88,0.88,0.88,100,0
STRE-WS.US,D,20211026,000000,0.89,0.9755,0.89,0.9755,375,0
STRE-WS.US,D,20211027,000000,0.95,1,0.9199,0.9199,205680,0
STRE-WS.US,D,20211028,000000,0.95,0.95,0.95,0.95,693,0
STRE-WS.US,D,20211029,000000,0.99,0.99,0.94,0.94,1527,0
STRE-WS.US,D,20211102,000000,0.99,0.99,0.99,0.99,100,0
STRE-WS.US,D,20211103,000000,0.99,1,0.955,0.955,2700,0
STRE-WS.US,D,20211104,000000,0.99,0.99,0.9511,0.9879,9150,0
STRE-WS.US,D,20211105,000000,1.05,1.05,0.951201,0.9879,3250,0
STRE-WS.US,D,20211108,000000,0.9879,0.9879,0.986,0.986,300,0
STRE-WS.US,D,20211109,000000,0.98,0.98,0.98,0.98,6000,0
STRE-WS.US,D,20211112,000000,1.03,1.03,1.03,1.03,400,0
STRE-WS.US,D,20211115,000000,1.01,1.03,1,1,7132,0
STRE-WS.US,D,20211118,000000,0.95,1.04,0.95,1,4320,0
STRE-WS.US,D,20211119,000000,1,1.01,0.9701,1.01,8609,0
STRE-WS.US,D,20211122,000000,1,1.05,1,1.03,12331,0
STRE-WS.US,D,20211123,000000,1.03,1.05,1.03,1.05,7523,0
STRE-WS.US,D,20211124,000000,1.03,1.06,1.03,1.06,1800,0
STRE-WS.US,D,20211129,000000,1,1.036,1,1,15285,0
STRE-WS.US,D,20211130,000000,1,1,0.9804,0.9804,6000,0
STRE-WS.US,D,20211201,000000,0.98,0.9803,0.9703,0.98,15958,0
STRE-WS.US,D,20211202,000000,0.95,0.95005,0.95,0.95,2240,0
STRE-WS.US,D,20211206,000000,0.959899,0.959899,0.959899,0.959899,101,0
STRE-WS.US,D,20211207,000000,0.949999,0.95,0.9202,0.95,33703,0
STRE-WS.US,D,20211208,000000,0.94,0.94,0.92,0.92,4360,0
STRE-WS.US,D,20211209,000000,0.98,0.98,0.95,0.97,22342,0
STRE-WS.US,D,20211210,000000,0.97,0.97,0.9301,0.9301,3300,0
STRE-WS.US,D,20211213,000000,0.9291,0.93,0.9291,0.93,1064,0
STRE-WS.US,D,20211214,000000,0.9002,0.9002,0.8803,0.8803,8879,0
STRE-WS.US,D,20211216,000000,0.8801,0.8801,0.85,0.8513,16556,0
STRE-WS.US,D,20211220,000000,0.85,0.8701,0.85,0.85,6860,0
STRE-WS.US,D,20211221,000000,0.88,0.88,0.88,0.88,477,0
STRE-WS.US,D,20211231,000000,0.9501,0.9501,0.9001,0.9001,625,0
STRE-WS.US,D,20220103,000000,0.91,0.91,0.91,0.91,1200,0
STRE-WS.US,D,20220104,000000,0.9,0.9,0.9,0.9,1000,0
STRE-WS.US,D,20220105,000000,0.88,0.88,0.8201,0.8201,8348,0
STRE-WS.US,D,20220106,000000,0.8201,0.8201,0.799703,0.8,7525,0
STRE-WS.US,D,20220107,000000,0.8,0.8,0.795049,0.8,9362,0
STRE-WS.US,D,20220110,000000,0.8,0.8,0.7953,0.7953,1900,0
STRE-WS.US,D,20220112,000000,0.7501,0.77,0.74,0.764976,22060,0
STRE-WS.US,D,20220113,000000,0.741051,0.741051,0.741051,0.741051,100,0
STRE-WS.US,D,20220114,000000,0.749951,0.749951,0.749951,0.749951,200,0
STRE-WS.US,D,20220118,000000,0.7,0.7,0.685,0.685,720,0
STRE-WS.US,D,20220119,000000,0.6855,0.6855,0.6201,0.6503,6250,0
STRE-WS.US,D,20220120,000000,0.7101,0.7101,0.6201,0.65,2469,0
