<TICKER>,<PER>,<DATE>,<TIME>,<OPEN>,<HIGH>,<LOW>,<CLOSE>,<VOL>,<OPENINT>
STZ-B.US,D,20100824,000000,15.298,15.298,15.298,15.298,216,0
STZ-B.US,D,20100825,000000,15.166,15.398,15.166,15.398,327,0
STZ-B.US,D,20100831,000000,15.166,15.461,15.166,15.461,3354,0
STZ-B.US,D,20100901,000000,15.695,15.806,15.695,15.806,869,0
STZ-B.US,D,20100903,000000,15.952,16.019,15.952,16.019,431,0
STZ-B.US,D,20100907,000000,15.723,15.723,15.723,15.723,100,0
STZ-B.US,D,20100909,000000,15.563,15.695,15.555,15.695,1161,0
STZ-B.US,D,20100913,000000,15.952,15.952,15.952,15.952,100,0
STZ-B.US,D,20100914,000000,16.091,16.091,16.029,16.029,541,0
STZ-B.US,D,20100915,000000,16.12,16.395,16.12,16.387,1945,0
STZ-B.US,D,20100916,000000,16.166,16.37,16.166,16.37,644,0
STZ-B.US,D,20100917,000000,16.574,16.574,16.574,16.574,216,0
STZ-B.US,D,20100920,000000,16.747,16.803,16.747,16.803,541,0
STZ-B.US,D,20100921,000000,16.775,16.775,16.775,16.775,431,0
STZ-B.US,D,20100922,000000,16.683,16.683,16.683,16.683,100,0
STZ-B.US,D,20100923,000000,16.526,16.601,16.472,16.472,431,0
STZ-B.US,D,20100924,000000,16.747,16.861,16.747,16.861,327,0
STZ-B.US,D,20100927,000000,16.591,16.591,16.591,16.591,100,0
STZ-B.US,D,20100928,000000,16.517,16.517,16.415,16.415,216,0
STZ-B.US,D,20100929,000000,16.499,16.499,16.34,16.37,3461,0
STZ-B.US,D,20100930,000000,16.517,16.517,16.517,16.517,100,0
STZ-B.US,D,20101001,000000,16.435,16.435,16.435,16.435,431,0
STZ-B.US,D,20101004,000000,16.425,16.425,16.425,16.425,100,0
STZ-B.US,D,20101005,000000,16.331,16.38,15.788,16.38,3381,0
STZ-B.US,D,20101006,000000,16.24,17.146,16.24,17.09,2272,0
STZ-B.US,D,20101007,000000,17.378,17.378,17.286,17.286,327,0
STZ-B.US,D,20101008,000000,17.267,17.34,17.267,17.34,541,0
STZ-B.US,D,20101011,000000,17.195,17.654,17.195,17.581,7461,0
STZ-B.US,D,20101012,000000,17.424,17.526,17.06,17.526,644,0
STZ-B.US,D,20101013,000000,17.709,17.738,17.581,17.581,2195,0
STZ-B.US,D,20101014,000000,17.618,17.618,17.526,17.535,973,0
STZ-B.US,D,20101018,000000,17.69,17.821,17.69,17.821,216,0
STZ-B.US,D,20101019,000000,17.699,17.709,16.832,17.709,2272,0
STZ-B.US,D,20101025,000000,17.94,18.181,17.94,18.171,431,0
STZ-B.US,D,20101026,000000,17.94,17.94,17.94,17.94,100,0
STZ-B.US,D,20101027,000000,17.709,17.709,17.478,17.478,216,0
STZ-B.US,D,20101028,000000,17.699,17.699,17.699,17.699,100,0
STZ-B.US,D,20101029,000000,17.785,18.267,17.785,18.267,644,0
STZ-B.US,D,20101103,000000,18.035,18.035,18.035,18.035,100,0
STZ-B.US,D,20101104,000000,18.267,18.267,18.267,18.267,216,0
STZ-B.US,D,20101105,000000,18.497,18.497,18.497,18.497,216,0
STZ-B.US,D,20101108,000000,18.432,18.571,18.432,18.571,2053,0
STZ-B.US,D,20101112,000000,18.2,18.2,18.2,18.2,216,0
STZ-B.US,D,20101115,000000,18.432,18.661,18.432,18.661,216,0
STZ-B.US,D,20101116,000000,18.632,18.632,18.403,18.403,327,0
STZ-B.US,D,20101117,000000,18.459,18.459,18.459,18.459,100,0
STZ-B.US,D,20101118,000000,18.632,19.151,18.632,19.151,889,0
STZ-B.US,D,20101119,000000,19.328,19.328,19.328,19.328,216,0
STZ-B.US,D,20101122,000000,19.19,19.19,19.059,19.135,431,0
STZ-B.US,D,20101124,000000,19.364,19.364,18.671,19.294,19352,0
STZ-B.US,D,20101126,000000,19.142,19.142,19.126,19.126,759,0
STZ-B.US,D,20101129,000000,19.032,19.032,19.032,19.032,216,0
STZ-B.US,D,20101201,000000,19.248,19.438,19.248,19.438,216,0
STZ-B.US,D,20101202,000000,19.465,19.68,19.23,19.68,2117,0
STZ-B.US,D,20101203,000000,19.911,20.142,19.911,20.142,431,0
STZ-B.US,D,20101207,000000,19.911,19.967,19.911,19.967,1945,0
STZ-B.US,D,20101208,000000,19.828,19.868,19.819,19.868,759,0
STZ-B.US,D,20101213,000000,20.039,20.039,19.868,19.868,216,0
STZ-B.US,D,20101214,000000,19.809,19.809,19.809,19.809,100,0
STZ-B.US,D,20101215,000000,19.995,20.152,19.995,20.152,1620,0
STZ-B.US,D,20101216,000000,20.613,20.613,20.613,20.613,216,0
STZ-B.US,D,20101220,000000,20.383,20.383,20.363,20.363,327,0
STZ-B.US,D,20101221,000000,20.346,20.346,20.346,20.346,216,0
STZ-B.US,D,20101223,000000,20.576,20.576,20.576,20.576,100,0
STZ-B.US,D,20101228,000000,20.566,20.566,20.566,20.566,100,0
STZ-B.US,D,20101229,000000,20.513,20.513,20.513,20.513,100,0
STZ-B.US,D,20101230,000000,20.336,20.336,20.336,20.336,100,0
STZ-B.US,D,20101231,000000,20.467,20.467,20.467,20.467,216,0
STZ-B.US,D,20110103,000000,20.236,20.236,19.848,19.948,644,0
STZ-B.US,D,20110104,000000,19.771,19.771,19.634,19.634,431,0
STZ-B.US,D,20110106,000000,19.543,19.543,18.497,18.497,2810,0
STZ-B.US,D,20110107,000000,18.267,18.267,17.859,17.969,869,0
STZ-B.US,D,20110110,000000,18.08,18.275,18.08,18.275,327,0
STZ-B.US,D,20110111,000000,18.035,18.035,18.035,18.035,100,0
STZ-B.US,D,20110112,000000,17.709,17.785,17.709,17.785,216,0
STZ-B.US,D,20110113,000000,17.821,17.821,17.571,17.757,1299,0
STZ-B.US,D,20110114,000000,17.878,17.987,17.803,17.803,1365,0
STZ-B.US,D,20110118,000000,17.821,17.821,17.821,17.821,283,0
STZ-B.US,D,20110119,000000,17.803,17.803,17.803,17.803,216,0
STZ-B.US,D,20110121,000000,17.803,17.803,17.571,17.571,327,0
STZ-B.US,D,20110126,000000,17.821,17.821,17.571,17.709,759,0
STZ-B.US,D,20110127,000000,17.913,17.913,17.913,17.913,216,0
STZ-B.US,D,20110128,000000,17.681,17.681,17.681,17.681,100,0
STZ-B.US,D,20110131,000000,17.45,17.664,17.109,17.664,2533,0
STZ-B.US,D,20110201,000000,17.896,17.906,17.896,17.906,327,0
STZ-B.US,D,20110203,000000,18.136,18.136,18.136,18.136,100,0
STZ-B.US,D,20110204,000000,18.294,18.301,18.294,18.301,644,0
STZ-B.US,D,20110207,000000,18.366,18.385,18.366,18.376,431,0
STZ-B.US,D,20110208,000000,18.311,18.311,18.301,18.301,327,0
STZ-B.US,D,20110210,000000,18.403,18.403,18.403,18.403,327,0
STZ-B.US,D,20110211,000000,18.534,18.534,18.534,18.534,216,0
STZ-B.US,D,20110214,000000,18.59,18.728,18.59,18.728,3764,0
STZ-B.US,D,20110215,000000,18.932,18.932,18.756,18.932,327,0
STZ-B.US,D,20110216,000000,18.959,19.135,18.959,19.126,541,0
STZ-B.US,D,20110222,000000,19.17,19.17,18.812,18.812,1253,0
STZ-B.US,D,20110223,000000,18.812,18.812,18.671,18.671,327,0
STZ-B.US,D,20110224,000000,18.661,18.661,18.468,18.468,541,0
STZ-B.US,D,20110225,000000,18.651,18.651,18.651,18.651,100,0
STZ-B.US,D,20110301,000000,18.756,18.756,18.524,18.524,216,0
STZ-B.US,D,20110302,000000,18.209,18.442,18.209,18.209,216,0
STZ-B.US,D,20110303,000000,18.311,18.544,18.311,18.544,216,0
STZ-B.US,D,20110304,000000,18.534,18.534,18.071,18.127,431,0
STZ-B.US,D,20110307,000000,18.275,18.275,18.275,18.275,100,0
STZ-B.US,D,20110308,000000,18.507,18.507,18.442,18.442,216,0
STZ-B.US,D,20110310,000000,18.275,18.275,18.044,18.044,216,0
STZ-B.US,D,20110311,000000,17.913,17.913,17.913,17.913,100,0
STZ-B.US,D,20110314,000000,17.681,17.681,17.45,17.517,327,0
STZ-B.US,D,20110315,000000,17.099,17.249,16.851,17.249,431,0
STZ-B.US,D,20110317,000000,17.118,17.118,16.889,16.916,431,0
STZ-B.US,D,20110318,000000,17.025,17.025,17.025,17.025,100,0
STZ-B.US,D,20110322,000000,17.295,17.295,17.166,17.295,216,0
STZ-B.US,D,20110325,000000,17.913,17.913,17.562,17.913,327,0
STZ-B.US,D,20110330,000000,17.93,18.218,17.93,18.218,869,0
STZ-B.US,D,20110331,000000,18.451,18.68,18.451,18.68,327,0
STZ-B.US,D,20110401,000000,18.913,18.913,18.913,18.913,100,0
STZ-B.US,D,20110405,000000,18.976,19.068,18.976,19.068,431,0
STZ-B.US,D,20110406,000000,19.078,19.078,18.85,18.85,431,0
STZ-B.US,D,20110407,000000,19.078,20.004,19.078,19.976,2161,0
STZ-B.US,D,20110408,000000,20.236,20.236,20.004,20.004,216,0
STZ-B.US,D,20110411,000000,20.236,20.236,19.886,19.886,431,0
STZ-B.US,D,20110413,000000,19.948,20.16,19.948,19.986,805,0
STZ-B.US,D,20110414,000000,20.189,20.189,20.142,20.189,1793,0
STZ-B.US,D,20110415,000000,19.976,20.209,19.948,20.209,761,0
STZ-B.US,D,20110418,000000,20.226,20.226,20.116,20.116,973,0
STZ-B.US,D,20110419,000000,20.439,20.837,20.439,20.837,541,0
STZ-B.US,D,20110421,000000,20.604,20.604,20.604,20.604,216,0
STZ-B.US,D,20110425,000000,20.566,20.566,20.566,20.566,216,0
STZ-B.US,D,20110426,000000,20.891,20.891,20.798,20.891,216,0
STZ-B.US,D,20110427,000000,21.029,21.029,21.029,21.029,100,0
STZ-B.US,D,20110428,000000,20.798,20.798,20.791,20.791,216,0
STZ-B.US,D,20110504,000000,21.029,21.169,20.938,20.938,431,0
STZ-B.US,D,20110505,000000,20.613,20.613,20.613,20.613,100,0
STZ-B.US,D,20110506,000000,20.613,20.847,20.613,20.613,216,0
STZ-B.US,D,20110512,000000,20.708,21.124,20.708,21.124,759,0
STZ-B.US,D,20110513,000000,21.263,21.263,20.974,21.037,759,0
STZ-B.US,D,20110517,000000,20.808,21.037,20.808,21.037,327,0
STZ-B.US,D,20110518,000000,20.808,21.037,20.808,21.037,1568,0
STZ-B.US,D,20110519,000000,21.003,21.003,20.762,20.762,327,0
STZ-B.US,D,20110520,000000,20.53,20.53,20.299,20.299,216,0
STZ-B.US,D,20110523,000000,20.067,20.067,20.067,20.067,216,0
STZ-B.US,D,20110524,000000,20.048,20.048,20.048,20.048,216,0
STZ-B.US,D,20110526,000000,19.911,19.911,19.838,19.838,347,0
STZ-B.US,D,20110527,000000,19.976,19.976,19.976,19.976,100,0
STZ-B.US,D,20110531,000000,20.209,20.209,20.209,20.209,100,0
STZ-B.US,D,20110602,000000,19.976,19.976,19.672,19.672,2125,0
STZ-B.US,D,20110603,000000,19.514,19.514,19.287,19.287,216,0
STZ-B.US,D,20110606,000000,19.514,19.742,19.514,19.514,476,0
STZ-B.US,D,20110607,000000,19.742,19.799,19.742,19.79,327,0
STZ-B.US,D,20110608,000000,19.562,19.562,19.562,19.562,100,0
STZ-B.US,D,20110609,000000,19.652,19.742,19.652,19.742,216,0
STZ-B.US,D,20110610,000000,19.514,19.514,19.514,19.514,100,0
STZ-B.US,D,20110614,000000,19.742,19.886,19.742,19.886,216,0
STZ-B.US,D,20110615,000000,19.652,19.652,19.419,19.543,1852,0
STZ-B.US,D,20110616,000000,19.19,19.419,19.19,19.419,405,0
STZ-B.US,D,20110617,000000,19.652,19.652,19.652,19.652,216,0
STZ-B.US,D,20110621,000000,19.877,19.877,19.877,19.877,100,0
STZ-B.US,D,20110622,000000,19.93,19.93,19.921,19.921,725,0
STZ-B.US,D,20110623,000000,19.643,19.643,19.409,19.475,1729,0
STZ-B.US,D,20110628,000000,19.013,19.257,19.013,19.161,4002,0
STZ-B.US,D,20110629,000000,19.21,19.304,19.21,19.294,707,0
STZ-B.US,D,20110630,000000,19.336,19.428,19.336,19.419,1640,0
STZ-B.US,D,20110701,000000,19.004,20.142,19.004,20.142,925,0
STZ-B.US,D,20110705,000000,20.254,20.254,20.254,20.254,100,0
STZ-B.US,D,20110706,000000,20.02,20.02,20.02,20.02,100,0
STZ-B.US,D,20110707,000000,20.057,20.057,20.057,20.057,100,0
STZ-B.US,D,20110708,000000,19.79,19.79,19.751,19.781,1810,0
STZ-B.US,D,20110711,000000,19.562,19.581,19.524,19.562,644,0
STZ-B.US,D,20110712,000000,19.328,19.328,19.328,19.328,100,0
STZ-B.US,D,20110714,000000,19.096,19.096,19.096,19.096,100,0
STZ-B.US,D,20110718,000000,18.858,18.885,18.831,18.885,329,0
STZ-B.US,D,20110719,000000,19.087,19.319,19.087,19.319,216,0
STZ-B.US,D,20110721,000000,19.552,19.761,19.552,19.761,541,0
STZ-B.US,D,20110726,000000,19.534,19.534,19.534,19.534,100,0
STZ-B.US,D,20110727,000000,19.344,19.344,18.913,18.913,644,0
STZ-B.US,D,20110728,000000,18.903,18.903,18.893,18.893,1232,0
STZ-B.US,D,20110729,000000,18.793,18.793,18.793,18.793,100,0
STZ-B.US,D,20110802,000000,18.329,18.329,18.329,18.329,100,0
STZ-B.US,D,20110803,000000,17.85,17.921,17.608,17.921,800,0
STZ-B.US,D,20110804,000000,17.46,17.46,17.156,17.156,5838,0
STZ-B.US,D,20110805,000000,16.767,17.118,16.767,17.118,431,0
STZ-B.US,D,20110808,000000,16.656,16.656,15.62,15.62,541,0
STZ-B.US,D,20110809,000000,15.851,16.739,15.851,16.739,1189,0
STZ-B.US,D,20110810,000000,16.508,16.691,16.276,16.462,541,0
STZ-B.US,D,20110811,000000,16.691,17.156,16.691,17.156,327,0
STZ-B.US,D,20110812,000000,17.386,17.497,17.386,17.468,1168,0
STZ-B.US,D,20110815,000000,17.618,17.729,17.618,17.729,1077,0
STZ-B.US,D,20110816,000000,17.729,17.729,17.729,17.729,431,0
STZ-B.US,D,20110817,000000,17.959,18.191,17.738,17.738,644,0
STZ-B.US,D,20110818,000000,17.507,17.507,17.041,17.507,541,0
STZ-B.US,D,20110824,000000,17.738,17.738,17.738,17.738,100,0
STZ-B.US,D,20110825,000000,17.507,17.507,17.276,17.276,1073,0
STZ-B.US,D,20110826,000000,17.041,17.497,17.041,17.497,541,0
STZ-B.US,D,20110829,000000,17.767,18.228,17.767,18.228,327,0
STZ-B.US,D,20110830,000000,18.459,18.459,18.422,18.422,759,0
STZ-B.US,D,20110831,000000,18.191,18.329,18.191,18.319,385,0
STZ-B.US,D,20110901,000000,18.089,18.089,18.089,18.089,100,0
STZ-B.US,D,20110902,000000,17.699,17.699,17.699,17.699,100,0
STZ-B.US,D,20110906,000000,17.468,17.468,17.286,17.286,216,0
STZ-B.US,D,20110907,000000,17.517,17.747,17.517,17.747,644,0
STZ-B.US,D,20110908,000000,17.517,17.517,17.517,17.517,216,0
STZ-B.US,D,20110909,000000,17.286,17.286,17.06,17.06,216,0
STZ-B.US,D,20110913,000000,17.016,17.205,16.691,17.205,2053,0
STZ-B.US,D,20110914,000000,17.405,17.637,17.405,17.637,216,0
STZ-B.US,D,20110919,000000,17.637,17.637,17.229,17.45,759,0
STZ-B.US,D,20110920,000000,17.681,17.681,17.681,17.681,100,0
STZ-B.US,D,20110921,000000,17.099,17.136,16.897,16.897,541,0
STZ-B.US,D,20110922,000000,16.665,16.665,16.057,16.462,13385,0
STZ-B.US,D,20110926,000000,16.35,16.739,16.35,16.739,1620,0
STZ-B.US,D,20110927,000000,17.219,17.239,17.109,17.109,327,0
STZ-B.US,D,20110928,000000,16.897,16.897,16.71,16.71,2053,0
STZ-B.US,D,20110929,000000,16.942,16.952,16.942,16.952,216,0
STZ-B.US,D,20110930,000000,16.628,16.813,16.582,16.656,1504,0
STZ-B.US,D,20111003,000000,16.701,16.729,16.34,16.34,869,0
STZ-B.US,D,20111004,000000,16.12,16.822,15.752,16.803,4651,0
STZ-B.US,D,20111005,000000,16.925,17.229,16.925,17.229,1069,0
STZ-B.US,D,20111006,000000,18.561,19.059,18.561,18.831,2933,0
STZ-B.US,D,20111007,000000,19.004,19.239,18.699,18.932,644,0
STZ-B.US,D,20111010,000000,19.39,19.39,19.087,19.087,431,0
STZ-B.US,D,20111012,000000,18.922,18.922,18.922,18.922,100,0
STZ-B.US,D,20111013,000000,18.689,18.689,18.689,18.689,100,0
STZ-B.US,D,20111014,000000,18.941,18.941,18.708,18.708,216,0
STZ-B.US,D,20111017,000000,18.478,18.478,18.451,18.468,888,0
STZ-B.US,D,20111018,000000,18.699,18.932,18.699,18.932,216,0
STZ-B.US,D,20111019,000000,18.699,18.699,18.641,18.671,1146,0
STZ-B.US,D,20111020,000000,18.442,18.616,18.442,18.616,431,0
STZ-B.US,D,20111021,000000,18.708,18.708,18.661,18.68,1981,0
STZ-B.US,D,20111025,000000,18.432,18.432,18.2,18.385,431,0
STZ-B.US,D,20111026,000000,18.071,18.311,18.071,18.311,1299,0
STZ-B.US,D,20111027,000000,18.747,19.041,18.738,19.023,1923,0
STZ-B.US,D,20111101,000000,18.571,18.571,18.035,18.338,644,0
STZ-B.US,D,20111102,000000,18.108,18.108,18.099,18.099,216,0
STZ-B.US,D,20111103,000000,18.329,18.497,18.329,18.497,216,0
STZ-B.US,D,20111104,000000,18.267,18.267,18.267,18.267,100,0
STZ-B.US,D,20111107,000000,18.497,18.624,18.497,18.624,431,0
STZ-B.US,D,20111109,000000,18.624,18.624,18.376,18.376,431,0
STZ-B.US,D,20111110,000000,18.145,18.181,18.145,18.181,216,0
STZ-B.US,D,20111111,000000,18.413,18.858,18.413,18.858,973,0
STZ-B.US,D,20111116,000000,18.624,18.624,18.394,18.394,431,0
STZ-B.US,D,20111117,000000,18.267,18.267,18.044,18.044,759,0
STZ-B.US,D,20111118,000000,17.94,17.949,17.94,17.949,216,0
STZ-B.US,D,20111121,000000,17.719,17.719,17.259,17.34,431,0
STZ-B.US,D,20111128,000000,17.07,17.07,17.07,17.07,100,0
STZ-B.US,D,20111129,000000,17.302,17.302,17.302,17.302,100,0
STZ-B.US,D,20111130,000000,17.618,17.93,17.618,17.93,327,0
STZ-B.US,D,20111202,000000,17.812,17.812,17.729,17.729,541,0
STZ-B.US,D,20111205,000000,17.959,17.959,17.959,17.959,100,0
STZ-B.US,D,20111208,000000,17.729,17.795,17.729,17.795,216,0
STZ-B.US,D,20111209,000000,17.959,18.191,17.959,18.191,216,0
STZ-B.US,D,20111213,000000,17.949,17.949,17.949,17.949,100,0
STZ-B.US,D,20111221,000000,18.422,18.651,18.422,18.651,216,0
STZ-B.US,D,20111222,000000,18.885,19.116,18.885,19.116,216,0
STZ-B.US,D,20111223,000000,19.277,19.277,19.277,19.277,431,0
STZ-B.US,D,20111230,000000,19.2,19.2,19.2,19.2,100,0
STZ-B.US,D,20120104,000000,18.967,19.2,18.967,18.967,327,0
STZ-B.US,D,20120105,000000,18.738,18.738,18.035,18.267,1299,0
STZ-B.US,D,20120109,000000,18.385,18.641,18.385,18.553,1767,0
STZ-B.US,D,20120110,000000,18.774,19.087,18.774,19.087,327,0
STZ-B.US,D,20120111,000000,19.336,19.336,19.336,19.336,100,0
STZ-B.US,D,20120113,000000,19.267,19.267,19.267,19.267,100,0
STZ-B.US,D,20120117,000000,19.267,19.287,19.267,19.287,541,0
STZ-B.US,D,20120118,000000,19.257,19.257,19.151,19.151,1971,0
STZ-B.US,D,20120119,000000,19.239,19.239,19.239,19.239,525,0
STZ-B.US,D,20120124,000000,19.336,19.336,19.336,19.336,100,0
STZ-B.US,D,20120126,000000,19.572,19.572,19.257,19.257,431,0
STZ-B.US,D,20120130,000000,19.267,19.267,19.267,19.267,759,0
STZ-B.US,D,20120201,000000,19.68,19.995,19.68,19.995,1189,0
STZ-B.US,D,20120203,000000,20.209,20.392,20.209,20.383,431,0
STZ-B.US,D,20120208,000000,20.048,20.048,20.048,20.048,216,0
STZ-B.US,D,20120209,000000,19.967,19.967,19.967,19.967,100,0
STZ-B.US,D,20120210,000000,19.781,19.781,19.781,19.781,430,0
STZ-B.US,D,20120213,000000,19.93,19.948,19.93,19.948,327,0
STZ-B.US,D,20120214,000000,19.893,19.893,19.893,19.893,216,0
STZ-B.US,D,20120215,000000,19.799,19.799,19.799,19.799,216,0
STZ-B.US,D,20120217,000000,20.576,20.576,20.576,20.576,2272,0
STZ-B.US,D,20120222,000000,20.124,20.217,20.124,20.17,2554,0
STZ-B.US,D,20120223,000000,19.93,19.986,19.93,19.986,2161,0
STZ-B.US,D,20120224,000000,19.986,19.986,19.911,19.93,7676,0
STZ-B.US,D,20120227,000000,19.838,19.976,19.838,19.838,216,0
STZ-B.US,D,20120228,000000,20.16,20.246,20.116,20.246,644,0
STZ-B.US,D,20120229,000000,20.439,20.439,20.217,20.217,216,0
STZ-B.US,D,20120301,000000,20.346,20.791,20.346,20.791,431,0
STZ-B.US,D,20120306,000000,20.226,20.226,20.226,20.226,100,0
STZ-B.US,D,20120307,000000,20.199,20.199,20.199,20.199,100,0
STZ-B.US,D,20120308,000000,20.43,20.539,20.43,20.53,644,0
STZ-B.US,D,20120312,000000,20.772,20.772,20.772,20.772,100,0
STZ-B.US,D,20120313,000000,21.003,21.003,21.003,21.003,216,0
STZ-B.US,D,20120314,000000,20.974,20.974,20.947,20.947,216,0
STZ-B.US,D,20120320,000000,20.855,20.855,20.855,20.855,327,0
STZ-B.US,D,20120322,000000,21.344,21.512,21.179,21.512,327,0
STZ-B.US,D,20120323,000000,21.782,21.782,21.622,21.782,557,0
STZ-B.US,D,20120326,000000,21.873,22.029,21.772,22.02,2239,0
STZ-B.US,D,20120327,000000,22.047,22.047,21.863,22.002,588,0
STZ-B.US,D,20120328,000000,21.817,21.906,21.772,21.906,541,0
STZ-B.US,D,20120329,000000,21.678,21.863,21.584,21.863,541,0
STZ-B.US,D,20120402,000000,22.095,22.159,22.095,22.149,869,0
STZ-B.US,D,20120403,000000,22.547,22.879,22.437,22.537,3136,0
STZ-B.US,D,20120404,000000,22.557,22.879,22.289,22.879,3376,0
STZ-B.US,D,20120405,000000,21.575,21.575,19.504,19.948,6379,0
STZ-B.US,D,20120409,000000,19.725,19.761,19.419,19.761,541,0
STZ-B.US,D,20120410,000000,19.742,19.742,19.495,19.572,541,0
STZ-B.US,D,20120411,000000,19.707,19.707,19.543,19.543,216,0
STZ-B.US,D,20120412,000000,19.751,19.93,19.751,19.93,541,0
STZ-B.US,D,20120413,000000,20.03,20.03,20.03,20.03,100,0
STZ-B.US,D,20120416,000000,19.911,19.911,19.911,19.911,216,0
STZ-B.US,D,20120418,000000,19.819,19.819,19.751,19.751,265,0
STZ-B.US,D,20120423,000000,19.652,19.652,19.643,19.652,378,0
STZ-B.US,D,20120424,000000,19.751,19.858,19.751,19.858,541,0
STZ-B.US,D,20120425,000000,19.976,20.209,19.976,20.209,327,0
STZ-B.US,D,20120427,000000,20.355,20.355,20.077,20.077,327,0
STZ-B.US,D,20120430,000000,19.939,19.957,19.939,19.957,327,0
STZ-B.US,D,20120501,000000,20.16,20.16,20.16,20.16,1077,0
STZ-B.US,D,20120502,000000,19.886,19.939,19.886,19.939,216,0
STZ-B.US,D,20120504,000000,19.697,19.697,19.419,19.419,480,0
STZ-B.US,D,20120507,000000,19.2,19.2,19.2,19.2,216,0
STZ-B.US,D,20120509,000000,18.967,18.967,18.822,18.822,216,0
STZ-B.US,D,20120511,000000,18.59,18.59,18.432,18.432,610,0
STZ-B.US,D,20120514,000000,18.2,18.2,17.978,17.978,216,0
STZ-B.US,D,20120515,000000,17.681,17.681,17.681,17.681,216,0
STZ-B.US,D,20120516,000000,17.738,17.738,17.738,17.738,100,0
STZ-B.US,D,20120517,000000,17.608,17.608,17.507,17.507,327,0
STZ-B.US,D,20120521,000000,17.34,17.34,17.34,17.34,100,0
STZ-B.US,D,20120522,000000,17.618,17.646,17.405,17.405,1729,0
STZ-B.US,D,20120523,000000,17.517,17.517,17.517,17.517,100,0
STZ-B.US,D,20120525,000000,17.906,17.949,17.906,17.949,216,0
STZ-B.US,D,20120529,000000,18.127,18.127,17.959,17.959,216,0
STZ-B.US,D,20120531,000000,17.896,17.896,17.709,17.709,216,0
STZ-B.US,D,20120601,000000,17.664,17.664,17.468,17.468,216,0
STZ-B.US,D,20120604,000000,17.239,17.239,17.239,17.239,100,0
STZ-B.US,D,20120605,000000,17.405,17.637,17.405,17.637,759,0
STZ-B.US,D,20120606,000000,17.868,17.996,17.868,17.996,216,0
STZ-B.US,D,20120607,000000,17.767,17.767,17.681,17.681,216,0
STZ-B.US,D,20120608,000000,17.681,17.785,17.681,17.785,216,0
STZ-B.US,D,20120611,000000,17.45,17.45,17.359,17.359,431,0
STZ-B.US,D,20120613,000000,17.681,17.681,17.681,17.681,100,0
STZ-B.US,D,20120614,000000,17.913,18.08,17.913,18.08,216,0
STZ-B.US,D,20120615,000000,18.136,18.136,17.672,17.672,2704,0
STZ-B.US,D,20120618,000000,18.035,18.2,18.035,18.2,216,0
STZ-B.US,D,20120619,000000,18.432,18.432,18.432,18.432,100,0
STZ-B.US,D,20120622,000000,18.2,18.2,17.996,17.996,216,0
STZ-B.US,D,20120625,000000,18.959,20.477,18.959,20.346,1512,0
STZ-B.US,D,20120626,000000,21.037,21.037,20.17,20.576,869,0
STZ-B.US,D,20120627,000000,20.383,20.383,20.179,20.299,973,0
STZ-B.US,D,20120628,000000,20.087,20.355,19.868,20.097,973,0
STZ-B.US,D,20120629,000000,23.583,25.194,23.583,24.969,4107,0
STZ-B.US,D,20120702,000000,25.222,26.67,24.784,26.67,3354,0
STZ-B.US,D,20120703,000000,25.892,26.431,25.892,26.063,5265,0
STZ-B.US,D,20120705,000000,26.357,26.357,26.357,26.357,4540,0
STZ-B.US,D,20120706,000000,25.823,26.29,25.823,26.228,657,0
STZ-B.US,D,20120709,000000,26.328,26.328,25.683,25.683,443,0
STZ-B.US,D,20120712,000000,25.268,26.633,25.268,26.633,1077,0
STZ-B.US,D,20120713,000000,26.633,26.9,26.487,26.9,1512,0
STZ-B.US,D,20120717,000000,26.989,26.989,26.989,26.989,100,0
STZ-B.US,D,20120720,000000,26.571,26.571,26.571,26.571,100,0
STZ-B.US,D,20120723,000000,25.948,26.175,25.948,26.175,337,0
STZ-B.US,D,20120724,000000,26.47,26.543,26.165,26.165,4107,0
STZ-B.US,D,20120725,000000,26.165,26.165,25.748,25.748,431,0
STZ-B.US,D,20120726,000000,26.27,26.27,26.27,26.27,327,0
STZ-B.US,D,20120727,000000,26.561,27.126,26.561,26.883,1259,0
STZ-B.US,D,20120730,000000,26.651,26.651,26.651,26.651,100,0
STZ-B.US,D,20120731,000000,26.28,26.28,26.28,26.28,100,0
STZ-B.US,D,20120801,000000,26.651,26.801,26.651,26.792,2272,0
STZ-B.US,D,20120802,000000,27.16,27.16,26.792,26.792,216,0
STZ-B.US,D,20120803,000000,27.206,27.233,27.206,27.233,216,0
STZ-B.US,D,20120806,000000,27.577,27.597,27.577,27.577,1077,0
STZ-B.US,D,20120807,000000,27.53,27.53,27.512,27.512,327,0
STZ-B.US,D,20120809,000000,27.134,27.504,27.134,27.504,216,0
STZ-B.US,D,20120810,000000,27.403,27.421,27.319,27.421,759,0
STZ-B.US,D,20120814,000000,27.79,28.53,27.79,28.53,327,0
STZ-B.US,D,20120815,000000,28.901,29.271,28.901,29.271,216,0
STZ-B.US,D,20120816,000000,29.159,29.159,29.159,29.159,100,0
STZ-B.US,D,20120817,000000,29.713,30.175,29.713,30.175,1089,0
STZ-B.US,D,20120820,000000,29.905,29.905,29.352,29.352,216,0
STZ-B.US,D,20120821,000000,29.838,29.963,29.838,29.963,644,0
STZ-B.US,D,20120823,000000,29.685,29.685,29.669,29.669,216,0
STZ-B.US,D,20120824,000000,30.223,30.223,30.223,30.223,100,0
STZ-B.US,D,20120828,000000,29.818,30.077,29.808,30.077,1945,0
STZ-B.US,D,20120829,000000,30.106,30.408,30.106,30.408,326,0
STZ-B.US,D,20120905,000000,30.705,30.795,30.705,30.795,216,0
STZ-B.US,D,20120906,000000,30.89,31.445,30.89,31.445,431,0
STZ-B.US,D,20120907,000000,31.426,31.426,31.173,31.173,431,0
STZ-B.US,D,20120910,000000,30.945,30.945,30.483,30.483,327,0
STZ-B.US,D,20120912,000000,30.223,30.223,30.175,30.175,759,0
STZ-B.US,D,20120913,000000,29.944,30.259,29.798,30.259,644,0
STZ-B.US,D,20120914,000000,30.493,30.493,29.798,29.882,541,0
STZ-B.US,D,20120917,000000,29.65,30.428,29.65,30.428,2161,0
STZ-B.US,D,20120919,000000,30.824,30.824,30.824,30.824,100,0
STZ-B.US,D,20120920,000000,31.24,31.24,31.24,31.24,100,0
STZ-B.US,D,20120921,000000,31.091,31.091,30.331,30.331,1945,0
STZ-B.US,D,20120925,000000,29.915,29.915,29.905,29.905,216,0
STZ-B.US,D,20120926,000000,29.905,29.905,29.788,29.788,1073,0
STZ-B.US,D,20120928,000000,29.798,29.798,29.641,29.641,216,0
STZ-B.US,D,20121001,000000,29.99,29.99,29.99,29.99,100,0
STZ-B.US,D,20121002,000000,30.331,31.037,30.331,30.89,1429,0
STZ-B.US,D,20121003,000000,31.314,31.944,31.304,31.944,1077,0
STZ-B.US,D,20121004,000000,31.972,32.147,31.972,32.147,1077,0
STZ-B.US,D,20121005,000000,32.859,33.617,32.859,33.515,2110,0
STZ-B.US,D,20121008,000000,33.314,33.314,33.294,33.294,1945,0
STZ-B.US,D,20121009,000000,33.572,33.572,32.257,32.453,3081,0
STZ-B.US,D,20121010,000000,32.533,32.959,32.533,32.543,869,0
STZ-B.US,D,20121011,000000,32.959,32.959,32.959,32.959,100,0
STZ-B.US,D,20121012,000000,32.368,32.603,32.063,32.368,3461,0
STZ-B.US,D,20121015,000000,32.785,32.84,32.785,32.84,216,0
STZ-B.US,D,20121016,000000,33.121,33.121,33.121,33.121,100,0
STZ-B.US,D,20121017,000000,33.533,33.885,33.533,33.885,327,0
STZ-B.US,D,20121018,000000,34.264,34.264,33.635,33.635,910,0
STZ-B.US,D,20121019,000000,33.218,33.218,32.803,32.803,431,0
STZ-B.US,D,20121023,000000,32.387,32.387,32.387,32.387,100,0
STZ-B.US,D,20121025,000000,32.803,32.914,32.803,32.914,216,0
STZ-B.US,D,20121031,000000,33.218,33.218,32.803,33.091,541,0
STZ-B.US,D,20121101,000000,32.905,33.358,32.905,32.905,644,0
STZ-B.US,D,20121102,000000,33.322,33.322,33.322,33.322,100,0
STZ-B.US,D,20121105,000000,32.905,32.905,32.905,32.905,100,0
STZ-B.US,D,20121106,000000,33.322,33.838,33.322,33.838,327,0
STZ-B.US,D,20121107,000000,33.314,33.314,33.314,33.314,327,0
STZ-B.US,D,20121108,000000,32.898,32.959,32.543,32.543,541,0
STZ-B.US,D,20121109,000000,32.35,32.969,32.35,32.969,2053,0
STZ-B.US,D,20121112,000000,32.682,32.682,32.612,32.612,431,0
STZ-B.US,D,20121113,000000,32.044,32.368,31.954,31.954,644,0
STZ-B.US,D,20121114,000000,31.481,31.898,31.39,31.619,1189,0
STZ-B.US,D,20121115,000000,31.046,31.121,31.046,31.121,644,0
STZ-B.US,D,20121119,000000,31.851,32.006,31.851,32.006,644,0
STZ-B.US,D,20121128,000000,32.603,32.739,32.603,32.739,216,0
STZ-B.US,D,20121129,000000,32.368,32.785,32.368,32.739,12861,0
STZ-B.US,D,20121130,000000,33.264,33.264,33.264,33.264,100,0
STZ-B.US,D,20121203,000000,33.294,33.294,33.072,33.211,644,0
STZ-B.US,D,20121204,000000,33.572,33.572,32.84,33.523,5404,0
STZ-B.US,D,20121205,000000,33.218,33.218,32.785,32.785,431,0
STZ-B.US,D,20121206,000000,32.898,32.898,32.83,32.898,644,0
STZ-B.US,D,20121217,000000,32.637,32.748,32.637,32.748,431,0
STZ-B.US,D,20121219,000000,33.111,33.111,33.025,33.025,216,0
STZ-B.US,D,20121221,000000,32.368,32.672,32.35,32.368,1620,0
STZ-B.US,D,20121226,000000,32.025,32.155,31.869,32.155,869,0
STZ-B.US,D,20121227,000000,31.996,31.996,31.987,31.987,541,0
STZ-B.US,D,20121228,000000,31.851,31.996,31.851,31.944,541,0
STZ-B.US,D,20121231,000000,32.368,32.47,32.368,32.47,1077,0
STZ-B.US,D,20130102,000000,33.274,34.45,33.274,34.45,431,0
STZ-B.US,D,20130103,000000,33.821,33.821,33.821,33.821,100,0
STZ-B.US,D,20130107,000000,33.848,33.848,33.848,33.848,100,0
STZ-B.US,D,20130108,000000,33.218,33.469,32.287,33.469,1077,0
STZ-B.US,D,20130109,000000,34.431,34.431,32.932,33.294,2920,0
STZ-B.US,D,20130114,000000,32.443,33.062,31.907,33.062,1680,0
STZ-B.US,D,20130115,000000,33.227,33.543,33.227,33.543,644,0
STZ-B.US,D,20130116,000000,34.117,35.698,34.117,35.698,973,0
STZ-B.US,D,20130117,000000,35.827,35.827,35.817,35.817,216,0
STZ-B.US,D,20130122,000000,35.577,35.577,35.188,35.188,216,0
STZ-B.US,D,20130128,000000,35.817,35.817,35.817,35.817,100,0
STZ-B.US,D,20130129,000000,36.124,36.529,36.124,36.529,216,0
STZ-B.US,D,20130131,000000,36.106,36.151,26.551,29.685,29979,0
STZ-B.US,D,20130201,000000,30.758,31.037,29.669,30.125,2161,0
STZ-B.US,D,20130204,000000,29.889,29.889,29.197,29.397,1512,0
STZ-B.US,D,20130205,000000,28.781,29.197,28.781,28.781,216,0
STZ-B.US,D,20130207,000000,28.808,29.131,28.808,29.131,1299,0
STZ-B.US,D,20130208,000000,29.361,29.788,29.361,29.788,327,0
STZ-B.US,D,20130211,000000,29.15,29.15,29.15,29.15,100,0
STZ-B.US,D,20130213,000000,29.197,29.501,29.197,29.501,327,0
STZ-B.US,D,20130214,000000,37.261,40.609,37.261,40.108,6812,0
STZ-B.US,D,20130215,000000,40.239,40.776,40.164,40.164,644,0
STZ-B.US,D,20130219,000000,39.981,39.981,39.981,39.981,100,0
STZ-B.US,D,20130220,000000,39.841,39.841,38.67,38.67,1405,0
STZ-B.US,D,20130221,000000,40,40,39.399,39.718,2920,0
STZ-B.US,D,20130222,000000,39.766,40.469,39.766,40.459,6255,0
STZ-B.US,D,20130225,000000,40.804,41.199,40.108,40.996,3893,0
STZ-B.US,D,20130226,000000,41.062,41.062,41.062,41.062,442,0
STZ-B.US,D,20130305,000000,40.96,41.08,40.96,41.062,561,0
STZ-B.US,D,20130306,000000,40.426,40.426,39.907,39.907,216,0
STZ-B.US,D,20130307,000000,40.543,40.599,40.543,40.599,216,0
STZ-B.US,D,20130308,000000,41.176,41.176,39.663,40.976,973,0
STZ-B.US,D,20130311,000000,40.342,40.342,40.342,40.342,100,0
STZ-B.US,D,20130314,000000,40.976,40.976,40.976,40.976,100,0
STZ-B.US,D,20130315,000000,41.357,42.255,41.357,42.078,875,0
STZ-B.US,D,20130318,000000,43.744,43.744,43.244,43.421,2000,0
STZ-B.US,D,20130319,000000,43.234,43.652,43.003,43.402,2673,0
STZ-B.US,D,20130320,000000,43.67,43.67,43.143,43.143,2380,0
STZ-B.US,D,20130321,000000,43.03,43.03,43.03,43.03,100,0
STZ-B.US,D,20130326,000000,43.466,43.466,43.466,43.466,100,0
STZ-B.US,D,20130402,000000,43.726,45.264,43.642,45.264,2321,0
STZ-B.US,D,20130403,000000,44.621,44.621,44.621,44.621,100,0
STZ-B.US,D,20130404,000000,44.421,44.566,44.421,44.566,216,0
STZ-B.US,D,20130405,000000,44.206,44.206,44.206,44.206,100,0
STZ-B.US,D,20130408,000000,45.244,45.244,44.846,44.983,431,0
STZ-B.US,D,20130411,000000,44.945,45.684,44.696,45.684,1170,0
STZ-B.US,D,20130412,000000,45.318,45.318,45.318,45.318,1077,0
STZ-B.US,D,20130415,000000,45.047,45.047,45.047,45.047,100,0
STZ-B.US,D,20130416,000000,44.411,44.411,44.411,44.411,100,0
STZ-B.US,D,20130417,000000,43.772,43.772,43.772,43.772,100,0
STZ-B.US,D,20130418,000000,43.726,43.726,43.532,43.559,869,0
STZ-B.US,D,20130419,000000,43.763,44.808,43.763,44.808,973,0
STZ-B.US,D,20130422,000000,44.595,44.855,44.223,44.223,856,0
STZ-B.US,D,20130423,000000,44.808,44.808,44.613,44.613,644,0
STZ-B.US,D,20130426,000000,44.66,44.66,44.66,44.66,216,0
STZ-B.US,D,20130429,000000,44.031,44.031,44.031,44.031,100,0
STZ-B.US,D,20130430,000000,44.66,45.284,44.66,45.284,327,0
STZ-B.US,D,20130501,000000,45.908,45.908,45.908,45.908,100,0
STZ-B.US,D,20130502,000000,45.776,45.776,45.731,45.731,216,0
STZ-B.US,D,20130503,000000,46.361,46.361,46.361,46.361,216,0
STZ-B.US,D,20130507,000000,46.566,46.566,46.566,46.566,100,0
STZ-B.US,D,20130509,000000,45.935,45.935,45.309,45.309,431,0
STZ-B.US,D,20130513,000000,45.557,45.557,45.557,45.557,100,0
STZ-B.US,D,20130514,000000,46.184,46.184,46.184,46.184,100,0
STZ-B.US,D,20130516,000000,47.647,48.903,47.647,48.119,644,0
STZ-B.US,D,20130520,000000,47.509,47.509,47.441,47.441,869,0
STZ-B.US,D,20130521,000000,48.119,48.119,48.119,48.119,100,0
STZ-B.US,D,20130522,000000,47.489,47.489,47.489,47.489,100,0
STZ-B.US,D,20130524,000000,47.997,48.921,47.997,48.921,1945,0
STZ-B.US,D,20130528,000000,49.626,49.947,49.136,49.169,541,0
STZ-B.US,D,20130530,000000,49.947,49.947,49.939,49.939,216,0
STZ-B.US,D,20130531,000000,49.311,49.311,49.311,49.311,100,0
STZ-B.US,D,20130603,000000,48.681,49.311,48.681,49.311,216,0
STZ-B.US,D,20130604,000000,48.681,48.681,48.054,48.054,440,0
STZ-B.US,D,20130605,000000,48.681,48.681,48.054,48.054,216,0
STZ-B.US,D,20130606,000000,47.422,48.09,47.422,48.09,431,0
STZ-B.US,D,20130607,000000,48.778,49.197,48.778,49.197,216,0
STZ-B.US,D,20130611,000000,48.265,48.786,48.265,48.786,327,0
STZ-B.US,D,20130612,000000,48.157,48.157,47.527,47.527,216,0
STZ-B.US,D,20130614,000000,47.718,48.09,47.718,48.09,216,0
STZ-B.US,D,20130617,000000,48.553,48.553,48.553,48.553,216,0
STZ-B.US,D,20130619,000000,48.553,48.553,48.553,48.553,298,0
STZ-B.US,D,20130620,000000,47.081,47.081,46.451,46.728,343,0
STZ-B.US,D,20130621,000000,47.214,47.214,46.585,46.585,327,0
STZ-B.US,D,20130624,000000,45.954,46.585,45.954,46.585,216,0
STZ-B.US,D,20130625,000000,46.937,46.937,46.399,46.451,952,0
STZ-B.US,D,20130626,000000,47.565,47.565,47.565,47.565,100,0
STZ-B.US,D,20130627,000000,48.09,48.09,48.09,48.09,216,0
STZ-B.US,D,20130701,000000,48.719,49.018,48.719,49.018,327,0
STZ-B.US,D,20130702,000000,48.33,48.534,47.072,47.072,2612,0
STZ-B.US,D,20130705,000000,46.683,46.825,46.631,46.805,1077,0
STZ-B.US,D,20130708,000000,46.518,47.148,46.518,47.148,872,0
STZ-B.US,D,20130709,000000,47.499,47.499,47.499,47.499,100,0
STZ-B.US,D,20130711,000000,48.175,48.175,48.166,48.166,2920,0
STZ-B.US,D,20130712,000000,48.406,48.406,46.585,48.227,2943,0
STZ-B.US,D,20130715,000000,47.997,48.414,47.997,48.219,2053,0
STZ-B.US,D,20130716,000000,48.553,48.553,48.553,48.553,100,0
STZ-B.US,D,20130717,000000,47.922,47.922,47.922,47.922,100,0
STZ-B.US,D,20130724,000000,47.296,47.296,46.665,46.89,327,0
STZ-B.US,D,20130726,000000,46.26,46.89,46.26,46.89,327,0
STZ-B.US,D,20130729,000000,47.053,47.167,46.786,47.167,869,0
STZ-B.US,D,20130730,000000,47.629,47.814,47.629,47.814,431,0
STZ-B.US,D,20130731,000000,47.95,48.644,47.95,48.644,1824,0
STZ-B.US,D,20130801,000000,49.197,49.485,49.154,49.154,541,0
STZ-B.US,D,20130805,000000,48.553,49.847,48.553,49.847,6488,0
STZ-B.US,D,20130807,000000,49.857,50.033,49.662,49.662,2053,0
STZ-B.US,D,20130808,000000,50.464,50.464,50.464,50.464,100,0
STZ-B.US,D,20130812,000000,49.838,49.838,49.838,49.838,100,0
STZ-B.US,D,20130813,000000,50.173,50.173,50.173,50.173,100,0
STZ-B.US,D,20130814,000000,50.438,50.438,50.401,50.438,1077,0
STZ-B.US,D,20130815,000000,49.701,49.701,49.432,49.432,1999,0
STZ-B.US,D,20130819,000000,50.061,50.061,50.061,50.061,100,0
STZ-B.US,D,20130821,000000,49.432,49.432,49.432,49.432,100,0
STZ-B.US,D,20130822,000000,50.061,50.691,50.061,50.691,216,0
STZ-B.US,D,20130823,000000,51.317,51.317,51.317,51.317,100,0
STZ-B.US,D,20130827,000000,51.003,51.031,51.003,51.031,216,0
STZ-B.US,D,20130828,000000,50.401,50.401,50.401,50.401,100,0
STZ-B.US,D,20130903,000000,51.272,51.272,50.646,50.646,216,0
STZ-B.US,D,20130904,000000,51.272,51.901,51.272,51.724,1405,0
STZ-B.US,D,20130905,000000,52.362,52.362,52.362,52.362,100,0
STZ-B.US,D,20130906,000000,53.046,53.427,52.798,53.354,644,0
STZ-B.US,D,20130911,000000,53.979,53.979,53.906,53.906,484,0
STZ-B.US,D,20130916,000000,54.969,54.969,54.584,54.584,327,0
STZ-B.US,D,20130917,000000,54.803,54.803,54.803,54.803,100,0
STZ-B.US,D,20130920,000000,53.158,53.158,53.075,53.075,431,0
STZ-B.US,D,20130923,000000,52.661,53.334,52.623,53.334,562,0
STZ-B.US,D,20130925,000000,53.14,53.14,53.14,53.14,100,0
STZ-B.US,D,20130926,000000,53.215,53.224,53.215,53.224,973,0
STZ-B.US,D,20130930,000000,52.854,52.854,52.854,52.854,100,0
STZ-B.US,D,20131001,000000,53.621,53.914,53.084,53.084,1512,0
STZ-B.US,D,20131002,000000,53.241,53.741,53.241,53.732,2810,0
STZ-B.US,D,20131003,000000,55.341,55.395,54.74,55.395,541,0
STZ-B.US,D,20131004,000000,57.004,57.032,56.284,57.032,2704,0
STZ-B.US,D,20131007,000000,56.787,56.787,56.739,56.739,216,0
STZ-B.US,D,20131009,000000,55.027,55.027,55.027,55.027,100,0
STZ-B.US,D,20131010,000000,55.905,55.905,55.905,55.905,100,0
STZ-B.US,D,20131011,000000,57.309,58.189,56.967,58.189,704,0
STZ-B.US,D,20131015,000000,58.496,58.496,57.533,57.533,541,0
STZ-B.US,D,20131016,000000,58.012,58.559,58.012,58.559,327,0
STZ-B.US,D,20131018,000000,59.28,59.28,59.28,59.28,216,0
STZ-B.US,D,20131021,000000,59.513,59.703,59.513,59.703,759,0
STZ-B.US,D,20131022,000000,59.347,59.347,59.347,59.347,2810,0
STZ-B.US,D,20131025,000000,59.033,59.033,59.033,59.033,100,0
STZ-B.US,D,20131028,000000,59.684,59.684,59.684,59.684,216,0
STZ-B.US,D,20131029,000000,60.472,60.472,60.472,60.472,205,0
STZ-B.US,D,20131030,000000,60.031,60.031,60.031,60.031,165,0
STZ-B.US,D,20131106,000000,61.215,61.215,61.215,61.215,100,0
STZ-B.US,D,20131107,000000,60.761,60.761,60.761,60.761,100,0
STZ-B.US,D,20131108,000000,61.52,61.52,61.52,61.52,100,0
STZ-B.US,D,20131114,000000,62.887,63.036,62.887,63.036,431,0
STZ-B.US,D,20131115,000000,64.043,64.043,64.043,64.043,121,0
STZ-B.US,D,20131118,000000,63.839,63.932,63.796,63.796,674,0
STZ-B.US,D,20131119,000000,63.796,63.796,63.626,63.626,759,0
STZ-B.US,D,20131120,000000,63.813,63.813,63.813,63.813,100,0
STZ-B.US,D,20131121,000000,64.043,64.043,64.034,64.034,216,0
STZ-B.US,D,20131122,000000,64.644,64.977,64.644,64.792,1405,0
STZ-B.US,D,20131127,000000,65.082,65.725,65.082,65.197,20544,0
STZ-B.US,D,20131129,000000,65.106,65.106,65.106,65.106,100,0
STZ-B.US,D,20131205,000000,64.867,64.867,64.867,64.867,126,0
STZ-B.US,D,20131206,000000,66.585,66.585,66.585,66.585,144,0
STZ-B.US,D,20131209,000000,65.753,65.753,65.707,65.707,216,0
STZ-B.US,D,20131210,000000,65.789,65.789,65.789,65.789,106,0
STZ-B.US,D,20131211,000000,65.406,65.406,65.406,65.406,100,0
STZ-B.US,D,20131212,000000,64.701,64.819,64.561,64.819,1400,0
STZ-B.US,D,20131213,000000,64.034,64.034,64.019,64.019,541,0
STZ-B.US,D,20131217,000000,64.919,64.919,64.919,64.919,102,0
STZ-B.US,D,20131218,000000,63.702,64.507,63.239,64.507,1321,0
STZ-B.US,D,20131219,000000,64.026,64.331,64.026,64.331,393,0
STZ-B.US,D,20131220,000000,64.21,64.636,63.999,64.423,869,0
STZ-B.US,D,20131223,000000,64.394,64.394,64.219,64.357,517,0
STZ-B.US,D,20131224,000000,64.043,64.376,64.043,64.376,247,0
STZ-B.US,D,20131226,000000,64.432,64.432,64.432,64.432,112,0
STZ-B.US,D,20131230,000000,64.968,64.968,64.599,64.599,227,0
STZ-B.US,D,20131231,000000,64.719,64.719,64.719,64.719,100,0
STZ-B.US,D,20140106,000000,63.36,63.36,63.36,63.36,100,0
STZ-B.US,D,20140108,000000,70.138,72.036,69.648,70.588,3458,0
STZ-B.US,D,20140109,000000,71.303,71.792,70.896,71.413,1249,0
STZ-B.US,D,20140110,000000,71.221,73.985,71.221,73.985,431,0
STZ-B.US,D,20140113,000000,74.784,74.803,73.95,73.95,644,0
STZ-B.US,D,20140116,000000,74.19,74.19,74.19,74.19,100,0
STZ-B.US,D,20140121,000000,74.112,74.112,73.679,73.679,327,0
STZ-B.US,D,20140123,000000,71.978,71.978,71.978,71.978,115,0
STZ-B.US,D,20140127,000000,70.424,70.424,70.424,70.424,126,0
STZ-B.US,D,20140128,000000,71.423,72.311,71.423,72.311,1299,0
STZ-B.US,D,20140131,000000,70.138,70.998,70.138,70.998,216,0
STZ-B.US,D,20140203,000000,70.284,70.831,69.971,70.111,973,0
STZ-B.US,D,20140204,000000,70.562,70.579,70.424,70.579,644,0
STZ-B.US,D,20140205,000000,69.971,70.026,69.971,69.971,357,0
STZ-B.US,D,20140206,000000,71.211,71.211,71.211,71.211,114,0
STZ-B.US,D,20140211,000000,72.674,72.95,72.674,72.95,926,0
STZ-B.US,D,20140213,000000,73.2,73.533,73.2,73.533,216,0
STZ-B.US,D,20140218,000000,73.591,74.262,73.591,74.262,546,0
STZ-B.US,D,20140219,000000,74.012,74.012,74.012,74.012,126,0
STZ-B.US,D,20140220,000000,74.003,74.726,74.003,74.726,216,0
STZ-B.US,D,20140221,000000,74.18,74.318,74.18,74.253,432,0
STZ-B.US,D,20140224,000000,75.3,75.3,75.3,75.3,100,0
STZ-B.US,D,20140225,000000,76.131,76.131,76.121,76.121,216,0
STZ-B.US,D,20140226,000000,75.947,75.947,75.76,75.76,327,0
STZ-B.US,D,20140227,000000,75.28,75.28,75.28,75.28,164,0
STZ-B.US,D,20140228,000000,75.465,75.465,75.465,75.465,100,0
STZ-B.US,D,20140303,000000,74.448,74.909,74.448,74.909,1073,0
STZ-B.US,D,20140304,000000,76.435,76.435,76.435,76.435,100,0
STZ-B.US,D,20140305,000000,76.381,76.381,76.343,76.343,216,0
STZ-B.US,D,20140306,000000,77.165,77.165,77.165,77.165,100,0
STZ-B.US,D,20140307,000000,77.221,77.221,77.221,77.221,104,0
STZ-B.US,D,20140311,000000,77.483,77.483,77.483,77.483,102,0
STZ-B.US,D,20140314,000000,77.039,77.039,76.373,76.373,431,0
STZ-B.US,D,20140317,000000,75.992,75.992,75.578,75.805,858,0
STZ-B.US,D,20140318,000000,75.909,76.271,75.909,76.271,1629,0
STZ-B.US,D,20140319,000000,75.696,75.696,75.696,75.696,216,0
STZ-B.US,D,20140321,000000,77.103,77.711,76.696,76.899,1914,0
STZ-B.US,D,20140324,000000,76.011,76.011,76.011,76.011,101,0
STZ-B.US,D,20140325,000000,76.055,76.055,76.055,76.055,118,0
STZ-B.US,D,20140327,000000,76.252,76.252,76.252,76.252,100,0
STZ-B.US,D,20140328,000000,76.795,76.954,76.795,76.831,885,0
STZ-B.US,D,20140331,000000,77.518,77.702,77.518,77.702,216,0
STZ-B.US,D,20140401,000000,79.21,79.258,78.581,78.838,1516,0
STZ-B.US,D,20140402,000000,78.71,78.71,78.71,78.71,100,0
STZ-B.US,D,20140403,000000,77.804,78.472,77.804,78.472,591,0
STZ-B.US,D,20140404,000000,78.509,78.509,78.24,78.24,275,0
STZ-B.US,D,20140407,000000,75.89,75.89,75.188,75.188,541,0
STZ-B.US,D,20140408,000000,74.735,75.3,74.735,75.3,921,0
STZ-B.US,D,20140409,000000,78.61,78.61,72.588,74.448,5080,0
STZ-B.US,D,20140410,000000,74.909,75.372,73.703,74.23,973,0
STZ-B.US,D,20140411,000000,72.813,73.107,71.534,72.43,5029,0
STZ-B.US,D,20140414,000000,72.773,73.005,71.811,71.811,536,0
STZ-B.US,D,20140415,000000,71.856,71.95,70.886,71.811,759,0
STZ-B.US,D,20140416,000000,72.098,73.134,72.098,73.107,973,0
STZ-B.US,D,20140417,000000,73.847,74.18,73.847,74.076,541,0
STZ-B.US,D,20140421,000000,74.151,74.151,74.151,74.151,100,0
STZ-B.US,D,20140422,000000,74.735,74.735,74.735,74.735,232,0
STZ-B.US,D,20140423,000000,74.514,74.514,74.506,74.506,327,0
STZ-B.US,D,20140424,000000,73.801,73.801,73.533,73.533,281,0
STZ-B.US,D,20140425,000000,72.977,72.977,72.977,72.977,101,0
STZ-B.US,D,20140428,000000,73.311,73.311,73.311,73.311,105,0
STZ-B.US,D,20140429,000000,74.477,74.477,74.477,74.477,100,0
STZ-B.US,D,20140501,000000,74.716,74.726,74.67,74.726,641,0
STZ-B.US,D,20140502,000000,74.784,74.974,74.381,74.974,1089,0
STZ-B.US,D,20140506,000000,75.372,75.372,75.372,75.372,100,0
STZ-B.US,D,20140507,000000,75.104,75.104,73.466,73.466,454,0
STZ-B.US,D,20140508,000000,73.895,73.895,73.685,73.685,391,0
STZ-B.US,D,20140509,000000,72.764,72.764,72.764,72.764,159,0
STZ-B.US,D,20140512,000000,73.895,73.895,73.895,73.895,100,0
STZ-B.US,D,20140513,000000,74.448,74.844,74.438,74.844,670,0
STZ-B.US,D,20140514,000000,73.876,73.876,73.876,73.876,340,0
STZ-B.US,D,20140516,000000,75.004,76.778,74.272,76.778,1189,0
STZ-B.US,D,20140519,000000,76.926,76.926,76.528,76.528,216,0
STZ-B.US,D,20140520,000000,76.538,76.538,75.833,75.833,489,0
STZ-B.US,D,20140521,000000,76.451,76.451,76.426,76.426,216,0
STZ-B.US,D,20140522,000000,76.662,76.662,76.662,76.662,102,0
STZ-B.US,D,20140527,000000,77.268,77.268,77.076,77.156,1512,0
STZ-B.US,D,20140528,000000,76.963,77.165,76.518,76.518,658,0
STZ-B.US,D,20140530,000000,77.684,77.684,77.684,77.684,144,0
STZ-B.US,D,20140604,000000,77.778,77.778,77.778,77.778,190,0
STZ-B.US,D,20140609,000000,76.353,76.353,76.353,76.353,100,0
STZ-B.US,D,20140612,000000,77.693,77.693,76.768,76.768,364,0
STZ-B.US,D,20140613,000000,75.947,76.409,75.947,76.381,726,0
STZ-B.US,D,20140616,000000,77.039,77.039,77.039,77.039,100,0
STZ-B.US,D,20140617,000000,77.528,77.528,77.039,77.039,327,0
STZ-B.US,D,20140618,000000,79.352,79.352,79.312,79.312,241,0
STZ-B.US,D,20140619,000000,80.05,80.05,80.05,80.05,265,0
STZ-B.US,D,20140620,000000,80.988,81.616,80.893,81.616,947,0
STZ-B.US,D,20140624,000000,81.607,81.616,81.607,81.616,644,0
STZ-B.US,D,20140630,000000,81.957,81.957,81.438,81.542,2143,0
STZ-B.US,D,20140702,000000,86.949,86.949,83.234,84.621,1729,0
STZ-B.US,D,20140703,000000,84.303,84.303,84.303,84.303,327,0
STZ-B.US,D,20140707,000000,83.88,83.88,83.88,83.88,430,0
STZ-B.US,D,20140708,000000,83.122,83.355,83.122,83.355,454,0
STZ-B.US,D,20140716,000000,81.744,81.744,80.147,80.147,484,0
STZ-B.US,D,20140718,000000,80.922,80.922,80.922,80.922,100,0
STZ-B.US,D,20140721,000000,80.184,80.184,80.166,80.166,973,0
STZ-B.US,D,20140722,000000,80.922,80.922,80.922,80.922,100,0
STZ-B.US,D,20140723,000000,81.29,81.29,81.29,81.29,282,0
STZ-B.US,D,20140725,000000,79.785,79.785,79.766,79.766,352,0
STZ-B.US,D,20140728,000000,79.219,79.579,79.219,79.579,216,0
STZ-B.US,D,20140731,000000,77.684,77.684,76.751,76.751,442,0
STZ-B.US,D,20140811,000000,78.591,78.674,78.572,78.674,2052,0
STZ-B.US,D,20140812,000000,79.181,79.181,79.152,79.181,644,0
STZ-B.US,D,20140815,000000,79.993,80.648,79.993,80.648,673,0
STZ-B.US,D,20140820,000000,81.384,81.384,81.125,81.125,219,0
STZ-B.US,D,20140825,000000,79.984,80.59,79.903,80.59,3601,0
STZ-B.US,D,20140828,000000,80.202,80.422,80.202,80.422,2053,0
STZ-B.US,D,20140902,000000,81.457,81.598,81.411,81.411,1953,0
STZ-B.US,D,20140903,000000,80.799,80.799,80.328,80.328,436,0
STZ-B.US,D,20140904,000000,80.762,80.762,80.762,80.762,100,0
STZ-B.US,D,20140905,000000,79.795,79.795,79.795,79.795,114,0
STZ-B.US,D,20140908,000000,80.229,80.229,79.711,79.832,1202,0
STZ-B.US,D,20140909,000000,79.106,79.124,78.926,78.926,1622,0
STZ-B.US,D,20140915,000000,79.636,80.147,79.636,80.139,717,0
STZ-B.US,D,20140916,000000,80.736,80.736,80.736,80.736,123,0
STZ-B.US,D,20140917,000000,80.828,80.828,80.356,80.356,397,0
STZ-B.US,D,20140918,000000,80.828,81.077,80.828,81.077,242,0
STZ-B.US,D,20140922,000000,81.346,81.346,80.873,80.873,505,0
STZ-B.US,D,20140923,000000,80.348,80.348,79.859,80.032,2114,0
STZ-B.US,D,20140924,000000,79.984,81.457,79.984,81.457,515,0
STZ-B.US,D,20140925,000000,81.273,81.273,81.273,81.273,144,0
STZ-B.US,D,20140926,000000,80.184,80.257,79.653,80.194,883,0
STZ-B.US,D,20140929,000000,78.858,79.966,78.858,79.966,327,0
STZ-B.US,D,20141001,000000,80.003,80.003,80.003,80.003,190,0
STZ-B.US,D,20141002,000000,77.563,79.442,76.622,78.821,2533,0
STZ-B.US,D,20141003,000000,78.748,80.184,78.748,80.184,1219,0
STZ-B.US,D,20141006,000000,80.736,80.736,79.46,79.46,531,0
STZ-B.US,D,20141007,000000,79.569,79.569,78.415,78.415,347,0
STZ-B.US,D,20141008,000000,79.2,80.551,79.2,80.551,921,0
STZ-B.US,D,20141009,000000,80.931,80.931,80.194,80.194,431,0
STZ-B.US,D,20141010,000000,79.451,79.451,79.451,79.451,105,0
STZ-B.US,D,20141013,000000,78.376,78.462,78.091,78.091,2785,0
STZ-B.US,D,20141014,000000,78.25,78.25,78.25,78.25,241,0
STZ-B.US,D,20141015,000000,74.936,77.156,74.936,77.156,1539,0
STZ-B.US,D,20141016,000000,75.588,76.528,74.812,75.604,1594,0
STZ-B.US,D,20141017,000000,77.573,77.573,77.573,77.573,100,0
STZ-B.US,D,20141020,000000,78.415,78.415,78.415,78.415,407,0
STZ-B.US,D,20141021,000000,79.711,79.993,79.267,79.993,679,0
STZ-B.US,D,20141022,000000,80.717,80.717,80.239,80.717,440,0
STZ-B.US,D,20141023,000000,80.96,80.96,80.96,80.96,297,0
STZ-B.US,D,20141028,000000,82.763,82.763,82.763,82.763,140,0
STZ-B.US,D,20141029,000000,83.631,83.631,82.384,82.384,541,0
STZ-B.US,D,20141030,000000,82.431,82.567,82.431,82.567,242,0
STZ-B.US,D,20141031,000000,84.472,84.472,84.472,84.472,100,0
STZ-B.US,D,20141103,000000,85.231,85.435,85.231,85.34,1050,0
STZ-B.US,D,20141105,000000,85.378,85.812,85.378,85.812,216,0
STZ-B.US,D,20141107,000000,86.286,86.296,85.388,86.181,1299,0
STZ-B.US,D,20141112,000000,86.949,86.949,86.949,86.949,216,0
STZ-B.US,D,20141125,000000,86.445,86.445,86.445,86.445,167,0
STZ-B.US,D,20141128,000000,87.34,89.123,87.34,89.123,3136,0
STZ-B.US,D,20141201,000000,88.707,88.707,88.014,88.014,216,0
STZ-B.US,D,20141202,000000,87.542,87.582,87.542,87.582,328,0
STZ-B.US,D,20141203,000000,86.57,86.57,86.21,86.445,341,0
STZ-B.US,D,20141204,000000,87.072,87.072,87.072,87.072,130,0
STZ-B.US,D,20141205,000000,87.931,87.97,87.829,87.923,3476,0
STZ-B.US,D,20141209,000000,86.106,86.471,85.749,86.305,552,0
STZ-B.US,D,20141211,000000,85.955,85.955,85.601,85.601,253,0
STZ-B.US,D,20141212,000000,85.14,85.159,85.14,85.159,263,0
STZ-B.US,D,20141215,000000,83.417,83.999,83.417,83.999,223,0
STZ-B.US,D,20141217,000000,86.19,86.398,85.177,86.333,871,0
STZ-B.US,D,20141218,000000,86.94,88.136,86.843,88.136,916,0
STZ-B.US,D,20141222,000000,89.006,89.326,89.006,89.298,4902,0
STZ-B.US,D,20141223,000000,90.744,91.17,90.384,91.17,512,0
STZ-B.US,D,20141224,000000,92.354,92.97,92.238,92.97,328,0
STZ-B.US,D,20141226,000000,92.479,92.662,92.479,92.662,592,0
STZ-B.US,D,20141229,000000,91.74,92.018,91.343,92.018,1967,0
STZ-B.US,D,20150105,000000,89.705,91.992,89.705,91.992,410,0
STZ-B.US,D,20150106,000000,94.336,97.043,92.115,92.183,1451,0
STZ-B.US,D,20150107,000000,94.011,95.702,93.707,95.351,909,0
STZ-B.US,D,20150108,000000,100.57,100.6,98.934,98.964,1311,0
STZ-B.US,D,20150109,000000,99.438,99.438,99.438,99.438,219,0
STZ-B.US,D,20150113,000000,97.574,98.273,97.574,98.273,261,0
STZ-B.US,D,20150114,000000,99.408,99.408,99.004,99.073,464,0
STZ-B.US,D,20150120,000000,103.39,103.39,103.39,103.39,368,0
STZ-B.US,D,20150121,000000,102.68,102.68,101.87,101.87,753,0
STZ-B.US,D,20150128,000000,103.63,103.63,102.49,102.76,917,0
STZ-B.US,D,20150129,000000,103.02,103.06,103.02,103.06,227,0
STZ-B.US,D,20150202,000000,101.61,101.61,101.61,101.61,124,0
STZ-B.US,D,20150204,000000,103.43,103.43,103.43,103.43,101,0
STZ-B.US,D,20150206,000000,104.19,104.24,104.13,104.13,471,0
STZ-B.US,D,20150209,000000,103.39,103.39,103.39,103.39,144,0
STZ-B.US,D,20150212,000000,104.49,105.38,104.49,104.86,968,0
STZ-B.US,D,20150213,000000,104.16,104.16,104.11,104.11,216,0
STZ-B.US,D,20150219,000000,106.16,106.16,106.16,106.16,100,0
STZ-B.US,D,20150220,000000,105.69,106.89,105.69,106.89,454,0
STZ-B.US,D,20150223,000000,106.74,106.74,106.36,106.36,431,0
STZ-B.US,D,20150225,000000,105.8,105.81,105.69,105.69,2594,0
STZ-B.US,D,20150226,000000,106.52,106.91,106.52,106.91,327,0
STZ-B.US,D,20150306,000000,103.78,103.78,103.06,103.06,473,0
STZ-B.US,D,20150309,000000,105.18,106.21,105.18,106.21,327,0
STZ-B.US,D,20150311,000000,105.76,105.76,105.76,105.76,216,0
STZ-B.US,D,20150312,000000,108.5,108.5,108.5,108.5,100,0
STZ-B.US,D,20150316,000000,108.42,108.46,107.79,108.46,431,0
STZ-B.US,D,20150320,000000,108.2,108.57,107.68,107.75,1754,0
STZ-B.US,D,20150323,000000,108.88,109.46,108.83,108.83,327,0
STZ-B.US,D,20150325,000000,108.21,108.21,107.56,107.56,216,0
STZ-B.US,D,20150326,000000,106.36,106.42,106.36,106.42,1189,0
STZ-B.US,D,20150327,000000,106.46,106.46,106.46,106.46,161,0
STZ-B.US,D,20150402,000000,109.05,109.05,109.05,109.05,104,0
STZ-B.US,D,20150406,000000,110.73,110.74,110.72,110.74,347,0
STZ-B.US,D,20150407,000000,109.82,109.82,109.82,109.82,144,0
STZ-B.US,D,20150408,000000,110.19,110.19,110.19,110.19,212,0
STZ-B.US,D,20150409,000000,110.55,112.43,110.13,111.3,1273,0
STZ-B.US,D,20150413,000000,110.99,110.99,110.97,110.97,853,0
STZ-B.US,D,20150414,000000,110.06,110.06,110.06,110.06,204,0
STZ-B.US,D,20150415,000000,108.91,108.91,108.91,108.91,100,0
STZ-B.US,D,20150417,000000,107.22,107.22,106.99,106.99,161,0
STZ-B.US,D,20150420,000000,107.76,107.76,107.76,107.76,100,0
STZ-B.US,D,20150427,000000,107.7,107.82,107.61,107.61,327,0
STZ-B.US,D,20150428,000000,108.69,108.69,108.69,108.69,100,0
STZ-B.US,D,20150430,000000,107.42,107.86,107.42,107.86,673,0
STZ-B.US,D,20150501,000000,108.61,108.61,108.61,108.61,100,0
STZ-B.US,D,20150504,000000,108.21,108.37,108.21,108.28,869,0
STZ-B.US,D,20150505,000000,107.24,107.24,107.24,107.24,100,0
STZ-B.US,D,20150507,000000,106.69,106.69,106.69,106.69,100,0
STZ-B.US,D,20150519,000000,111.04,111.43,111.04,111.43,216,0
STZ-B.US,D,20150521,000000,110.5,110.5,110.47,110.47,216,0
STZ-B.US,D,20150526,000000,109.27,109.27,108.86,108.95,1458,0
STZ-B.US,D,20150527,000000,109.14,109.47,109.14,109.47,216,0
STZ-B.US,D,20150528,000000,109.82,109.82,109.82,109.82,100,0
STZ-B.US,D,20150601,000000,110.83,111.08,110.83,111.08,2267,0
STZ-B.US,D,20150602,000000,111.08,111.5,111.08,111.5,2267,0
STZ-B.US,D,20150603,000000,111.56,112.07,111.56,112.07,2053,0
STZ-B.US,D,20150605,000000,110.52,110.52,110.52,110.52,100,0
STZ-B.US,D,20150608,000000,111.34,111.34,111.34,111.34,100,0
STZ-B.US,D,20150610,000000,112.16,112.82,112.16,112.82,3236,0
STZ-B.US,D,20150611,000000,112.21,112.21,112.21,112.21,100,0
STZ-B.US,D,20150617,000000,110.33,110.49,110.33,110.4,643,0
STZ-B.US,D,20150618,000000,111.19,111.19,111.19,111.19,100,0
STZ-B.US,D,20150630,000000,108.4,108.4,108.09,108.09,216,0
STZ-B.US,D,20150701,000000,109.39,109.39,109.39,109.39,216,0
STZ-B.US,D,20150710,000000,107.75,107.8,107.75,107.8,540,0
STZ-B.US,D,20150717,000000,109.67,109.67,109.14,109.14,216,0
STZ-B.US,D,20150720,000000,108.97,108.97,108.97,108.97,100,0
STZ-B.US,D,20150723,000000,110.46,110.46,109.85,110.46,971,0
STZ-B.US,D,20150724,000000,108.05,108.05,107.99,108.01,875,0
STZ-B.US,D,20150728,000000,109.44,109.44,109.44,109.44,216,0
STZ-B.US,D,20150729,000000,110.08,110.08,109.88,109.88,326,0
STZ-B.US,D,20150731,000000,110.75,111.13,110.75,111.09,326,0
STZ-B.US,D,20150803,000000,112.29,112.29,111.95,111.95,430,0
STZ-B.US,D,20150806,000000,114.96,114.96,114.95,114.95,326,0
STZ-B.US,D,20150807,000000,114.09,114.34,114.09,114.34,336,0
STZ-B.US,D,20150810,000000,115.21,115.21,115.21,115.21,100,0
STZ-B.US,D,20150811,000000,115.1,116.09,115.1,116.09,2239,0
STZ-B.US,D,20150814,000000,118.96,118.96,118.96,118.96,100,0
STZ-B.US,D,20150818,000000,120.43,120.43,120.43,120.43,100,0
STZ-B.US,D,20150820,000000,119.53,120.43,119.53,120.43,754,0
STZ-B.US,D,20150821,000000,117.29,117.29,114.88,114.88,325,0
STZ-B.US,D,20150824,000000,108.9,113.11,108.9,111.72,1506,0
STZ-B.US,D,20150825,000000,113.36,113.76,111.94,111.94,864,0
STZ-B.US,D,20150826,000000,112.9,116.14,112.17,115.93,864,0
STZ-B.US,D,20150827,000000,118.01,118.01,117.84,117.92,1511,0
STZ-B.US,D,20150901,000000,119.19,119.19,118.82,118.98,353,0
STZ-B.US,D,20150903,000000,120.85,120.85,120.85,120.85,100,0
STZ-B.US,D,20150904,000000,118.97,118.97,118.97,118.97,100,0
STZ-B.US,D,20150909,000000,118.93,118.93,118.93,118.93,100,0
STZ-B.US,D,20150911,000000,117.75,117.75,117.75,117.75,216,0
STZ-B.US,D,20150916,000000,120.87,120.87,120.87,120.87,100,0
STZ-B.US,D,20150917,000000,122.15,122.15,122.15,122.15,100,0
STZ-B.US,D,20150918,000000,120.33,120.33,118.86,118.86,429,0
STZ-B.US,D,20150921,000000,119.98,119.98,119.8,119.8,325,0
STZ-B.US,D,20150922,000000,118.24,118.24,118.24,118.24,100,0
STZ-B.US,D,20150923,000000,117.55,118.8,117.55,118.8,224,0
STZ-B.US,D,20150924,000000,118.8,118.8,118.8,118.8,100,0
STZ-B.US,D,20150928,000000,117.41,117.41,117.37,117.41,528,0
STZ-B.US,D,20151005,000000,121.89,122.55,121.89,122.55,216,0
STZ-B.US,D,20151007,000000,124.73,125.69,123.65,124.66,2583,0
STZ-B.US,D,20151008,000000,127.01,127.01,127.01,127.01,100,0
STZ-B.US,D,20151009,000000,127.12,127.12,127.1,127.1,398,0
STZ-B.US,D,20151012,000000,128.12,128.12,127.76,127.76,216,0
STZ-B.US,D,20151013,000000,130.09,130.09,126.35,126.35,335,0
STZ-B.US,D,20151016,000000,125.47,125.66,125.47,125.66,493,0
STZ-B.US,D,20151019,000000,125.7,125.7,125.7,125.7,100,0
STZ-B.US,D,20151026,000000,126.05,126.05,126.05,126.05,100,0
STZ-B.US,D,20151030,000000,125.55,125.55,125.55,125.55,100,0
STZ-B.US,D,20151103,000000,124.38,125.24,124.38,125.24,216,0
STZ-B.US,D,20151105,000000,124.05,124.13,124.05,124.13,216,0
STZ-B.US,D,20151106,000000,122.99,123.08,122.99,123.08,216,0
STZ-B.US,D,20151111,000000,125.9,125.9,125.89,125.89,1290,0
STZ-B.US,D,20151113,000000,123.22,123.23,123.22,123.23,216,0
STZ-B.US,D,20151116,000000,125.51,125.53,125.51,125.53,430,0
STZ-B.US,D,20151117,000000,127.95,128.4,127.56,128.25,627,0
STZ-B.US,D,20151118,000000,126.62,129.43,126.62,129.42,486,0
STZ-B.US,D,20151119,000000,128.29,128.29,128.29,128.29,538,0
STZ-B.US,D,20151120,000000,129.82,129.82,129.63,129.63,324,0
STZ-B.US,D,20151123,000000,130.53,132.68,130.53,132.68,2362,0
STZ-B.US,D,20151124,000000,133.6,133.6,131.16,132.68,3853,0
STZ-B.US,D,20151125,000000,134.42,134.42,134.42,134.42,100,0
STZ-B.US,D,20151130,000000,133.48,133.48,132.8,132.8,456,0
STZ-B.US,D,20151202,000000,134.46,134.46,133.15,133.15,222,0
STZ-B.US,D,20151203,000000,131.58,131.94,131.41,131.41,594,0
STZ-B.US,D,20151215,000000,127.89,129.18,127.89,128.67,2309,0
STZ-B.US,D,20151216,000000,132.44,132.44,132.44,132.44,100,0
STZ-B.US,D,20151217,000000,132.88,132.88,132.44,132.44,216,0
STZ-B.US,D,20151222,000000,131.28,131.28,131.28,131.28,100,0
STZ-B.US,D,20151229,000000,134.24,134.24,134.24,134.24,102,0
STZ-B.US,D,20160104,000000,131.01,131.01,131.01,131.01,359,0
STZ-B.US,D,20160106,000000,133.04,133.06,133.04,133.06,1286,0
STZ-B.US,D,20160107,000000,142.44,143.37,138.44,139.38,2424,0
STZ-B.US,D,20160108,000000,138.64,138.64,138.64,138.64,216,0
STZ-B.US,D,20160112,000000,136.74,136.74,136.74,136.74,138,0
STZ-B.US,D,20160113,000000,136.3,136.48,136.3,136.48,428,0
STZ-B.US,D,20160114,000000,132.14,134.2,132.14,133.3,787,0
STZ-B.US,D,20160115,000000,132.79,132.79,132.71,132.71,1516,0
STZ-B.US,D,20160119,000000,134.22,134.22,134.22,134.22,0,0
STZ-B.US,D,20160120,000000,135.08,135.77,135.07,135.77,2315,0
STZ-B.US,D,20160121,000000,135.29,136.42,133.95,133.95,1071,0
STZ-B.US,D,20160122,000000,138.64,138.64,138.61,138.62,3522,0
STZ-B.US,D,20160125,000000,140.36,140.36,138.72,139.65,1450,0
STZ-B.US,D,20160126,000000,139.67,139.83,138.73,139.83,531,0
STZ-B.US,D,20160127,000000,139.71,139.71,135.94,136.18,439,0
STZ-B.US,D,20160128,000000,138.9,141.7,138.9,141.7,626,0
STZ-B.US,D,20160201,000000,143.2,145.25,143.2,145.13,694,0
STZ-B.US,D,20160202,000000,143.34,143.34,143.34,143.34,402,0
STZ-B.US,D,20160203,000000,140.54,140.58,140.54,140.58,294,0
STZ-B.US,D,20160204,000000,140.58,140.58,136.29,137.38,753,0
STZ-B.US,D,20160205,000000,134.6,134.6,131.79,131.79,591,0
STZ-B.US,D,20160208,000000,127.12,127.12,125.71,125.71,855,0
STZ-B.US,D,20160209,000000,128.73,128.73,128.73,128.73,233,0
STZ-B.US,D,20160210,000000,130.59,130.59,130.59,130.59,100,0
STZ-B.US,D,20160212,000000,127.71,127.71,127.71,127.71,1027,0
STZ-B.US,D,20160217,000000,131.94,132.14,131.94,132.14,834,0
STZ-B.US,D,20160222,000000,132.44,132.44,131.15,132.23,1928,0
STZ-B.US,D,20160223,000000,130.55,130.55,130.55,130.55,116,0
STZ-B.US,D,20160224,000000,129.19,129.78,129.19,129.78,379,0
STZ-B.US,D,20160226,000000,133.94,133.94,133.68,133.68,3610,0
STZ-B.US,D,20160229,000000,133.22,133.22,133.22,133.22,385,0
STZ-B.US,D,20160301,000000,135.4,135.67,134.68,134.68,901,0
STZ-B.US,D,20160302,000000,134.75,134.75,134.3,134.4,596,0
STZ-B.US,D,20160303,000000,139.94,139.94,139.94,139.94,214,0
STZ-B.US,D,20160304,000000,135.25,135.25,135.25,135.25,238,0
STZ-B.US,D,20160307,000000,133.93,133.93,130.59,130.59,1283,0
STZ-B.US,D,20160308,000000,131.28,131.28,130.73,130.73,477,0
STZ-B.US,D,20160309,000000,131.19,131.19,130.86,130.86,851,0
STZ-B.US,D,20160311,000000,132.45,132.46,132.23,132.46,629,0
STZ-B.US,D,20160315,000000,135.06,135.06,135.06,135.06,143,0
STZ-B.US,D,20160316,000000,135.04,135.96,135.04,135.96,365,0
STZ-B.US,D,20160321,000000,138.6,138.6,138.6,138.6,192,0
STZ-B.US,D,20160322,000000,139.22,139.22,139.22,139.22,483,0
STZ-B.US,D,20160324,000000,139.44,139.44,139.37,139.37,220,0
STZ-B.US,D,20160328,000000,140.63,140.63,140.63,140.63,866,0
STZ-B.US,D,20160330,000000,141.52,141.52,141.52,141.52,100,0
STZ-B.US,D,20160331,000000,141.46,141.46,141.42,141.42,216,0
STZ-B.US,D,20160401,000000,141.41,141.41,141.41,141.41,324,0
STZ-B.US,D,20160404,000000,137.13,137.13,137.13,137.13,129,0
STZ-B.US,D,20160406,000000,146.28,149.29,146.28,149.29,416,0
STZ-B.US,D,20160407,000000,146.48,146.48,146.48,146.48,169,0
STZ-B.US,D,20160408,000000,147.85,148.59,147.85,148.59,760,0
STZ-B.US,D,20160412,000000,147.7,147.7,147.7,147.7,100,0
STZ-B.US,D,20160413,000000,147.02,147.02,145.63,145.74,818,0
STZ-B.US,D,20160414,000000,147.38,147.38,146.58,146.62,670,0
STZ-B.US,D,20160415,000000,145.73,146.94,145.73,146.94,600,0
STZ-B.US,D,20160429,000000,146.44,146.44,146.44,146.44,223,0
STZ-B.US,D,20160509,000000,151.14,151.14,151.14,151.14,178,0
STZ-B.US,D,20160510,000000,151.17,151.17,151.17,151.17,100,0
STZ-B.US,D,20160513,000000,152.09,152.09,150.74,150.74,886,0
STZ-B.US,D,20160517,000000,151.23,151.23,149.35,149.35,614,0
STZ-B.US,D,20160518,000000,145.41,145.41,145.41,145.41,100,0
STZ-B.US,D,20160523,000000,145.93,145.93,145.93,145.93,189,0
STZ-B.US,D,20160524,000000,146.78,147.43,146.78,147.43,392,0
STZ-B.US,D,20160526,000000,149.34,149.34,149.34,149.34,1708067,0
STZ-B.US,D,20160531,000000,149.78,149.78,144.64,144.64,635,0
STZ-B.US,D,20160601,000000,145.82,145.88,145.82,145.88,422,0
STZ-B.US,D,20160602,000000,143.8,144.22,143.79,144.22,1318,0
STZ-B.US,D,20160603,000000,143.37,143.76,143.37,143.76,470,0
STZ-B.US,D,20160606,000000,144.26,144.26,144.26,144.26,266,0
STZ-B.US,D,20160607,000000,143.98,143.98,141.74,143.07,753,0
STZ-B.US,D,20160608,000000,145.5,145.5,145.49,145.49,216,0
STZ-B.US,D,20160610,000000,145.88,145.88,145.88,145.88,100,0
STZ-B.US,D,20160614,000000,146.1,147.11,146.1,147.11,872,0
STZ-B.US,D,20160616,000000,146.89,146.89,145.08,145.08,216,0
STZ-B.US,D,20160621,000000,145.86,145.86,145.86,145.86,554,0
STZ-B.US,D,20160624,000000,142.91,144.21,142.91,143.89,730,0
STZ-B.US,D,20160628,000000,146.81,147.02,146.81,147.02,615,0
STZ-B.US,D,20160629,000000,149.54,149.54,149.03,149.03,1337,0
STZ-B.US,D,20160630,000000,152.94,155.21,152.94,155.21,3353,0
STZ-B.US,D,20160701,000000,155.55,155.55,155.55,155.55,240,0
STZ-B.US,D,20160705,000000,155.71,156.36,155.71,156.36,244,0
STZ-B.US,D,20160706,000000,158.02,158.02,155.01,155.01,1262,0
STZ-B.US,D,20160708,000000,156.13,156.13,156.13,156.13,100,0
STZ-B.US,D,20160711,000000,155.94,155.94,155.94,155.94,275,0
STZ-B.US,D,20160712,000000,153.91,153.91,153.91,153.91,100,0
STZ-B.US,D,20160713,000000,155.43,155.43,154.28,154.28,467,0
STZ-B.US,D,20160714,000000,153.29,153.29,153.29,153.29,269,0
STZ-B.US,D,20160718,000000,152.41,152.41,152.41,152.41,243,0
STZ-B.US,D,20160719,000000,153.46,154.19,153.46,154.19,330,0
STZ-B.US,D,20160720,000000,154.23,155.08,154.23,155.08,708,0
STZ-B.US,D,20160804,000000,156.35,156.35,156.35,156.35,104,0
STZ-B.US,D,20160805,000000,156.04,156.04,156.04,156.04,100,0
STZ-B.US,D,20160809,000000,155.85,155.85,154.19,154.19,2104,0
STZ-B.US,D,20160811,000000,157.43,157.65,156.58,157.65,1066,0
STZ-B.US,D,20160812,000000,160.25,160.25,155.72,155.82,1495,0
STZ-B.US,D,20160817,000000,155.03,155.06,155.03,155.06,216,0
STZ-B.US,D,20160822,000000,157.86,158.41,156.95,156.95,1316,0
STZ-B.US,D,20160823,000000,155.93,155.93,155.93,155.93,122,0
STZ-B.US,D,20160830,000000,156.27,156.27,156.27,156.27,100,0
STZ-B.US,D,20160831,000000,156.06,156.06,156.06,156.06,231,0
STZ-B.US,D,20160902,000000,156.67,156.7,156.67,156.67,2151,0
STZ-B.US,D,20160908,000000,154.59,154.59,154.59,154.59,161,0
STZ-B.US,D,20160909,000000,155.86,156.49,155.86,156.49,266,0
STZ-B.US,D,20160914,000000,151.92,153.54,151.28,153.54,914,0
STZ-B.US,D,20160915,000000,154.73,156.37,154.73,156.37,2164,0
STZ-B.US,D,20160916,000000,154.68,154.68,154.68,154.68,142,0
STZ-B.US,D,20160920,000000,154.61,154.61,154.61,154.61,100,0
STZ-B.US,D,20160929,000000,154.07,154.07,154.07,154.07,216,0
STZ-B.US,D,20160930,000000,156.23,156.23,156.23,156.23,101,0
STZ-B.US,D,20161005,000000,159.04,160.6,158.53,160.6,960,0
STZ-B.US,D,20161006,000000,158.63,161.37,158.63,161.37,380,0
STZ-B.US,D,20161014,000000,159.16,159.16,159.16,159.16,183,0
STZ-B.US,D,20161017,000000,160.25,164.46,160.25,164.46,509,0
STZ-B.US,D,20161024,000000,161.39,161.39,158.15,160.25,843,0
STZ-B.US,D,20161031,000000,159.17,159.17,159.17,159.17,553,0
STZ-B.US,D,20161109,000000,144.42,145.03,143.14,143.78,2774,0
STZ-B.US,D,20161110,000000,144.17,144.42,144.17,144.42,1035,0
STZ-B.US,D,20161111,000000,141.7,141.7,141.7,141.7,546,0
STZ-B.US,D,20161118,000000,145.48,146.35,145.42,145.97,2056,0
STZ-B.US,D,20161121,000000,147.23,147.26,147.23,147.23,411,0
STZ-B.US,D,20161125,000000,146.53,146.66,146.53,146.66,387,0
STZ-B.US,D,20161130,000000,145.9,145.9,145.9,145.9,229,0
STZ-B.US,D,20161201,000000,139.38,139.38,139.38,139.38,110,0
STZ-B.US,D,20161207,000000,140.49,141.79,140.49,141.01,2225,0
STZ-B.US,D,20161208,000000,140.53,141.84,140.53,141.84,216,0
STZ-B.US,D,20161209,000000,142.81,143.08,142.81,143.08,864,0
STZ-B.US,D,20161213,000000,145.14,145.14,145.14,145.14,195,0
STZ-B.US,D,20161215,000000,146.45,146.45,146.45,146.45,788,0
STZ-B.US,D,20161216,000000,148,148,148,148,270,0
STZ-B.US,D,20161220,000000,146.06,146.06,144.03,144.84,476,0
STZ-B.US,D,20161222,000000,141.07,141.07,141.07,141.07,870,0
STZ-B.US,D,20161223,000000,140.29,141.98,140.29,141.98,363,0
STZ-B.US,D,20161227,000000,141.79,141.79,141.79,141.79,163,0
STZ-B.US,D,20161229,000000,143.82,143.82,143.82,143.82,109,0
STZ-B.US,D,20161230,000000,143.85,143.85,143.85,143.85,303,0
STZ-B.US,D,20170103,000000,145.2,146.06,144.43,144.64,822,0
STZ-B.US,D,20170104,000000,147.32,147.4,147.32,147.32,2041,0
STZ-B.US,D,20170105,000000,140.38,140.38,138.93,138.93,1179,0
STZ-B.US,D,20170106,000000,139.53,140.08,139.53,140.08,938,0
STZ-B.US,D,20170109,000000,141.13,141.13,141.13,141.13,757,0
STZ-B.US,D,20170110,000000,140.43,140.43,140.43,140.43,181,0
STZ-B.US,D,20170111,000000,140.43,140.43,140.43,140.43,666,0
STZ-B.US,D,20170117,000000,144.55,144.55,144.55,144.55,236,0
STZ-B.US,D,20170118,000000,144.56,144.56,143.95,143.95,748,0
STZ-B.US,D,20170120,000000,140.65,140.65,140.65,140.65,273,0
STZ-B.US,D,20170123,000000,143.66,143.8,142.49,142.49,681,0
STZ-B.US,D,20170124,000000,142.54,146.37,142.42,146.37,8005,0
STZ-B.US,D,20170125,000000,146.28,146.28,144.88,144.88,732,0
STZ-B.US,D,20170127,000000,141.79,142.12,141.79,142.12,758,0
STZ-B.US,D,20170130,000000,138.92,138.92,138.92,138.92,180,0
STZ-B.US,D,20170131,000000,141.22,142.04,140.75,142.04,1077,0
STZ-B.US,D,20170202,000000,140.85,141.72,140.85,141.72,1500,0
STZ-B.US,D,20170206,000000,140.61,140.63,140.61,140.63,875,0
STZ-B.US,D,20170207,000000,143.09,143.14,143.09,143.14,636,0
STZ-B.US,D,20170208,000000,145.18,145.18,144.95,144.95,295,0
STZ-B.US,D,20170209,000000,146.72,148.81,146.72,148.81,800,0
STZ-B.US,D,20170214,000000,147.99,147.99,147.99,147.99,126,0
STZ-B.US,D,20170216,000000,147.93,150.33,147.69,150.33,1143,0
STZ-B.US,D,20170217,000000,150.85,152.01,150.61,152.01,3667,0
STZ-B.US,D,20170221,000000,152.04,152.39,151.9,152.39,559,0
STZ-B.US,D,20170228,000000,148.69,148.7,148.69,148.7,216,0
STZ-B.US,D,20170303,000000,149.49,149.51,149.17,149.34,13600,0
STZ-B.US,D,20170306,000000,149.46,149.57,149.46,149.57,410,0
STZ-B.US,D,20170307,000000,147.75,148.02,147.75,147.96,348,0
STZ-B.US,D,20170315,000000,150.92,150.95,150.89,150.95,2266,0
STZ-B.US,D,20170330,000000,153.24,153.24,153.24,153.24,119,0
STZ-B.US,D,20170331,000000,152.99,152.99,152.99,152.99,126,0
STZ-B.US,D,20170405,000000,152.76,152.89,152.76,152.76,409,0
STZ-B.US,D,20170406,000000,160.02,162.54,160.02,161.36,2716,0
STZ-B.US,D,20170407,000000,162.53,162.53,160.45,160.45,534,0
STZ-B.US,D,20170410,000000,160.1,160.1,160.1,160.1,630,0
STZ-B.US,D,20170411,000000,161.83,161.83,161.83,161.83,305,0
STZ-B.US,D,20170417,000000,161.17,161.18,161.17,161.18,696,0
STZ-B.US,D,20170419,000000,162.16,162.19,161.8,161.81,2729,0
STZ-B.US,D,20170421,000000,161.64,161.64,161.64,161.64,436,0
STZ-B.US,D,20170424,000000,162.87,162.87,162.85,162.87,858,0
STZ-B.US,D,20170426,000000,160.45,160.45,160.24,160.24,744,0
STZ-B.US,D,20170428,000000,161.61,161.61,161.61,161.61,139,0
STZ-B.US,D,20170505,000000,166.73,166.73,166.73,166.73,171,0
STZ-B.US,D,20170508,000000,167.45,169.33,167.45,169.33,338,0
STZ-B.US,D,20170516,000000,171.45,171.88,171.45,171.88,281,0
STZ-B.US,D,20170517,000000,171.1,171.1,171.09,171.09,279,0
STZ-B.US,D,20170523,000000,171.78,171.78,171.66,171.66,477,0
STZ-B.US,D,20170524,000000,167.75,168.39,167.66,168.39,428,0
STZ-B.US,D,20170525,000000,170.51,171.38,170.51,171.38,244,0
STZ-B.US,D,20170601,000000,173.1,173.1,173.1,173.1,346,0
STZ-B.US,D,20170602,000000,175.03,175.07,175,175.07,2120,0
STZ-B.US,D,20170605,000000,172.3,172.35,172.3,172.35,881,0
STZ-B.US,D,20170607,000000,174.72,174.72,174.72,174.72,532,0
STZ-B.US,D,20170608,000000,172.32,172.32,172.32,172.32,144,0
STZ-B.US,D,20170612,000000,170.26,170.26,170.26,170.26,186,0
STZ-B.US,D,20170614,000000,169.87,169.87,169.87,169.87,661,0
STZ-B.US,D,20170616,000000,169.87,169.87,169.87,169.87,1873,0
STZ-B.US,D,20170623,000000,174.28,174.28,174.28,174.28,110,0
STZ-B.US,D,20170626,000000,173.95,173.95,173.95,173.95,323,0
STZ-B.US,D,20170627,000000,171.69,171.69,171.69,171.69,146,0
STZ-B.US,D,20170628,000000,174.24,174.24,173.65,173.65,1985,0
STZ-B.US,D,20170629,000000,183.09,184.34,183.09,183.22,622,0
STZ-B.US,D,20170630,000000,183.66,183.66,183.66,183.66,275,0
STZ-B.US,D,20170703,000000,181.39,181.39,181.39,181.39,101,0
STZ-B.US,D,20170707,000000,182.59,182.59,182.59,182.59,100,0
STZ-B.US,D,20170712,000000,184.11,187.24,184.11,187.24,1498,0
STZ-B.US,D,20170717,000000,187.96,187.96,187.96,187.96,119,0
STZ-B.US,D,20170721,000000,186.53,186.53,186.53,186.53,101,0
STZ-B.US,D,20170803,000000,184.62,184.62,182.86,182.86,631,0
STZ-B.US,D,20170804,000000,182.7,182.7,182.7,182.7,100,0
STZ-B.US,D,20170807,000000,183.45,184.49,183.45,184.49,675,0
STZ-B.US,D,20170821,000000,186.33,186.61,186.33,186.61,321,0
STZ-B.US,D,20170824,000000,186.33,186.33,180.97,186.17,2804,0
STZ-B.US,D,20170906,000000,190.43,191.11,190.43,191.11,252,0
STZ-B.US,D,20170922,000000,190.61,191.01,190.61,191.01,215,0
STZ-B.US,D,20170926,000000,187.69,187.69,187.43,187.46,750,0
STZ-B.US,D,20171006,000000,196.78,198.02,196.78,198.02,630,0
STZ-B.US,D,20171010,000000,196.67,197.79,196.12,197.39,1604,0
STZ-B.US,D,20171012,000000,196.34,196.34,196.34,196.34,421,0
STZ-B.US,D,20171018,000000,201.08,201.08,201.04,201.04,236,0
STZ-B.US,D,20171019,000000,201.04,201.08,201.04,201.08,442,0
STZ-B.US,D,20171025,000000,200.31,201.34,200.31,201.34,266,0
STZ-B.US,D,20171031,000000,203.85,206.81,203.85,206.8,1031,0
STZ-B.US,D,20171113,000000,209.8,209.8,209.8,209.8,100,0
STZ-B.US,D,20171115,000000,205.07,205.91,205.07,205.91,620,0
STZ-B.US,D,20171124,000000,209.54,209.54,209.54,209.54,210,0
STZ-B.US,D,20171127,000000,209.58,209.58,209.58,209.58,1055,0
STZ-B.US,D,20171129,000000,206.69,206.69,206.69,206.69,225,0
STZ-B.US,D,20171130,000000,206.96,206.96,206.73,206.73,1255,0
STZ-B.US,D,20171204,000000,204.8,204.8,204.8,204.8,240,0
STZ-B.US,D,20171205,000000,204.56,205.36,204.56,205.36,256,0
STZ-B.US,D,20171208,000000,207.21,207.21,206.93,206.93,387,0
STZ-B.US,D,20171213,000000,207.86,208.28,207.86,208.28,460,0
STZ-B.US,D,20171214,000000,207.63,211.92,207.63,211.92,1739,0
STZ-B.US,D,20171215,000000,210.96,210.96,210.96,210.96,125,0
STZ-B.US,D,20171218,000000,211.49,211.49,211.49,211.49,101,0
STZ-B.US,D,20171222,000000,211.52,212.09,211.52,212.09,241,0
STZ-B.US,D,20171228,000000,216.32,216.32,216.32,216.32,265,0
STZ-B.US,D,20171229,000000,215.69,215.69,215.69,215.69,110,0
STZ-B.US,D,20180102,000000,215.33,215.33,215.33,215.33,260,0
STZ-B.US,D,20180104,000000,217.37,217.37,213.32,213.64,2247,0
STZ-B.US,D,20180105,000000,205.74,210.28,205.54,209.71,2807,0
STZ-B.US,D,20180108,000000,205.27,205.62,204.2,205.57,1164,0
STZ-B.US,D,20180109,000000,207.25,207.94,207.25,207.94,748,0
STZ-B.US,D,20180110,000000,209.57,209.57,209.57,209.57,431,0
STZ-B.US,D,20180111,000000,209.06,209.06,208.68,208.68,504,0
STZ-B.US,D,20180116,000000,208.96,208.96,208.96,208.96,248,0
STZ-B.US,D,20180117,000000,208.08,208.48,208.08,208.48,384,0
STZ-B.US,D,20180119,000000,207.02,207.02,207.02,207.02,121,0
STZ-B.US,D,20180122,000000,207.49,207.49,207.49,207.49,211,0
STZ-B.US,D,20180201,000000,208.93,209.08,208.93,209.08,524,0
STZ-B.US,D,20180202,000000,209.81,209.81,204.32,204.32,695,0
STZ-B.US,D,20180206,000000,197.2,204.8,197.2,204.8,182,0
STZ-B.US,D,20180208,000000,201.51,201.51,200.03,200.03,416,0
STZ-B.US,D,20180209,000000,199.78,201.27,195.26,195.26,1472,0
STZ-B.US,D,20180212,000000,200.02,200.02,200.02,200.02,203,0
STZ-B.US,D,20180214,000000,201.36,201.36,201.36,201.36,324,0
STZ-B.US,D,20180215,000000,205.26,205.26,205.26,205.26,165,0
STZ-B.US,D,20180223,000000,203.22,206.09,203.22,206.09,476,0
STZ-B.US,D,20180226,000000,206.11,206.11,206.11,206.11,146,0
STZ-B.US,D,20180227,000000,208.13,208.13,208.13,208.13,241,0
STZ-B.US,D,20180306,000000,209.62,210.03,209.34,210.03,2169,0
STZ-B.US,D,20180312,000000,218.56,218.56,218.56,218.56,142,0
STZ-B.US,D,20180314,000000,216.23,216.3,216.23,216.3,374,0
STZ-B.US,D,20180321,000000,215.43,215.43,215.43,215.43,314,0
STZ-B.US,D,20180323,000000,217.43,217.43,212.68,212.68,220,0
STZ-B.US,D,20180326,000000,207.97,208.29,207.97,208.29,295,0
STZ-B.US,D,20180329,000000,217.43,219.04,217.43,218.2,367,0
STZ-B.US,D,20180405,000000,217.6,217.6,217.6,217.6,363,0
STZ-B.US,D,20180406,000000,216.16,216.16,216.16,216.16,176,0
STZ-B.US,D,20180410,000000,216.15,216.15,213.89,213.89,216,0
STZ-B.US,D,20180418,000000,222.34,222.34,222.34,222.34,105,0
STZ-B.US,D,20180423,000000,217.49,217.49,217.49,217.49,476,0
STZ-B.US,D,20180426,000000,218.27,218.27,217.94,217.94,678,0
STZ-B.US,D,20180430,000000,220.94,221.09,220.93,220.93,1126,0
STZ-B.US,D,20180514,000000,213.48,213.48,213.48,213.48,166,0
STZ-B.US,D,20180516,000000,212.49,212.54,211.92,211.92,654,0
STZ-B.US,D,20180518,000000,210.24,210.24,210.24,210.24,149,0
STZ-B.US,D,20180521,000000,208.71,208.71,208.71,208.71,313,0
STZ-B.US,D,20180525,000000,206.46,206.46,205.37,205.37,2238,0
STZ-B.US,D,20180529,000000,208.69,208.69,208.69,208.69,186,0
STZ-B.US,D,20180531,000000,213.46,213.46,212.47,212.47,229,0
STZ-B.US,D,20180604,000000,214.49,214.49,214.49,214.49,111,0
STZ-B.US,D,20180606,000000,216.79,216.79,216.79,216.79,276,0
STZ-B.US,D,20180611,000000,216.54,216.68,216.54,216.68,323,0
STZ-B.US,D,20180612,000000,219.15,219.15,219.15,219.15,646,0
STZ-B.US,D,20180615,000000,220.86,220.86,214.4,214.4,283,0
STZ-B.US,D,20180620,000000,222.86,222.86,221.94,221.94,406,0
STZ-B.US,D,20180621,000000,220.54,220.54,220.54,220.54,130,0
STZ-B.US,D,20180622,000000,220.31,220.31,219.82,219.82,214,0
STZ-B.US,D,20180625,000000,217.89,217.89,217.89,217.89,109,0
STZ-B.US,D,20180628,000000,220.13,220.13,220.13,220.13,946,0
STZ-B.US,D,20180629,000000,210.22,211.05,205.45,211.05,726,0
STZ-B.US,D,20180702,000000,208.69,208.69,204.08,204.08,667,0
STZ-B.US,D,20180705,000000,204.58,205.26,204.58,205.26,776,0
STZ-B.US,D,20180709,000000,207.04,207.04,207.04,207.04,582,0
STZ-B.US,D,20180710,000000,207.73,208.51,207.73,208.51,480,0
STZ-B.US,D,20180712,000000,206.63,207.28,206.63,206.72,1084,0
STZ-B.US,D,20180713,000000,207.19,207.97,205.35,205.35,4739,0
STZ-B.US,D,20180716,000000,204.67,204.67,203.2,203.2,833,0
STZ-B.US,D,20180718,000000,207.74,207.74,207.74,207.74,215,0
STZ-B.US,D,20180719,000000,206.61,206.64,205.73,205.73,1030,0
STZ-B.US,D,20180720,000000,206.32,206.32,206.32,206.32,101,0
STZ-B.US,D,20180723,000000,206.52,206.52,206.52,206.52,435,0
STZ-B.US,D,20180731,000000,200.55,200.55,200.55,200.55,100,0
STZ-B.US,D,20180806,000000,204.63,204.63,203.55,203.55,1449,0
STZ-B.US,D,20180807,000000,204.92,205.89,204.92,205.69,586,0
STZ-B.US,D,20180808,000000,205.26,205.26,204.83,205.13,935,0
STZ-B.US,D,20180810,000000,205.08,205.08,204.87,204.87,426,0
STZ-B.US,D,20180814,000000,211.31,211.31,211.31,211.31,314,0
STZ-B.US,D,20180815,000000,203.07,203.07,193.52,199.7,1680,0
STZ-B.US,D,20180816,000000,196.42,196.42,193.09,193.09,1278,0
STZ-B.US,D,20180817,000000,193.5,194.42,191.7,194.42,611,0
STZ-B.US,D,20180820,000000,193.99,193.99,190.14,193.85,1916,0
STZ-B.US,D,20180821,000000,192.05,192.14,191.82,192.14,610,0
STZ-B.US,D,20180822,000000,194.02,195.86,193.53,194.47,2746,0
STZ-B.US,D,20180823,000000,195.05,195.05,195.05,195.05,482,0
STZ-B.US,D,20180824,000000,197.12,197.12,197.12,197.12,309,0
STZ-B.US,D,20180827,000000,199.82,200.78,199.82,200.78,357,0
STZ-B.US,D,20180829,000000,199.92,199.92,199.87,199.87,575,0
STZ-B.US,D,20180831,000000,204.58,204.58,199.76,199.76,912,0
STZ-B.US,D,20180904,000000,200.28,200.28,200.28,200.28,315,0
STZ-B.US,D,20180905,000000,201.36,201.36,201.36,201.36,336,0
STZ-B.US,D,20180907,000000,202.16,202.16,202.16,202.16,340,0
STZ-B.US,D,20180910,000000,203.14,203.14,203.14,203.14,598,0
STZ-B.US,D,20180911,000000,205.51,207.05,204.91,205.61,1034,0
STZ-B.US,D,20180912,000000,209.88,209.88,207.83,208.34,754,0
STZ-B.US,D,20180913,000000,205.95,205.95,205.83,205.85,614,0
STZ-B.US,D,20180914,000000,204.93,204.93,204.93,204.93,933,0
STZ-B.US,D,20180917,000000,203.26,203.26,203.26,203.26,169,0
STZ-B.US,D,20180919,000000,209.7,209.7,207.37,207.89,1197,0
STZ-B.US,D,20180927,000000,207.33,207.33,206.47,206.47,372,0
STZ-B.US,D,20180928,000000,210.97,210.97,210.97,210.97,186,0
STZ-B.US,D,20181003,000000,203.09,203.09,202.92,202.92,456,0
STZ-B.US,D,20181004,000000,211.38,215.07,211.38,215.07,2223,0
STZ-B.US,D,20181005,000000,207.44,215.78,207.44,213.84,3070,0
STZ-B.US,D,20181008,000000,217,217,217,217,228,0
STZ-B.US,D,20181009,000000,219.81,219.81,219.81,219.81,347,0
STZ-B.US,D,20181010,000000,218.81,218.81,215.03,215.03,657,0
STZ-B.US,D,20181011,000000,210.24,210.24,210.24,210.24,507,0
STZ-B.US,D,20181012,000000,211.45,211.73,211.45,211.73,345,0
STZ-B.US,D,20181015,000000,216.51,216.51,216.51,216.51,212,0
STZ-B.US,D,20181016,000000,217.47,217.47,217.47,217.47,583,0
STZ-B.US,D,20181017,000000,217.48,218.25,217.48,218.25,629,0
STZ-B.US,D,20181018,000000,217.37,217.37,217.37,217.37,251,0
STZ-B.US,D,20181022,000000,212.7,213.63,212.26,212.26,653,0
STZ-B.US,D,20181023,000000,206.66,206.66,204.47,204.47,547,0
STZ-B.US,D,20181024,000000,205.5,205.57,205.5,205.57,438,0
STZ-B.US,D,20181025,000000,206.68,206.97,205.95,205.99,907,0
STZ-B.US,D,20181026,000000,200.79,203.89,198.46,203.89,1398,0
STZ-B.US,D,20181030,000000,193.39,193.39,190.24,190.24,1013,0
STZ-B.US,D,20181105,000000,192.42,192.86,192.1,192.1,746,0
STZ-B.US,D,20181108,000000,192.11,192.11,192.11,192.11,219,0
STZ-B.US,D,20181112,000000,195.2,197.59,195.2,196.13,811,0
STZ-B.US,D,20181115,000000,190.03,190.03,190.03,190.03,225,0
STZ-B.US,D,20181119,000000,186.88,186.88,186.88,186.88,544,0
STZ-B.US,D,20181121,000000,184.15,188.57,183.36,188.57,1181,0
STZ-B.US,D,20181123,000000,183.29,189.38,183.29,189.38,336,0
STZ-B.US,D,20181126,000000,187.52,187.52,187.52,187.52,175,0
STZ-B.US,D,20181127,000000,186.82,186.82,186.82,186.82,368,0
STZ-B.US,D,20181128,000000,190.7,192.68,190.7,192.68,547,0
STZ-B.US,D,20181203,000000,188.48,188.48,188.48,188.48,229,0
STZ-B.US,D,20181207,000000,184.47,184.47,184.47,184.47,129,0
STZ-B.US,D,20181213,000000,177.44,177.44,174.4,174.4,839,0
STZ-B.US,D,20181217,000000,175.66,175.66,167.8,168.13,7951,0
STZ-B.US,D,20181218,000000,167.21,167.95,165.34,165.34,2515,0
STZ-B.US,D,20181221,000000,159.65,159.65,155.99,155.99,944,0
STZ-B.US,D,20181224,000000,153.56,153.56,151.47,151.94,1421,0
STZ-B.US,D,20181226,000000,151.93,156.19,151.93,156.19,1146,0
STZ-B.US,D,20181227,000000,156.19,156.19,156.19,156.19,177,0
STZ-B.US,D,20181228,000000,159.84,159.84,157.38,157.96,711,0
STZ-B.US,D,20190102,000000,155.79,159.04,155.79,158,663,0
STZ-B.US,D,20190103,000000,153.67,153.67,153.67,153.67,449,0
STZ-B.US,D,20190104,000000,157.32,160.2,157.32,159.54,1306,0
STZ-B.US,D,20190107,000000,161.77,165.86,161.77,164.85,2563,0
STZ-B.US,D,20190108,000000,167.94,167.94,164,164,638,0
STZ-B.US,D,20190109,000000,149.36,153.58,145.22,146.04,7785,0
STZ-B.US,D,20190110,000000,149.62,153.92,149.62,153.92,4679,0
STZ-B.US,D,20190111,000000,155.8,155.8,150.92,153.37,1142,0
STZ-B.US,D,20190114,000000,153.9,155.13,153.9,155.13,1021,0
STZ-B.US,D,20190115,000000,154.79,154.79,154.51,154.51,438,0
STZ-B.US,D,20190116,000000,152.65,153.25,152.65,153.19,1143,0
STZ-B.US,D,20190117,000000,151.96,151.96,151.96,151.96,317,0
STZ-B.US,D,20190118,000000,154.34,158.8,154.34,157.65,1627,0
STZ-B.US,D,20190122,000000,159.24,159.24,159.24,159.24,706,0
STZ-B.US,D,20190123,000000,159.68,159.68,159.68,159.68,207,0
STZ-B.US,D,20190129,000000,160.9,161.52,160.9,161.37,669,0
STZ-B.US,D,20190130,000000,163.55,163.55,163.55,163.55,236,0
STZ-B.US,D,20190201,000000,166.41,166.41,166.02,166.4,865,0
STZ-B.US,D,20190204,000000,166.04,166.04,166.04,166.04,668,0
STZ-B.US,D,20190205,000000,166.57,166.57,166.57,166.57,223,0
STZ-B.US,D,20190207,000000,167.26,167.61,166.44,167.61,407,0
STZ-B.US,D,20190211,000000,167.38,167.38,167.38,167.38,202,0
STZ-B.US,D,20190212,000000,166.66,166.66,166.23,166.23,330,0
STZ-B.US,D,20190213,000000,166.58,169.83,166.58,168.4,485,0
STZ-B.US,D,20190219,000000,167.49,167.49,167.49,167.49,513,0
STZ-B.US,D,20190220,000000,171.32,171.32,163.69,163.69,858,0
STZ-B.US,D,20190221,000000,161.03,161.03,161.03,161.03,415,0
STZ-B.US,D,20190225,000000,163.94,163.94,163.91,163.91,620,0
STZ-B.US,D,20190228,000000,163.91,164.91,163.91,164.91,296,0
STZ-B.US,D,20190301,000000,163.73,163.73,163.73,163.73,275,0
STZ-B.US,D,20190305,000000,165.34,165.34,165.34,165.34,407,0
STZ-B.US,D,20190308,000000,161.04,161.04,160.32,160.32,452,0
STZ-B.US,D,20190314,000000,166.38,166.38,166.38,166.38,243,0
STZ-B.US,D,20190318,000000,165.67,165.67,165.67,165.67,305,0
STZ-B.US,D,20190319,000000,165.66,165.66,165.6,165.6,641,0
STZ-B.US,D,20190320,000000,161.62,161.62,161.62,161.62,259,0
STZ-B.US,D,20190321,000000,161.22,161.65,161.22,161.65,493,0
STZ-B.US,D,20190327,000000,163.25,163.25,163.25,163.25,110,0
STZ-B.US,D,20190328,000000,165.45,165.45,165.45,165.45,153,0
STZ-B.US,D,20190401,000000,169.07,171.38,169.07,171.38,436,0
STZ-B.US,D,20190402,000000,171.56,171.56,171.31,171.31,506,0
STZ-B.US,D,20190404,000000,177.11,183.92,173.38,183.92,1776,0
STZ-B.US,D,20190405,000000,184.43,184.43,184.43,184.43,444,0
STZ-B.US,D,20190408,000000,185.4,185.4,185.4,185.4,149,0
STZ-B.US,D,20190409,000000,185.4,185.4,185.4,185.4,264,0
STZ-B.US,D,20190410,000000,182.95,182.95,182.5,182.5,1000,0
STZ-B.US,D,20190412,000000,184.61,185.04,184.61,185.04,476,0
STZ-B.US,D,20190415,000000,183.14,183.14,183.14,183.14,239,0
STZ-B.US,D,20190423,000000,198.45,200.78,198.45,200.78,507,0
STZ-B.US,D,20190501,000000,205.32,205.74,204.38,205.63,554,0
STZ-B.US,D,20190502,000000,205.94,205.94,205.94,205.94,497,0
STZ-B.US,D,20190506,000000,206.54,206.54,206.54,206.54,373,0
STZ-B.US,D,20190508,000000,200.75,200.75,200.75,200.75,215,0
STZ-B.US,D,20190509,000000,196.88,196.88,196.88,196.88,413,0
STZ-B.US,D,20190510,000000,195.17,195.17,195.17,195.17,380,0
STZ-B.US,D,20190513,000000,192.74,193.75,192.74,193.67,955,0
STZ-B.US,D,20190514,000000,196.27,196.27,195.6,195.6,689,0
STZ-B.US,D,20190515,000000,198.74,198.74,198.74,198.74,164,0
STZ-B.US,D,20190516,000000,199.65,200.48,199.65,200.48,408,0
STZ-B.US,D,20190520,000000,197.31,197.31,197.31,197.31,835,0
STZ-B.US,D,20190521,000000,197.26,197.26,197.26,197.26,418,0
STZ-B.US,D,20190524,000000,198.27,198.27,198.27,198.27,117,0
STZ-B.US,D,20190529,000000,188.61,188.61,182.91,182.91,401,0
STZ-B.US,D,20190530,000000,188.85,188.85,188.85,188.85,294,0
STZ-B.US,D,20190531,000000,168.06,171.35,166.31,171.35,2102,0
STZ-B.US,D,20190603,000000,172.8,172.8,171.48,171.48,1060,0
STZ-B.US,D,20190604,000000,178.27,178.27,178.27,178.27,751,0
STZ-B.US,D,20190606,000000,179.46,180.16,178.32,178.32,982,0
STZ-B.US,D,20190619,000000,176.77,176.77,176.77,176.77,167,0
STZ-B.US,D,20190624,000000,177.38,177.38,177.38,177.38,2316,0
STZ-B.US,D,20190625,000000,177.89,177.89,177.89,177.89,216,0
STZ-B.US,D,20190626,000000,179.52,179.52,179.52,179.52,164,0
STZ-B.US,D,20190627,000000,180.53,181.1,180.53,181.07,753,0
STZ-B.US,D,20190628,000000,192.2,193.3,192.2,193.3,709,0
STZ-B.US,D,20190705,000000,193.74,193.74,193.74,193.74,393,0
STZ-B.US,D,20190708,000000,190.65,193.37,190.65,193.17,1652,0
STZ-B.US,D,20190709,000000,191.74,192.35,191.74,192.35,476,0
STZ-B.US,D,20190712,000000,192.99,193.07,192.99,193.07,527,0
STZ-B.US,D,20190716,000000,192.05,192.05,192.05,192.05,262,0
STZ-B.US,D,20190718,000000,193.93,193.96,193.93,193.96,836,0
STZ-B.US,D,20190719,000000,194.2,194.2,194.2,194.2,205,0
STZ-B.US,D,20190723,000000,195.44,195.44,195.44,195.44,182,0
STZ-B.US,D,20190730,000000,195.44,195.44,194.06,194.42,527,0
STZ-B.US,D,20190731,000000,192.68,192.68,192.68,192.68,181,0
STZ-B.US,D,20190802,000000,189.71,189.71,189.71,189.71,223,0
STZ-B.US,D,20190805,000000,183.57,183.57,182.34,182.34,507,0
STZ-B.US,D,20190806,000000,180.29,180.29,176.77,176.77,452,0
STZ-B.US,D,20190807,000000,177.64,181.93,177.64,181.93,1363,0
STZ-B.US,D,20190808,000000,181.36,181.36,181.36,181.36,389,0
STZ-B.US,D,20190809,000000,189.02,189.02,189.02,189.02,117,0
STZ-B.US,D,20190812,000000,188.09,188.09,188.09,188.09,296,0
STZ-B.US,D,20190815,000000,185.45,187.65,184.07,187.65,823,0
STZ-B.US,D,20190821,000000,198.91,198.91,198.91,198.91,259,0
STZ-B.US,D,20190823,000000,193.89,193.89,193.89,193.89,131,0
STZ-B.US,D,20190828,000000,190.95,190.95,190.95,190.95,506,0
STZ-B.US,D,20190830,000000,198.56,198.81,198.07,198.07,2857,0
STZ-B.US,D,20190903,000000,201.51,201.51,201.1,201.1,374,0
STZ-B.US,D,20190913,000000,197.48,198.27,197.48,198.27,486,0
STZ-B.US,D,20190918,000000,198.6,198.6,198.57,198.57,517,0
STZ-B.US,D,20190919,000000,200.92,200.92,200.92,200.92,103,0
STZ-B.US,D,20190920,000000,201.46,201.46,200.85,200.85,586,0
STZ-B.US,D,20190923,000000,198.89,199.74,197.74,199.74,2305,0
STZ-B.US,D,20190924,000000,199.38,199.38,197.83,198.52,730,0
STZ-B.US,D,20190925,000000,197.78,197.83,197.78,197.83,360,0
STZ-B.US,D,20190926,000000,201.12,201.12,201.12,201.12,119,0
STZ-B.US,D,20191001,000000,204.91,204.91,204.91,204.91,173,0
STZ-B.US,D,20191002,000000,199.9,199.9,199.9,199.9,390,0
STZ-B.US,D,20191003,000000,192.44,192.44,187.05,187.72,1826,0
STZ-B.US,D,20191004,000000,188.45,188.45,188.45,188.45,894,0
STZ-B.US,D,20191008,000000,184.31,184.31,184.27,184.31,984,0
STZ-B.US,D,20191011,000000,188.49,188.49,188.49,188.49,403,0
STZ-B.US,D,20191015,000000,188.5,188.5,188.32,188.32,558,0
STZ-B.US,D,20191017,000000,193.36,193.36,193.36,193.36,333,0
STZ-B.US,D,20191018,000000,192.81,192.81,192.81,192.81,424,0
STZ-B.US,D,20191022,000000,192.24,192.24,191.91,191.91,310,0
STZ-B.US,D,20191023,000000,190.43,190.43,190.43,190.43,248,0
STZ-B.US,D,20191030,000000,186.6,186.6,186.6,186.6,137,0
STZ-B.US,D,20191101,000000,185.05,185.57,185.05,185.57,725,0
STZ-B.US,D,20191106,000000,186.27,187.32,186.27,187.32,680,0
STZ-B.US,D,20191108,000000,186.07,186.07,186.07,186.07,147,0
STZ-B.US,D,20191113,000000,179.85,179.85,178.83,178.99,573,0
STZ-B.US,D,20191118,000000,174.04,174.04,169.91,170.24,668,0
STZ-B.US,D,20191119,000000,169.16,175.61,169.16,175.61,657,0
STZ-B.US,D,20191120,000000,180.37,180.37,180.37,180.37,186,0
STZ-B.US,D,20191121,000000,181.7,181.7,181.7,181.7,767,0
STZ-B.US,D,20191125,000000,178.58,178.58,177.04,177.04,428,0
STZ-B.US,D,20191127,000000,181.04,181.9,181.04,181.9,287,0
STZ-B.US,D,20191203,000000,178.92,178.92,178.92,178.92,139,0
STZ-B.US,D,20191210,000000,174.04,176.18,174.04,175.94,1680,0
STZ-B.US,D,20191211,000000,174.29,175.11,174.29,175.11,874,0
STZ-B.US,D,20191212,000000,177.82,178.16,173.83,173.83,965,0
STZ-B.US,D,20191217,000000,178.26,178.26,178.26,178.26,279,0
STZ-B.US,D,20191218,000000,178.53,178.81,178.23,178.81,1580,0
STZ-B.US,D,20191219,000000,179.22,179.91,179.22,179.9,867,0
STZ-B.US,D,20191223,000000,183.04,183.04,182.98,183.02,542,0
STZ-B.US,D,20191230,000000,186.67,186.67,182.7,183.07,8946,0
STZ-B.US,D,20191231,000000,183.07,183.64,183.07,183.64,283,0
STZ-B.US,D,20200103,000000,183.03,183.03,183.03,183.03,154,0
STZ-B.US,D,20200108,000000,185.37,186.26,181.53,186.26,2663,0
STZ-B.US,D,20200109,000000,188.64,189.67,188.33,188.33,594,0
STZ-B.US,D,20200113,000000,183.03,183.03,183.03,183.03,445,0
STZ-B.US,D,20200114,000000,181.63,185.52,181.63,185.47,697,0
STZ-B.US,D,20200115,000000,186.72,186.72,186.08,186.08,373,0
STZ-B.US,D,20200117,000000,185.4,185.67,185.4,185.67,368,0
STZ-B.US,D,20200121,000000,185.25,185.3,185.25,185.3,398,0
STZ-B.US,D,20200122,000000,186.8,187.16,186.8,187.16,279,0
STZ-B.US,D,20200123,000000,187.06,187.38,187.06,187.38,833,0
STZ-B.US,D,20200124,000000,188.71,188.71,188.71,188.71,181,0
STZ-B.US,D,20200127,000000,188.71,188.71,188.71,188.71,263,0
STZ-B.US,D,20200129,000000,186.33,187.78,186.33,187.78,468,0
STZ-B.US,D,20200130,000000,185.29,185.29,185.29,185.29,302,0
STZ-B.US,D,20200203,000000,183.31,183.31,183.31,183.31,162,0
STZ-B.US,D,20200204,000000,188.52,188.71,188.52,188.61,353,0
STZ-B.US,D,20200205,000000,190.94,190.94,190.94,190.94,162,0
STZ-B.US,D,20200206,000000,192.67,194.58,192.67,194.58,520,0
STZ-B.US,D,20200211,000000,194.29,196.3,194.29,196,319,0
STZ-B.US,D,20200212,000000,194.35,194.44,194.35,194.44,471,0
STZ-B.US,D,20200213,000000,198.02,199.28,196.26,199.28,2311,0
STZ-B.US,D,20200214,000000,196.41,198.87,192.3,192.3,3747,0
STZ-B.US,D,20200218,000000,196.3,196.91,196.3,196.91,950,0
STZ-B.US,D,20200219,000000,196.91,201.97,196.91,201.97,668,0
STZ-B.US,D,20200226,000000,189.95,191.9,189.95,191.9,2117,0
STZ-B.US,D,20200227,000000,182.34,182.34,177.13,177.13,811,0
STZ-B.US,D,20200228,000000,164.96,166.29,163.56,163.9,1485,0
STZ-B.US,D,20200302,000000,166.72,166.72,166.72,166.72,498,0
STZ-B.US,D,20200303,000000,177.38,177.38,172.7,173.14,1323,0
STZ-B.US,D,20200304,000000,180.83,180.83,180.83,180.83,196,0
STZ-B.US,D,20200306,000000,171.81,171.81,171.81,171.81,231,0
STZ-B.US,D,20200312,000000,139.16,139.16,126.9,129.04,2381,0
STZ-B.US,D,20200313,000000,134.47,134.47,134.47,134.47,1273,0
STZ-B.US,D,20200316,000000,112.25,121.99,112.25,121.99,1151,0
STZ-B.US,D,20200317,000000,120.17,120.58,110.41,120.58,979,0
STZ-B.US,D,20200318,000000,117.24,120.94,107.37,119.45,2006,0
STZ-B.US,D,20200319,000000,116.63,116.63,116.63,116.63,266,0
STZ-B.US,D,20200320,000000,123.92,123.92,123.92,123.92,685,0
STZ-B.US,D,20200323,000000,124.61,124.61,104.94,106.64,1155,0
STZ-B.US,D,20200324,000000,117.13,117.13,117.13,117.13,455,0
STZ-B.US,D,20200325,000000,126.91,126.91,126.91,126.91,344,0
STZ-B.US,D,20200326,000000,134.79,137.92,134.79,137.65,2492,0
STZ-B.US,D,20200327,000000,137.36,145.33,137.34,141.54,1392,0
STZ-B.US,D,20200330,000000,140,143.77,139.99,143.77,1228,0
STZ-B.US,D,20200331,000000,145.86,145.86,145.15,145.15,802,0
STZ-B.US,D,20200401,000000,134.98,134.98,133.49,134.92,742,0
STZ-B.US,D,20200402,000000,117.13,125.9,116.16,125.9,1490,0
STZ-B.US,D,20200406,000000,136.65,140.42,136.65,140.42,604,0
STZ-B.US,D,20200407,000000,150.33,153.22,147.85,153.22,2314,0
STZ-B.US,D,20200408,000000,159.26,159.26,159.26,159.26,1168,0
STZ-B.US,D,20200409,000000,163.35,163.35,163.35,163.35,582,0
STZ-B.US,D,20200414,000000,164.47,166.48,164.47,165.66,1457,0
STZ-B.US,D,20200415,000000,157.41,157.41,157.41,157.41,466,0
STZ-B.US,D,20200416,000000,158.12,158.12,158.12,158.12,610,0
STZ-B.US,D,20200417,000000,163.34,163.34,163.34,163.34,643,0
STZ-B.US,D,20200420,000000,153.4,153.4,153.4,153.4,457,0
STZ-B.US,D,20200421,000000,150.57,150.57,148.19,149.13,1518,0
STZ-B.US,D,20200422,000000,150.52,151.11,150.51,150.96,806,0
STZ-B.US,D,20200424,000000,151.66,152.93,151.66,152.93,415,0
STZ-B.US,D,20200501,000000,158.36,159.23,158.36,159.22,427,0
STZ-B.US,D,20200518,000000,154.41,154.41,154.41,154.41,261,0
STZ-B.US,D,20200522,000000,167.99,167.99,167.99,167.99,417,0
STZ-B.US,D,20200526,000000,167.9,173.54,167.9,173.54,693,0
STZ-B.US,D,20200601,000000,172.25,172.25,171.35,171.35,285,0
STZ-B.US,D,20200602,000000,169.3,169.3,169.3,169.3,221,0
STZ-B.US,D,20200604,000000,171.23,171.23,170.56,170.56,1113,0
STZ-B.US,D,20200605,000000,176.73,177.28,176.71,177.28,1401,0
STZ-B.US,D,20200609,000000,179.03,179.03,178.56,178.58,356,0
STZ-B.US,D,20200611,000000,171,171.78,169.98,169.98,1646,0
STZ-B.US,D,20200615,000000,162.42,170.63,162.42,170.63,2376,0
STZ-B.US,D,20200616,000000,174.37,174.96,170.54,173.24,2857,0
STZ-B.US,D,20200618,000000,178.38,178.38,178.23,178.23,413,0
STZ-B.US,D,20200619,000000,184.55,184.84,178.35,179.14,2628,0
STZ-B.US,D,20200624,000000,170.7,171.06,168.82,169.03,565,0
STZ-B.US,D,20200625,000000,167.78,167.78,167.78,167.78,391,0
STZ-B.US,D,20200626,000000,165.36,165.36,165.36,165.36,398,0
STZ-B.US,D,20200701,000000,183.73,183.73,181.68,181.68,530,0
STZ-B.US,D,20200706,000000,185.52,185.53,185.52,185.53,1255,0
STZ-B.US,D,20200708,000000,179.94,179.94,179.94,179.94,107,0
STZ-B.US,D,20200714,000000,177.45,177.45,175.87,175.87,460,0
STZ-B.US,D,20200717,000000,177.46,177.46,177.46,177.46,293,0
STZ-B.US,D,20200721,000000,178.31,178.31,178.31,178.31,186,0
STZ-B.US,D,20200722,000000,176.15,176.87,176.15,176.87,226,0
STZ-B.US,D,20200723,000000,177.73,177.73,176.68,177.21,413,0
STZ-B.US,D,20200727,000000,174.57,175.53,174.57,175.53,408,0
STZ-B.US,D,20200728,000000,178.18,178.18,178.18,178.18,215,0
STZ-B.US,D,20200729,000000,177.52,178.32,176.9,177.51,1644,0
STZ-B.US,D,20200730,000000,176.01,177.64,175.32,177.64,1041,0
STZ-B.US,D,20200804,000000,168.67,168.67,168.67,168.67,250,0
STZ-B.US,D,20200805,000000,168.97,168.97,168.92,168.92,328,0
STZ-B.US,D,20200806,000000,167.34,168.97,167.34,168.01,725,0
STZ-B.US,D,20200807,000000,168.19,169.27,168.19,169.27,524,0
STZ-B.US,D,20200810,000000,169.97,169.97,168.69,168.75,549,0
STZ-B.US,D,20200811,000000,170.16,170.16,169.59,169.59,324,0
STZ-B.US,D,20200812,000000,171.92,173.72,171.92,173.01,810,0
STZ-B.US,D,20200817,000000,170.5,170.5,169.77,169.77,827,0
STZ-B.US,D,20200818,000000,171.34,172.73,171.34,172.73,468,0
STZ-B.US,D,20200819,000000,176.81,176.81,176.81,176.81,303,0
STZ-B.US,D,20200820,000000,176.03,176.03,176.03,176.03,106,0
STZ-B.US,D,20200824,000000,176.86,176.86,176.86,176.86,272,0
STZ-B.US,D,20200826,000000,177.21,177.99,175.41,177.99,5445,0
STZ-B.US,D,20200827,000000,179.48,179.48,179.48,179.48,161,0
STZ-B.US,D,20200901,000000,180.03,180.03,180.03,180.03,289,0
STZ-B.US,D,20200903,000000,185.95,185.95,184.88,184.88,730,0
STZ-B.US,D,20200909,000000,186.97,186.97,186.97,186.97,244,0
STZ-B.US,D,20200914,000000,188.21,192.93,188.21,192.93,800,0
STZ-B.US,D,20200916,000000,191.51,191.51,191.51,191.51,255,0
STZ-B.US,D,20200918,000000,183.26,183.26,183.26,183.26,292,0
STZ-B.US,D,20200929,000000,185.5,185.5,185.5,185.5,221,0
STZ-B.US,D,20201001,000000,183.82,183.82,183.82,183.82,182,0
STZ-B.US,D,20201021,000000,183.82,183.82,183.82,183.82,6,0
STZ-B.US,D,20201022,000000,175.77,175.77,175.77,175.77,201,0
STZ-B.US,D,20201028,000000,167.29,167.29,167.29,167.29,193,0
STZ-B.US,D,20201102,000000,166.42,166.42,166.42,166.42,243,0
STZ-B.US,D,20201104,000000,182.02,182.02,182.02,182.02,120,0
STZ-B.US,D,20201105,000000,181.55,181.77,181.55,181.64,746,0
STZ-B.US,D,20201106,000000,183.5,183.5,183.5,183.5,260,0
STZ-B.US,D,20201109,000000,196.2,198.2,196.2,198.2,900,0
STZ-B.US,D,20201111,000000,197.31,197.31,197.31,197.31,109,0
STZ-B.US,D,20201113,000000,196.74,196.74,196.59,196.74,1251,0
STZ-B.US,D,20201124,000000,202.32,204.59,202.32,204.59,300,0
STZ-B.US,D,20201125,000000,202.48,202.48,202.48,202.48,124,0
STZ-B.US,D,20201127,000000,201.66,201.66,201.66,201.66,130,0
STZ-B.US,D,20201204,000000,205.57,205.57,205.57,205.57,258,0
STZ-B.US,D,20201209,000000,207.96,208.14,206.43,206.43,1005,0
STZ-B.US,D,20201211,000000,203.06,203.06,202.34,202.34,491,0
STZ-B.US,D,20201216,000000,211.57,211.57,211.57,211.57,195,0
STZ-B.US,D,20201222,000000,211.12,211.12,211.12,211.12,152,0
STZ-B.US,D,20201228,000000,216.45,216.45,216.45,216.45,132,0
STZ-B.US,D,20201230,000000,213,218.5,213,218.5,286,0
STZ-B.US,D,20201231,000000,215.91,216.63,215.91,216.63,236,0
STZ-B.US,D,20210106,000000,219.12,219.12,219.12,219.12,286,0
STZ-B.US,D,20210107,000000,227.18,236.95,227.18,233.53,1545,0
STZ-B.US,D,20210108,000000,224.97,226.17,224.97,226.17,382,0
STZ-B.US,D,20210111,000000,218.27,218.27,218.27,218.27,239,0
STZ-B.US,D,20210112,000000,226.68,226.68,213.34,213.34,467,0
STZ-B.US,D,20210128,000000,210.46,210.46,210.46,210.46,232,0
STZ-B.US,D,20210129,000000,209.5,209.5,209.5,209.5,122,0
STZ-B.US,D,20210201,000000,210.95,210.95,210.82,210.82,228,0
STZ-B.US,D,20210208,000000,222.93,222.93,222.74,222.74,447,0
STZ-B.US,D,20210209,000000,231.9,232.36,231.9,232.36,759,0
STZ-B.US,D,20210210,000000,237.79,237.79,235.82,235.82,576,0
STZ-B.US,D,20210211,000000,238.4,238.4,238.4,238.4,269,0
STZ-B.US,D,20210212,000000,238.69,238.69,238.36,238.36,327,0
STZ-B.US,D,20210217,000000,227.93,227.93,227.93,227.93,340,0
STZ-B.US,D,20210223,000000,222.03,222.03,207.94,220.22,2204,0
STZ-B.US,D,20210301,000000,218.15,218.15,218.15,218.15,177,0
STZ-B.US,D,20210304,000000,213.82,213.82,207.93,208.98,503,0
STZ-B.US,D,20210316,000000,228.17,228.54,228.17,228.54,505,0
STZ-B.US,D,20210317,000000,230.83,230.83,230.83,230.83,131,0
STZ-B.US,D,20210318,000000,231.96,252.67,231.96,242.76,2940,0
STZ-B.US,D,20210325,000000,225.73,225.73,225.73,225.73,257,0
STZ-B.US,D,20210331,000000,228.57,228.57,227.44,227.44,248,0
STZ-B.US,D,20210407,000000,233.87,233.87,233.84,233.84,315,0
STZ-B.US,D,20210408,000000,220.85,222.66,220.85,222.66,630,0
STZ-B.US,D,20210409,000000,219.31,220.62,219.31,220.62,333,0
STZ-B.US,D,20210419,000000,235.91,235.91,235.55,235.82,578,0
STZ-B.US,D,20210510,000000,239.73,239.73,239.73,239.73,211,0
STZ-B.US,D,20210519,000000,229.79,229.79,229.79,229.79,262,0
STZ-B.US,D,20210520,000000,232.75,233.04,232.75,233.04,392,0
STZ-B.US,D,20210521,000000,236.17,236.17,236.17,236.17,124,0
STZ-B.US,D,20210608,000000,236.59,236.59,236.59,236.59,242,0
STZ-B.US,D,20210617,000000,230.55,230.55,226.57,226.57,245,0
STZ-B.US,D,20210621,000000,222.56,222.56,222.31,222.31,359,0
STZ-B.US,D,20210624,000000,224.49,225.51,224.49,225.51,321,0
STZ-B.US,D,20210630,000000,233.73,233.73,233.73,233.73,281,0
STZ-B.US,D,20210706,000000,227.82,227.82,227.82,227.82,171,0
STZ-B.US,D,20210707,000000,225.18,225.18,225.18,225.18,145,0
STZ-B.US,D,20210719,000000,223.38,223.38,219.64,219.82,429,0
STZ-B.US,D,20210723,000000,222.87,222.87,222.87,222.87,109,0
STZ-B.US,D,20210728,000000,225.27,225.27,225.27,225.27,155,0
STZ-B.US,D,20210806,000000,216.63,216.63,216.63,216.63,141,0
STZ-B.US,D,20210809,000000,217.3,217.3,217.3,217.3,239,0
STZ-B.US,D,20210811,000000,216.6,216.6,216.6,216.6,214,0
STZ-B.US,D,20210824,000000,216.85,216.93,216.85,216.93,312,0
STZ-B.US,D,20210908,000000,215.23,216.19,215.23,216.19,239,0
STZ-B.US,D,20210914,000000,215.16,215.16,215.16,215.16,440,0
STZ-B.US,D,20210921,000000,209.24,209.24,209.24,209.24,128,0
STZ-B.US,D,20210924,000000,209.79,209.79,209.79,209.79,322,0
STZ-B.US,D,20210927,000000,213.5,213.5,211.48,211.48,594,0
STZ-B.US,D,20211004,000000,212.11,212.11,212.11,212.11,492,0
STZ-B.US,D,20211005,000000,212.24,212.24,212.24,212.24,295,0
STZ-B.US,D,20211007,000000,217.17,217.17,217.17,217.17,226,0
STZ-B.US,D,20211008,000000,219.31,219.31,219.31,219.31,374,0
STZ-B.US,D,20211019,000000,214.33,214.33,214.33,214.33,240,0
STZ-B.US,D,20211020,000000,216.35,216.35,216.35,216.35,1030,0
STZ-B.US,D,20211103,000000,219.61,219.61,219.61,219.61,145,0
STZ-B.US,D,20211109,000000,220.1,220.1,219.88,219.88,510,0
STZ-B.US,D,20211111,000000,223.05,224.22,223.05,224.22,373,0
STZ-B.US,D,20211112,000000,225,226.15,225,226.15,1110,0
STZ-B.US,D,20211118,000000,231.03,231.03,231.03,231.03,163,0
STZ-B.US,D,20211119,000000,237.31,237.31,237.31,237.31,144,0
STZ-B.US,D,20211129,000000,225.6,225.6,225.6,225.6,189,0
STZ-B.US,D,20211202,000000,229.77,229.77,223.91,225.81,973,0
STZ-B.US,D,20211206,000000,223.97,223.97,223.97,223.97,285,0
STZ-B.US,D,20211213,000000,237.1871,237.1871,237.1871,237.1871,152,0
STZ-B.US,D,20211214,000000,237.3,237.53,237.3,237.53,236,0
STZ-B.US,D,20211217,000000,239.73,241.19,239.73,241.19,303,0
STZ-B.US,D,20211220,000000,239,239.75,239,239,351,0
STZ-B.US,D,20211227,000000,241.09,241.09,241.09,241.09,174,0
STZ-B.US,D,20211229,000000,250,250,250,250,329,0
STZ-B.US,D,20220103,000000,250.47,252.65,250.47,252.65,1415,0
STZ-B.US,D,20220104,000000,253.92,254.75,253.92,254.75,422,0
STZ-B.US,D,20220105,000000,256.57,257,254.73,254.73,766,0
STZ-B.US,D,20220106,000000,248.33,248.33,248.33,248.33,301,0
STZ-B.US,D,20220110,000000,243.72,245.82,243.72,245.82,229,0
STZ-B.US,D,20220112,000000,249.88,249.88,249.88,249.88,166,0
STZ-B.US,D,20220118,000000,246.6299,246.6299,246.6299,246.6299,322,0
