<TICKER>,<PER>,<DATE>,<TIME>,<OPEN>,<HIGH>,<LOW>,<CLOSE>,<VOL>,<OPENINT>
TBUX.US,D,20211001,000000,49.995,49.995,49.995,49.995,156,0
TBUX.US,D,20211004,000000,49.995,50.01,49.995,50.0012,2571,0
TBUX.US,D,20211005,000000,50.005,50.005,50.005,50.005,1,0
TBUX.US,D,20211006,000000,50.02,50.02,50.005,50.005,3669,0
TBUX.US,D,20211007,000000,50.005,50.05,50.005,50.005,8264,0
TBUX.US,D,20211008,000000,50.006,50.01,50,50,2276,0
TBUX.US,D,20211011,000000,49.9725,49.9725,49.9725,49.9725,18,0
TBUX.US,D,20211012,000000,49.97,49.979,49.97,49.97,1039,0
TBUX.US,D,20211013,000000,49.99,49.99,49.99,49.99,28,0
TBUX.US,D,20211014,000000,49.99,50.02,49.99,50,1794,0
TBUX.US,D,20211015,000000,49.989,49.99,49.97,49.97,3998,0
TBUX.US,D,20211018,000000,49.97,49.97,49.9691,49.97,1363,0
TBUX.US,D,20211019,000000,50.01,50.02,50.005,50.005,1821,0
TBUX.US,D,20211020,000000,50.01,50.01,50.005,50.005,2089,0
TBUX.US,D,20211021,000000,50,50,49.97,49.9785,6571,0
TBUX.US,D,20211022,000000,49.999,50,49.99,49.99,1632,0
TBUX.US,D,20211025,000000,49.965,49.965,49.961,49.965,616,0
TBUX.US,D,20211026,000000,49.94,49.94,49.94,49.94,574,0
TBUX.US,D,20211027,000000,49.951,49.96,49.95,49.96,512,0
TBUX.US,D,20211028,000000,49.95,49.95,49.95,49.95,105,0
TBUX.US,D,20211029,000000,49.93,49.9478,49.93,49.9478,107,0
TBUX.US,D,20211101,000000,49.939,49.9415,49.935,49.935,3149,0
TBUX.US,D,20211102,000000,49.99,49.99,49.965,49.975,11895,0
TBUX.US,D,20211103,000000,49.95,49.95,49.92,49.95,4530,0
TBUX.US,D,20211104,000000,49.99,49.99,49.99,49.99,10,0
TBUX.US,D,20211105,000000,49.955,49.99,49.955,49.975,2672,0
TBUX.US,D,20211108,000000,49.94,49.94,49.94,49.94,50,0
TBUX.US,D,20211109,000000,49.9765,49.98,49.9765,49.98,668,0
TBUX.US,D,20211110,000000,49.885,49.885,49.885,49.885,124,0
TBUX.US,D,20211111,000000,49.911,49.92,49.91,49.91,1187,0
TBUX.US,D,20211112,000000,49.93,49.94,49.93,49.94,407,0
TBUX.US,D,20211115,000000,49.92,49.92,49.92,49.92,52,0
TBUX.US,D,20211116,000000,49.95,49.95,49.925,49.925,1389,0
TBUX.US,D,20211117,000000,49.96,49.97,49.955,49.955,388,0
TBUX.US,D,20211118,000000,49.931,49.945,49.931,49.945,150,0
TBUX.US,D,20211119,000000,49.94,49.94,49.94,49.94,3,0
TBUX.US,D,20211122,000000,49.93,49.93,49.91,49.91,1561,0
TBUX.US,D,20211123,000000,49.91,49.92,49.86,49.89,2918,0
TBUX.US,D,20211124,000000,49.872,49.872,49.87,49.87,120,0
TBUX.US,D,20211126,000000,49.89,49.89,49.89,49.89,7,0
TBUX.US,D,20211129,000000,49.92,49.92,49.88,49.88,311,0
TBUX.US,D,20211130,000000,49.95,49.95,49.85,49.8744,332,0
TBUX.US,D,20211201,000000,49.87,49.88,49.86,49.86,447,0
TBUX.US,D,20211202,000000,49.84,49.84,49.84,49.84,1,0
TBUX.US,D,20211203,000000,49.86,49.86,49.855,49.855,121,0
TBUX.US,D,20211206,000000,49.86,49.86,49.84,49.84,213,0
TBUX.US,D,20211207,000000,49.869,49.87,49.85,49.85,640,0
TBUX.US,D,20211208,000000,49.841,49.855,49.84,49.855,515,0
TBUX.US,D,20211209,000000,49.821,49.825,49.82,49.825,1224,0
TBUX.US,D,20211210,000000,49.845,49.846,49.845,49.846,191,0
TBUX.US,D,20211213,000000,49.85,49.85,49.85,49.85,86,0
TBUX.US,D,20211214,000000,49.83,49.845,49.83,49.845,265,0
TBUX.US,D,20211215,000000,49.85,49.85,49.85,49.85,98,0
TBUX.US,D,20211216,000000,49.87,49.88,49.85,49.85,1006,0
TBUX.US,D,20211217,000000,49.8566,49.862,49.8566,49.86,4373,0
TBUX.US,D,20211220,000000,49.86,49.86,49.86,49.86,115,0
TBUX.US,D,20211221,000000,49.86,49.86,49.8,49.8461,5087,0
TBUX.US,D,20211222,000000,49.86,49.86,49.85,49.855,840,0
TBUX.US,D,20211223,000000,49.8568,49.86,49.85,49.85,1375,0
TBUX.US,D,20211227,000000,49.779,49.78,49.7617,49.77,961,0
TBUX.US,D,20211228,000000,49.77,49.78,49.755,49.755,4110,0
TBUX.US,D,20211229,000000,49.75,49.75,49.75,49.75,22,0
TBUX.US,D,20211230,000000,49.78,49.79,49.77,49.77,40047,0
TBUX.US,D,20211231,000000,49.77,49.77,49.77,49.77,94,0
TBUX.US,D,20220103,000000,49.7799,49.7799,49.75,49.75,445,0
TBUX.US,D,20220104,000000,49.8,49.81,49.785,49.7949,1924,0
TBUX.US,D,20220105,000000,49.78,49.789,49.77,49.77,1582,0
TBUX.US,D,20220106,000000,49.79,49.8,49.745,49.745,4029,0
TBUX.US,D,20220107,000000,49.745,49.799,49.745,49.785,1650,0
TBUX.US,D,20220110,000000,49.77,49.79,49.77,49.78,2852,0
TBUX.US,D,20220111,000000,49.775,49.799,49.77,49.77,2707,0
TBUX.US,D,20220112,000000,49.799,49.8,49.785,49.785,4542,0
TBUX.US,D,20220113,000000,49.7701,49.79,49.77,49.785,1330,0
TBUX.US,D,20220114,000000,49.775,49.775,49.745,49.745,550,0
TBUX.US,D,20220118,000000,49.769,49.78,49.73,49.75,7307,0
TBUX.US,D,20220119,000000,49.77,49.78,49.755,49.78,6731,0
TBUX.US,D,20220120,000000,49.755,49.77,49.755,49.755,1428,0
TBUX.US,D,20220121,000000,49.78,49.78,49.745,49.745,77786,0
