<TICKER>,<PER>,<DATE>,<TIME>,<OPEN>,<HIGH>,<LOW>,<CLOSE>,<VOL>,<OPENINT>
TDS_V.US,D,20210820,000000,25.33,25.35,25.25,25.28,699061,0
TDS_V.US,D,20210823,000000,25.3,25.45,25.28,25.43,471417,0
TDS_V.US,D,20210824,000000,25.43,25.53,25.3927,25.52,611590,0
TDS_V.US,D,20210825,000000,25.51,25.58,25.43,25.53,825972,0
TDS_V.US,D,20210826,000000,25.54,25.544,25.44,25.49,1005100,0
TDS_V.US,D,20210827,000000,25.49,25.56,25.45,25.52,948693,0
TDS_V.US,D,20210830,000000,25.56,25.56,25.48,25.48,1183915,0
TDS_V.US,D,20210831,000000,25.47,25.57,25.37,25.48,3107347,0
TDS_V.US,D,20210901,000000,25.56,25.58,25.3901,25.45,899053,0
TDS_V.US,D,20210902,000000,25.5,25.54,25.44,25.5,293580,0
TDS_V.US,D,20210903,000000,25.5,25.65,25.45,25.63,107803,0
TDS_V.US,D,20210907,000000,25.6,25.65,25.5,25.61,173785,0
TDS_V.US,D,20210908,000000,25.62,25.72,25.55,25.61,143690,0
TDS_V.US,D,20210909,000000,25.67,25.69,25.6,25.69,114354,0
TDS_V.US,D,20210910,000000,25.7,25.79,25.67,25.75,144087,0
TDS_V.US,D,20210913,000000,25.74,25.75,25.62,25.62,128247,0
TDS_V.US,D,20210914,000000,25.5,25.65,25.5,25.56,168894,0
TDS_V.US,D,20210915,000000,25.64,25.65,25.52,25.59,213382,0
TDS_V.US,D,20210916,000000,25.57,25.74,25.55,25.71,125551,0
TDS_V.US,D,20210917,000000,25.74,25.74,25.65,25.68,109904,0
TDS_V.US,D,20210920,000000,25.55,25.68,25.51,25.55,154969,0
TDS_V.US,D,20210921,000000,25.59,25.67,25.52,25.65,107469,0
TDS_V.US,D,20210922,000000,25.6,25.9391,25.6,25.79,167077,0
TDS_V.US,D,20210923,000000,25.86,25.9,25.43,25.7,215121,0
TDS_V.US,D,20210924,000000,25.65,25.74,25.4778,25.55,165561,0
TDS_V.US,D,20210927,000000,25.5,25.58,25.45,25.48,212472,0
TDS_V.US,D,20210928,000000,25.42,25.49,25.15,25.18,191415,0
TDS_V.US,D,20210929,000000,25.27,25.62,25.25,25.32,141895,0
TDS_V.US,D,20210930,000000,25.38,25.43,25.25,25.25,211691,0
TDS_V.US,D,20211001,000000,25.33,25.5,25.25,25.37,125034,0
TDS_V.US,D,20211004,000000,25.43,25.49,25.3,25.41,150881,0
TDS_V.US,D,20211005,000000,25.45,25.64,25.41,25.45,83251,0
TDS_V.US,D,20211006,000000,25.54,25.57,25.37,25.57,187259,0
TDS_V.US,D,20211007,000000,25.57,25.63,25.47,25.6,181624,0
TDS_V.US,D,20211008,000000,25.6,25.71,25.51,25.7,166455,0
TDS_V.US,D,20211011,000000,25.7,25.7,25.47,25.55,228137,0
TDS_V.US,D,20211012,000000,25.5773,25.73,25.5773,25.73,93538,0
TDS_V.US,D,20211013,000000,25.65,25.9,25.64,25.9,155200,0
TDS_V.US,D,20211014,000000,25.93,26.3,25.83,25.99,246154,0
TDS_V.US,D,20211015,000000,26.08,26.15,25.9,25.98,422597,0
TDS_V.US,D,20211018,000000,25.77,26.09,25.77,26.08,78667,0
TDS_V.US,D,20211019,000000,26.04,26.13,25.91,26.01,110958,0
TDS_V.US,D,20211020,000000,25.9947,26.13,25.975,26.02,72895,0
TDS_V.US,D,20211021,000000,26.11,26.11,25.88,26.03,87906,0
TDS_V.US,D,20211022,000000,26,26.035,25.88,25.9021,72044,0
TDS_V.US,D,20211025,000000,25.9,26.1,25.9,26.07,46425,0
TDS_V.US,D,20211026,000000,26.06,26.15,26.0369,26.11,120289,0
TDS_V.US,D,20211027,000000,26.15,26.1904,26.04,26.04,81950,0
TDS_V.US,D,20211028,000000,26.125,26.18,26.07,26.07,59458,0
TDS_V.US,D,20211029,000000,26.02,26.41,26.01,26.22,118683,0
TDS_V.US,D,20211101,000000,26.2,26.21,26.16,26.2,49146,0
TDS_V.US,D,20211102,000000,26.11,26.33,26.11,26.24,70104,0
TDS_V.US,D,20211103,000000,26.34,26.37,26.221,26.3,28194,0
TDS_V.US,D,20211104,000000,26.2906,26.4299,26.29,26.38,33306,0
TDS_V.US,D,20211105,000000,26.35,26.55,26.35,26.55,33028,0
TDS_V.US,D,20211108,000000,26.48,26.5505,26.35,26.35,40294,0
TDS_V.US,D,20211109,000000,26.35,26.3689,26.11,26.13,62460,0
TDS_V.US,D,20211110,000000,26.13,26.15,25.95,26.03,85570,0
TDS_V.US,D,20211111,000000,26.13,26.13,25.816,26,44528,0
TDS_V.US,D,20211112,000000,26,26.05,25.7,25.7,47834,0
TDS_V.US,D,20211115,000000,25.7,25.82,25.44,25.44,68188,0
TDS_V.US,D,20211116,000000,25.47,25.66,25.45,25.56,61823,0
TDS_V.US,D,20211117,000000,25.5,25.71,25.5,25.65,27238,0
TDS_V.US,D,20211118,000000,25.59,25.77,25.59,25.75,35122,0
TDS_V.US,D,20211119,000000,25.77,25.96,25.7,25.93,24900,0
TDS_V.US,D,20211122,000000,25.96,26.07,25.78,25.88,87277,0
TDS_V.US,D,20211123,000000,25.85,26.06,25.7,25.96,128844,0
TDS_V.US,D,20211124,000000,25.91,26.3,25.89,26.27,117266,0
TDS_V.US,D,20211126,000000,26.14,26.19,26.03,26.13,51455,0
TDS_V.US,D,20211129,000000,26.19,26.3,26.06,26.09,46331,0
TDS_V.US,D,20211130,000000,26.15,26.15,25.83,25.97,58523,0
TDS_V.US,D,20211201,000000,26.09,26.14,25.82,25.96,33010,0
TDS_V.US,D,20211202,000000,25.95,26.12,25.8715,26.09,39825,0
TDS_V.US,D,20211203,000000,25.96,26.1,25.89,25.96,20787,0
TDS_V.US,D,20211206,000000,25.9716,26.1,25.92,26.1,21650,0
TDS_V.US,D,20211207,000000,26.15,26.2,25.96,26.06,63197,0
TDS_V.US,D,20211208,000000,26.06,26.19,26.03,26.16,44677,0
TDS_V.US,D,20211209,000000,26.03,26.25,26.03,26.18,30195,0
TDS_V.US,D,20211210,000000,26.25,26.25,26.02,26.15,30773,0
TDS_V.US,D,20211213,000000,26.11,26.25,26.06,26.21,35699,0
TDS_V.US,D,20211214,000000,25.83,25.92,25.58,25.6,33164,0
TDS_V.US,D,20211215,000000,25.6,25.705,25.47,25.6011,274382,0
TDS_V.US,D,20211216,000000,25.6343,26.05,25.6343,25.92,34860,0
TDS_V.US,D,20211217,000000,25.85,26,25.75,25.88,39710,0
TDS_V.US,D,20211220,000000,25.65,25.9,25.65,25.85,40279,0
TDS_V.US,D,20211221,000000,25.91,25.99,25.8903,25.93,15376,0
TDS_V.US,D,20211222,000000,25.975,26.21,25.975,26.15,22599,0
TDS_V.US,D,20211223,000000,26.15,26.15,25.96,26.06,29563,0
TDS_V.US,D,20211227,000000,26.01,26.0597,25.81,25.97,56366,0
TDS_V.US,D,20211228,000000,25.92,25.98,25.9,25.9751,16449,0
TDS_V.US,D,20211229,000000,25.98,26.28,25.98,26.24,146272,0
TDS_V.US,D,20211230,000000,26.25,26.4,26.12,26.3,152334,0
TDS_V.US,D,20211231,000000,26.37,26.6,26.26,26.6,310404,0
TDS_V.US,D,20220103,000000,26.55,26.55,26.4,26.45,34460,0
TDS_V.US,D,20220104,000000,26.4,26.4,26.1083,26.22,44075,0
TDS_V.US,D,20220105,000000,26.22,26.34,25.84,25.86,32117,0
TDS_V.US,D,20220106,000000,25.53,25.98,25.53,25.95,41194,0
TDS_V.US,D,20220107,000000,25.88,26.06,25.65,25.68,69748,0
TDS_V.US,D,20220110,000000,25.68,25.8382,25.56,25.61,54099,0
TDS_V.US,D,20220111,000000,25.64,25.89,25.64,25.79,44777,0
TDS_V.US,D,20220112,000000,25.75,25.8,25.65,25.75,59352,0
TDS_V.US,D,20220113,000000,25.82,26.01,25.77,25.89,31201,0
TDS_V.US,D,20220114,000000,25.86,26.09,25.735,25.89,25629,0
TDS_V.US,D,20220118,000000,25.76,25.8511,25.76,25.78,32763,0
TDS_V.US,D,20220119,000000,25.81,25.9284,25.75,25.78,27792,0
TDS_V.US,D,20220120,000000,25.85,26,25.85,25.87,63461,0
TDS_V.US,D,20220121,000000,25.85,25.91,25.71,25.72,28217,0
