<TICKER>,<PER>,<DATE>,<TIME>,<OPEN>,<HIGH>,<LOW>,<CLOSE>,<VOL>,<OPENINT>
TPTA.US,D,20210616,000000,24.97,24.97,24.65,24.72,105200,0
TPTA.US,D,20210617,000000,24.7,24.88,24.7,24.8,42277,0
TPTA.US,D,20210618,000000,24.78,24.78,24.7,24.7,21117,0
TPTA.US,D,20210621,000000,24.61,25,24.61,24.91,25789,0
TPTA.US,D,20210622,000000,24.96,24.96,24.82,24.82,11298,0
TPTA.US,D,20210623,000000,24.97,24.97,24.83,24.93,10293,0
TPTA.US,D,20210624,000000,24.97,25,24.91,24.92,24170,0
TPTA.US,D,20210625,000000,24.9399,24.9399,24.87,24.87,3854,0
TPTA.US,D,20210628,000000,24.88,24.95,24.87,24.92,4017,0
TPTA.US,D,20210629,000000,24.93,24.9399,24.72,24.8171,4379,0
TPTA.US,D,20210630,000000,24.93,24.93,24.45,24.8148,7644,0
TPTA.US,D,20210701,000000,24.9499,24.95,24.74,24.95,3908,0
TPTA.US,D,20210702,000000,24.95,24.95,24.9,24.91,2600,0
TPTA.US,D,20210706,000000,24.91,24.91,24.85,24.91,4860,0
TPTA.US,D,20210707,000000,24.91,24.91,24.88,24.9,3655,0
TPTA.US,D,20210708,000000,24.9,24.9,24.87,24.89,2612,0
TPTA.US,D,20210709,000000,24.875,24.875,24.85,24.85,1188,0
TPTA.US,D,20210712,000000,24.8,24.85,24.76,24.76,7722,0
TPTA.US,D,20210713,000000,24.805,24.9016,24.805,24.86,4821,0
TPTA.US,D,20210714,000000,24.875,24.9,24.8396,24.84,2980,0
TPTA.US,D,20210715,000000,24.8,24.86,24.8,24.86,1464,0
TPTA.US,D,20210716,000000,24.9,24.9,24.82,24.82,1300,0
TPTA.US,D,20210719,000000,24.8201,24.8541,24.82,24.85,1531,0
TPTA.US,D,20210720,000000,24.85,24.8836,24.85,24.85,5263,0
TPTA.US,D,20210721,000000,24.9,25.02,24.85,25.02,6310,0
TPTA.US,D,20210722,000000,24.9,24.95,24.9,24.9179,6008,0
TPTA.US,D,20210723,000000,24.9888,24.99,24.85,24.99,13927,0
TPTA.US,D,20210726,000000,24.91,24.98,24.91,24.98,3289,0
TPTA.US,D,20210727,000000,24.99,24.99,24.981,24.99,1430,0
TPTA.US,D,20210728,000000,24.92,25,24.86,24.95,3874,0
TPTA.US,D,20210729,000000,25,25.75,24.9999,25.65,156090,0
TPTA.US,D,20210730,000000,25.5,25.5,25.3,25.3415,9670,0
TPTA.US,D,20210802,000000,24.93,25.1,24.9,24.95,19012,0
TPTA.US,D,20210803,000000,25.08,25.08,25,25,2324,0
TPTA.US,D,20210804,000000,25,25,24.9,24.9412,5813,0
TPTA.US,D,20210806,000000,24.995,24.995,24.965,24.965,316,0
TPTA.US,D,20210809,000000,24.93,24.95,24.85,24.9499,8770,0
TPTA.US,D,20210810,000000,24.92,24.9811,24.83,24.9811,13733,0
TPTA.US,D,20210811,000000,25,25,24.92,24.93,7122,0
TPTA.US,D,20210812,000000,25,25.09,24.93,25.0774,900,0
TPTA.US,D,20210813,000000,25.04,25.04,25,25,869,0
TPTA.US,D,20210816,000000,25.08,25.08,25,25,398,0
TPTA.US,D,20210817,000000,24.9999,25.0157,24.965,25,7571,0
TPTA.US,D,20210818,000000,25.01,25.03,25.01,25.03,10135,0
TPTA.US,D,20210819,000000,25.01,25.05,24.99,25.01,17371,0
TPTA.US,D,20210820,000000,25.05,25.05,25.01,25.01,1118,0
TPTA.US,D,20210823,000000,25.01,25.044,24.98,25.04,16425,0
TPTA.US,D,20210824,000000,25.04,25.04,24.98,25.0397,56332,0
TPTA.US,D,20210825,000000,25.01,25.05,25,25.05,30525,0
TPTA.US,D,20210826,000000,24.98,25.02,24.98,25.0088,1281,0
TPTA.US,D,20210827,000000,25.02,25.02,25,25,12663,0
TPTA.US,D,20210830,000000,25,25.01,24.92,25.01,44500,0
TPTA.US,D,20210831,000000,24.965,25.01,24.9,25,6945,0
TPTA.US,D,20210901,000000,25.01,25.01,24.95,25,2521,0
TPTA.US,D,20210902,000000,24.99,25.01,24.9,24.9,6900,0
TPTA.US,D,20210903,000000,24.91,25,24.91,25,202,0
TPTA.US,D,20210907,000000,24.98,25.28,24.98,25.05,48845,0
TPTA.US,D,20210908,000000,25.02,26,24.96,24.9999,58214,0
TPTA.US,D,20210909,000000,25.05,25.83,25,25.83,133294,0
TPTA.US,D,20210910,000000,25.79,25.8,25.16,25.51,131314,0
TPTA.US,D,20210913,000000,25.35,25.8,25.34,25.8,66825,0
TPTA.US,D,20210914,000000,25.34,25.8,25.1,25.75,329239,0
TPTA.US,D,20210915,000000,25.4,25.6,25.4,25.45,33374,0
TPTA.US,D,20210916,000000,25.41,25.41,25.1105,25.15,32075,0
TPTA.US,D,20210917,000000,25.14,25.145,25,25.09,4457,0
TPTA.US,D,20210920,000000,24.9,24.95,24.84,24.95,12664,0
TPTA.US,D,20210921,000000,24.95,25,24.95,25,907,0
TPTA.US,D,20210922,000000,24.96,25.04,24.95,24.9924,2587,0
TPTA.US,D,20210923,000000,25.01,25.07,24.9,24.95,39472,0
TPTA.US,D,20210924,000000,24.93,24.9791,24.8805,24.97,8525,0
TPTA.US,D,20210927,000000,24.93,25.01,24.9,24.9,6558,0
TPTA.US,D,20210928,000000,24.88,24.88,24.75,24.8,14254,0
TPTA.US,D,20210929,000000,24.98,25.04,24.9,25.01,2862,0
TPTA.US,D,20210930,000000,25.03,25.04,24.94,25.02,3106,0
TPTA.US,D,20211001,000000,25.03,25.03,25.01,25.02,810,0
TPTA.US,D,20211004,000000,25.04,25.04,24.9,24.955,5355,0
TPTA.US,D,20211005,000000,24.9721,24.9802,24.87,24.87,6360,0
TPTA.US,D,20211006,000000,24.9,24.9145,24.9,24.9145,700,0
TPTA.US,D,20211007,000000,25.0114,25.02,24.9,25.02,7510,0
TPTA.US,D,20211011,000000,24.955,25,24.92,24.9425,3187,0
TPTA.US,D,20211012,000000,25.0096,25.0096,25.0096,25.0096,400,0
TPTA.US,D,20211013,000000,25.04,25.04,25.01,25.01,226,0
TPTA.US,D,20211014,000000,25.02,25.02,24.95,25.0099,2700,0
TPTA.US,D,20211015,000000,25,25,24.9,24.996,3651,0
TPTA.US,D,20211018,000000,24.9,25,24.9,25,1699,0
TPTA.US,D,20211019,000000,24.98,25,24.88,25,22223,0
TPTA.US,D,20211020,000000,24.94,24.97,24.91,24.97,7026,0
TPTA.US,D,20211021,000000,24.92,24.93,24.92,24.92,4530,0
TPTA.US,D,20211022,000000,24.92,24.98,24.92,24.98,9771,0
TPTA.US,D,20211025,000000,24.97,24.98,24.92,24.95,1000,0
TPTA.US,D,20211026,000000,24.92,24.98,24.92,24.98,3063,0
TPTA.US,D,20211027,000000,24.98,24.98,24.87,24.947,19317,0
TPTA.US,D,20211028,000000,24.92,24.92,24.86,24.86,3225,0
TPTA.US,D,20211029,000000,24.92,24.98,24.88,24.98,2466,0
TPTA.US,D,20211101,000000,24.94,24.9968,24.92,24.9968,5036,0
TPTA.US,D,20211102,000000,25,25,24.89,24.9293,8603,0
TPTA.US,D,20211103,000000,24.97,25.0385,24.91,25.01,4340,0
TPTA.US,D,20211104,000000,24.9931,25,24.88,24.9364,7160,0
TPTA.US,D,20211105,000000,24.976,24.976,24.88,24.8811,5336,0
TPTA.US,D,20211108,000000,24.99,24.99,24.85,24.89,8906,0
TPTA.US,D,20211109,000000,24.88,24.945,24.88,24.94,1300,0
TPTA.US,D,20211110,000000,24.9379,24.9579,24.75,24.88,17232,0
TPTA.US,D,20211111,000000,24.88,24.9799,24.85,24.9799,6901,0
TPTA.US,D,20211112,000000,24.88,24.9,24.8,24.8,5954,0
TPTA.US,D,20211115,000000,24.81,24.85,24.75,24.85,8500,0
TPTA.US,D,20211116,000000,24.8,24.8,24.76,24.76,14068,0
TPTA.US,D,20211117,000000,24.76,24.82,24.1,24.28,15722,0
TPTA.US,D,20211118,000000,24.28,24.63,24.28,24.57,18883,0
TPTA.US,D,20211119,000000,24.4811,24.7643,24.47,24.47,6420,0
TPTA.US,D,20211122,000000,24.6448,24.8375,24.45,24.45,5510,0
TPTA.US,D,20211123,000000,24.5,24.62,24.4,24.4,4454,0
TPTA.US,D,20211124,000000,24.575,24.79,24.35,24.35,4358,0
TPTA.US,D,20211126,000000,24.3,24.52,24.3,24.52,400,0
TPTA.US,D,20211129,000000,24.79,24.85,24.68,24.75,23294,0
TPTA.US,D,20211130,000000,24.8,24.8,24.8,24.8,128,0
TPTA.US,D,20211201,000000,24.9328,24.9411,24.48,24.9411,2283,0
TPTA.US,D,20211202,000000,24.84,24.9,24.84,24.9,22085,0
TPTA.US,D,20211203,000000,24.95,25,24.94,25,22879,0
TPTA.US,D,20211206,000000,24.85,24.85,24.79,24.8,43761,0
TPTA.US,D,20211207,000000,24.8,24.8,24.74,24.8,32727,0
TPTA.US,D,20211208,000000,24.8,24.81,24.76,24.8,22066,0
TPTA.US,D,20211209,000000,24.75,24.8,24.7,24.75,38841,0
TPTA.US,D,20211210,000000,24.75,24.9,24.75,24.9,12175,0
TPTA.US,D,20211214,000000,24.8,24.8,24.5,24.6896,2711,0
TPTA.US,D,20211215,000000,24.75,24.75,24.57,24.58,1355,0
TPTA.US,D,20211216,000000,24.55,25.0049,24.55,25.0049,11702,0
TPTA.US,D,20211220,000000,24.9095,24.9095,24.8129,24.8129,461,0
TPTA.US,D,20211221,000000,24.925,24.925,24.9,24.9,556,0
TPTA.US,D,20211222,000000,24.9,24.9999,24.9,24.9999,1007,0
TPTA.US,D,20211223,000000,24.99,24.99,24.8,24.8,2276,0
TPTA.US,D,20211227,000000,25.0465,25.0465,25.0465,25.0465,260,0
TPTA.US,D,20211228,000000,25,25.05,25,25.05,785,0
TPTA.US,D,20211229,000000,24.94,24.98,24.76,24.855,2725,0
TPTA.US,D,20211230,000000,25.1,25.1,25.1,25.1,229,0
TPTA.US,D,20211231,000000,24.9515,25.0626,24.9515,25.025,800,0
TPTA.US,D,20220104,000000,25,25,25,25,207,0
TPTA.US,D,20220105,000000,24.95,25.045,24.94,24.94,3006,0
TPTA.US,D,20220106,000000,25.14,25.15,24.95,24.952,1600,0
TPTA.US,D,20220107,000000,25.025,25.025,24.91,24.91,1100,0
TPTA.US,D,20220110,000000,25.06,25.06,24.9,24.93,7419,0
TPTA.US,D,20220111,000000,24.92,25.0337,24.92,25,4626,0
TPTA.US,D,20220112,000000,24.89,24.975,24.89,24.975,328,0
TPTA.US,D,20220114,000000,24.99,25.2501,24.99,25.2,3782,0
TPTA.US,D,20220118,000000,25.08,25.2258,25.05,25.2258,8161,0
TPTA.US,D,20220121,000000,25.25,25.2677,25.25,25.2677,1158,0
