<TICKER>,<PER>,<DATE>,<TIME>,<OPEN>,<HIGH>,<LOW>,<CLOSE>,<VOL>,<OPENINT>
TRPL.US,D,20210721,000000,39.992,39.992,39.992,39.992,3,0
TRPL.US,D,20210722,000000,40.07,40.07,40.07,40.07,1,0
TRPL.US,D,20210723,000000,40.476,40.476,40.446,40.446,248,0
TRPL.US,D,20210727,000000,40.355,40.355,40.355,40.355,2,0
TRPL.US,D,20210729,000000,40.524,40.524,40.524,40.524,10,0
TRPL.US,D,20210730,000000,40.309,40.309,40.309,40.309,40,0
TRPL.US,D,20210802,000000,40.234,40.234,40.234,40.234,20,0
TRPL.US,D,20210803,000000,40.542,40.542,40.542,40.542,22,0
TRPL.US,D,20210804,000000,40.496,40.496,40.404,40.404,152,0
TRPL.US,D,20210805,000000,40.556,40.59,40.556,40.59,454,0
TRPL.US,D,20210806,000000,40.661,40.661,40.661,40.661,1,0
TRPL.US,D,20210809,000000,40.638,40.638,40.638,40.638,29,0
TRPL.US,D,20210810,000000,40.67,40.67,40.67,40.67,56,0
TRPL.US,D,20210811,000000,40.77,40.77,40.77,40.77,1,0
TRPL.US,D,20210812,000000,40.893,40.893,40.893,40.893,3,0
TRPL.US,D,20210813,000000,40.925,40.925,40.925,40.925,27,0
TRPL.US,D,20210816,000000,41.043,41.043,41.043,41.043,24,0
TRPL.US,D,20210817,000000,40.779,40.779,40.779,40.779,22,0
TRPL.US,D,20210818,000000,40.409,40.409,40.409,40.409,10,0
TRPL.US,D,20210819,000000,40.298,40.401,40.25,40.401,403,0
TRPL.US,D,20210820,000000,40.741,40.741,40.741,40.741,25,0
TRPL.US,D,20210823,000000,41.067,41.067,41.067,41.067,25,0
TRPL.US,D,20210824,000000,41.127,41.127,41.127,41.127,25,0
TRPL.US,D,20210825,000000,41.231,41.231,41.231,41.231,35,0
TRPL.US,D,20210826,000000,41.001,41.001,41.001,41.001,25,0
TRPL.US,D,20210827,000000,41.312,41.312,41.312,41.312,2,0
TRPL.US,D,20210830,000000,41.504,41.504,41.504,41.504,25,0
TRPL.US,D,20210831,000000,41.466,41.466,41.451,41.451,609,0
TRPL.US,D,20210901,000000,41.607,41.607,41.454,41.454,236,0
TRPL.US,D,20210902,000000,41.558,41.558,41.558,41.558,27,0
TRPL.US,D,20210903,000000,41.567,41.567,41.567,41.567,15,0
TRPL.US,D,20210907,000000,41.45,41.45,41.45,41.45,3,0
TRPL.US,D,20210908,000000,41.379,41.379,41.379,41.379,50,0
TRPL.US,D,20210909,000000,41.428,41.428,41.243,41.243,1432,0
TRPL.US,D,20210910,000000,41.19,41.2,40.949,40.949,908,0
TRPL.US,D,20210913,000000,41.005,41.005,41.005,41.005,12,0
TRPL.US,D,20210914,000000,40.848,40.848,40.802,40.802,202,0
TRPL.US,D,20210915,000000,41.147,41.147,41.147,41.147,5,0
TRPL.US,D,20210916,000000,41.012,41.101,41.012,41.084,606,0
TRPL.US,D,20210917,000000,40.722,40.722,40.722,40.722,403,0
TRPL.US,D,20210920,000000,40.07,40.07,40.07,40.07,18,0
TRPL.US,D,20210921,000000,40.086,40.086,40.086,40.086,18,0
TRPL.US,D,20210922,000000,40.397,40.397,40.363,40.363,263,0
TRPL.US,D,20210923,000000,40.842,40.842,40.842,40.842,18,0
TRPL.US,D,20210924,000000,40.91,40.91,40.91,40.91,18,0
TRPL.US,D,20210927,000000,40.797,40.797,40.797,40.797,18,0
TRPL.US,D,20210928,000000,40.057,40.057,40.057,40.057,18,0
TRPL.US,D,20210929,000000,40.076,40.076,40.076,40.076,18,0
TRPL.US,D,20210930,000000,39.7131,39.7131,39.7131,39.7131,18,0
TRPL.US,D,20211001,000000,40.0787,40.0787,40.0787,40.0787,2,0
TRPL.US,D,20211004,000000,39.5916,39.5916,39.5916,39.5916,2,0
TRPL.US,D,20211005,000000,40.18,40.18,39.9835,39.9835,3852,0
TRPL.US,D,20211006,000000,40.121,40.121,40.121,40.121,1,0
TRPL.US,D,20211007,000000,40.4166,40.4166,40.4166,40.4166,1,0
TRPL.US,D,20211008,000000,40.3868,40.3868,40.3868,40.3868,3,0
TRPL.US,D,20211011,000000,40.1345,40.1345,40.1345,40.1345,3,0
TRPL.US,D,20211012,000000,40.02,40.0248,40.02,40.0248,261,0
TRPL.US,D,20211013,000000,40.1295,40.1295,40.1295,40.1295,3,0
TRPL.US,D,20211014,000000,40.7337,40.7337,40.7337,40.7337,3,0
TRPL.US,D,20211015,000000,41.0491,41.0491,41.0491,41.0491,1,0
TRPL.US,D,20211018,000000,41.1747,41.1747,41.1747,41.1747,3,0
TRPL.US,D,20211019,000000,41.4396,41.4396,41.4396,41.4396,1,0
TRPL.US,D,20211020,000000,41.5733,41.5733,41.5733,41.5733,3,0
TRPL.US,D,20211021,000000,41.712,41.712,41.712,41.712,3,0
TRPL.US,D,20211022,000000,41.6896,41.6896,41.6896,41.6896,198,0
TRPL.US,D,20211025,000000,41.8391,41.8391,41.8391,41.8391,3,0
TRPL.US,D,20211026,000000,41.9521,41.9521,41.9521,41.9521,2,0
TRPL.US,D,20211027,000000,41.96,41.96,41.77,41.77,299,0
TRPL.US,D,20211028,000000,42.1039,42.1039,42.1039,42.1039,1,0
TRPL.US,D,20211029,000000,42.2155,42.2155,42.2155,42.2155,4,0
TRPL.US,D,20211101,000000,42.25,42.25,42.25,42.25,3,0
TRPL.US,D,20211102,000000,42.44,42.44,42.4065,42.4065,100,0
TRPL.US,D,20211103,000000,42.6891,42.6891,42.6891,42.6891,3,0
TRPL.US,D,20211104,000000,42.8332,42.8332,42.8332,42.8332,3,0
TRPL.US,D,20211105,000000,42.9981,42.9981,42.9981,42.9981,3,0
TRPL.US,D,20211108,000000,43.0437,43.0437,43.0437,43.0437,3,0
TRPL.US,D,20211109,000000,42.906,42.906,42.906,42.906,3,0
TRPL.US,D,20211110,000000,42.6243,42.6243,42.6243,42.6243,3,0
TRPL.US,D,20211111,000000,42.641,42.641,42.641,42.641,3,0
TRPL.US,D,20211112,000000,42.72,42.8782,42.72,42.8782,301,0
TRPL.US,D,20211115,000000,42.8678,42.8678,42.8678,42.8678,3,0
TRPL.US,D,20211116,000000,43.0552,43.0552,43.0552,43.0552,3,0
TRPL.US,D,20211117,000000,42.8708,42.8708,42.8708,42.8708,3,0
TRPL.US,D,20211118,000000,43.102,43.102,43.102,43.102,3,0
TRPL.US,D,20211119,000000,43.15,43.15,43.0265,43.0265,100,0
TRPL.US,D,20211122,000000,42.9412,42.9412,42.9412,42.9412,3,0
TRPL.US,D,20211123,000000,42.9618,42.9618,42.9618,42.9618,3,0
TRPL.US,D,20211124,000000,43.0669,43.0669,43.0669,43.0669,7,0
TRPL.US,D,20211126,000000,42.2133,42.2133,42.2133,42.2133,3,0
TRPL.US,D,20211129,000000,42.6247,42.6247,42.6247,42.6247,3,0
TRPL.US,D,20211130,000000,41.9469,41.9469,41.9469,41.9469,7,0
TRPL.US,D,20211201,000000,41.5425,41.5425,41.5425,41.5425,1,0
TRPL.US,D,20211202,000000,41.9434,41.9434,41.9434,41.9434,1,0
TRPL.US,D,20211203,000000,41.668,41.668,41.668,41.668,1,0
TRPL.US,D,20211206,000000,42.1233,42.1233,42.1233,42.1233,1,0
TRPL.US,D,20211207,000000,42.872,42.872,42.872,42.872,1,0
TRPL.US,D,20211208,000000,43.0595,43.0595,43.0595,43.0595,1,0
TRPL.US,D,20211209,000000,42.8073,42.8073,42.8073,42.8073,10,0
TRPL.US,D,20211210,000000,43.1269,43.1269,43.1269,43.1269,10,0
TRPL.US,D,20211213,000000,42.8114,42.8114,42.8114,42.8114,25,0
TRPL.US,D,20211214,000000,42.467,42.467,42.467,42.467,8,0
TRPL.US,D,20211215,000000,43.0896,43.0896,43.0896,43.0896,29,0
TRPL.US,D,20211216,000000,42.8131,42.8131,42.8131,42.8131,3,0
TRPL.US,D,20211217,000000,42.4069,42.4069,42.4069,42.4069,6,0
TRPL.US,D,20211220,000000,41.9,41.9532,41.8983,41.9532,274,0
TRPL.US,D,20211221,000000,42.585,42.585,42.585,42.585,99,0
TRPL.US,D,20211222,000000,42.9881,42.9881,42.9881,42.9881,3,0
TRPL.US,D,20211223,000000,43.2796,43.2796,43.2796,43.2796,3,0
TRPL.US,D,20211227,000000,43.7688,43.7688,43.7688,43.7688,1,0
TRPL.US,D,20211228,000000,43.737,43.737,43.737,43.737,4,0
TRPL.US,D,20211229,000000,43.8282,43.8282,43.8282,43.8282,3,0
TRPL.US,D,20211230,000000,43.2642,43.2642,43.2642,43.2642,10,0
TRPL.US,D,20211231,000000,43.1576,43.1576,43.1576,43.1576,6,0
TRPL.US,D,20220103,000000,43.3597,43.3597,43.3597,43.3597,3,0
TRPL.US,D,20220104,000000,43.3987,43.3987,43.3987,43.3987,4,0
TRPL.US,D,20220105,000000,42.672,42.672,42.672,42.672,3,0
TRPL.US,D,20220106,000000,42.5369,42.5369,42.5369,42.5369,2,0
TRPL.US,D,20220107,000000,42.4464,42.4464,42.4464,42.4464,1,0
TRPL.US,D,20220110,000000,41.745,42.3268,41.745,42.3268,167,0
TRPL.US,D,20220111,000000,42.6691,42.6691,42.6691,42.6691,1,0
TRPL.US,D,20220112,000000,42.8423,42.8423,42.8423,42.8423,1,0
TRPL.US,D,20220113,000000,42.272,42.272,42.272,42.272,1,0
TRPL.US,D,20220114,000000,41.9273,42.3049,41.9273,42.3049,3267,0
TRPL.US,D,20220118,000000,41.5861,41.5861,41.5861,41.5861,90,0
TRPL.US,D,20220119,000000,41.2543,41.2543,41.2543,41.2543,1,0
TRPL.US,D,20220120,000000,40.8162,40.8162,40.8162,40.8162,1,0
TRPL.US,D,20220121,000000,40.1801,40.1801,40.1801,40.1801,2,0
