<TICKER>,<PER>,<DATE>,<TIME>,<OPEN>,<HIGH>,<LOW>,<CLOSE>,<VOL>,<OPENINT>
UZF.US,D,20210527,000000,25.55,25.55,25.36,25.39,825655,0
UZF.US,D,20210528,000000,25.41,25.5,25.32,25.41,1673559,0
UZF.US,D,20210601,000000,25.4,25.44,25.27,25.35,394890,0
UZF.US,D,20210602,000000,25.39,25.41,25.17,25.26,411851,0
UZF.US,D,20210603,000000,25.23,25.24,25.11,25.13,320896,0
UZF.US,D,20210604,000000,25.2,25.3,25.18,25.28,250351,0
UZF.US,D,20210607,000000,25.31,25.33,25.21,25.24,197510,0
UZF.US,D,20210608,000000,25.28,25.3,25.25,25.29,139537,0
UZF.US,D,20210609,000000,25.33,25.38,25.28,25.29,169571,0
UZF.US,D,20210610,000000,25.29,25.36,25.26,25.31,235937,0
UZF.US,D,20210611,000000,25.34,25.36,25.31,25.32,139237,0
UZF.US,D,20210614,000000,25.34,25.42,25.3,25.38,239404,0
UZF.US,D,20210615,000000,25.42,25.42,25.22,25.24,406127,0
UZF.US,D,20210616,000000,25.28,25.31,25.18,25.266,505864,0
UZF.US,D,20210617,000000,25.29,25.44,25.28,25.39,221609,0
UZF.US,D,20210618,000000,25.39,25.49,25.38,25.4,209934,0
UZF.US,D,20210621,000000,25.44,25.49,25.38,25.39,195921,0
UZF.US,D,20210622,000000,25.41,25.51,25.4,25.5,135177,0
UZF.US,D,20210623,000000,25.53,25.73,25.52,25.7299,157448,0
UZF.US,D,20210624,000000,25.76,25.84,25.72,25.84,294868,0
UZF.US,D,20210625,000000,25.81,25.85,25.67,25.67,100151,0
UZF.US,D,20210628,000000,25.73,25.75,25.68,25.72,70887,0
UZF.US,D,20210629,000000,25.75,25.84,25.62,25.78,85996,0
UZF.US,D,20210630,000000,25.75,25.99,25.68,25.93,431327,0
UZF.US,D,20210701,000000,25.88,25.97,25.72,25.75,128285,0
UZF.US,D,20210702,000000,25.77,25.94,25.77,25.84,42714,0
UZF.US,D,20210706,000000,25.87,25.92,25.8,25.844,67274,0
UZF.US,D,20210707,000000,25.83,26,25.83,26,67048,0
UZF.US,D,20210708,000000,25.9,25.98,25.86,25.95,39783,0
UZF.US,D,20210709,000000,26,26,25.93,25.94,86320,0
UZF.US,D,20210712,000000,26,26.06,25.96,26,101285,0
UZF.US,D,20210713,000000,26.06,26.06,25.82,25.83,76598,0
UZF.US,D,20210714,000000,25.95,25.98,25.8611,25.97,65677,0
UZF.US,D,20210715,000000,26.03,26.06,25.98,26,68581,0
UZF.US,D,20210716,000000,26.07,26.07,25.87,25.89,85109,0
UZF.US,D,20210719,000000,25.89,25.95,25.761,25.92,81557,0
UZF.US,D,20210720,000000,25.99,26.09,25.94,26,121026,0
UZF.US,D,20210721,000000,25.98,26,25.71,25.9,113215,0
UZF.US,D,20210722,000000,25.93,25.95,25.82,25.86,50756,0
UZF.US,D,20210723,000000,25.87,25.9,25.84,25.9,82255,0
UZF.US,D,20210726,000000,25.92,26,25.9,26,43755,0
UZF.US,D,20210727,000000,26,26,25.8,25.95,176956,0
UZF.US,D,20210728,000000,25.98,25.99,25.91,25.94,72005,0
UZF.US,D,20210729,000000,26.03,26.1,25.95,26.05,185815,0
UZF.US,D,20210730,000000,25.99,26.06,25.97,26.02,72303,0
UZF.US,D,20210802,000000,26.09,26.1,25.97,26.02,76263,0
UZF.US,D,20210803,000000,26.08,26.145,26,26.07,116724,0
UZF.US,D,20210804,000000,26.08,26.08,25.98,26.07,71253,0
UZF.US,D,20210805,000000,26.07,26.1399,26,26.04,81068,0
UZF.US,D,20210806,000000,26.09,26.11,26.06,26.09,70246,0
UZF.US,D,20210809,000000,26.13,26.14,25.8,25.85,172086,0
UZF.US,D,20210810,000000,25.96,25.96,25.7,25.735,226366,0
UZF.US,D,20210811,000000,25.75,25.82,25.67,25.78,208605,0
UZF.US,D,20210812,000000,25.81,25.87,25.79,25.84,54254,0
UZF.US,D,20210813,000000,25.93,25.99,25.905,25.925,36694,0
UZF.US,D,20210816,000000,25.98,26.04,25.95,26.02,35242,0
UZF.US,D,20210817,000000,26,26.05,25.9084,25.98,63423,0
UZF.US,D,20210818,000000,25.99,25.99,25.94,25.9744,47198,0
UZF.US,D,20210819,000000,25.92,25.97,25.9,25.97,41495,0
UZF.US,D,20210820,000000,25.98,26.04,25.975,26.04,36407,0
UZF.US,D,20210823,000000,26.04,26.1,26,26.08,39381,0
UZF.US,D,20210824,000000,26.13,26.13,26.06,26.12,29507,0
UZF.US,D,20210825,000000,26.14,26.16,26.1,26.14,45260,0
UZF.US,D,20210826,000000,26.12,26.12,26.05,26.07,35912,0
UZF.US,D,20210827,000000,26.13,26.31,26.09,26.27,97502,0
UZF.US,D,20210830,000000,25.92,26.04,25.88,25.99,86465,0
UZF.US,D,20210831,000000,26.04,26.1,25.92,26.09,219907,0
UZF.US,D,20210901,000000,26.16,26.32,26.0901,26.32,138707,0
UZF.US,D,20210902,000000,26.32,26.7,26.26,26.6,92314,0
UZF.US,D,20210903,000000,26.52,26.55,26.412,26.55,69751,0
UZF.US,D,20210907,000000,26.48,26.54,26.3,26.455,82573,0
UZF.US,D,20210908,000000,26.47,26.49,26.27,26.36,58875,0
UZF.US,D,20210909,000000,26.36,26.6,26.31,26.57,90928,0
UZF.US,D,20210910,000000,26.53,26.66,26.5141,26.61,48169,0
UZF.US,D,20210913,000000,26.64,26.64,26.5,26.58,78479,0
UZF.US,D,20210914,000000,26.58,26.5802,26.45,26.47,45208,0
UZF.US,D,20210915,000000,26.45,26.69,26.43,26.69,85563,0
UZF.US,D,20210916,000000,26.67,27.08,26.61,26.96,97273,0
UZF.US,D,20210917,000000,26.96,27.06,26.87,26.88,85425,0
UZF.US,D,20210920,000000,26.74,26.95,26.74,26.86,22768,0
UZF.US,D,20210921,000000,26.85,27,26.81,26.95,66560,0
UZF.US,D,20210922,000000,26.95,27.03,26.9,27,146008,0
UZF.US,D,20210923,000000,27,27,26.73,26.84,81034,0
UZF.US,D,20210924,000000,26.79,26.79,26.63,26.74,61296,0
UZF.US,D,20210927,000000,26.7,26.795,26.62,26.71,59371,0
UZF.US,D,20210928,000000,26.64,26.64,26.34,26.46,91768,0
UZF.US,D,20210929,000000,26.5,26.93,26.5,26.86,136725,0
UZF.US,D,20210930,000000,26.84,26.97,26.56,26.65,818835,0
UZF.US,D,20211001,000000,26.65,26.668,26.43,26.44,34168,0
UZF.US,D,20211004,000000,26.49,26.49,26.13,26.15,70135,0
UZF.US,D,20211005,000000,26.23,26.23,26.09,26.1,35278,0
UZF.US,D,20211006,000000,26.1,26.1986,26.02,26.14,69890,0
UZF.US,D,20211007,000000,26.13,26.1587,25.86,25.99,67330,0
UZF.US,D,20211008,000000,25.99,25.99,25.85,25.96,25999,0
UZF.US,D,20211011,000000,25.98,26.08,25.96,26.02,14391,0
UZF.US,D,20211012,000000,26.11,26.27,26,26.22,30950,0
UZF.US,D,20211013,000000,26.31,26.45,26.24,26.25,45246,0
UZF.US,D,20211014,000000,26.35,26.45,26.3,26.34,35950,0
UZF.US,D,20211015,000000,26.4,26.45,26.26,26.315,40618,0
UZF.US,D,20211018,000000,26.3,26.4488,26.04,26.32,31382,0
UZF.US,D,20211019,000000,26.36,26.4,26.12,26.16,67221,0
UZF.US,D,20211020,000000,26.12,26.27,26.115,26.1275,67323,0
UZF.US,D,20211021,000000,26.24,26.31,26.2,26.26,60036,0
UZF.US,D,20211022,000000,26.35,26.39,26.15,26.2297,38172,0
UZF.US,D,20211025,000000,26.25,26.38,26.18,26.38,35645,0
UZF.US,D,20211026,000000,26.45,26.48,26.37,26.48,30835,0
UZF.US,D,20211027,000000,26.59,26.59,26.475,26.5,25494,0
UZF.US,D,20211028,000000,26.56,26.565,26.45,26.5,95996,0
UZF.US,D,20211029,000000,26.51,26.57,26.48,26.48,48311,0
UZF.US,D,20211101,000000,26.48,26.54,26.41,26.52,22978,0
UZF.US,D,20211102,000000,26.52,26.55,26.4604,26.49,42822,0
UZF.US,D,20211103,000000,26.53,26.71,26.4509,26.71,20566,0
UZF.US,D,20211104,000000,26.65,26.73,26.56,26.65,34873,0
UZF.US,D,20211105,000000,26.62,26.7099,26.55,26.66,35273,0
UZF.US,D,20211108,000000,26.65,26.6888,26.56,26.59,12216,0
UZF.US,D,20211109,000000,26.62,26.62,26.44,26.54,138867,0
UZF.US,D,20211110,000000,26.54,26.54,26.09,26.29,87739,0
UZF.US,D,20211111,000000,26.35,26.35,26.05,26.12,41316,0
UZF.US,D,20211112,000000,26.21,26.26,26.09,26.09,61080,0
UZF.US,D,20211115,000000,26.12,26.12,25.82,25.86,75792,0
UZF.US,D,20211116,000000,25.93,26.0294,25.9,25.92,127988,0
UZF.US,D,20211117,000000,25.95,26.03,25.94,25.98,77965,0
UZF.US,D,20211118,000000,26.03,26.03,25.81,25.92,71074,0
UZF.US,D,20211119,000000,25.97,26.09,25.92,26.0001,30271,0
UZF.US,D,20211122,000000,26.15,26.15,25.87,25.98,62393,0
UZF.US,D,20211123,000000,26.03,26.05,25.82,25.89,74396,0
UZF.US,D,20211124,000000,25.9,26,25.83,25.86,85483,0
UZF.US,D,20211126,000000,25.84,25.84,25.66,25.67,63403,0
UZF.US,D,20211129,000000,25.48,25.5599,25.33,25.4,67131,0
UZF.US,D,20211130,000000,25.5,25.5,25.33,25.48,84441,0
UZF.US,D,20211201,000000,25.56,25.98,25.5,25.5,49971,0
UZF.US,D,20211202,000000,25.59,25.87,25.59,25.72,18726,0
UZF.US,D,20211203,000000,25.82,25.87,25.62,25.86,25625,0
UZF.US,D,20211206,000000,25.86,25.93,25.73,25.76,47731,0
UZF.US,D,20211207,000000,25.84,25.9399,25.68,25.74,51135,0
UZF.US,D,20211208,000000,25.78,25.8,25.66,25.75,22187,0
UZF.US,D,20211209,000000,25.75,25.84,25.67,25.7226,24593,0
UZF.US,D,20211210,000000,25.84,25.84,25.72,25.74,41159,0
UZF.US,D,20211213,000000,25.78,25.84,25.72,25.75,46023,0
UZF.US,D,20211214,000000,25.76,25.85,25.74,25.85,50290,0
UZF.US,D,20211215,000000,25.87,25.95,25.81,25.935,35919,0
UZF.US,D,20211216,000000,25.95,26.09,25.91,26.09,37061,0
UZF.US,D,20211217,000000,26.07,26.11,26.0066,26.08,10270,0
UZF.US,D,20211220,000000,26.03,26.06,25.94,26,18096,0
UZF.US,D,20211221,000000,26.07,26.07,26,26.02,16291,0
UZF.US,D,20211222,000000,26.02,26.15,26.02,26.15,23353,0
UZF.US,D,20211223,000000,26.16,26.23,26.1026,26.1026,13439,0
UZF.US,D,20211227,000000,26.17,26.19,26.08,26.09,20063,0
UZF.US,D,20211228,000000,26.115,26.17,26.1,26.17,8610,0
UZF.US,D,20211229,000000,26.17,26.321,26.1491,26.3,27929,0
UZF.US,D,20211230,000000,26.29,26.3,26.21,26.29,32949,0
UZF.US,D,20211231,000000,26.3,26.37,26.22,26.22,28310,0
UZF.US,D,20220103,000000,26.21,26.21,26.06,26.09,12049,0
UZF.US,D,20220104,000000,26.15,26.15,25.94,26.05,23361,0
UZF.US,D,20220105,000000,26,26.14,25.68,25.7,29756,0
UZF.US,D,20220106,000000,25.75,26,25.66,25.97,21687,0
UZF.US,D,20220107,000000,25.96,26,25.8,26,20323,0
UZF.US,D,20220110,000000,25.94,25.94,25.7101,25.76,31157,0
UZF.US,D,20220111,000000,25.81,26,25.8,25.95,44071,0
UZF.US,D,20220112,000000,25.94,25.99,25.82,25.83,15107,0
UZF.US,D,20220113,000000,25.93,25.94,25.84,25.85,15180,0
UZF.US,D,20220114,000000,25.86,25.885,25.83,25.85,27379,0
UZF.US,D,20220118,000000,25.85,25.9077,25.71,25.77,64946,0
UZF.US,D,20220119,000000,25.81,25.9,25.8,25.83,25341,0
UZF.US,D,20220120,000000,25.88,25.94,25.8,25.81,28796,0
UZF.US,D,20220121,000000,25.83,25.8385,25.724,25.73,15529,0
