<TICKER>,<PER>,<DATE>,<TIME>,<OPEN>,<HIGH>,<LOW>,<CLOSE>,<VOL>,<OPENINT>
VZIO.US,D,20210325,000000,17.5,19.49,17.25,19.1,7458538,0
VZIO.US,D,20210326,000000,19.5,23,19.29,20.75,3770865,0
VZIO.US,D,20210329,000000,21.63,22.88,20.64,21.81,1402302,0
VZIO.US,D,20210330,000000,22,25.19,21.28,24.72,1550633,0
VZIO.US,D,20210331,000000,25.21,25.8982,22.58,24.25,2539523,0
VZIO.US,D,20210401,000000,24.7,25.21,22.07,24.31,2318162,0
VZIO.US,D,20210405,000000,24.11,25.54,22.8896,23.3,908908,0
VZIO.US,D,20210406,000000,22.96,23.25,21.69,22.25,608871,0
VZIO.US,D,20210407,000000,22.43,22.81,21.06,21.43,1049082,0
VZIO.US,D,20210408,000000,21.33,22.2,21.33,21.95,568354,0
VZIO.US,D,20210409,000000,22.04,22.5699,21.6,22.45,573527,0
VZIO.US,D,20210412,000000,21.6,23,21.6,22.63,473387,0
VZIO.US,D,20210413,000000,22.8,23,22,22.46,414830,0
VZIO.US,D,20210414,000000,21.86,24.1799,21.85,23.3,846691,0
VZIO.US,D,20210415,000000,23.5,24.23,22.58,23.83,504858,0
VZIO.US,D,20210416,000000,23.67,25.73,23.01,24,721082,0
VZIO.US,D,20210419,000000,24.3001,24.94,23.56,23.66,1171756,0
VZIO.US,D,20210420,000000,23.7,24.25,22.39,23.07,705456,0
VZIO.US,D,20210421,000000,23.16,23.8,22.85,22.91,489517,0
VZIO.US,D,20210422,000000,22.95,23.4299,22.22,22.89,512489,0
VZIO.US,D,20210423,000000,22.75,23.65,22.5,22.99,638952,0
VZIO.US,D,20210426,000000,23.17,24.325,23.1,23.79,435356,0
VZIO.US,D,20210427,000000,23.96,25.45,23.6069,24.76,391689,0
VZIO.US,D,20210428,000000,25.4,27.48,24.4,26.95,1733137,0
VZIO.US,D,20210429,000000,27.4,28.8,25.23,26,1166910,0
VZIO.US,D,20210430,000000,26.03,26.15,22.6,25.71,1488818,0
VZIO.US,D,20210503,000000,26.98,27.9,25.9,27.38,1265057,0
VZIO.US,D,20210504,000000,27,28.28,26,28.23,973759,0
VZIO.US,D,20210505,000000,27.95,28.0093,25.75,27,713044,0
VZIO.US,D,20210506,000000,26.96,26.96,24.9,26.75,669858,0
VZIO.US,D,20210507,000000,26.94,27.7,24.78,26.46,792847,0
VZIO.US,D,20210510,000000,26.66,26.75,25.1001,26.62,594538,0
VZIO.US,D,20210511,000000,25.44,27.52,25.25,27.41,862042,0
VZIO.US,D,20210512,000000,26.4,26.71,23.75,23.85,1556124,0
VZIO.US,D,20210513,000000,24.11,24.85,21.33,21.49,1058499,0
VZIO.US,D,20210514,000000,21.56,22.87,20.8,21.95,1249885,0
VZIO.US,D,20210517,000000,21.95,22.79,21.2,21.42,447019,0
VZIO.US,D,20210518,000000,21.5,22.7,21.38,21.38,520512,0
VZIO.US,D,20210519,000000,21,21.85,20.5002,21.5,467764,0
VZIO.US,D,20210520,000000,21.74,22.55,21.62,22.33,512257,0
VZIO.US,D,20210521,000000,22.54,23.53,22.4273,23.17,578553,0
VZIO.US,D,20210524,000000,23.43,23.57,22.79,23.05,405883,0
VZIO.US,D,20210525,000000,23.05,23.3899,22.3,22.92,274874,0
VZIO.US,D,20210526,000000,22.8,23.2497,22.32,22.65,349027,0
VZIO.US,D,20210527,000000,22.76,23.08,21.88,21.97,455691,0
VZIO.US,D,20210528,000000,22.12,22.43,21.52,21.84,550962,0
VZIO.US,D,20210601,000000,22.25,22.4386,21.72,21.77,366019,0
VZIO.US,D,20210602,000000,21.8,21.9499,21.261,21.72,447075,0
VZIO.US,D,20210603,000000,21.72,21.89,20.9,21,474488,0
VZIO.US,D,20210604,000000,21.27,22.05,21.04,21.94,290143,0
VZIO.US,D,20210607,000000,21.94,23.22,21.6601,23.11,639926,0
VZIO.US,D,20210608,000000,23.21,23.23,22.33,22.58,249347,0
VZIO.US,D,20210609,000000,22.58,22.98,21.81,21.95,256725,0
VZIO.US,D,20210610,000000,22,22.257,21.5,21.92,160733,0
VZIO.US,D,20210611,000000,21.9,22.75,21.9,22.71,305233,0
VZIO.US,D,20210614,000000,22.84,23.935,22.7526,23.4,575610,0
VZIO.US,D,20210615,000000,23.45,27.62,22.3,23.35,8907108,0
VZIO.US,D,20210616,000000,23.26,24.2,22.16,22.44,1224042,0
VZIO.US,D,20210617,000000,22.41,22.75,21.54,21.73,1151458,0
VZIO.US,D,20210618,000000,21.49,22.04,21.17,21.21,1621405,0
VZIO.US,D,20210621,000000,21.21,21.9,20.83,20.99,912291,0
VZIO.US,D,20210622,000000,21.05,21.75,21,21.75,523930,0
VZIO.US,D,20210623,000000,21.85,23.09,21.4,23.06,723345,0
VZIO.US,D,20210624,000000,23.13,25.17,23.1,25.13,1709462,0
VZIO.US,D,20210625,000000,24.8,25.1371,24.03,24.59,830769,0
VZIO.US,D,20210628,000000,24.58,25.8892,24.21,25.68,1060947,0
VZIO.US,D,20210629,000000,26,27.82,25.75,27.04,1344467,0
VZIO.US,D,20210630,000000,27.1,27.2743,25.75,27.01,551109,0
VZIO.US,D,20210701,000000,26.88,27.05,25.85,25.87,428845,0
VZIO.US,D,20210702,000000,26.2,26.43,25.2,25.54,357122,0
VZIO.US,D,20210706,000000,25.6,25.6,24.68,25.36,292356,0
VZIO.US,D,20210707,000000,25.4,26.04,25.1434,25.73,705204,0
VZIO.US,D,20210708,000000,24.79,26.12,24.79,25.67,211064,0
VZIO.US,D,20210709,000000,26.1,26.29,25.77,26.19,218806,0
VZIO.US,D,20210712,000000,26.18,26.92,25.28,26.56,283709,0
VZIO.US,D,20210713,000000,26.32,28.17,26.11,27.78,619242,0
VZIO.US,D,20210714,000000,28.14,28.24,25.93,26.51,454950,0
VZIO.US,D,20210715,000000,26.05,26.68,25.06,26.2,494518,0
VZIO.US,D,20210716,000000,26.08,26.73,25.29,25.7,545218,0
VZIO.US,D,20210719,000000,24.76,26.3,24.5,25.78,532388,0
VZIO.US,D,20210720,000000,26.13,27.07,25.79,26.44,541246,0
VZIO.US,D,20210721,000000,26.6,27.48,26.41,26.6,726481,0
VZIO.US,D,20210722,000000,26.61,26.9095,26.19,26.31,285430,0
VZIO.US,D,20210723,000000,26.13,26.9,25.92,26.08,311141,0
VZIO.US,D,20210726,000000,26.17,26.46,25.19,25.28,356447,0
VZIO.US,D,20210727,000000,25.34,25.34,23.7,23.87,457387,0
VZIO.US,D,20210728,000000,24,24.47,23.58,23.9,511377,0
VZIO.US,D,20210729,000000,23.9,24.15,22.55,22.73,605148,0
VZIO.US,D,20210730,000000,22.51,22.85,21.81,22.03,608483,0
VZIO.US,D,20210802,000000,22.1,22.5,21.71,21.74,918871,0
VZIO.US,D,20210803,000000,21.78,22.2799,21.35,21.66,1173569,0
VZIO.US,D,20210804,000000,21.8,21.81,20.84,20.99,947025,0
VZIO.US,D,20210805,000000,20.84,22.8,20.78,21.58,1450140,0
VZIO.US,D,20210806,000000,21.95,22.87,21.1,21.77,824942,0
VZIO.US,D,20210809,000000,21.93,22.6,20.91,21.8,735759,0
VZIO.US,D,20210810,000000,21.66,21.68,20.43,20.52,810516,0
VZIO.US,D,20210811,000000,20.58,21.66,20.27,21.57,503454,0
VZIO.US,D,20210812,000000,21.36,21.59,20.6,21.44,442048,0
VZIO.US,D,20210813,000000,21,21.91,20.81,21.61,853800,0
VZIO.US,D,20210816,000000,21.57,21.636,20.43,20.6,1044323,0
VZIO.US,D,20210817,000000,20.25,20.68,19.37,19.86,1010913,0
VZIO.US,D,20210818,000000,19.75,19.859,18.5,18.58,2025847,0
VZIO.US,D,20210819,000000,18.65,19.55,18.08,19.01,1553617,0
VZIO.US,D,20210820,000000,18.7,20.12,18.661,19.94,964835,0
VZIO.US,D,20210823,000000,19.97,20.02,18.855,19.2,1133013,0
VZIO.US,D,20210824,000000,19.33,20.1,19.32,19.85,700376,0
VZIO.US,D,20210825,000000,19.94,20.56,19.7,20.4,697831,0
VZIO.US,D,20210826,000000,20.5,20.51,19.7906,20.12,361793,0
VZIO.US,D,20210827,000000,20.15,20.85,19.61,19.8,1128461,0
VZIO.US,D,20210830,000000,19.9,20.0889,19.35,19.51,889690,0
VZIO.US,D,20210831,000000,19.68,20.65,19.45,20.41,675192,0
VZIO.US,D,20210901,000000,20.26,21.06,19.83,20.97,1526895,0
VZIO.US,D,20210902,000000,20.92,21.05,19.52,19.8,898684,0
VZIO.US,D,20210903,000000,19.52,19.555,18.81,19.22,1216742,0
VZIO.US,D,20210907,000000,19.05,19.25,18.43,18.62,692047,0
VZIO.US,D,20210908,000000,18.48,18.53,17.69,18.32,1113078,0
VZIO.US,D,20210909,000000,18.19,19.54,18.1,19.31,942223,0
VZIO.US,D,20210910,000000,19.36,19.68,18.87,19.42,640764,0
VZIO.US,D,20210913,000000,19.5,19.63,18.5,18.61,666761,0
VZIO.US,D,20210914,000000,19.01,19.92,18.74,19.15,1285185,0
VZIO.US,D,20210915,000000,19.07,19.07,18.485,18.71,959140,0
VZIO.US,D,20210916,000000,18.71,18.9,18.2,18.3,929342,0
VZIO.US,D,20210917,000000,18.4,19.42,18.25,19.08,1366061,0
VZIO.US,D,20210920,000000,18.39,19.07,18.27,18.45,901833,0
VZIO.US,D,20210921,000000,18.85,19.84,18.46,19.47,1214743,0
VZIO.US,D,20210922,000000,19.67,19.74,19.05,19.63,543996,0
VZIO.US,D,20210923,000000,19.97,20.15,19.7,19.79,624555,0
VZIO.US,D,20210924,000000,19.82,20.13,19.51,19.56,444969,0
VZIO.US,D,20210927,000000,21,21.59,20.56,20.92,3670273,0
VZIO.US,D,20210928,000000,21.26,21.38,20.35,20.81,1272777,0
VZIO.US,D,20210929,000000,20.78,20.98,20.2,20.65,664211,0
VZIO.US,D,20210930,000000,20.73,21.48,20.625,21.24,1292976,0
VZIO.US,D,20211001,000000,21.5,21.5,20.8,21,1398226,0
VZIO.US,D,20211004,000000,21.1,21.25,19.89,20.67,918697,0
VZIO.US,D,20211005,000000,20.52,21,20.105,20.64,592296,0
VZIO.US,D,20211006,000000,20.31,20.87,20.09,20.72,944425,0
VZIO.US,D,20211007,000000,20.78,21.56,20.72,21.27,890389,0
VZIO.US,D,20211008,000000,21.39,21.41,20.65,20.81,609011,0
VZIO.US,D,20211011,000000,20.84,20.92,19.6,19.7,999887,0
VZIO.US,D,20211012,000000,19.7,20.13,19.6061,19.91,631206,0
VZIO.US,D,20211013,000000,20.06,20.2,19.7,19.75,554051,0
VZIO.US,D,20211014,000000,19.95,20.26,19.46,19.66,656055,0
VZIO.US,D,20211015,000000,19.83,19.83,18.975,19.17,762035,0
VZIO.US,D,20211018,000000,18.95,19.75,18.75,19.62,732776,0
VZIO.US,D,20211019,000000,20.1,20.6,19.741,20.53,884107,0
VZIO.US,D,20211020,000000,20.5,20.64,20.05,20.61,732280,0
VZIO.US,D,20211021,000000,20.53,20.72,20.36,20.7,393039,0
VZIO.US,D,20211022,000000,20.49,20.78,19.65,20.12,450253,0
VZIO.US,D,20211025,000000,19.94,20.51,19.94,20.5,377594,0
VZIO.US,D,20211026,000000,20.6,20.6,19.8,20.17,552139,0
VZIO.US,D,20211027,000000,20.13,20.575,20.13,20.54,521947,0
VZIO.US,D,20211028,000000,20.7,20.7,19.95,20.37,500581,0
VZIO.US,D,20211029,000000,20.22,20.77,20.2001,20.54,538455,0
VZIO.US,D,20211101,000000,20.49,20.8,20.12,20.74,540595,0
VZIO.US,D,20211102,000000,20.66,20.73,20.02,20.48,467862,0
VZIO.US,D,20211103,000000,20.41,20.63,19.56,19.69,778428,0
VZIO.US,D,20211104,000000,19.05,19.175,18.4,18.77,1322926,0
VZIO.US,D,20211105,000000,18.72,18.85,17.73,17.87,837357,0
VZIO.US,D,20211108,000000,18.06,18.19,17.59,17.85,747573,0
VZIO.US,D,20211109,000000,18,18.1,17.3,17.35,1045473,0
VZIO.US,D,20211110,000000,18.07,20.85,17.975,19.68,2997244,0
VZIO.US,D,20211111,000000,19.59,21.25,19.37,21.09,1919075,0
VZIO.US,D,20211112,000000,21,21.52,20.79,21.38,1352974,0
VZIO.US,D,20211115,000000,21.17,22.155,21.05,22.12,921689,0
VZIO.US,D,20211116,000000,21.81,21.87,21.2,21.78,654512,0
VZIO.US,D,20211117,000000,22.08,22.17,20.82,21.02,787449,0
VZIO.US,D,20211118,000000,21.09,21.09,20.0601,20.36,482231,0
VZIO.US,D,20211119,000000,20.2,20.84,20.08,20.33,523776,0
VZIO.US,D,20211122,000000,20.16,20.34,19.0714,19.76,1261344,0
VZIO.US,D,20211123,000000,19.67,19.75,18.84,19.14,957202,0
VZIO.US,D,20211124,000000,19.02,20.12,18.64,20.11,722995,0
VZIO.US,D,20211126,000000,19.99,20.28,19.79,20.25,161296,0
VZIO.US,D,20211129,000000,20.27,20.5,19.57,20.12,649669,0
VZIO.US,D,20211130,000000,20.15,20.219,18.73,19.23,837046,0
VZIO.US,D,20211201,000000,19.3,19.52,18.25,18.32,656779,0
VZIO.US,D,20211202,000000,18.14,18.52,17.59,18.29,656839,0
VZIO.US,D,20211203,000000,18.33,18.445,17.29,17.94,523181,0
VZIO.US,D,20211206,000000,17.98,20.1,17.83,19.6,1102722,0
VZIO.US,D,20211207,000000,19.73,20.3,19.34,19.5,1168282,0
VZIO.US,D,20211208,000000,19.87,20.72,19.73,20.72,975609,0
VZIO.US,D,20211209,000000,20.54,20.98,19.72,19.74,925920,0
VZIO.US,D,20211210,000000,19.91,20.15,18.96,18.96,515267,0
VZIO.US,D,20211213,000000,18.96,19.005,17.61,18.25,784627,0
VZIO.US,D,20211214,000000,18.05,18.5,17.93,18.23,565245,0
VZIO.US,D,20211215,000000,17.96,19.06,17.7,18.91,1342570,0
VZIO.US,D,20211216,000000,18.78,19.55,18.42,18.59,1077006,0
VZIO.US,D,20211217,000000,18.34,19.77,18.07,19.02,2462979,0
VZIO.US,D,20211220,000000,18.52,19.02,18.06,18.2,924448,0
VZIO.US,D,20211221,000000,18.3,19.08,18.23,18.66,981118,0
VZIO.US,D,20211222,000000,18.65,18.82,18.31,18.48,362828,0
VZIO.US,D,20211223,000000,18.6,19.13,18.18,18.98,400090,0
VZIO.US,D,20211227,000000,19,19.4,18.72,18.85,257028,0
VZIO.US,D,20211228,000000,18.65,19.2,18.65,19,332127,0
VZIO.US,D,20211229,000000,19.04,19.04,18.38,18.69,442702,0
VZIO.US,D,20211230,000000,18.58,19.85,18.58,19.36,413440,0
VZIO.US,D,20211231,000000,19.37,19.85,19.3,19.43,404237,0
VZIO.US,D,20220103,000000,19.61,19.75,19.05,19.47,588745,0
VZIO.US,D,20220104,000000,19.51,19.83,19,19.58,372271,0
VZIO.US,D,20220105,000000,19.55,19.55,18.64,18.97,580415,0
VZIO.US,D,20220106,000000,18.52,18.81,18.0862,18.4,593588,0
VZIO.US,D,20220107,000000,18.43,18.61,17.73,17.78,533709,0
VZIO.US,D,20220110,000000,17.59,17.88,16.68,17.45,588274,0
VZIO.US,D,20220111,000000,17.51,18.5,17.29,18.48,507738,0
VZIO.US,D,20220112,000000,18.51,19.01,18.45,19,638589,0
VZIO.US,D,20220113,000000,18.92,19,18.115,18.16,513987,0
VZIO.US,D,20220114,000000,18.04,18.15,17.38,17.85,561072,0
VZIO.US,D,20220118,000000,17.52,18.09,17.08,17.19,425032,0
VZIO.US,D,20220119,000000,17.15,17.31,16.32,16.42,893389,0
VZIO.US,D,20220120,000000,16.61,17.18,15.955,16.01,423887,0
VZIO.US,D,20220121,000000,15.45,15.84,14.66,14.67,1650341,0
