<TICKER>,<PER>,<DATE>,<TIME>,<OPEN>,<HIGH>,<LOW>,<CLOSE>,<VOL>,<OPENINT>
WARR-WS.US,D,20210421,000000,0.62,0.62,0.6199,0.6199,950,0
WARR-WS.US,D,20210422,000000,0.58,0.58,0.55,0.58,104640,0
WARR-WS.US,D,20210423,000000,0.59,0.59,0.491779,0.5,138306,0
WARR-WS.US,D,20210426,000000,0.52,0.5789,0.45015,0.5789,154475,0
WARR-WS.US,D,20210427,000000,0.540101,0.55,0.51,0.547,75580,0
WARR-WS.US,D,20210428,000000,0.52,0.676,0.52,0.676,2538,0
WARR-WS.US,D,20210429,000000,0.5806,0.5806,0.55,0.55,2076,0
WARR-WS.US,D,20210430,000000,0.55,0.58,0.53,0.53,24911,0
WARR-WS.US,D,20210503,000000,0.53,0.58,0.53,0.55,11119,0
WARR-WS.US,D,20210504,000000,0.6,0.6,0.54,0.54,3407,0
WARR-WS.US,D,20210505,000000,0.55,0.55,0.55,0.55,100,0
WARR-WS.US,D,20210506,000000,0.6,0.6622,0.577317,0.6622,21931,0
WARR-WS.US,D,20210507,000000,0.6,0.6,0.569,0.57,36413,0
WARR-WS.US,D,20210510,000000,0.56,0.57,0.559506,0.5601,7600,0
WARR-WS.US,D,20210511,000000,0.520201,0.57,0.520201,0.57,600,0
WARR-WS.US,D,20210512,000000,0.5688,0.5688,0.5501,0.5501,1600,0
WARR-WS.US,D,20210513,000000,0.5352,0.56,0.5102,0.5402,7838,0
WARR-WS.US,D,20210514,000000,0.51,0.54,0.51,0.54,41400,0
WARR-WS.US,D,20210517,000000,0.54,0.54,0.5204,0.54,2215,0
WARR-WS.US,D,20210518,000000,0.55505,0.57,0.55505,0.559899,811,0
WARR-WS.US,D,20210519,000000,0.57,0.57,0.55,0.57,4350,0
WARR-WS.US,D,20210520,000000,0.56,0.56,0.5101,0.56,1437,0
WARR-WS.US,D,20210521,000000,0.57,0.57,0.5602,0.5602,24557,0
WARR-WS.US,D,20210525,000000,0.5401,0.57,0.5401,0.56,53145,0
WARR-WS.US,D,20210526,000000,0.57,0.59,0.57,0.57,22259,0
WARR-WS.US,D,20210527,000000,0.58,0.58,0.569603,0.5799,44645,0
WARR-WS.US,D,20210528,000000,0.57,0.579899,0.5699,0.579899,53680,0
WARR-WS.US,D,20210601,000000,0.57,0.57,0.57,0.57,251,0
WARR-WS.US,D,20210602,000000,0.6,0.610001,0.56,0.6,40638,0
WARR-WS.US,D,20210603,000000,0.63,0.6638,0.59,0.6229,64125,0
WARR-WS.US,D,20210604,000000,0.665,0.665,0.5601,0.63,47705,0
WARR-WS.US,D,20210607,000000,0.7,0.7,0.602101,0.62,11735,0
WARR-WS.US,D,20210608,000000,0.63,0.63,0.5601,0.5865,35096,0
WARR-WS.US,D,20210609,000000,0.599899,0.6,0.51,0.58,49916,0
WARR-WS.US,D,20210610,000000,0.600101,0.6598,0.6,0.6,29788,0
WARR-WS.US,D,20210611,000000,0.6,0.6298,0.55,0.6,43343,0
WARR-WS.US,D,20210614,000000,0.7699,0.7699,0.59,0.61,155473,0
WARR-WS.US,D,20210615,000000,0.65,0.69,0.5907,0.679399,140913,0
WARR-WS.US,D,20210616,000000,0.667549,0.721,0.655349,0.6998,27923,0
WARR-WS.US,D,20210617,000000,0.6998,0.7301,0.655,0.6751,14109,0
WARR-WS.US,D,20210618,000000,0.675,0.699499,0.67,0.6846,10827,0
WARR-WS.US,D,20210621,000000,0.6502,0.68,0.6401,0.66,11625,0
WARR-WS.US,D,20210622,000000,0.650101,0.6998,0.65,0.67,12033,0
WARR-WS.US,D,20210623,000000,0.67,0.6899,0.63,0.6705,18746,0
WARR-WS.US,D,20210624,000000,0.7,0.72,0.7,0.71,32495,0
WARR-WS.US,D,20210625,000000,0.72,0.72,0.67,0.6901,23157,0
WARR-WS.US,D,20210628,000000,0.7201,1.04,0.7124,0.7676,148769,0
WARR-WS.US,D,20210629,000000,0.77,0.8,0.7403,0.76,61461,0
WARR-WS.US,D,20210630,000000,0.76,0.78203,0.730201,0.76,113125,0
WARR-WS.US,D,20210701,000000,0.81,0.81,0.74,0.77,12803,0
WARR-WS.US,D,20210702,000000,0.81,0.85,0.76,0.83,54717,0
WARR-WS.US,D,20210706,000000,0.84,0.84,0.771,0.8389,16501,0
WARR-WS.US,D,20210707,000000,0.84,0.84,0.762,0.8399,5619,0
WARR-WS.US,D,20210708,000000,0.84,0.9,0.8001,0.8788,37398,0
WARR-WS.US,D,20210709,000000,0.89,0.89,0.8091,0.8598,55375,0
WARR-WS.US,D,20210712,000000,0.86,0.86,0.81,0.8112,58019,0
WARR-WS.US,D,20210713,000000,0.837,0.84,0.82,0.822,9126,0
WARR-WS.US,D,20210714,000000,0.84,0.8896,0.81,0.8499,167887,0
WARR-WS.US,D,20210715,000000,0.85,0.8748,0.84,0.8748,15498,0
WARR-WS.US,D,20210716,000000,0.8002,0.85,0.8002,0.84,25690,0
WARR-WS.US,D,20210719,000000,0.8005,0.804926,0.76,0.79,13855,0
WARR-WS.US,D,20210720,000000,0.7702,0.82,0.7702,0.8099,3185,0
WARR-WS.US,D,20210721,000000,0.7701,0.8299,0.7701,0.82,25418,0
WARR-WS.US,D,20210722,000000,0.810101,0.82,0.7802,0.82,9200,0
WARR-WS.US,D,20210723,000000,0.780201,0.8199,0.780201,0.8199,6300,0
WARR-WS.US,D,20210726,000000,0.82,0.8699,0.780201,0.82,2985,0
WARR-WS.US,D,20210727,000000,0.7805,0.82,0.7801,0.8,23900,0
WARR-WS.US,D,20210728,000000,0.7801,0.8199,0.749899,0.8,13451,0
WARR-WS.US,D,20210729,000000,0.7803,0.780543,0.7003,0.7003,26005,0
WARR-WS.US,D,20210730,000000,0.74,0.7799,0.739098,0.779,6483,0
WARR-WS.US,D,20210802,000000,0.72,0.7899,0.6702,0.71,65891,0
WARR-WS.US,D,20210803,000000,0.7,0.7298,0.6701,0.7278,26400,0
WARR-WS.US,D,20210804,000000,0.6711,0.72,0.6711,0.71,23171,0
WARR-WS.US,D,20210805,000000,0.7,0.7199,0.67,0.69,7118,0
WARR-WS.US,D,20210806,000000,0.72,0.72,0.6,0.6899,15002,0
WARR-WS.US,D,20210809,000000,0.68,0.6997,0.68,0.6997,22200,0
WARR-WS.US,D,20210810,000000,0.67,0.6969,0.67,0.696,545,0
WARR-WS.US,D,20210811,000000,0.6701,0.6899,0.6701,0.6899,500,0
WARR-WS.US,D,20210812,000000,0.69,0.6949,0.6,0.6898,18465,0
WARR-WS.US,D,20210813,000000,0.6797,0.6797,0.6,0.65,47827,0
WARR-WS.US,D,20210816,000000,0.6498,0.6499,0.64,0.64,10605,0
WARR-WS.US,D,20210817,000000,0.6,0.6799,0.5602,0.6,20518,0
WARR-WS.US,D,20210818,000000,0.571,0.6196,0.5601,0.5701,38516,0
WARR-WS.US,D,20210819,000000,0.5701,0.6,0.5701,0.6,7500,0
WARR-WS.US,D,20210820,000000,0.585101,0.6,0.5815,0.585,28441,0
WARR-WS.US,D,20210823,000000,0.549899,0.5999,0.549403,0.5999,3800,0
WARR-WS.US,D,20210824,000000,0.5511,0.59,0.551,0.59,31870,0
WARR-WS.US,D,20210826,000000,0.56,0.5849,0.56,0.5849,8460,0
WARR-WS.US,D,20210831,000000,0.555,0.6,0.555,0.6,17575,0
WARR-WS.US,D,20210901,000000,0.6,0.6,0.513,0.565,74778,0
WARR-WS.US,D,20210902,000000,0.52,0.5701,0.5001,0.5392,66046,0
WARR-WS.US,D,20210903,000000,0.5301,0.5301,0.5002,0.53,50249,0
WARR-WS.US,D,20210907,000000,0.55,0.55,0.5002,0.5399,3218,0
WARR-WS.US,D,20210908,000000,0.5152,0.54,0.5152,0.52,14700,0
WARR-WS.US,D,20210909,000000,0.515,0.5323,0.515,0.5201,19968,0
WARR-WS.US,D,20210910,000000,0.52,0.5301,0.48,0.4914,74745,0
WARR-WS.US,D,20210913,000000,0.48,0.53,0.48,0.5199,6371,0
WARR-WS.US,D,20210914,000000,0.5,0.5101,0.481,0.5101,39675,0
WARR-WS.US,D,20210915,000000,0.52,0.56,0.5,0.5,33305,0
WARR-WS.US,D,20210916,000000,0.502,0.502,0.502,0.502,367,0
WARR-WS.US,D,20210917,000000,0.53,0.53,0.53,0.53,6782,0
WARR-WS.US,D,20210921,000000,0.56,0.56,0.53,0.53,200,0
WARR-WS.US,D,20210922,000000,0.5001,0.56404,0.5,0.56404,19814,0
WARR-WS.US,D,20210924,000000,0.55,0.55,0.55,0.55,892,0
WARR-WS.US,D,20210927,000000,0.5135,0.569599,0.5134,0.5499,12642,0
WARR-WS.US,D,20210928,000000,0.58,0.58,0.5201,0.557562,16669,0
WARR-WS.US,D,20210930,000000,0.58,0.58,0.5485,0.5485,7046,0
WARR-WS.US,D,20211001,000000,0.56,0.58,0.5543,0.5799,11165,0
WARR-WS.US,D,20211004,000000,0.59,0.59,0.57,0.57,1587,0
WARR-WS.US,D,20211005,000000,0.6,0.6,0.57,0.57,1300,0
WARR-WS.US,D,20211006,000000,0.61,0.61,0.5475,0.5475,13652,0
WARR-WS.US,D,20211007,000000,0.6,0.6,0.5475,0.5475,2568,0
WARR-WS.US,D,20211008,000000,0.6,0.6,0.575,0.5799,2550,0
WARR-WS.US,D,20211011,000000,0.58,0.58,0.55,0.5798,5742,0
WARR-WS.US,D,20211012,000000,0.61,0.61,0.513,0.567,38729,0
WARR-WS.US,D,20211013,000000,0.568,0.5764,0.546,0.5614,8929,0
WARR-WS.US,D,20211014,000000,0.6,0.6,0.5063,0.575,35530,0
WARR-WS.US,D,20211015,000000,0.57,0.57,0.5461,0.5461,2440,0
WARR-WS.US,D,20211018,000000,0.6,0.6,0.5699,0.5799,2669,0
WARR-WS.US,D,20211019,000000,0.61,0.61,0.58,0.58,1100,0
WARR-WS.US,D,20211020,000000,0.61,0.61,0.5453,0.55,45413,0
WARR-WS.US,D,20211021,000000,0.57,0.57,0.57,0.57,345,0
WARR-WS.US,D,20211022,000000,0.578,0.588,0.56,0.561,17054,0
WARR-WS.US,D,20211025,000000,0.59,0.5999,0.5678,0.57,5568,0
WARR-WS.US,D,20211026,000000,0.597,0.6,0.57,0.6,21701,0
WARR-WS.US,D,20211027,000000,0.5751,0.6,0.575,0.6,101160,0
WARR-WS.US,D,20211028,000000,0.5602,0.5926,0.56,0.5775,4136,0
WARR-WS.US,D,20211029,000000,0.59,0.600001,0.5701,0.6,10308,0
WARR-WS.US,D,20211102,000000,0.6099,0.61,0.6,0.6,9079,0
WARR-WS.US,D,20211103,000000,0.61,0.6199,0.590049,0.61,21006,0
WARR-WS.US,D,20211104,000000,0.62,0.62,0.5661,0.57,92318,0
WARR-WS.US,D,20211105,000000,0.5712,0.589,0.55,0.56,44520,0
WARR-WS.US,D,20211108,000000,0.59,0.59,0.55,0.587,41052,0
WARR-WS.US,D,20211109,000000,0.5869,0.599699,0.57,0.5901,5650,0
WARR-WS.US,D,20211110,000000,0.581,0.6099,0.5702,0.58,16250,0
WARR-WS.US,D,20211111,000000,0.600666,0.6099,0.59,0.59,2156,0
WARR-WS.US,D,20211112,000000,0.591,0.62,0.583,0.583,27795,0
WARR-WS.US,D,20211115,000000,0.59,0.6002,0.5821,0.5821,3500,0
WARR-WS.US,D,20211116,000000,0.629799,0.629799,0.629799,0.629799,1000,0
WARR-WS.US,D,20211117,000000,0.65,0.68,0.65,0.65,27550,0
WARR-WS.US,D,20211118,000000,0.6103,0.64,0.5899,0.6001,8000,0
WARR-WS.US,D,20211119,000000,0.6001,0.6269,0.5801,0.6269,30732,0
WARR-WS.US,D,20211122,000000,0.6004,0.6403,0.5636,0.6,30348,0
WARR-WS.US,D,20211123,000000,0.69,0.69,0.61,0.62,4594,0
WARR-WS.US,D,20211124,000000,0.6399,0.6399,0.6,0.6399,800,0
WARR-WS.US,D,20211126,000000,0.5701,0.6478,0.5701,0.6478,4256,0
WARR-WS.US,D,20211130,000000,0.63,0.63,0.5751,0.61,31484,0
WARR-WS.US,D,20211201,000000,0.6599,0.6599,0.5751,0.61,9064,0
WARR-WS.US,D,20211202,000000,0.62,0.62,0.56,0.587501,18097,0
WARR-WS.US,D,20211203,000000,0.6,0.6,0.58,0.6,1485,0
WARR-WS.US,D,20211206,000000,0.664,0.664,0.5636,0.6,12778,0
WARR-WS.US,D,20211207,000000,0.6,0.62,0.5702,0.59,6660,0
WARR-WS.US,D,20211208,000000,0.6,0.62,0.59,0.6197,13980,0
WARR-WS.US,D,20211209,000000,0.6,0.63,0.5301,0.5777,59176,0
WARR-WS.US,D,20211210,000000,0.57,0.59,0.5199,0.5479,12632,0
WARR-WS.US,D,20211213,000000,0.5579,0.5579,0.54,0.555,14800,0
WARR-WS.US,D,20211214,000000,0.5458,0.56,0.5339,0.5434,57170,0
WARR-WS.US,D,20211215,000000,0.5444,0.56,0.53,0.554999,27006,0
WARR-WS.US,D,20211216,000000,0.56,0.56,0.56,0.56,500,0
WARR-WS.US,D,20211221,000000,0.5699,0.5699,0.5399,0.5598,1655,0
WARR-WS.US,D,20211222,000000,0.5,0.5399,0.4901,0.5399,8567,0
WARR-WS.US,D,20211223,000000,0.492,0.5299,0.4888,0.5,22095,0
WARR-WS.US,D,20211227,000000,0.4906,0.4906,0.4903,0.4903,3100,0
WARR-WS.US,D,20211228,000000,0.5,0.5,0.48,0.490001,8947,0
WARR-WS.US,D,20211229,000000,0.5146,0.5146,0.48,0.4964,7962,0
WARR-WS.US,D,20211230,000000,0.4892,0.4994,0.475,0.4994,5868,0
WARR-WS.US,D,20211231,000000,0.4992,0.4999,0.48,0.4999,23655,0
WARR-WS.US,D,20220103,000000,0.51,0.5499,0.5098,0.545,11038,0
WARR-WS.US,D,20220105,000000,0.500101,0.500399,0.5,0.500399,2649,0
WARR-WS.US,D,20220107,000000,0.49,0.4975,0.48,0.4975,6989,0
WARR-WS.US,D,20220110,000000,0.499799,0.499799,0.499799,0.499799,500,0
WARR-WS.US,D,20220111,000000,0.49,0.49495,0.4871,0.49495,17174,0
WARR-WS.US,D,20220112,000000,0.4899,0.49,0.48,0.4848,20346,0
WARR-WS.US,D,20220114,000000,0.5223,0.523233,0.475,0.475,38216,0
WARR-WS.US,D,20220118,000000,0.48,0.49495,0.45,0.479472,35712,0
WARR-WS.US,D,20220119,000000,0.4767,0.4767,0.45,0.46995,41104,0
WARR-WS.US,D,20220120,000000,0.4721,0.4721,0.46495,0.4697,18800,0
WARR-WS.US,D,20220121,000000,0.4696,0.4748,0.455,0.4748,85476,0
