<TICKER>,<PER>,<DATE>,<TIME>,<OPEN>,<HIGH>,<LOW>,<CLOSE>,<VOL>,<OPENINT>
WDNA.US,D,20210604,000000,25.08,25.09,25.035,25.035,6831,0
WDNA.US,D,20210607,000000,25.2,26.07,25.0899,25.7887,42365,0
WDNA.US,D,20210608,000000,26.05,26.05,25.8913,25.9213,707,0
WDNA.US,D,20210609,000000,26.3983,26.3983,26.1962,26.1962,2924,0
WDNA.US,D,20210610,000000,26.55,26.6,26.3,26.4884,10203,0
WDNA.US,D,20210611,000000,26.5,26.5,26.298,26.4243,3302,0
WDNA.US,D,20210614,000000,26.55,26.62,26.39,26.5826,5443,0
WDNA.US,D,20210615,000000,26.59,26.59,26.13,26.1525,5640,0
WDNA.US,D,20210616,000000,26.06,26.06,25.9737,25.9737,511,0
WDNA.US,D,20210617,000000,25.99,26.0593,25.99,26.0593,2023,0
WDNA.US,D,20210618,000000,25.885,25.939,25.81,25.9,1243,0
WDNA.US,D,20210621,000000,25.75,26.15,25.75,26.0478,3147,0
WDNA.US,D,20210622,000000,26.22,26.22,25.801,25.998,2203,0
WDNA.US,D,20210623,000000,26.21,26.21,26.1213,26.1213,404,0
WDNA.US,D,20210624,000000,26.4,26.4,26.3777,26.3777,200,0
WDNA.US,D,20210625,000000,26.51,26.5286,26.51,26.5286,565,0
WDNA.US,D,20210628,000000,26.9,26.94,26.72,26.7668,3300,0
WDNA.US,D,20210629,000000,26.77,26.77,26.6763,26.6763,537,0
WDNA.US,D,20210630,000000,26.59,26.89,26.39,26.7065,10966,0
WDNA.US,D,20210701,000000,26.85,26.9833,26.85,26.9833,383,0
WDNA.US,D,20210702,000000,26.96,26.96,26.6501,26.8054,1233,0
WDNA.US,D,20210706,000000,26.96,26.96,26.3745,26.3774,1107,0
WDNA.US,D,20210707,000000,26,26.0826,25.89,26.0826,1224,0
WDNA.US,D,20210708,000000,25.67,26.0605,25.67,26.0605,582,0
WDNA.US,D,20210709,000000,26.354,26.379,26.354,26.379,493,0
WDNA.US,D,20210712,000000,26.38,26.38,26.15,26.15,2358,0
WDNA.US,D,20210713,000000,26,26,25.7364,25.7364,1140,0
WDNA.US,D,20210714,000000,25.2414,25.2414,25.2414,25.2414,192,0
WDNA.US,D,20210715,000000,25.13,25.24,24.8,25.1877,2323,0
WDNA.US,D,20210716,000000,25.22,25.37,25.22,25.2601,1652,0
WDNA.US,D,20210719,000000,25,25.2358,25,25.2358,1233,0
WDNA.US,D,20210720,000000,25.5499,25.7726,25.52,25.7726,1683,0
WDNA.US,D,20210721,000000,25.74,26.04,25.74,26.0211,675,0
WDNA.US,D,20210722,000000,26,26.05,25.9542,25.9542,376,0
WDNA.US,D,20210723,000000,25.8842,25.89,25.86,25.86,1009,0
WDNA.US,D,20210726,000000,25.84,25.9086,25.608,25.625,3375,0
WDNA.US,D,20210727,000000,25.15,25.4495,25.15,25.4495,236,0
WDNA.US,D,20210728,000000,25.895,26.15,25.895,26.12,1242,0
WDNA.US,D,20210729,000000,26.25,26.25,26.0439,26.0439,1555,0
WDNA.US,D,20210730,000000,25.88,26.08,25.88,25.9201,2163,0
WDNA.US,D,20210802,000000,26.15,26.15,25.9543,25.9543,2216,0
WDNA.US,D,20210803,000000,26.3757,26.3757,26.3757,26.3757,169,0
WDNA.US,D,20210804,000000,26.55,26.55,26.496,26.496,303,0
WDNA.US,D,20210805,000000,26.805,27.0912,26.805,27.0912,1896,0
WDNA.US,D,20210806,000000,26.94,26.94,26.7376,26.7376,1246,0
WDNA.US,D,20210809,000000,26.822,26.822,26.822,26.822,98,0
WDNA.US,D,20210810,000000,27.03,27.03,26.56,26.56,968,0
WDNA.US,D,20210811,000000,26.55,26.55,26.4455,26.4455,1229,0
WDNA.US,D,20210812,000000,26.6,26.6548,26.545,26.6548,405,0
WDNA.US,D,20210813,000000,26.6,26.7,26.4525,26.4525,930,0
WDNA.US,D,20210816,000000,26.12,26.16,26.12,26.16,264,0
WDNA.US,D,20210817,000000,26.03,26.3149,26.03,26.3149,154,0
WDNA.US,D,20210818,000000,26.41,26.41,26.0386,26.0386,146,0
WDNA.US,D,20210819,000000,25.83,25.83,25.5867,25.5867,399,0
WDNA.US,D,20210820,000000,25.69,26.0131,25.69,26.0131,491,0
WDNA.US,D,20210823,000000,26.4685,26.6903,26.4685,26.6903,163,0
WDNA.US,D,20210824,000000,26.555,26.775,26.555,26.775,213,0
WDNA.US,D,20210825,000000,26.88,26.9276,26.88,26.9276,553,0
WDNA.US,D,20210826,000000,26.99,27.17,26.7879,26.7879,575,0
WDNA.US,D,20210827,000000,27.24,27.24,27.13,27.1961,266,0
WDNA.US,D,20210830,000000,27.1946,27.2077,27.16,27.2077,1317,0
WDNA.US,D,20210831,000000,27.19,27.2362,27.12,27.2362,810,0
WDNA.US,D,20210901,000000,27.63,27.67,27.5667,27.5667,906,0
WDNA.US,D,20210902,000000,27.89,27.9354,27.815,27.9354,1445,0
WDNA.US,D,20210903,000000,27.78,27.796,27.663,27.663,886,0
WDNA.US,D,20210907,000000,27.55,27.55,27.4898,27.4898,221,0
WDNA.US,D,20210908,000000,27.1716,27.1716,27.1683,27.1683,513,0
WDNA.US,D,20210909,000000,27.33,27.43,27.16,27.1959,1688,0
WDNA.US,D,20210910,000000,27.18,27.19,27.0013,27.0013,1177,0
WDNA.US,D,20210913,000000,26.7,26.8257,26.7,26.8257,306,0
WDNA.US,D,20210914,000000,27.04,27.04,26.475,26.475,562,0
WDNA.US,D,20210915,000000,26.65,26.86,26.5997,26.7193,3361,0
WDNA.US,D,20210916,000000,26.71,26.7554,26.71,26.7554,450,0
WDNA.US,D,20210917,000000,26.69,26.9943,26.615,26.9943,3238,0
WDNA.US,D,20210920,000000,26.52,26.52,26.31,26.4324,709,0
WDNA.US,D,20210921,000000,26.66,26.7093,26.66,26.7093,817,0
WDNA.US,D,20210922,000000,26.76,26.7701,26.6878,26.6878,507,0
WDNA.US,D,20210923,000000,27.02,27.18,27.02,27.1282,888,0
WDNA.US,D,20210924,000000,26.8,26.8,26.58,26.6182,1317,0
WDNA.US,D,20210927,000000,26.69,26.69,26.41,26.4254,1605,0
WDNA.US,D,20210928,000000,26,26,25.5755,25.5755,3266,0
WDNA.US,D,20210929,000000,25.5,25.5,25.4225,25.4225,1600,0
WDNA.US,D,20210930,000000,25.63,25.7,25.4816,25.4816,2869,0
WDNA.US,D,20211001,000000,25.45,25.46,25.4372,25.4372,844,0
WDNA.US,D,20211004,000000,25,25,24.8165,24.8165,749,0
WDNA.US,D,20211005,000000,25.08,25.08,24.9343,24.9343,1531,0
WDNA.US,D,20211006,000000,24.69,24.8499,24.66,24.7041,808,0
WDNA.US,D,20211007,000000,25.14,25.194,25.0471,25.0471,4581,0
WDNA.US,D,20211008,000000,24.74,24.81,24.7357,24.7357,3134,0
WDNA.US,D,20211011,000000,24.91,24.91,24.6997,24.6997,468,0
WDNA.US,D,20211012,000000,24.82,24.82,24.807,24.8151,613,0
WDNA.US,D,20211013,000000,24.92,24.9342,24.9,24.9342,1043,0
WDNA.US,D,20211014,000000,25.27,25.34,25.27,25.2911,325,0
WDNA.US,D,20211015,000000,25.3,25.3,25.1643,25.1643,759,0
WDNA.US,D,20211018,000000,24.985,25.015,24.93,24.9531,3589,0
WDNA.US,D,20211019,000000,25.17,25.325,25.14,25.2803,1432,0
WDNA.US,D,20211020,000000,25.385,25.385,25.2539,25.2539,409,0
WDNA.US,D,20211021,000000,25.3637,25.3637,25.3637,25.3637,33,0
WDNA.US,D,20211022,000000,25.2739,25.2739,25.2739,25.2739,115,0
WDNA.US,D,20211025,000000,25.245,25.4281,25.1401,25.4281,825,0
WDNA.US,D,20211026,000000,25.49,25.49,25.382,25.382,459,0
WDNA.US,D,20211027,000000,25.04,25.04,25.0193,25.0193,137,0
WDNA.US,D,20211028,000000,25.689,25.689,25.689,25.689,84,0
WDNA.US,D,20211029,000000,25.5,25.55,25.5,25.528,334,0
WDNA.US,D,20211101,000000,25.89,26.0463,25.8712,26.0463,1040,0
WDNA.US,D,20211102,000000,26.105,26.138,26.105,26.138,362,0
WDNA.US,D,20211103,000000,26.1825,26.6,26.1296,26.6,1208,0
WDNA.US,D,20211104,000000,26.5,26.5,26.3593,26.3593,1184,0
WDNA.US,D,20211105,000000,26.32,26.32,25.978,25.978,1402,0
WDNA.US,D,20211108,000000,26.03,26.17,26.03,26.1061,1937,0
WDNA.US,D,20211109,000000,26.11,26.11,25.716,25.716,210,0
WDNA.US,D,20211110,000000,25.2943,25.2943,25.2943,25.2943,131,0
WDNA.US,D,20211111,000000,25.37,25.41,25.3501,25.374,7592,0
WDNA.US,D,20211112,000000,25.4,25.4,25.26,25.26,151,0
WDNA.US,D,20211115,000000,24.8968,24.8968,24.8968,24.8968,219,0
WDNA.US,D,20211116,000000,24.88,25.0278,24.84,25.0278,6818,0
WDNA.US,D,20211117,000000,25,25,24.8116,24.8116,453,0
WDNA.US,D,20211118,000000,24.8072,24.8072,24.8072,24.8072,22,0
WDNA.US,D,20211119,000000,24.8601,24.8999,24.8593,24.8593,3771,0
WDNA.US,D,20211122,000000,25,25.025,24.5211,24.5211,3109,0
WDNA.US,D,20211123,000000,24.45,24.56,24,24.2639,3022,0
WDNA.US,D,20211124,000000,24.11,24.2161,24,24.2161,5054,0
WDNA.US,D,20211126,000000,24.01,24.255,24,24.1507,13101,0
WDNA.US,D,20211129,000000,24.45,24.45,24.04,24.0425,7146,0
WDNA.US,D,20211130,000000,24.01,24.2999,23.69,23.9395,4276,0
WDNA.US,D,20211201,000000,24.15,24.232,23.3734,23.3734,5808,0
WDNA.US,D,20211202,000000,23.4,23.5499,23.18,23.4517,5761,0
WDNA.US,D,20211203,000000,23.18,23.18,22.71,22.8328,3620,0
WDNA.US,D,20211206,000000,22.5,22.8,22.421,22.7561,6632,0
WDNA.US,D,20211207,000000,23.43,23.75,23.43,23.6489,3983,0
WDNA.US,D,20211208,000000,23.68,24.07,23.61,23.99,9532,0
WDNA.US,D,20211209,000000,23.98,23.98,23.35,23.35,5659,0
WDNA.US,D,20211210,000000,23.41,23.455,23.075,23.075,6249,0
WDNA.US,D,20211213,000000,23.28,23.509,23.15,23.37,3658,0
WDNA.US,D,20211214,000000,22.96,23.231,22.9506,23.0455,4162,0
WDNA.US,D,20211215,000000,23.11,23.7282,23.01,23.7282,4505,0
WDNA.US,D,20211216,000000,23.73,23.73,23.4,23.4,269,0
WDNA.US,D,20211217,000000,23.08,23.943,23.08,23.943,1500,0
WDNA.US,D,20211220,000000,23.71,24.99,23.681,23.8,4379,0
WDNA.US,D,20211221,000000,23.75,23.9807,23.75,23.9807,798,0
WDNA.US,D,20211222,000000,24.03,24.03,23.88,24.0073,1449,0
WDNA.US,D,20211223,000000,24.15,24.15,23.871,24.14,6359,0
WDNA.US,D,20211227,000000,23.82,23.86,23.7699,23.84,17027,0
WDNA.US,D,20211228,000000,23.84,23.85,23.54,23.56,20579,0
WDNA.US,D,20211229,000000,23.61,23.63,23.47,23.61,2815,0
WDNA.US,D,20211230,000000,23.74,23.97,23.739,23.78,2275,0
WDNA.US,D,20211231,000000,23.901,23.901,23.64,23.64,1601,0
WDNA.US,D,20220103,000000,23.67,23.7694,23.5,23.7694,3545,0
WDNA.US,D,20220104,000000,23.51,23.51,23,23.09,5789,0
WDNA.US,D,20220105,000000,23.08,23.139,22.24,22.24,5631,0
WDNA.US,D,20220106,000000,21.97,22.211,21.7258,22.074,4891,0
WDNA.US,D,20220107,000000,22.1201,22.1201,21.8319,21.8583,1612,0
WDNA.US,D,20220110,000000,21.71,21.7593,21.4,21.7593,2000,0
WDNA.US,D,20220111,000000,21.67,22.06,21.67,22.06,2993,0
WDNA.US,D,20220112,000000,22.14,22.14,21.7082,21.7082,5172,0
WDNA.US,D,20220113,000000,21.6492,21.6492,21.1375,21.1375,2229,0
WDNA.US,D,20220114,000000,21.06,21.3093,20.875,21.3093,5627,0
WDNA.US,D,20220118,000000,21.12,21.12,20.5366,20.5366,5544,0
WDNA.US,D,20220119,000000,20.71,20.78,20.37,20.4037,3920,0
WDNA.US,D,20220120,000000,20.73,20.8,20.2,20.2,2629,0
WDNA.US,D,20220121,000000,20.0101,20.139,19.82,19.82,1386,0
