<TICKER>,<PER>,<DATE>,<TIME>,<OPEN>,<HIGH>,<LOW>,<CLOSE>,<VOL>,<OPENINT>
WF.US,D,20190214,000000,36.64,37.779,36.465,37.372,11139,0
WF.US,D,20190215,000000,37.779,38.551,37.141,38.149,39648,0
WF.US,D,20190219,000000,37.454,38.296,37.418,38.185,12500,0
WF.US,D,20190220,000000,37.695,37.695,37.112,37.307,3227,0
WF.US,D,20190221,000000,37.409,37.409,35.758,36.733,9611,0
WF.US,D,20190222,000000,36.345,36.345,36.234,36.335,6079,0
WF.US,D,20190225,000000,37.094,37.196,36.576,36.872,6891,0
WF.US,D,20190226,000000,36.207,39.544,36.207,36.234,10739,0
WF.US,D,20190227,000000,36.327,37.001,36.132,36.317,13343,0
WF.US,D,20190228,000000,36.557,37.298,36.068,36.354,13033,0
WF.US,D,20190301,000000,36.556,36.595,36.113,36.446,11449,0
WF.US,D,20190304,000000,35.938,35.938,35.124,35.384,5517,0
WF.US,D,20190305,000000,35.12,35.356,35.12,35.327,2226,0
WF.US,D,20190306,000000,34.281,35.614,34.281,35.512,3236,0
WF.US,D,20190307,000000,34.597,35.605,34.365,35.605,8964,0
WF.US,D,20190308,000000,34.644,34.644,34.171,34.569,8886,0
WF.US,D,20190311,000000,34.976,35.171,34.912,34.976,7652,0
WF.US,D,20190312,000000,35.023,35.587,34.2,34.218,33502,0
WF.US,D,20190313,000000,35.309,35.734,35.309,35.614,10148,0
WF.US,D,20190314,000000,34.986,35.225,34.644,34.644,6399,0
WF.US,D,20190315,000000,35.744,36.234,35.198,35.198,307540,0
WF.US,D,20190318,000000,36.15,36.65,36.086,36.65,23203,0
WF.US,D,20190319,000000,36.872,36.872,36.354,36.392,47665,0
WF.US,D,20190320,000000,36.983,37.177,36.751,36.993,16743,0
WF.US,D,20190321,000000,36.853,36.964,36.261,36.382,29884,0
WF.US,D,20190322,000000,34.375,35.606,33.746,33.746,21186,0
WF.US,D,20190325,000000,33.219,33.219,32.415,32.756,15258,0
WF.US,D,20190326,000000,32.83,32.923,32.156,32.156,26851,0
WF.US,D,20190327,000000,32.497,33.571,32.48,33.284,13101,0
WF.US,D,20190328,000000,33.913,33.913,32.849,33.182,9445,0
WF.US,D,20190329,000000,33.45,33.571,33.117,33.238,28405,0
WF.US,D,20190401,000000,33.525,34.741,33.431,34.467,21638,0
WF.US,D,20190402,000000,34.809,34.93,34.431,34.809,11630,0
WF.US,D,20190403,000000,35.522,35.522,35.14,35.245,13485,0
WF.US,D,20190404,000000,36.068,36.077,34.393,35.097,122403,0
WF.US,D,20190405,000000,35.235,35.235,34.856,34.958,7454,0
WF.US,D,20190408,000000,35.105,35.105,34.393,34.523,10650,0
WF.US,D,20190409,000000,34.698,34.765,34.523,34.542,6554,0
WF.US,D,20190410,000000,34.958,35.897,34.718,34.986,18475,0
WF.US,D,20190411,000000,34.546,34.958,34.476,34.958,23452,0
WF.US,D,20190412,000000,35.216,35.216,34.829,35.18,14489,0
WF.US,D,20190415,000000,35.216,35.216,34.782,35.013,17590,0
WF.US,D,20190416,000000,34.329,34.93,34.329,34.92,10945,0
WF.US,D,20190417,000000,34.95,35.216,34.772,35.216,12205,0
WF.US,D,20190418,000000,34.755,34.948,34.208,34.319,16687,0
WF.US,D,20190422,000000,33.76,33.838,33.395,33.395,8199,0
WF.US,D,20190423,000000,33.838,34.16,33.7,34.144,14215,0
WF.US,D,20190424,000000,33.672,33.672,32.83,32.83,27295,0
WF.US,D,20190425,000000,33.388,34.228,33.024,33.219,13375,0
WF.US,D,20190426,000000,32.913,33.26,32.913,33.246,8293,0
WF.US,D,20190429,000000,33.342,33.439,33.201,33.201,9537,0
WF.US,D,20190430,000000,32.941,33.155,32.637,33.117,15290,0
WF.US,D,20190501,000000,33.275,33.275,32.664,32.664,6528,0
WF.US,D,20190502,000000,32.978,33.672,32.978,33.414,18646,0
WF.US,D,20190503,000000,33.025,33.237,32.923,32.923,9509,0
WF.US,D,20190506,000000,32.516,33.034,32.378,33.034,12787,0
WF.US,D,20190507,000000,32.975,32.975,32.563,32.563,12539,0
WF.US,D,20190508,000000,33.049,33.127,32.84,32.923,13235,0
WF.US,D,20190509,000000,32.304,32.544,31.975,32.267,9598,0
WF.US,D,20190510,000000,31.905,32.369,31.905,32.322,31714,0
WF.US,D,20190513,000000,31.721,31.721,31.046,31.185,11480,0
WF.US,D,20190514,000000,31.666,31.934,31.657,31.712,22024,0
WF.US,D,20190515,000000,32.008,32.331,31.972,32.331,13015,0
WF.US,D,20190516,000000,32.415,32.415,31.962,32.304,20751,0
WF.US,D,20190517,000000,32.174,32.627,32.045,32.35,69559,0
WF.US,D,20190520,000000,32.09,32.35,31.869,31.869,12532,0
WF.US,D,20190521,000000,32.1,32.562,32.1,32.47,15720,0
WF.US,D,20190522,000000,33.052,33.052,32.497,32.978,17866,0
WF.US,D,20190523,000000,32.664,33.303,32.526,32.526,57210,0
WF.US,D,20190524,000000,33.015,33.552,33.015,33.497,15784,0
WF.US,D,20190528,000000,33.303,33.545,32.896,33.313,80058,0
WF.US,D,20190529,000000,32.776,32.812,32.359,32.387,55057,0
WF.US,D,20190530,000000,32.719,33.117,32.719,33.117,27968,0
WF.US,D,20190531,000000,32.433,32.645,32.256,32.637,17147,0
WF.US,D,20190603,000000,32.645,33.219,32.645,33.015,16610,0
WF.US,D,20190604,000000,33.349,34.051,32.766,33.802,36778,0
WF.US,D,20190605,000000,33.468,33.468,32.002,32.905,48846,0
WF.US,D,20190606,000000,32.599,35.384,32.526,33.756,38455,0
WF.US,D,20190607,000000,33.793,33.793,32.489,32.534,25382,0
WF.US,D,20190610,000000,32.655,32.674,32.497,32.627,26925,0
WF.US,D,20190611,000000,32.534,33.284,32.507,33.109,67134,0
WF.US,D,20190612,000000,32.776,33.847,32.776,32.84,86365,0
WF.US,D,20190613,000000,33.256,33.256,32.553,33.155,25367,0
WF.US,D,20190614,000000,32.887,32.923,32.405,32.923,29130,0
WF.US,D,20190617,000000,33.117,33.219,32.923,33.164,18900,0
WF.US,D,20190618,000000,33.441,34.329,33.441,33.764,44025,0
WF.US,D,20190619,000000,34.144,34.311,33.949,34.181,18582,0
WF.US,D,20190620,000000,34.467,35.099,34.181,34.579,22069,0
WF.US,D,20190621,000000,33.885,34.68,33.626,34.68,71524,0
WF.US,D,20190624,000000,34.218,34.736,33.45,34.033,32850,0
WF.US,D,20190625,000000,33.217,34.181,33.217,33.756,17199,0
WF.US,D,20190626,000000,34.19,34.246,33.746,33.746,28814,0
WF.US,D,20190627,000000,33.736,34.2,33.736,34.033,16223,0
WF.US,D,20190628,000000,34.139,34.139,33.746,33.959,7832,0
WF.US,D,20190701,000000,33.426,33.941,33.395,33.922,28492,0
WF.US,D,20190702,000000,33.894,33.904,33.552,33.7,31043,0
WF.US,D,20190703,000000,33.774,33.774,33.024,33.246,10289,0
WF.US,D,20190705,000000,32.803,33.117,32.803,32.896,15695,0
WF.US,D,20190708,000000,32.544,32.794,32.312,32.47,14878,0
WF.US,D,20190709,000000,32.239,32.415,31.852,32.276,26910,0
WF.US,D,20190710,000000,32.244,32.333,32.073,32.258,18172,0
WF.US,D,20190711,000000,32.663,32.83,32.387,32.756,21620,0
WF.US,D,20190712,000000,32.415,33.404,32.415,32.923,19141,0
WF.US,D,20190715,000000,32.692,33.639,32.608,32.719,36116,0
WF.US,D,20190716,000000,33.298,33.313,32.572,32.776,31267,0
WF.US,D,20190717,000000,33.303,33.303,32.526,32.526,34806,0
WF.US,D,20190718,000000,32.396,32.83,32.285,32.83,16854,0
WF.US,D,20190719,000000,32.864,32.864,32.627,32.794,20349,0
WF.US,D,20190722,000000,32.859,33.109,32.701,33.109,32769,0
WF.US,D,20190723,000000,33.146,33.728,33.081,33.201,24804,0
WF.US,D,20190724,000000,32.951,33.219,32.849,33.155,17121,0
WF.US,D,20190725,000000,33.015,33.015,32.026,32.109,16527,0
WF.US,D,20190726,000000,32.031,32.045,31.657,31.905,20809,0
WF.US,D,20190729,000000,31.814,31.814,30.768,30.889,30416,0
WF.US,D,20190730,000000,31.471,31.471,30.214,30.214,30440,0
WF.US,D,20190731,000000,30.473,30.985,30.473,30.759,40221,0
WF.US,D,20190801,000000,30.537,30.87,29.89,29.89,30565,0
WF.US,D,20190802,000000,28.937,29.779,28.66,28.937,27046,0
WF.US,D,20190805,000000,28.438,28.438,28.022,28.022,35105,0
WF.US,D,20190806,000000,28.392,28.474,27.966,28.105,62734,0
WF.US,D,20190807,000000,27.54,27.892,27.337,27.818,44248,0
WF.US,D,20190808,000000,27.93,28.188,27.883,28.041,39599,0
WF.US,D,20190809,000000,27.864,27.892,27.549,27.652,28660,0
WF.US,D,20190812,000000,27.125,27.809,26.884,27.549,21381,0
WF.US,D,20190813,000000,27.374,27.374,26.819,27.059,110048,0
WF.US,D,20190814,000000,26.468,26.523,25.543,25.543,82166,0
WF.US,D,20190815,000000,25.728,26.311,25.728,26.228,50440,0
WF.US,D,20190816,000000,26.075,26.329,25.922,26.125,50156,0
WF.US,D,20190819,000000,26.301,27.032,26.301,26.912,44132,0
WF.US,D,20190820,000000,26.726,26.726,25.516,26.478,79057,0
WF.US,D,20190821,000000,26.339,26.718,26.103,26.357,70750,0
WF.US,D,20190822,000000,26.783,26.783,26.386,26.672,78080,0
WF.US,D,20190823,000000,26.514,26.514,25.802,25.978,34948,0
WF.US,D,20190826,000000,26.255,26.523,26.228,26.497,28581,0
WF.US,D,20190827,000000,26.45,26.45,25.607,25.607,46586,0
WF.US,D,20190828,000000,25.627,25.903,25.525,25.811,42189,0
WF.US,D,20190829,000000,25.867,26.117,25.811,25.922,29584,0
WF.US,D,20190830,000000,26.45,27.365,26.45,27.143,44964,0
WF.US,D,20190903,000000,27.281,27.281,26.948,27.106,26809,0
WF.US,D,20190904,000000,27.328,27.915,27.328,27.661,44500,0
WF.US,D,20190905,000000,28.152,28.202,27.73,27.818,40212,0
WF.US,D,20190906,000000,27.864,27.948,27.772,27.791,17134,0
WF.US,D,20190909,000000,27.892,28.276,27.892,28.207,19641,0
WF.US,D,20190910,000000,28.373,28.919,28.373,28.771,54923,0
WF.US,D,20190911,000000,28.84,29.021,28.799,29.021,21859,0
WF.US,D,20190912,000000,29.03,29.354,28.983,29.215,15428,0
WF.US,D,20190913,000000,29.446,29.455,29.132,29.215,29559,0
WF.US,D,20190916,000000,29.224,29.4,29.205,29.372,28478,0
WF.US,D,20190917,000000,29.446,29.446,29.104,29.15,20309,0
WF.US,D,20190918,000000,29.205,29.205,28.91,29.076,15549,0
WF.US,D,20190919,000000,28.457,28.881,28.457,28.725,28437,0
WF.US,D,20190920,000000,29.132,29.215,28.854,28.873,29850,0
WF.US,D,20190923,000000,29.03,29.068,28.694,28.771,22737,0
WF.US,D,20190924,000000,28.975,29.113,28.789,28.937,46582,0
WF.US,D,20190925,000000,28.762,28.762,28.363,28.66,37553,0
WF.US,D,20190926,000000,28.762,29.127,28.762,28.864,28769,0
WF.US,D,20190927,000000,28.577,28.577,27.476,27.642,38125,0
WF.US,D,20190930,000000,28.438,28.864,28.438,28.864,101903,0
WF.US,D,20191001,000000,28.669,28.669,27.809,28.41,64554,0
WF.US,D,20191002,000000,27.67,27.67,27.143,27.263,29705,0
WF.US,D,20191003,000000,27.162,27.763,27.162,27.744,46656,0
WF.US,D,20191004,000000,27.532,28.041,27.532,27.874,25813,0
WF.US,D,20191007,000000,27.523,27.523,27.254,27.263,14820,0
WF.US,D,20191008,000000,27.005,27.31,26.948,27.079,28958,0
WF.US,D,20191009,000000,27.187,27.355,27.133,27.18,17722,0
WF.US,D,20191010,000000,26.773,26.773,26.394,26.615,34519,0
WF.US,D,20191011,000000,27.051,27.615,27.051,27.495,30299,0
WF.US,D,20191014,000000,27.606,27.77,27.513,27.661,19224,0
WF.US,D,20191015,000000,27.652,27.92,27.559,27.911,31075,0
WF.US,D,20191016,000000,27.855,27.855,27.549,27.68,25222,0
WF.US,D,20191017,000000,27.883,28.771,27.883,28.632,34971,0
WF.US,D,20191018,000000,28.651,28.651,28.003,28.003,24768,0
WF.US,D,20191021,000000,28.521,28.937,28.521,28.678,30523,0
WF.US,D,20191022,000000,29.205,29.718,29.205,29.668,26769,0
WF.US,D,20191023,000000,29.501,29.501,29.196,29.354,12367,0
WF.US,D,20191024,000000,29.252,29.354,29.134,29.261,14570,0
WF.US,D,20191025,000000,29.251,29.391,29.104,29.335,14110,0
WF.US,D,20191028,000000,29.001,29.001,28.585,28.585,13224,0
WF.US,D,20191029,000000,28.845,28.864,28.604,28.864,6999,0
WF.US,D,20191030,000000,28.577,28.577,27.911,28.17,17871,0
WF.US,D,20191031,000000,28.096,28.096,27.569,27.67,15187,0
WF.US,D,20191101,000000,27.855,28.457,27.855,28.447,29659,0
WF.US,D,20191104,000000,28.688,29.159,28.688,29.159,10412,0
WF.US,D,20191105,000000,29.132,29.261,29.011,29.261,22260,0
WF.US,D,20191106,000000,29.179,29.179,28.817,29.048,10268,0
WF.US,D,20191107,000000,29.455,29.687,29.408,29.687,62183,0
WF.US,D,20191108,000000,29.446,29.687,29.344,29.455,7298,0
WF.US,D,20191111,000000,29.335,29.372,28.845,29.243,13759,0
WF.US,D,20191112,000000,29.432,29.511,29.187,29.511,16457,0
WF.US,D,20191113,000000,28.983,28.983,28.511,28.715,16922,0
WF.US,D,20191114,000000,28.632,28.919,28.4,28.919,21010,0
WF.US,D,20191115,000000,29.316,29.798,29.316,29.77,27858,0
WF.US,D,20191118,000000,29.224,29.408,29.048,29.048,10572,0
WF.US,D,20191119,000000,29.326,29.326,28.826,29.233,20801,0
WF.US,D,20191120,000000,29.085,29.517,29.08,29.094,16139,0
WF.US,D,20191121,000000,28.669,28.669,28.077,28.077,23736,0
WF.US,D,20191122,000000,28.518,28.604,28.197,28.197,15584,0
WF.US,D,20191125,000000,28.197,28.549,28.197,28.531,29478,0
WF.US,D,20191126,000000,28.299,28.42,27.998,28.41,28822,0
WF.US,D,20191127,000000,28.262,28.41,28.124,28.235,18904,0
WF.US,D,20191129,000000,27.8,27.8,27.523,27.791,9685,0
WF.US,D,20191202,000000,27.698,27.698,27.301,27.448,52919,0
WF.US,D,20191203,000000,27.097,27.097,26.487,27.005,43593,0
WF.US,D,20191204,000000,27.281,27.374,26.866,26.866,31942,0
WF.US,D,20191205,000000,26.857,27.022,26.589,27.022,37508,0
WF.US,D,20191206,000000,26.811,26.899,26.718,26.726,19379,0
WF.US,D,20191209,000000,26.764,26.903,26.634,26.819,51397,0
WF.US,D,20191210,000000,26.819,26.819,26.514,26.589,48404,0
WF.US,D,20191211,000000,26.542,26.792,26.523,26.709,49831,0
WF.US,D,20191212,000000,27.328,28.337,27.328,28.197,47095,0
WF.US,D,20191213,000000,28.604,29.011,28.549,28.642,58311,0
WF.US,D,20191216,000000,28.41,28.622,28.382,28.622,30562,0
WF.US,D,20191217,000000,28.518,28.696,28.511,28.669,40300,0
WF.US,D,20191218,000000,28.503,28.614,28.262,28.392,36600,0
WF.US,D,20191219,000000,28.438,28.975,28.438,28.947,25844,0
WF.US,D,20191220,000000,28.965,29.099,28.568,28.568,49984,0
WF.US,D,20191223,000000,28.873,29.141,28.873,29.141,28548,0
WF.US,D,20191224,000000,29.068,29.122,28.4,28.771,31657,0
WF.US,D,20191226,000000,29.039,29.501,29.039,29.501,21788,0
WF.US,D,20191227,000000,29.205,29.705,29.205,29.705,32260,0
WF.US,D,20191230,000000,29.531,29.531,28.933,28.933,66403,0
WF.US,D,20191231,000000,29.163,29.319,29.087,29.193,19069,0
WF.US,D,20200102,000000,28.846,29.03,28.701,29.03,30880,0
WF.US,D,20200103,000000,28.363,28.461,28.161,28.161,42791,0
WF.US,D,20200106,000000,27.64,27.785,27.515,27.737,32396,0
WF.US,D,20200107,000000,28.316,28.316,27.659,27.718,30879,0
WF.US,D,20200108,000000,26.772,27.014,26.328,26.762,38052,0
WF.US,D,20200109,000000,26.82,26.83,26.604,26.647,25396,0
WF.US,D,20200110,000000,26.493,26.493,26.193,26.193,34556,0
WF.US,D,20200113,000000,26.387,26.762,26.01,26.57,91589,0
WF.US,D,20200114,000000,26.723,27.068,26.483,26.483,61125,0
WF.US,D,20200115,000000,26.647,27.091,26.647,26.714,37783,0
WF.US,D,20200116,000000,26.627,26.695,26.463,26.57,25477,0
WF.US,D,20200117,000000,26.56,26.762,26.54,26.733,19169,0
WF.US,D,20200121,000000,26.502,26.661,26.502,26.589,27603,0
WF.US,D,20200122,000000,26.723,27.1,26.714,27.014,46688,0
WF.US,D,20200123,000000,26.908,26.965,26.506,26.57,26100,0
WF.US,D,20200124,000000,26.637,26.695,26.318,26.599,21399,0
WF.US,D,20200127,000000,26.28,26.28,25.604,25.913,45747,0
WF.US,D,20200128,000000,25.604,25.691,25.382,25.624,36850,0
WF.US,D,20200129,000000,25.701,25.711,25.386,25.691,39218,0
WF.US,D,20200130,000000,25.344,25.508,24.997,25.354,41257,0
WF.US,D,20200131,000000,24.958,25.104,24.312,24.505,114681,0
WF.US,D,20200203,000000,24.553,24.833,24.454,24.727,39820,0
WF.US,D,20200204,000000,25.113,25.209,24.9,24.9,52915,0
WF.US,D,20200205,000000,25.046,25.441,25.046,25.209,24842,0
WF.US,D,20200206,000000,25.547,25.804,25.489,25.595,32562,0
WF.US,D,20200207,000000,25.479,25.479,24.582,24.833,16059,0
WF.US,D,20200210,000000,24.737,24.92,24.572,24.794,21496,0
WF.US,D,20200211,000000,25.469,25.614,25.344,25.469,24610,0
WF.US,D,20200212,000000,25.681,25.681,25.451,25.681,64622,0
WF.US,D,20200213,000000,25.451,25.451,25.036,25.19,43097,0
WF.US,D,20200214,000000,25.093,25.199,24.755,25.016,39796,0
WF.US,D,20200218,000000,24.592,24.785,24.35,24.35,30737,0
WF.US,D,20200219,000000,24.582,24.631,24.37,24.37,37211,0
WF.US,D,20200220,000000,24.041,24.11,23.376,23.376,75309,0
WF.US,D,20200221,000000,23.376,23.376,23.106,23.154,64235,0
WF.US,D,20200224,000000,22.189,22.295,21.813,22.073,64269,0
WF.US,D,20200225,000000,23.115,23.344,22.594,22.594,86717,0
WF.US,D,20200226,000000,23.135,23.569,23.135,23.463,96511,0
WF.US,D,20200227,000000,23.396,24.08,23.318,23.318,76463,0
WF.US,D,20200228,000000,22.787,23.376,22.604,23.376,89225,0
WF.US,D,20200302,000000,22.918,23.984,22.913,23.888,112787,0
WF.US,D,20200303,000000,23.367,23.761,22.922,23.145,126216,0
WF.US,D,20200304,000000,23.54,24.013,23.454,23.897,86822,0
WF.US,D,20200305,000000,22.981,23.019,22.502,22.72,98583,0
WF.US,D,20200306,000000,22.45,22.71,22.093,22.691,131549,0
WF.US,D,20200309,000000,21.466,21.466,19.295,20.598,110811,0
WF.US,D,20200310,000000,20.81,21.302,20.54,21.292,136489,0
WF.US,D,20200311,000000,20.925,21.109,20.596,20.829,121941,0
WF.US,D,20200312,000000,19.556,19.556,18.388,18.88,110502,0
WF.US,D,20200313,000000,19.267,20.125,18.996,19.999,204808,0
WF.US,D,20200316,000000,18.716,18.813,17.221,17.607,246242,0
WF.US,D,20200317,000000,17.336,17.973,16.646,17.781,168549,0
WF.US,D,20200318,000000,17.655,19.932,16.064,17.482,188404,0
WF.US,D,20200319,000000,17.173,17.704,15.832,16.188,168510,0
WF.US,D,20200320,000000,16.748,18.321,16.44,17.26,135421,0
WF.US,D,20200323,000000,16.064,16.304,14.992,15.05,123984,0
WF.US,D,20200324,000000,16.555,17.057,16.15,17.057,81310,0
WF.US,D,20200325,000000,17.395,18.996,17.327,17.607,67418,0
WF.US,D,20200326,000000,17.539,18.563,17.482,18.253,86255,0
WF.US,D,20200327,000000,17.887,19.189,17.616,18.349,87147,0
WF.US,D,20200330,000000,18.119,19.04,17.617,17.828,123976,0
WF.US,D,20200331,000000,17.549,18.62,17.549,18.119,81127,0
WF.US,D,20200401,000000,17.607,18.08,16.642,16.7,99198,0
WF.US,D,20200402,000000,16.922,18.976,16.922,17.52,109372,0
WF.US,D,20200403,000000,17.616,17.896,16.932,17.413,74086,0
WF.US,D,20200406,000000,17.896,18.909,17.858,18.321,68328,0
WF.US,D,20200407,000000,18.803,19.604,18.263,18.842,132848,0
WF.US,D,20200408,000000,18.349,18.803,18.123,18.524,107998,0
WF.US,D,20200409,000000,18.514,18.87,18.282,18.455,90159,0
WF.US,D,20200413,000000,18.948,19.604,18.514,18.746,62117,0
WF.US,D,20200414,000000,19.575,19.835,19.305,19.652,109833,0
WF.US,D,20200415,000000,18.89,19.073,18.63,19.015,62215,0
WF.US,D,20200416,000000,18.736,19.161,18.369,19.161,85471,0
WF.US,D,20200417,000000,19.373,20.81,19.373,19.623,86091,0
WF.US,D,20200420,000000,19.295,19.497,18.427,18.581,81290,0
WF.US,D,20200421,000000,17.848,18.465,17.751,18.215,86716,0
WF.US,D,20200422,000000,18.929,18.929,17.665,18.446,222510,0
WF.US,D,20200423,000000,18.398,18.524,18.06,18.321,173886,0
WF.US,D,20200424,000000,18.243,18.369,17.704,18.282,131622,0
WF.US,D,20200427,000000,19.305,20.704,19.285,20.53,140456,0
WF.US,D,20200428,000000,20.81,20.81,19.884,20.134,74374,0
WF.US,D,20200429,000000,20.405,20.964,20.405,20.714,48070,0
WF.US,D,20200430,000000,20.848,20.887,19.826,19.932,35876,0
WF.US,D,20200501,000000,19.893,19.893,19.095,19.517,96455,0
WF.US,D,20200504,000000,19.275,19.275,18.533,18.87,51948,0
WF.US,D,20200505,000000,19.045,19.247,18.764,18.87,44103,0
WF.US,D,20200506,000000,18.823,19.566,18.62,19.198,35856,0
WF.US,D,20200507,000000,19.122,19.971,18.852,19.44,57303,0
WF.US,D,20200508,000000,19.903,19.903,19.414,19.816,47198,0
WF.US,D,20200511,000000,19.758,19.758,18.566,18.958,84603,0
WF.US,D,20200512,000000,19.285,19.522,18.524,18.62,47096,0
WF.US,D,20200513,000000,18.736,18.985,18.524,18.736,90695,0
WF.US,D,20200514,000000,18.543,19.184,18.349,18.832,107919,0
WF.US,D,20200515,000000,18.919,18.919,17.482,18.311,59111,0
WF.US,D,20200518,000000,19.015,19.556,18.793,19.497,53247,0
WF.US,D,20200519,000000,19.652,19.749,18.62,18.996,170696,0
WF.US,D,20200520,000000,19.295,19.517,19.151,19.228,87920,0
WF.US,D,20200521,000000,19.275,19.275,18.687,18.746,38466,0
WF.US,D,20200522,000000,18.601,18.601,18.003,18.417,42745,0
WF.US,D,20200526,000000,19.073,19.903,19.073,19.72,90629,0
WF.US,D,20200527,000000,20.26,20.26,19.556,19.951,136889,0
WF.US,D,20200528,000000,20.221,21.215,20.149,20.732,50292,0
WF.US,D,20200529,000000,21.051,21.408,20.704,21.302,71600,0
WF.US,D,20200601,000000,21.591,22.498,21.577,22.257,75266,0
WF.US,D,20200602,000000,22.672,23.347,22.382,22.865,99646,0
WF.US,D,20200603,000000,23.839,25.246,23.839,24.977,77774,0
WF.US,D,20200604,000000,24.003,24.244,23.259,23.994,71662,0
WF.US,D,20200605,000000,24.852,25.691,24.787,25.152,93542,0
WF.US,D,20200608,000000,25.18,25.508,24.36,24.495,108978,0
WF.US,D,20200609,000000,24.418,24.418,23.26,23.617,84561,0
WF.US,D,20200610,000000,23.636,23.819,23.212,23.357,41708,0
WF.US,D,20200611,000000,22.739,22.739,21.369,21.369,37615,0
WF.US,D,20200612,000000,22.286,22.537,21.572,22.537,56805,0
WF.US,D,20200615,000000,21.611,21.697,20.984,21.582,46529,0
WF.US,D,20200616,000000,22.364,22.576,22.083,22.508,42674,0
WF.US,D,20200617,000000,22.47,22.47,21.871,21.919,35697,0
WF.US,D,20200618,000000,21.9,22.098,21.658,21.939,19178,0
WF.US,D,20200619,000000,22.478,22.478,21.668,21.668,110814,0
WF.US,D,20200622,000000,21.804,21.939,21.514,21.813,28837,0
WF.US,D,20200623,000000,21.678,22.093,21.601,21.774,27152,0
WF.US,D,20200624,000000,21.929,21.929,21.263,21.359,51947,0
WF.US,D,20200625,000000,21.186,21.552,20.858,21.543,48278,0
WF.US,D,20200626,000000,21.591,21.591,20.453,21.428,78717,0
WF.US,D,20200629,000000,20.964,21.049,20.52,20.974,23632,0
WF.US,D,20200630,000000,20.984,21.389,20.742,21.389,40270,0
WF.US,D,20200701,000000,21.167,21.63,20.974,21.63,25248,0
WF.US,D,20200702,000000,21.707,21.967,21.562,21.929,42017,0
WF.US,D,20200706,000000,22.112,22.401,21.794,22.372,31856,0
WF.US,D,20200707,000000,21.861,21.861,21.234,21.437,46273,0
WF.US,D,20200708,000000,21.746,21.746,21.322,21.572,24588,0
WF.US,D,20200709,000000,21.428,21.428,20.829,21.013,41869,0
WF.US,D,20200710,000000,20.559,20.665,20.327,20.569,53485,0
WF.US,D,20200713,000000,20.819,21.611,20.665,20.771,57632,0
WF.US,D,20200714,000000,20.626,21.47,20.395,20.781,71602,0
WF.US,D,20200715,000000,21.08,21.736,21.08,21.263,61351,0
WF.US,D,20200716,000000,21.456,21.765,21.391,21.495,53710,0
WF.US,D,20200717,000000,21.717,21.717,20.897,21.196,29378,0
WF.US,D,20200720,000000,21.283,21.717,21.225,21.707,48970,0
WF.US,D,20200721,000000,22.112,22.112,21.63,21.63,36081,0
WF.US,D,20200722,000000,21.369,21.678,21.331,21.505,20639,0
WF.US,D,20200723,000000,21.394,21.394,20.984,21.08,33012,0
WF.US,D,20200724,000000,20.993,21.129,20.502,20.877,100014,0
WF.US,D,20200727,000000,21.244,21.244,20.665,20.907,52831,0
WF.US,D,20200728,000000,21.023,21.023,20.616,20.685,175379,0
WF.US,D,20200729,000000,20.819,20.935,20.723,20.868,35731,0
WF.US,D,20200730,000000,20.472,20.704,20.26,20.704,24573,0
WF.US,D,20200731,000000,20.386,20.685,20.154,20.685,33244,0
WF.US,D,20200803,000000,20.608,20.608,20.188,20.193,36803,0
WF.US,D,20200804,000000,20.433,20.694,20.433,20.694,52721,0
WF.US,D,20200805,000000,20.887,20.897,20.616,20.694,25711,0
WF.US,D,20200806,000000,20.791,21.031,20.791,21.031,49542,0
WF.US,D,20200807,000000,20.916,20.916,20.51,20.685,35650,0
WF.US,D,20200810,000000,21.359,21.67,21.359,21.62,52054,0
WF.US,D,20200811,000000,22.083,22.392,21.9,22.179,45537,0
WF.US,D,20200812,000000,22.218,22.826,22.218,22.672,28536,0
WF.US,D,20200813,000000,22.547,22.612,22.179,22.257,35067,0
WF.US,D,20200814,000000,21.987,22.266,21.987,22.189,11345,0
WF.US,D,20200817,000000,22.228,22.44,21.91,22.354,30151,0
WF.US,D,20200818,000000,21.88,21.88,21.186,21.505,60824,0
WF.US,D,20200819,000000,21.514,21.63,21.147,21.514,41228,0
WF.US,D,20200820,000000,20.8,21.137,20.646,20.954,52877,0
WF.US,D,20200821,000000,20.964,21.003,20.762,20.887,22104,0
WF.US,D,20200824,000000,21.09,21.369,21.09,21.157,26089,0
WF.US,D,20200825,000000,21.428,21.678,21.379,21.524,37137,0
WF.US,D,20200826,000000,21.707,21.707,21.418,21.514,13486,0
WF.US,D,20200827,000000,21.582,21.582,21.06,21.273,40919,0
WF.US,D,20200828,000000,21.552,21.688,21.21,21.591,31542,0
WF.US,D,20200831,000000,21.176,21.215,20.626,20.771,51211,0
WF.US,D,20200901,000000,20.916,21.186,20.819,21.186,20740,0
WF.US,D,20200902,000000,20.964,21.225,20.694,21.225,34423,0
WF.US,D,20200903,000000,21.099,21.099,20.279,20.356,42149,0
WF.US,D,20200904,000000,20.704,20.752,20.211,20.752,27970,0
WF.US,D,20200908,000000,20.655,20.655,20.279,20.51,32619,0
WF.US,D,20200909,000000,20.502,21.031,20.502,21.031,29625,0
WF.US,D,20200910,000000,20.877,20.877,20.221,20.433,21025,0
WF.US,D,20200911,000000,20.376,20.714,20.241,20.714,24701,0
WF.US,D,20200914,000000,20.829,21.041,20.829,21.031,21293,0
WF.US,D,20200915,000000,21.273,21.273,20.8,21.119,30418,0
WF.US,D,20200916,000000,21.023,21.147,20.925,21.031,27619,0
WF.US,D,20200917,000000,20.771,21.09,20.771,20.925,25214,0
WF.US,D,20200918,000000,20.984,21.133,20.714,20.838,20364,0
WF.US,D,20200921,000000,20.424,20.771,20.407,20.771,32712,0
WF.US,D,20200922,000000,20.752,20.791,20.453,20.694,39512,0
WF.US,D,20200923,000000,20.646,20.714,20.125,20.317,46641,0
WF.US,D,20200924,000000,20.096,20.414,19.849,19.981,40570,0
WF.US,D,20200925,000000,20.087,20.549,20.087,20.549,22285,0
WF.US,D,20200928,000000,21.07,21.273,20.993,21.273,20921,0
WF.US,D,20200929,000000,21.292,21.292,20.984,21.041,25785,0
WF.US,D,20200930,000000,21.129,21.514,21.125,21.302,55800,0
WF.US,D,20201001,000000,21.283,21.418,21.244,21.331,14910,0
WF.US,D,20201002,000000,20.954,21.765,20.954,21.765,25608,0
WF.US,D,20201005,000000,21.852,21.88,21.599,21.736,38671,0
WF.US,D,20201006,000000,21.428,21.437,20.897,20.897,26553,0
WF.US,D,20201007,000000,21.418,21.852,21.418,21.852,37503,0
WF.US,D,20201008,000000,21.977,22.055,21.746,22.055,10935,0
WF.US,D,20201009,000000,22.151,22.179,21.949,22.179,28769,0
WF.US,D,20201012,000000,22.354,22.354,21.823,22.064,23716,0
WF.US,D,20201013,000000,21.939,21.939,21.582,21.9,19264,0
WF.US,D,20201014,000000,21.706,21.706,21.35,21.63,13127,0
WF.US,D,20201015,000000,21.196,21.552,21.129,21.322,19488,0
WF.US,D,20201016,000000,21.35,21.551,21.283,21.359,9004,0
WF.US,D,20201019,000000,21.678,21.919,21.437,21.601,17972,0
WF.US,D,20201020,000000,21.562,21.929,21.543,21.813,24938,0
WF.US,D,20201021,000000,22.006,22.334,22.006,22.286,18010,0
WF.US,D,20201022,000000,22.508,22.865,22.431,22.865,39785,0
WF.US,D,20201023,000000,23.482,24.013,23.396,24.003,63037,0
WF.US,D,20201026,000000,23.54,23.54,22.99,23.357,23259,0
WF.US,D,20201027,000000,22.913,22.913,22.431,22.73,20722,0
WF.US,D,20201028,000000,22.614,22.846,22.44,22.614,19539,0
WF.US,D,20201029,000000,22.72,23.299,22.653,23.299,77156,0
WF.US,D,20201030,000000,22.99,23.087,22.691,23.087,13065,0
WF.US,D,20201102,000000,23.367,23.685,23.367,23.569,18137,0
WF.US,D,20201103,000000,23.742,24.061,23.742,24.022,19093,0
WF.US,D,20201104,000000,23.752,24.013,23.713,23.917,11025,0
WF.US,D,20201105,000000,24.196,24.727,24.196,24.601,23343,0
WF.US,D,20201106,000000,24.794,24.794,24.389,24.649,7404,0
WF.US,D,20201109,000000,26.377,26.521,25.093,25.46,24657,0
WF.US,D,20201110,000000,25.397,25.643,25.397,25.518,43962,0
WF.US,D,20201111,000000,25.923,26.145,25.817,25.836,24157,0
WF.US,D,20201112,000000,25.681,25.681,25.142,25.142,10898,0
WF.US,D,20201113,000000,25.306,25.711,25.306,25.711,6070,0
WF.US,D,20201116,000000,26.521,26.521,25.91,26.078,26091,0
WF.US,D,20201117,000000,25.87,26.048,25.673,25.673,9752,0
WF.US,D,20201118,000000,26.01,26.338,26,26.309,26538,0
WF.US,D,20201119,000000,25.913,25.913,25.619,25.807,8806,0
WF.US,D,20201120,000000,25.972,26.135,25.807,26.135,14507,0
WF.US,D,20201123,000000,26.454,26.502,26.251,26.424,23403,0
WF.US,D,20201124,000000,26.82,27.085,26.451,27.014,36484,0
WF.US,D,20201125,000000,26.424,26.856,26.424,26.666,23080,0
WF.US,D,20201127,000000,26.908,26.984,26.637,26.984,6700,0
WF.US,D,20201130,000000,26.57,26.666,25.913,26.088,36101,0
WF.US,D,20201201,000000,26.531,26.782,26.521,26.637,17159,0
WF.US,D,20201202,000000,26.994,27.496,26.54,27.496,10533,0
WF.US,D,20201203,000000,27.071,27.12,26.637,26.637,32071,0
WF.US,D,20201204,000000,27.206,27.206,26.853,27.1,26483,0
WF.US,D,20201207,000000,27.052,27.052,26.666,26.792,11234,0
WF.US,D,20201208,000000,26.723,26.801,26.184,26.184,35019,0
WF.US,D,20201209,000000,26.473,26.773,26.299,26.454,20740,0
WF.US,D,20201210,000000,26.617,27.244,26.617,27.244,21537,0
WF.US,D,20201211,000000,27.187,27.466,27.042,27.466,13804,0
WF.US,D,20201214,000000,27.216,27.216,26.54,26.599,17431,0
WF.US,D,20201215,000000,26.869,26.936,26.444,26.82,20415,0
WF.US,D,20201216,000000,26.869,26.869,26.599,26.599,10765,0
WF.US,D,20201217,000000,26.55,26.994,26.55,26.878,17142,0
WF.US,D,20201218,000000,26.493,26.695,26.202,26.695,40436,0
WF.US,D,20201221,000000,26.377,26.377,25.913,26.174,39359,0
WF.US,D,20201222,000000,26.241,26.26,25.604,25.701,34082,0
WF.US,D,20201223,000000,25.913,26.318,25.913,26.299,13046,0
WF.US,D,20201224,000000,26.377,26.627,26.251,26.627,19066,0
WF.US,D,20201228,000000,26.54,27.071,26.377,27.071,32388,0
WF.US,D,20201229,000000,27.071,27.187,26.533,27.187,19482,0
WF.US,D,20201230,000000,26.91,27.761,26.492,27.028,24039,0
WF.US,D,20201231,000000,26.702,27.118,26.553,27.118,20734,0
WF.US,D,20210104,000000,26.365,26.662,25.83,26.216,33251,0
WF.US,D,20210105,000000,26.226,26.553,25.88,26.117,46166,0
WF.US,D,20210106,000000,26.137,26.9,26.137,26.612,47915,0
WF.US,D,20210107,000000,27.137,27.335,26.874,27.335,28567,0
WF.US,D,20210108,000000,27.256,27.296,26.86,27.296,19028,0
WF.US,D,20210111,000000,26.523,26.741,26.309,26.543,24815,0
WF.US,D,20210112,000000,26.315,26.663,26.315,26.553,46685,0
WF.US,D,20210113,000000,27.068,27.801,26.969,27.801,30599,0
WF.US,D,20210114,000000,27.613,27.742,27.345,27.573,34735,0
WF.US,D,20210115,000000,27.019,27.019,26.721,26.791,29877,0
WF.US,D,20210119,000000,27.524,27.692,26.741,26.83,36429,0
WF.US,D,20210120,000000,26.543,26.83,26.434,26.731,42832,0
WF.US,D,20210121,000000,26.305,26.583,26.192,26.345,40949,0
WF.US,D,20210122,000000,25.83,25.83,25.563,25.751,29857,0
WF.US,D,20210125,000000,25.652,25.771,25.523,25.731,36843,0
WF.US,D,20210126,000000,25.642,25.642,25.265,25.454,56502,0
WF.US,D,20210127,000000,24.919,25.008,24.651,24.79,24177,0
WF.US,D,20210128,000000,24.513,24.947,24.513,24.582,20176,0
WF.US,D,20210129,000000,23.72,23.948,23.384,23.661,34335,0
WF.US,D,20210201,000000,23.948,24.404,23.849,24.275,20760,0
WF.US,D,20210202,000000,24.275,24.414,24.097,24.245,34217,0
WF.US,D,20210203,000000,24.334,24.513,24.235,24.513,20616,0
WF.US,D,20210204,000000,24.136,24.235,24.027,24.235,16727,0
WF.US,D,20210205,000000,24.78,25.038,24.721,25.038,16487,0
WF.US,D,20210208,000000,25.097,25.12,24.929,25.028,12045,0
WF.US,D,20210209,000000,25.057,25.444,25.008,25.444,23086,0
WF.US,D,20210210,000000,25.85,25.85,25.533,25.612,22664,0
WF.US,D,20210211,000000,25.612,25.899,25.493,25.899,27675,0
WF.US,D,20210212,000000,25.82,25.988,25.741,25.741,19597,0
WF.US,D,20210216,000000,26.058,26.058,25.513,25.751,23281,0
WF.US,D,20210217,000000,25.662,25.899,25.525,25.899,14763,0
WF.US,D,20210218,000000,25.355,25.483,25.088,25.483,12958,0
WF.US,D,20210219,000000,25.82,25.998,25.82,25.998,15608,0
WF.US,D,20210222,000000,25.553,25.812,25.553,25.751,12456,0
WF.US,D,20210223,000000,25.592,25.86,25.424,25.86,14247,0
WF.US,D,20210224,000000,25.82,26.236,25.82,26.236,11788,0
WF.US,D,20210225,000000,26.216,26.345,25.642,25.949,31017,0
WF.US,D,20210226,000000,25.622,25.622,24.939,24.939,14097,0
WF.US,D,20210301,000000,25.137,25.701,25.137,25.444,19049,0
WF.US,D,20210302,000000,25.582,25.88,25.554,25.662,14810,0
WF.US,D,20210303,000000,25.731,25.929,25.563,25.563,19336,0
WF.US,D,20210304,000000,25.691,25.82,25.236,25.454,12038,0
WF.US,D,20210305,000000,25.662,25.85,25.315,25.85,20974,0
WF.US,D,20210308,000000,26.088,26.187,25.87,26.048,15130,0
WF.US,D,20210309,000000,26.404,26.702,26.325,26.484,25775,0
WF.US,D,20210310,000000,26.375,26.454,26.25,26.355,17400,0
WF.US,D,20210311,000000,26.375,26.642,26.375,26.484,9329,0
WF.US,D,20210312,000000,26.603,26.811,26.385,26.811,23474,0
WF.US,D,20210315,000000,26.503,26.84,26.385,26.84,26717,0
WF.US,D,20210316,000000,26.84,26.84,26.434,26.781,14337,0
WF.US,D,20210317,000000,26.553,26.751,26.226,26.751,11744,0
WF.US,D,20210318,000000,26.553,26.672,26.157,26.355,13682,0
WF.US,D,20210319,000000,26.632,26.801,26.355,26.801,22580,0
WF.US,D,20210322,000000,26.563,26.612,26.424,26.503,8774,0
WF.US,D,20210323,000000,26.355,26.513,26.058,26.167,7401,0
WF.US,D,20210324,000000,26.246,26.365,26.011,26.117,20691,0
WF.US,D,20210325,000000,26.048,26.414,26.009,26.414,19723,0
WF.US,D,20210326,000000,26.355,26.702,26.157,26.464,24858,0
WF.US,D,20210329,000000,26.573,26.84,26.484,26.751,10542,0
WF.US,D,20210330,000000,26.612,26.632,26.474,26.632,17095,0
WF.US,D,20210331,000000,26.682,26.84,26.464,26.84,10866,0
WF.US,D,20210401,000000,26.702,26.84,26.503,26.84,15368,0
WF.US,D,20210405,000000,26.949,26.949,26.523,26.939,13353,0
WF.US,D,20210406,000000,26.919,26.929,26.702,26.811,17006,0
WF.US,D,20210407,000000,28.058,28.266,28.049,28.266,22575,0
WF.US,D,20210408,000000,28.435,28.484,27.692,28.058,8685,0
WF.US,D,20210409,000000,27.524,27.524,26.721,26.721,16434,0
WF.US,D,20210412,000000,27.504,27.524,27.009,27.524,9233,0
WF.US,D,20210413,000000,27.236,27.438,26.979,27.197,13949,0
WF.US,D,20210414,000000,27.425,27.831,27.425,27.831,6387,0
WF.US,D,20210415,000000,27.623,27.94,27.464,27.94,7612,0
WF.US,D,20210416,000000,27.405,27.504,27.019,27.494,8573,0
WF.US,D,20210419,000000,27.167,27.514,27.019,27.019,12736,0
WF.US,D,20210420,000000,27.524,27.63,27.177,27.375,39768,0
WF.US,D,20210421,000000,27.197,27.375,26.969,27.375,9091,0
WF.US,D,20210422,000000,27.652,27.93,27.395,27.553,14236,0
WF.US,D,20210423,000000,27.811,28.098,27.702,28.098,15026,0
WF.US,D,20210426,000000,28.197,28.365,28.128,28.365,6641,0
WF.US,D,20210427,000000,28.306,28.415,28.227,28.415,8913,0
WF.US,D,20210428,000000,28.544,28.722,28.455,28.722,14592,0
WF.US,D,20210429,000000,28.781,28.821,28.326,28.623,9780,0
WF.US,D,20210430,000000,28.227,28.573,28.227,28.573,7241,0
WF.US,D,20210503,000000,27.959,28.257,27.761,28.257,14442,0
WF.US,D,20210504,000000,27.732,27.93,27.544,27.93,6790,0
WF.US,D,20210505,000000,27.89,27.93,27.603,27.712,7764,0
WF.US,D,20210506,000000,28.871,29.712,28.692,29.712,27243,0
WF.US,D,20210507,000000,30.178,30.178,29.267,29.603,11897,0
WF.US,D,20210510,000000,30.257,30.346,29.891,30.148,15317,0
WF.US,D,20210511,000000,30.003,30.003,29.663,29.663,13327,0
WF.US,D,20210512,000000,29.158,29.178,28.385,28.385,13880,0
WF.US,D,20210513,000000,28.791,29.287,28.791,29.128,21586,0
WF.US,D,20210514,000000,29.227,30.208,29.227,30.208,7305,0
WF.US,D,20210517,000000,29.128,29.306,28.848,29.306,14767,0
WF.US,D,20210518,000000,29.465,29.911,29.425,29.911,10630,0
WF.US,D,20210519,000000,29.423,29.534,29.257,29.534,6953,0
WF.US,D,20210520,000000,29.376,29.613,29.147,29.613,8696,0
WF.US,D,20210521,000000,28.861,30.416,28.534,30.416,11559,0
WF.US,D,20210524,000000,29.485,29.485,29.161,29.356,11761,0
WF.US,D,20210525,000000,29.346,29.415,28.722,28.722,28419,0
WF.US,D,20210526,000000,29.271,29.346,29.083,29.168,4151,0
WF.US,D,20210527,000000,28.98,29.217,28.722,28.722,13742,0
WF.US,D,20210528,000000,29.287,29.633,29.227,29.227,12738,0
WF.US,D,20210601,000000,29.831,30.267,29.821,30.267,11923,0
WF.US,D,20210602,000000,29.97,30.247,29.97,30.128,9338,0
WF.US,D,20210603,000000,30.079,30.305,29.93,30.049,6159,0
WF.US,D,20210604,000000,30.851,31.267,30.851,31.178,10783,0
WF.US,D,20210607,000000,31,31.114,30.911,30.911,5641,0
WF.US,D,20210608,000000,30.911,30.921,30.693,30.921,4938,0
WF.US,D,20210609,000000,30.673,31.693,30.635,31.693,11324,0
WF.US,D,20210610,000000,30.693,30.71,30.416,30.435,8626,0
WF.US,D,20210611,000000,30.792,30.792,30.148,30.445,8031,0
WF.US,D,20210614,000000,30.178,30.178,29.821,29.831,5313,0
WF.US,D,20210615,000000,30.376,30.435,30.109,30.435,14687,0
WF.US,D,20210616,000000,31.465,31.703,30.822,31.059,12527,0
WF.US,D,20210617,000000,30.871,30.871,30.564,30.564,10343,0
WF.US,D,20210618,000000,30.208,30.564,29.693,30,20615,0
WF.US,D,20210621,000000,29.653,30.178,29.653,29.891,11672,0
WF.US,D,20210622,000000,29.98,30.336,29.703,30.336,11303,0
WF.US,D,20210623,000000,29.762,29.98,29.594,29.861,7198,0
WF.US,D,20210624,000000,30.594,30.782,30.312,30.782,11820,0
WF.US,D,20210625,000000,31.158,32.238,31.01,32.238,17215,0
WF.US,D,20210628,000000,31.644,31.644,31.198,31.614,7306,0
WF.US,D,20210629,000000,30.851,30.851,30.416,30.525,7616,0
WF.US,D,20210630,000000,30.386,30.386,29.96,29.98,16777,0
WF.US,D,20210701,000000,30.188,30.188,29.881,30.178,7112,0
WF.US,D,20210702,000000,30.307,30.663,30.198,30.663,10520,0
WF.US,D,20210706,000000,30.455,30.455,30,30.178,4942,0
WF.US,D,20210707,000000,29.95,29.95,29.663,29.752,6641,0
WF.US,D,20210708,000000,29.514,29.663,29.138,29.138,9015,0
WF.US,D,20210709,000000,29.188,29.306,29.118,29.247,7424,0
WF.US,D,20210712,000000,29.283,29.544,29.257,29.544,5992,0
WF.US,D,20210713,000000,29.455,29.891,29.247,29.376,28751,0
WF.US,D,20210714,000000,29.524,29.712,29.395,29.395,8837,0
WF.US,D,20210715,000000,29.544,30.277,29.345,30.277,4623,0
WF.US,D,20210716,000000,29.683,29.811,29.386,29.673,4925,0
WF.US,D,20210719,000000,29.069,29.069,28.623,29.039,12043,0
WF.US,D,20210720,000000,29.138,29.495,28.823,29.475,6895,0
WF.US,D,20210721,000000,29.306,30.515,29.088,29.594,14107,0
WF.US,D,20210722,000000,30.227,30.227,29.326,29.475,49363,0
WF.US,D,20210723,000000,28.861,28.861,28.573,28.702,18406,0
WF.US,D,20210726,000000,28.276,28.573,28.276,28.564,14288,0
WF.US,D,20210727,000000,28.379,28.572,28.177,28.177,13812,0
WF.US,D,20210728,000000,28.514,28.93,28.207,28.93,7397,0
WF.US,D,20210729,000000,29,29.18,28.8106,29.16,3676,0
WF.US,D,20210730,000000,28.35,28.39,28,28.29,6289,0
WF.US,D,20210802,000000,28.13,28.35,27.93,28.35,16437,0
WF.US,D,20210803,000000,28.42,29.0324,28.28,28.8,83934,0
WF.US,D,20210804,000000,29.16,29.65,29.16,29.5,203792,0
WF.US,D,20210805,000000,29.31,29.42,28.85,29.18,63744,0
WF.US,D,20210806,000000,29.2,29.54,28.75,29.54,13778,0
WF.US,D,20210809,000000,29.24,29.71,28.9601,29.71,13294,0
WF.US,D,20210810,000000,29.36,29.36,29.11,29.18,13197,0
WF.US,D,20210811,000000,29.41,29.6695,28.9801,29.53,18862,0
WF.US,D,20210812,000000,29.19,29.19,28.85,28.96,5035,0
WF.US,D,20210813,000000,28.84,29.21,28.67,29.21,14983,0
WF.US,D,20210816,000000,28.85,29.08,28.6803,29.08,10376,0
WF.US,D,20210817,000000,28.5,28.55,28.1,28.55,15510,0
WF.US,D,20210818,000000,28.4,28.604,28.27,28.53,6962,0
WF.US,D,20210819,000000,27.71,28.02,27.59,28.02,23609,0
WF.US,D,20210820,000000,27.19,27.44,26.98,27.43,21276,0
WF.US,D,20210823,000000,27.75,27.98,27.69,27.69,7507,0
WF.US,D,20210824,000000,28.26,28.62,28.26,28.59,13852,0
WF.US,D,20210825,000000,28.385,28.77,28.29,28.52,10623,0
WF.US,D,20210826,000000,28.63,29.04,28.41,29.04,16013,0
WF.US,D,20210827,000000,29.12,29.82,29.12,29.82,10974,0
WF.US,D,20210830,000000,28.85,30,28.46,30,6806,0
WF.US,D,20210831,000000,30.09,30.09,29.06,29.06,16111,0
WF.US,D,20210901,000000,29.57,29.84,29.3001,29.84,30095,0
WF.US,D,20210902,000000,29.65,29.65,29.32,29.62,15435,0
WF.US,D,20210903,000000,29.62,29.64,29.26,29.64,7756,0
WF.US,D,20210907,000000,28.8,28.8,28.42,28.42,9822,0
WF.US,D,20210908,000000,28.57,28.7,28.3294,28.7,10259,0
WF.US,D,20210909,000000,28.1,28.1,27.74,27.87,9541,0
WF.US,D,20210910,000000,28.24,28.29,27.7501,28.05,12086,0
WF.US,D,20210913,000000,28.14,28.4445,27.92,28.43,6610,0
WF.US,D,20210914,000000,28.53,28.66,28.08,28.65,13817,0
WF.US,D,20210915,000000,28.44,28.68,28.15,28.68,6307,0
WF.US,D,20210916,000000,28.39,28.39,27.91,28.25,9354,0
WF.US,D,20210917,000000,28.14,28.2683,27.6,27.63,14941,0
WF.US,D,20210920,000000,27.58,28.06,27.08,27.76,6137,0
WF.US,D,20210921,000000,27.55,27.82,27.23,27.52,23052,0
WF.US,D,20210922,000000,27.8,27.99,27.51,27.57,23657,0
WF.US,D,20210923,000000,28.07,29,28.07,29,9606,0
WF.US,D,20210924,000000,28.31,28.31,27.93,28.07,13207,0
WF.US,D,20210927,000000,28.53,28.82,28.53,28.82,9179,0
WF.US,D,20210928,000000,28.55,28.73,28.39,28.43,12825,0
WF.US,D,20210929,000000,28.58,28.74,28.27,28.74,22845,0
WF.US,D,20210930,000000,29.28,29.3488,28.9,28.9,15890,0
WF.US,D,20211001,000000,28.95,29.4,28.87,29.4,10346,0
WF.US,D,20211004,000000,29.13,29.13,28.69,29.07,7482,0
WF.US,D,20211005,000000,28.98,29.12,28.7038,29.1,7501,0
WF.US,D,20211006,000000,28.72,28.95,28.58,28.65,14497,0
WF.US,D,20211007,000000,29.28,29.5298,29.13,29.13,7565,0
WF.US,D,20211008,000000,29.11,29.1768,28.913,28.98,3436,0
WF.US,D,20211011,000000,28.9,29.27,28.63,28.73,15550,0
WF.US,D,20211012,000000,29.06,29.3192,28.96,29.13,10008,0
WF.US,D,20211013,000000,29.6555,29.665,29.42,29.63,5978,0
WF.US,D,20211014,000000,29.66,29.77,29.46,29.71,18237,0
WF.US,D,20211015,000000,30.06,31,30.03,31,31292,0
WF.US,D,20211018,000000,30.48,31.08,30.365,31.08,9807,0
WF.US,D,20211019,000000,31.43,31.61,31.42,31.5,10361,0
WF.US,D,20211020,000000,32,32.165,31.95,32.13,10037,0
WF.US,D,20211021,000000,32.17,32.33,31.695,32.3,22636,0
WF.US,D,20211022,000000,32.42,32.61,32.29,32.5,9268,0
WF.US,D,20211025,000000,33.02,33.42,32.74,33.15,5941,0
WF.US,D,20211026,000000,33.88,34.03,33.73,33.95,20056,0
WF.US,D,20211027,000000,34,34.2204,33.83,33.91,9236,0
WF.US,D,20211028,000000,33.74,33.855,33.62,33.62,5098,0
WF.US,D,20211029,000000,33.54,33.6,33.24,33.58,29381,0
WF.US,D,20211101,000000,33.82,33.9,33.73,33.87,9789,0
WF.US,D,20211102,000000,34.03,34.24,33.97,34.21,15403,0
WF.US,D,20211103,000000,33.61,33.86,33.4161,33.85,8103,0
WF.US,D,20211104,000000,34.21,34.3975,34.03,34.38,8058,0
WF.US,D,20211105,000000,33.97,33.97,33.53,33.79,10512,0
WF.US,D,20211108,000000,33.75,34.03,33.74,33.74,3840,0
WF.US,D,20211109,000000,33.79,33.79,33.39,33.58,8951,0
WF.US,D,20211110,000000,33.45,33.455,33.1902,33.4,6976,0
WF.US,D,20211111,000000,33.02,33.42,33.02,33.37,9400,0
WF.US,D,20211112,000000,33.35,33.505,33.32,33.32,8378,0
WF.US,D,20211115,000000,33.86,34.18,33.49,33.75,19668,0
WF.US,D,20211116,000000,34.05,34.35,33.92,34.35,16303,0
WF.US,D,20211117,000000,33.9,33.99,33.73,33.82,17955,0
WF.US,D,20211118,000000,34.08,34.38,33.86,34.22,9592,0
WF.US,D,20211119,000000,33.44,33.44,32.69,33.07,27610,0
WF.US,D,20211122,000000,33.8,34.02,33.63,33.98,8651,0
WF.US,D,20211123,000000,34.1,34.24,33.9,34.13,8105,0
WF.US,D,20211124,000000,34.27,34.3,34,34.09,4710,0
WF.US,D,20211126,000000,32.45,32.72,31.99,32.02,12032,0
WF.US,D,20211129,000000,32.01,32.34,31.8,32.29,17851,0
WF.US,D,20211130,000000,31.81,32.18,31.73,31.98,16467,0
WF.US,D,20211201,000000,32.01,32.09,31.49,31.58,11312,0
WF.US,D,20211202,000000,31.95,32.43,31.91,32.29,19485,0
WF.US,D,20211203,000000,32.37,32.37,31.86,32.18,9954,0
WF.US,D,20211206,000000,32.68,33.1,32.6404,33.09,10591,0
WF.US,D,20211207,000000,33.48,33.52,33.24,33.37,18726,0
WF.US,D,20211208,000000,33.23,33.44,33.12,33.44,7814,0
WF.US,D,20211209,000000,33.0751,33.08,32.93,32.97,2599,0
WF.US,D,20211210,000000,33.1401,33.185,33.02,33.05,4343,0
WF.US,D,20211213,000000,33.09,33.18,32.91,33.05,14773,0
WF.US,D,20211214,000000,33.24,33.27,32.66,32.95,23401,0
WF.US,D,20211215,000000,33.32,33.44,32.93,33.39,31250,0
WF.US,D,20211216,000000,33.74,33.74,32.79,32.79,25733,0
WF.US,D,20211217,000000,33.61,33.88,33.61,33.83,21488,0
WF.US,D,20211220,000000,33.32,33.34,33.08,33.29,7952,0
WF.US,D,20211221,000000,33.53,33.8498,33.53,33.83,6906,0
WF.US,D,20211222,000000,33.67,33.93,33.62,33.93,12210,0
WF.US,D,20211223,000000,33.84,34.06,33.6546,33.9,9642,0
WF.US,D,20211227,000000,33.18,33.62,32.87,33.42,9289,0
WF.US,D,20211228,000000,33.32,33.54,33.1506,33.54,8432,0
WF.US,D,20211229,000000,32.98,33.24,32.91,33.21,12502,0
WF.US,D,20211230,000000,32.37,32.4631,32.12,32.19,23365,0
WF.US,D,20211231,000000,32.22,32.22,32.06,32.13,6833,0
WF.US,D,20220103,000000,32.35,32.55,32.0701,32.55,18494,0
WF.US,D,20220104,000000,32.71,32.94,32.6001,32.81,16262,0
WF.US,D,20220105,000000,32.68,32.8961,32.52,32.6,5885,0
WF.US,D,20220106,000000,32.34,32.51,32.12,32.34,9077,0
WF.US,D,20220107,000000,32.66,34,32.61,34,22609,0
WF.US,D,20220110,000000,34.73,35.25,34.5657,35.12,39977,0
WF.US,D,20220111,000000,36.2,37.99,36.2,37.9,44204,0
WF.US,D,20220112,000000,38.04,38.06,37.76,37.97,29104,0
WF.US,D,20220113,000000,37.97,38.41,37.7046,38.01,14519,0
WF.US,D,20220114,000000,37.7,38.04,37.59,38.04,17143,0
WF.US,D,20220118,000000,37.63,37.63,36.71,37.07,21624,0
WF.US,D,20220119,000000,37.94,38.2482,37.65,37.65,12119,0
WF.US,D,20220120,000000,37.27,37.6599,36.69,36.83,14843,0
WF.US,D,20220121,000000,37.39,37.39,36.6614,36.7,9009,0
