<TICKER>,<PER>,<DATE>,<TIME>,<OPEN>,<HIGH>,<LOW>,<CLOSE>,<VOL>,<OPENINT>
WRAC-WS.US,D,20210921,000000,0.4798,0.5201,0.4798,0.519899,243460,0
WRAC-WS.US,D,20210922,000000,0.47,0.53,0.47,0.5101,5978,0
WRAC-WS.US,D,20210923,000000,0.51,0.5201,0.5099,0.51,151255,0
WRAC-WS.US,D,20210924,000000,0.5301,0.5301,0.51,0.51,11879,0
WRAC-WS.US,D,20210927,000000,0.51,0.51,0.4501,0.509999,282282,0
WRAC-WS.US,D,20210928,000000,0.4995,0.51,0.4899,0.51,50446,0
WRAC-WS.US,D,20210929,000000,0.51,0.51,0.48,0.5,34099,0
WRAC-WS.US,D,20210930,000000,0.5,0.5,0.5,0.5,17000,0
WRAC-WS.US,D,20211001,000000,0.5025,0.5125,0.495,0.5,31006,0
WRAC-WS.US,D,20211004,000000,0.5,0.5,0.4939,0.4939,13939,0
WRAC-WS.US,D,20211005,000000,0.49,0.519799,0.485,0.4919,34387,0
WRAC-WS.US,D,20211006,000000,0.54,0.54,0.47,0.4797,207152,0
WRAC-WS.US,D,20211007,000000,0.5197,0.5299,0.4797,0.4946,1122,0
WRAC-WS.US,D,20211013,000000,0.4998,0.4998,0.4797,0.4848,1710,0
WRAC-WS.US,D,20211014,000000,0.515,0.515,0.465,0.4716,202853,0
WRAC-WS.US,D,20211015,000000,0.4716,0.4716,0.465,0.4695,19900,0
WRAC-WS.US,D,20211018,000000,0.4694,0.4694,0.4694,0.4694,1353,0
WRAC-WS.US,D,20211019,000000,0.4694,0.48,0.4649,0.48,62100,0
WRAC-WS.US,D,20211020,000000,0.4649,0.4649,0.4649,0.4649,200,0
WRAC-WS.US,D,20211021,000000,0.4773,0.5,0.46,0.5,319812,0
WRAC-WS.US,D,20211022,000000,0.5099,0.52,0.5099,0.515,212000,0
WRAC-WS.US,D,20211025,000000,0.5,0.5,0.5,0.5,200,0
WRAC-WS.US,D,20211026,000000,0.53,0.5349,0.5,0.53,35576,0
WRAC-WS.US,D,20211027,000000,0.535,0.55,0.5176,0.54,108069,0
WRAC-WS.US,D,20211028,000000,0.54,0.55,0.54,0.55,1100,0
WRAC-WS.US,D,20211029,000000,0.55,0.55,0.5499,0.5499,1700,0
WRAC-WS.US,D,20211101,000000,0.55,0.55,0.55,0.55,1100,0
WRAC-WS.US,D,20211102,000000,0.55,0.57005,0.5,0.52,22455,0
WRAC-WS.US,D,20211103,000000,0.54,0.6,0.539,0.58475,60099,0
WRAC-WS.US,D,20211104,000000,0.6,0.6,0.5824,0.5848,11400,0
WRAC-WS.US,D,20211105,000000,0.62,0.62,0.53,0.55,21452,0
WRAC-WS.US,D,20211108,000000,0.61,0.61,0.55,0.5999,13358,0
WRAC-WS.US,D,20211109,000000,0.62,0.62,0.54,0.57,34466,0
WRAC-WS.US,D,20211110,000000,0.617,0.617,0.5301,0.5403,9961,0
WRAC-WS.US,D,20211111,000000,0.6,0.6,0.55,0.56,34300,0
WRAC-WS.US,D,20211112,000000,0.59,0.59,0.521,0.55,38337,0
WRAC-WS.US,D,20211115,000000,0.58,0.58,0.52,0.5659,12532,0
WRAC-WS.US,D,20211116,000000,0.559,0.559,0.5205,0.558,5268,0
WRAC-WS.US,D,20211117,000000,0.59,0.5901,0.54,0.5602,22900,0
WRAC-WS.US,D,20211119,000000,0.59,0.59,0.53,0.5852,34540,0
WRAC-WS.US,D,20211122,000000,0.57,0.5896,0.5501,0.5844,62772,0
WRAC-WS.US,D,20211123,000000,0.62,0.62,0.55,0.58,69386,0
WRAC-WS.US,D,20211124,000000,0.6099,0.6099,0.55,0.55,1400,0
WRAC-WS.US,D,20211126,000000,0.5101,0.5525,0.5101,0.5525,200,0
WRAC-WS.US,D,20211129,000000,0.5101,0.5699,0.5101,0.555,17017,0
WRAC-WS.US,D,20211130,000000,0.52,0.55,0.510201,0.545,38650,0
WRAC-WS.US,D,20211201,000000,0.56,0.56,0.56,0.56,100,0
WRAC-WS.US,D,20211202,000000,0.5202,0.5502,0.5202,0.5502,3000,0
WRAC-WS.US,D,20211203,000000,0.5799,0.5799,0.5499,0.5499,300,0
WRAC-WS.US,D,20211206,000000,0.5999,0.5999,0.56105,0.56105,300,0
WRAC-WS.US,D,20211207,000000,0.5131,0.5699,0.5131,0.5699,3500,0
WRAC-WS.US,D,20211208,000000,0.56,0.5608,0.56,0.5608,10000,0
WRAC-WS.US,D,20211210,000000,0.5102,0.5401,0.51,0.54,61100,0
WRAC-WS.US,D,20211213,000000,0.54,0.54,0.54,0.54,100,0
WRAC-WS.US,D,20211214,000000,0.54,0.54,0.4801,0.5321,9608,0
WRAC-WS.US,D,20211217,000000,0.5,0.5299,0.5,0.5299,75100,0
WRAC-WS.US,D,20211230,000000,0.5001,0.52,0.5001,0.51,6838,0
WRAC-WS.US,D,20211231,000000,0.5001,0.53,0.5,0.52,11667,0
WRAC-WS.US,D,20220106,000000,0.5,0.5,0.5,0.5,10200,0
WRAC-WS.US,D,20220107,000000,0.5348,0.5348,0.5,0.5,2650,0
WRAC-WS.US,D,20220110,000000,0.5,0.5,0.45,0.47,78144,0
WRAC-WS.US,D,20220111,000000,0.4501,0.4501,0.4501,0.4501,15000,0
WRAC-WS.US,D,20220112,000000,0.44,0.47,0.44,0.47,700,0
WRAC-WS.US,D,20220113,000000,0.4899,0.4899,0.4899,0.4899,300,0
WRAC-WS.US,D,20220114,000000,0.45495,0.4998,0.45495,0.4998,1301,0
WRAC-WS.US,D,20220119,000000,0.45,0.49,0.45,0.49,88500,0
WRAC-WS.US,D,20220120,000000,0.4401,0.46,0.4401,0.455,73860,0
WRAC-WS.US,D,20220121,000000,0.4401,0.4401,0.3701,0.4,29803,0
