<TICKER>,<PER>,<DATE>,<TIME>,<OPEN>,<HIGH>,<LOW>,<CLOSE>,<VOL>,<OPENINT>
XFLT.US,D,20170928,000000,6.9236,7.0954,6.7895,6.8912,374322,0
XFLT.US,D,20170929,000000,6.9027,6.9034,6.8701,6.8701,31213,0
XFLT.US,D,20171002,000000,6.8769,6.8912,6.8761,6.8912,43724,0
XFLT.US,D,20171003,000000,6.8912,8.4862,6.8912,7.807,140801,0
XFLT.US,D,20171004,000000,7.4669,7.4669,7.2645,7.2645,20197,0
XFLT.US,D,20171005,000000,7.2645,7.7735,7.2645,7.4334,33340,0
XFLT.US,D,20171006,000000,7.6713,7.6713,7.4334,7.4334,37796,0
XFLT.US,D,20171009,000000,7.5084,7.5084,7.3308,7.3308,6161,0
XFLT.US,D,20171010,000000,7.367,7.5701,7.2973,7.4191,55597,0
XFLT.US,D,20171011,000000,7.4401,7.5701,7.2973,7.3169,51497,0
XFLT.US,D,20171012,000000,7.3989,7.5011,7.3308,7.5011,4876,0
XFLT.US,D,20171013,000000,7.4609,7.5618,7.4401,7.4669,28116,0
XFLT.US,D,20171016,000000,7.4334,7.4334,7.367,7.3838,12521,0
XFLT.US,D,20171017,000000,7.4669,7.5011,7.4324,7.5011,41570,0
XFLT.US,D,20171018,000000,7.5353,7.5701,7.4334,7.4334,14701,0
XFLT.US,D,20171019,000000,7.4669,7.4669,7.3989,7.3989,5205,0
XFLT.US,D,20171020,000000,7.4609,7.5353,7.3989,7.4669,19019,0
XFLT.US,D,20171023,000000,7.5084,7.5199,7.4191,7.4191,12975,0
XFLT.US,D,20171024,000000,7.4609,7.5353,7.4254,7.4663,17990,0
XFLT.US,D,20171025,000000,7.4669,7.4669,7.2965,7.367,19224,0
XFLT.US,D,20171026,000000,7.3555,7.3555,7.3555,7.3555,590,0
XFLT.US,D,20171027,000000,7.34,7.34,7.34,7.34,1568,0
XFLT.US,D,20171030,000000,7.3979,7.3979,7.3127,7.3662,11565,0
XFLT.US,D,20171031,000000,7.367,7.367,7.3169,7.3531,26464,0
XFLT.US,D,20171101,000000,7.4669,7.4669,7.2645,7.3601,15631,0
XFLT.US,D,20171102,000000,7.2973,7.4334,7.2965,7.3308,3832,0
XFLT.US,D,20171103,000000,7.2645,7.2645,6.7951,6.8769,161758,0
XFLT.US,D,20171106,000000,6.8562,7.1274,6.8219,7.0255,90600,0
XFLT.US,D,20171107,000000,6.9236,7.1274,6.8632,6.8912,57382,0
XFLT.US,D,20171108,000000,6.9236,7.0255,6.8971,6.9236,39443,0
XFLT.US,D,20171109,000000,6.9924,6.9924,6.9306,6.9919,14732,0
XFLT.US,D,20171110,000000,6.9772,6.9858,6.9592,6.9793,21566,0
XFLT.US,D,20171113,000000,6.9583,6.9644,6.9306,6.9447,12861,0
XFLT.US,D,20171114,000000,6.9027,6.9027,6.8509,6.8678,52611,0
XFLT.US,D,20171115,000000,6.9027,6.9375,6.8345,6.8345,38057,0
XFLT.US,D,20171116,000000,6.8345,6.8896,6.821,6.8823,27723,0
XFLT.US,D,20171117,000000,6.8689,6.8769,6.8689,6.8769,9809,0
XFLT.US,D,20171120,000000,6.8761,6.8896,6.8345,6.8345,24392,0
XFLT.US,D,20171121,000000,6.8345,6.8671,6.8274,6.8671,53989,0
XFLT.US,D,20171122,000000,6.8617,6.8617,6.8274,6.8274,23609,0
XFLT.US,D,20171124,000000,6.8576,6.8576,6.8576,6.8576,440,0
XFLT.US,D,20171127,000000,6.8416,6.8416,6.801,6.801,11417,0
XFLT.US,D,20171128,000000,6.8136,6.8689,6.8136,6.8515,61743,0
XFLT.US,D,20171129,000000,6.8617,6.8617,6.8274,6.8274,41062,0
XFLT.US,D,20171130,000000,6.7662,6.8549,6.7588,6.849,48819,0
XFLT.US,D,20171201,000000,6.8416,6.854,6.8345,6.8353,17706,0
XFLT.US,D,20171204,000000,6.8617,6.8617,6.8136,6.8345,19194,0
XFLT.US,D,20171205,000000,6.821,6.821,6.4587,6.7321,56033,0
XFLT.US,D,20171206,000000,6.8136,6.9027,6.7718,6.8345,47643,0
XFLT.US,D,20171207,000000,6.8274,6.9375,6.7321,6.801,32535,0
XFLT.US,D,20171208,000000,6.8076,6.8274,6.7802,6.7802,20639,0
XFLT.US,D,20171211,000000,6.8274,6.8345,6.7662,6.7945,24552,0
XFLT.US,D,20171212,000000,6.8076,6.8076,6.659,6.7662,34636,0
XFLT.US,D,20171213,000000,6.7662,6.7916,6.7321,6.7455,10418,0
XFLT.US,D,20171214,000000,6.7455,6.7617,6.7035,6.7321,21789,0
XFLT.US,D,20171215,000000,6.7654,6.821,6.7555,6.821,10344,0
XFLT.US,D,20171218,000000,6.7802,6.8118,6.7793,6.8076,9127,0
XFLT.US,D,20171219,000000,6.8274,6.8483,6.8136,6.8136,5230,0
XFLT.US,D,20171220,000000,6.8617,6.8689,6.669,6.7108,7875,0
XFLT.US,D,20171221,000000,6.7793,6.7937,6.5736,6.58,45081,0
XFLT.US,D,20171222,000000,6.6029,6.6029,6.5109,6.5315,39156,0
XFLT.US,D,20171226,000000,6.5249,6.559,6.4765,6.4833,65595,0
XFLT.US,D,20171227,000000,6.5039,6.5039,6.4147,6.4419,119088,0
XFLT.US,D,20171228,000000,6.4419,6.4629,6.3803,6.4629,134171,0
XFLT.US,D,20171229,000000,6.4558,6.5039,6.4352,6.4698,63262,0
XFLT.US,D,20180102,000000,6.4492,6.5039,6.4217,6.5039,35296,0
XFLT.US,D,20180103,000000,6.5249,6.6139,6.5249,6.58,30013,0
XFLT.US,D,20180104,000000,6.65,6.6762,6.5383,6.655,28250,0
XFLT.US,D,20180105,000000,6.6614,6.7108,6.655,6.7035,14690,0
XFLT.US,D,20180108,000000,6.7238,6.7933,6.6901,6.7517,92710,0
XFLT.US,D,20180109,000000,6.7447,6.7937,6.6478,6.7579,190430,0
XFLT.US,D,20180110,000000,6.7517,6.7654,6.7517,6.7517,27845,0
XFLT.US,D,20180111,000000,6.7447,6.7517,6.6973,6.7517,10223,0
XFLT.US,D,20180112,000000,6.7785,6.8076,6.751,6.8004,14191,0
XFLT.US,D,20180116,000000,6.7858,6.9314,6.7785,6.8274,39705,0
XFLT.US,D,20180117,000000,6.8136,6.8136,6.6817,6.71,21039,0
XFLT.US,D,20180118,000000,6.7306,6.7873,6.6817,6.7232,9106,0
XFLT.US,D,20180119,000000,6.7232,6.751,6.6817,6.71,10333,0
XFLT.US,D,20180122,000000,6.7232,6.7232,6.6958,6.717,1492,0
XFLT.US,D,20180123,000000,6.7232,6.9179,6.7232,6.8896,68127,0
XFLT.US,D,20180124,000000,6.8761,7.0283,6.8274,6.9655,37749,0
XFLT.US,D,20180125,000000,6.9314,6.9578,6.9179,6.9447,10431,0
XFLT.US,D,20180126,000000,6.8971,6.8971,6.8136,6.8689,37370,0
XFLT.US,D,20180129,000000,6.8761,6.8971,6.8004,6.8076,27121,0
XFLT.US,D,20180130,000000,6.7933,6.8617,6.7028,6.7447,24991,0
XFLT.US,D,20180131,000000,6.7447,6.7447,6.7028,6.7232,10245,0
XFLT.US,D,20180201,000000,6.71,6.7232,6.71,6.7185,17426,0
XFLT.US,D,20180202,000000,6.7447,6.7447,6.717,6.717,9184,0
XFLT.US,D,20180205,000000,6.7572,6.7572,6.5502,6.5846,19463,0
XFLT.US,D,20180206,000000,6.6129,6.7232,6.6036,6.7232,10220,0
XFLT.US,D,20180207,000000,6.7447,6.8136,6.7232,6.7328,25401,0
XFLT.US,D,20180208,000000,6.7306,6.7718,6.7028,6.7226,26557,0
XFLT.US,D,20180209,000000,6.71,6.71,6.6817,6.6817,18293,0
XFLT.US,D,20180212,000000,6.71,6.7328,6.71,6.7146,27276,0
XFLT.US,D,20180213,000000,6.71,6.717,6.6608,6.6958,22127,0
XFLT.US,D,20180214,000000,6.7064,6.7647,6.7064,6.7647,22611,0
XFLT.US,D,20180215,000000,6.7654,6.7772,6.751,6.751,8250,0
XFLT.US,D,20180216,000000,6.7785,6.7785,6.7441,6.7441,2627,0
XFLT.US,D,20180220,000000,6.7503,6.751,6.7441,6.7441,6087,0
XFLT.US,D,20180221,000000,6.7647,6.7647,6.7441,6.7441,9655,0
XFLT.US,D,20180222,000000,6.7369,6.7369,6.7092,6.7123,16254,0
XFLT.US,D,20180223,000000,6.7718,6.9047,6.7609,6.8904,73978,0
XFLT.US,D,20180226,000000,6.8769,6.8769,6.8076,6.821,12877,0
XFLT.US,D,20180227,000000,6.8416,6.8416,6.7895,6.8004,36059,0
XFLT.US,D,20180228,000000,6.8219,6.849,6.7933,6.7933,16557,0
XFLT.US,D,20180301,000000,6.8076,6.8076,6.8018,6.8076,12029,0
XFLT.US,D,20180302,000000,6.7933,6.7933,6.751,6.7572,12250,0
XFLT.US,D,20180305,000000,6.7572,6.8345,6.7572,6.8345,6964,0
XFLT.US,D,20180306,000000,6.8416,6.8625,6.7718,6.7718,40693,0
XFLT.US,D,20180307,000000,6.7916,6.7933,6.751,6.751,27589,0
XFLT.US,D,20180308,000000,6.7572,6.849,6.7542,6.7937,26018,0
XFLT.US,D,20180309,000000,6.9672,6.9672,6.7933,6.7933,10386,0
XFLT.US,D,20180312,000000,6.7995,6.821,6.7785,6.7785,21680,0
XFLT.US,D,20180313,000000,6.7958,6.821,6.7718,6.7718,15612,0
XFLT.US,D,20180314,000000,6.7852,6.8067,6.7852,6.8067,13883,0
XFLT.US,D,20180315,000000,6.8018,6.8018,6.7289,6.7289,15786,0
XFLT.US,D,20180316,000000,6.7641,6.7887,6.7364,6.7852,23792,0
XFLT.US,D,20180319,000000,6.7708,6.7852,6.7708,6.7825,1352,0
XFLT.US,D,20180320,000000,6.7995,6.7995,6.6795,6.7009,36247,0
XFLT.US,D,20180321,000000,6.7219,6.7228,6.6795,6.6795,39753,0
XFLT.US,D,20180322,000000,6.6235,6.6517,6.6235,6.6494,3851,0
XFLT.US,D,20180323,000000,6.6235,6.6413,6.6235,6.6413,17020,0
XFLT.US,D,20180326,000000,6.6516,6.6826,6.6508,6.6516,28542,0
XFLT.US,D,20180327,000000,6.6516,6.6534,6.6442,6.6442,2703,0
XFLT.US,D,20180328,000000,6.6589,6.6789,6.6162,6.6235,46460,0
XFLT.US,D,20180329,000000,6.6308,6.6442,6.6235,6.6441,30652,0
XFLT.US,D,20180402,000000,6.6308,6.6308,6.546,6.5533,107118,0
XFLT.US,D,20180403,000000,6.539,6.5883,6.5181,6.5601,75477,0
XFLT.US,D,20180404,000000,6.6025,6.6025,6.5038,6.546,100307,0
XFLT.US,D,20180405,000000,6.6162,6.6162,6.574,6.574,67385,0
XFLT.US,D,20180406,000000,6.5952,6.5992,6.539,6.5672,45752,0
XFLT.US,D,20180409,000000,6.574,6.5814,6.5533,6.5601,65237,0
XFLT.US,D,20180410,000000,6.5533,6.574,6.5321,6.5601,43356,0
XFLT.US,D,20180411,000000,6.574,6.574,6.5251,6.5533,68983,0
XFLT.US,D,20180412,000000,6.5601,6.6095,6.5601,6.6095,58171,0
XFLT.US,D,20180413,000000,6.637,6.637,6.5876,6.5876,41608,0
XFLT.US,D,20180416,000000,6.5521,6.5835,6.5521,6.5661,54314,0
XFLT.US,D,20180417,000000,6.5661,6.6085,6.559,6.559,38471,0
XFLT.US,D,20180418,000000,6.5644,6.5805,6.5238,6.5376,85430,0
XFLT.US,D,20180419,000000,6.5307,6.5376,6.4812,6.513,56685,0
XFLT.US,D,20180420,000000,6.5023,6.5376,6.4458,6.4954,55037,0
XFLT.US,D,20180423,000000,6.5096,6.5167,6.4319,6.4883,109129,0
XFLT.US,D,20180424,000000,6.46,6.5167,6.4458,6.46,76801,0
XFLT.US,D,20180425,000000,6.4528,6.46,6.4034,6.4247,95749,0
XFLT.US,D,20180426,000000,6.4528,6.4812,6.4389,6.4389,60590,0
XFLT.US,D,20180427,000000,6.4458,6.4697,6.3962,6.4319,129957,0
XFLT.US,D,20180430,000000,6.4389,6.4741,6.4319,6.4319,69406,0
XFLT.US,D,20180501,000000,6.4323,6.4594,6.4247,6.4389,18191,0
XFLT.US,D,20180502,000000,6.46,6.4741,6.4389,6.4646,15555,0
XFLT.US,D,20180503,000000,6.4668,6.5661,6.4528,6.5598,82211,0
XFLT.US,D,20180504,000000,6.6229,6.6229,6.5522,6.559,20552,0
XFLT.US,D,20180507,000000,6.5876,6.5876,6.5514,6.5661,14138,0
XFLT.US,D,20180508,000000,6.5661,6.5805,6.5661,6.5726,20295,0
XFLT.US,D,20180509,000000,6.5805,6.5805,6.5669,6.5739,3985,0
XFLT.US,D,20180510,000000,6.5687,6.8004,6.5687,6.6085,99339,0
XFLT.US,D,20180511,000000,6.6018,6.6018,6.5706,6.5732,30716,0
XFLT.US,D,20180514,000000,6.5941,6.6012,6.5652,6.5826,33393,0
XFLT.US,D,20180515,000000,6.5941,6.6075,6.5621,6.5869,21416,0
XFLT.US,D,20180516,000000,6.5868,6.5868,6.5677,6.5726,20281,0
XFLT.US,D,20180517,000000,6.5941,6.5941,6.5726,6.5799,7215,0
XFLT.US,D,20180518,000000,6.5941,6.608,6.5726,6.5869,37103,0
XFLT.US,D,20180521,000000,6.608,6.6299,6.5799,6.5941,24435,0
XFLT.US,D,20180522,000000,6.5894,6.608,6.5806,6.6012,19549,0
XFLT.US,D,20180523,000000,6.608,6.608,6.5941,6.6047,11212,0
XFLT.US,D,20180524,000000,6.6007,6.6216,6.5941,6.6216,11724,0
XFLT.US,D,20180525,000000,6.6299,6.6368,6.5898,6.6152,19198,0
XFLT.US,D,20180529,000000,6.6152,6.6225,6.5973,6.6012,14559,0
XFLT.US,D,20180530,000000,6.608,6.6435,6.608,6.6225,33188,0
XFLT.US,D,20180531,000000,6.6225,6.6584,6.5973,6.5973,23290,0
XFLT.US,D,20180601,000000,6.6012,6.608,6.5869,6.5869,32184,0
XFLT.US,D,20180604,000000,6.6012,6.6225,6.5726,6.5726,44009,0
XFLT.US,D,20180605,000000,6.5799,6.5941,6.5727,6.5941,16044,0
XFLT.US,D,20180606,000000,6.5799,6.6012,6.5799,6.6012,26037,0
XFLT.US,D,20180607,000000,6.5799,6.6368,6.5799,6.6368,12227,0
XFLT.US,D,20180608,000000,6.5869,6.63,6.5869,6.6225,34460,0
XFLT.US,D,20180611,000000,6.6512,6.6654,6.5869,6.6654,25609,0
XFLT.US,D,20180612,000000,6.6512,6.6512,6.6381,6.6435,26186,0
XFLT.US,D,20180613,000000,6.6299,6.6428,6.6265,6.6368,13013,0
XFLT.US,D,20180614,000000,6.643,6.6506,6.6111,6.6111,22262,0
XFLT.US,D,20180615,000000,6.6145,6.6145,6.6004,6.6004,4588,0
XFLT.US,D,20180618,000000,6.5787,6.5857,6.5715,6.5787,20712,0
XFLT.US,D,20180619,000000,6.5787,6.5929,6.5607,6.5787,16038,0
XFLT.US,D,20180620,000000,6.5857,6.5857,6.5427,6.5427,12448,0
XFLT.US,D,20180621,000000,6.5641,6.5715,6.5641,6.5715,4723,0
XFLT.US,D,20180622,000000,6.5569,6.5787,6.5568,6.5641,26568,0
XFLT.US,D,20180625,000000,6.5641,6.5714,6.5569,6.5707,13909,0
XFLT.US,D,20180626,000000,6.5569,6.5641,6.5569,6.5641,12100,0
XFLT.US,D,20180627,000000,6.5641,6.5715,6.5569,6.5641,12660,0
XFLT.US,D,20180628,000000,6.5569,6.5787,6.5548,6.5548,12773,0
XFLT.US,D,20180629,000000,6.5641,6.5715,6.559,6.5694,10049,0
XFLT.US,D,20180702,000000,6.5625,6.5823,6.5625,6.5715,11908,0
XFLT.US,D,20180703,000000,6.5497,6.5815,6.5497,6.5715,11890,0
XFLT.US,D,20180705,000000,6.5641,6.6004,6.5641,6.5857,13010,0
XFLT.US,D,20180706,000000,6.6004,6.636,6.5857,6.629,169110,0
XFLT.US,D,20180709,000000,6.672,6.7303,6.6506,6.6863,495612,0
XFLT.US,D,20180710,000000,6.6937,6.7798,6.6937,6.7581,224772,0
XFLT.US,D,20180711,000000,6.7581,7.7457,6.7441,6.9741,144674,0
XFLT.US,D,20180712,000000,6.9236,6.936,6.8226,6.8446,115938,0
XFLT.US,D,20180713,000000,6.8663,6.8736,6.8099,6.8663,73933,0
XFLT.US,D,20180716,000000,6.8375,6.8735,6.8375,6.8375,78227,0
XFLT.US,D,20180717,000000,6.9165,6.9165,6.8515,6.8947,141980,0
XFLT.US,D,20180718,000000,6.9741,6.9741,6.8301,6.8877,114551,0
XFLT.US,D,20180719,000000,6.8947,6.9306,6.8301,6.8947,82417,0
XFLT.US,D,20180720,000000,6.8735,6.9165,6.8735,6.902,35700,0
XFLT.US,D,20180723,000000,6.9027,6.9236,6.8735,6.8947,55183,0
XFLT.US,D,20180724,000000,6.902,6.9741,6.8588,6.9453,58833,0
XFLT.US,D,20180725,000000,6.9453,6.9663,6.9294,6.9599,12014,0
XFLT.US,D,20180726,000000,6.9382,7.0815,6.9382,7.0611,48566,0
XFLT.US,D,20180727,000000,7.0315,7.1543,7.0315,7.1392,40252,0
XFLT.US,D,20180730,000000,7.1543,7.3825,7.1033,7.3631,68153,0
XFLT.US,D,20180731,000000,7.3631,7.3703,7.1814,7.2403,130742,0
XFLT.US,D,20180801,000000,7.2249,7.2523,7.1896,7.1963,39225,0
XFLT.US,D,20180802,000000,7.176,7.2249,7.176,7.1963,43162,0
XFLT.US,D,20180803,000000,7.1896,7.1896,7.1316,7.1543,33733,0
XFLT.US,D,20180806,000000,7.2973,7.2973,7.1239,7.2038,32101,0
XFLT.US,D,20180807,000000,7.2032,7.7353,7.1896,7.1963,57989,0
XFLT.US,D,20180808,000000,7.1969,7.1969,7.176,7.176,45641,0
XFLT.US,D,20180809,000000,7.2624,7.2624,7.1543,7.1963,69226,0
XFLT.US,D,20180810,000000,7.188,7.2624,7.188,7.2624,32296,0
XFLT.US,D,20180813,000000,7.2624,7.2624,7.2106,7.223,45457,0
XFLT.US,D,20180814,000000,7.2403,7.2624,7.164,7.1896,30526,0
XFLT.US,D,20180815,000000,7.2038,7.2765,7.2038,7.2304,14687,0
XFLT.US,D,20180816,000000,7.241,7.2546,7.2106,7.2106,20021,0
XFLT.US,D,20180817,000000,7.2249,7.2249,7.2038,7.2205,25882,0
XFLT.US,D,20180820,000000,7.2403,7.2515,7.2249,7.2403,11245,0
XFLT.US,D,20180821,000000,7.2403,7.2624,7.1963,7.2403,34449,0
XFLT.US,D,20180822,000000,7.3046,7.3046,7.2546,7.2546,16871,0
XFLT.US,D,20180823,000000,7.2473,7.2748,7.2403,7.2624,37952,0
XFLT.US,D,20180824,000000,7.2106,7.2624,7.2106,7.2624,11581,0
XFLT.US,D,20180827,000000,7.2979,7.2979,7.2403,7.2481,17171,0
XFLT.US,D,20180828,000000,7.1829,7.2249,7.1829,7.1896,26202,0
XFLT.US,D,20180829,000000,7.1385,7.2546,7.1385,7.2481,22355,0
XFLT.US,D,20180830,000000,7.2481,7.2979,7.2038,7.2174,78437,0
XFLT.US,D,20180831,000000,7.1687,7.2403,7.1687,7.2174,33867,0
XFLT.US,D,20180904,000000,7.1534,7.2038,7.1461,7.1461,38630,0
XFLT.US,D,20180905,000000,7.1385,7.1678,7.1385,7.1461,7936,0
XFLT.US,D,20180906,000000,7.1461,7.1829,7.1385,7.1534,19833,0
XFLT.US,D,20180907,000000,7.1385,7.1534,7.1232,7.1232,7424,0
XFLT.US,D,20180910,000000,7.1232,7.1687,7.1232,7.1687,9672,0
XFLT.US,D,20180911,000000,7.131,7.1896,7.131,7.176,15404,0
XFLT.US,D,20180912,000000,7.1232,7.1609,7.096,7.1609,18553,0
XFLT.US,D,20180913,000000,7.131,7.2038,7.1232,7.1609,55043,0
XFLT.US,D,20180914,000000,7.2181,7.2181,7.1829,7.1829,21153,0
XFLT.US,D,20180917,000000,7.1534,7.1963,7.1534,7.192,8786,0
XFLT.US,D,20180918,000000,7.1687,7.1829,7.1678,7.1829,9354,0
XFLT.US,D,20180919,000000,7.1687,7.1896,7.1161,7.1232,14834,0
XFLT.US,D,20180920,000000,7.131,7.1601,7.1092,7.1092,24032,0
XFLT.US,D,20180921,000000,7.0954,7.1687,7.0954,7.1226,10198,0
XFLT.US,D,20180924,000000,7.1232,7.151,7.1232,7.1392,2520,0
XFLT.US,D,20180925,000000,7.1474,7.1609,7.1421,7.1609,12098,0
XFLT.US,D,20180926,000000,7.1461,7.1534,7.131,7.131,28263,0
XFLT.US,D,20180927,000000,7.1609,7.1609,7.1092,7.1161,22516,0
XFLT.US,D,20180928,000000,7.1161,7.1534,7.1161,7.1461,1555,0
XFLT.US,D,20181001,000000,7.1461,7.1829,7.1421,7.1687,23410,0
XFLT.US,D,20181002,000000,7.1534,7.1821,7.1461,7.1687,22792,0
XFLT.US,D,20181003,000000,7.1534,7.2906,7.1534,7.1835,88728,0
XFLT.US,D,20181004,000000,7.1687,7.2106,7.1092,7.1092,14732,0
XFLT.US,D,20181005,000000,7.1461,7.1969,7.0968,7.1085,12275,0
XFLT.US,D,20181008,000000,7.1461,7.1461,7.0734,7.08,25930,0
XFLT.US,D,20181009,000000,7.0954,7.0954,7.0588,7.0588,21123,0
XFLT.US,D,20181010,000000,7.0954,7.2906,7.0873,7.1092,58877,0
XFLT.US,D,20181011,000000,7.2038,7.2038,6.971,7.0291,41706,0
XFLT.US,D,20181012,000000,7.0223,7.1033,7.0223,7.1033,11511,0
XFLT.US,D,20181015,000000,7.1033,7.1169,7.096,7.096,27896,0
XFLT.US,D,20181016,000000,7.1033,7.1169,7.0588,7.0588,22343,0
XFLT.US,D,20181017,000000,7.1092,7.1092,7.0438,7.0588,11025,0
XFLT.US,D,20181018,000000,7.0512,7.0734,7.0363,7.0547,6763,0
XFLT.US,D,20181019,000000,7.0588,7.0807,7.037,7.037,5648,0
XFLT.US,D,20181022,000000,7.0512,7.0769,7.0512,7.0571,12064,0
XFLT.US,D,20181023,000000,7.0512,7.0526,6.9776,6.9776,21809,0
XFLT.US,D,20181024,000000,6.9999,7.0071,6.9776,7.0071,10017,0
XFLT.US,D,20181025,000000,6.9849,6.9849,6.8679,6.8753,63849,0
XFLT.US,D,20181026,000000,6.8801,6.8801,6.7131,6.7573,59927,0
XFLT.US,D,20181029,000000,6.7667,6.7762,6.7134,6.7429,37285,0
XFLT.US,D,20181030,000000,6.7429,6.752,6.6251,6.6618,28576,0
XFLT.US,D,20181031,000000,6.6911,6.7651,6.6842,6.728,42441,0
XFLT.US,D,20181101,000000,6.7429,6.7538,6.6842,6.7208,21459,0
XFLT.US,D,20181102,000000,6.6842,6.7651,6.6842,6.7651,33985,0
XFLT.US,D,20181105,000000,6.7777,6.7934,6.7777,6.7795,7967,0
XFLT.US,D,20181106,000000,6.7942,6.8382,6.7833,6.7942,14163,0
XFLT.US,D,20181107,000000,6.828,6.828,6.7429,6.7429,26195,0
XFLT.US,D,20181108,000000,6.7208,6.7208,6.7134,6.7192,50864,0
XFLT.US,D,20181109,000000,6.7208,6.7208,6.6988,6.706,12926,0
XFLT.US,D,20181112,000000,6.706,6.706,6.6912,6.6988,17450,0
XFLT.US,D,20181113,000000,6.6946,6.6952,6.6842,6.6842,46767,0
XFLT.US,D,20181114,000000,6.7062,6.7433,6.6689,6.6842,26866,0
XFLT.US,D,20181115,000000,6.6842,6.7033,6.5952,6.5952,17595,0
XFLT.US,D,20181116,000000,6.6471,6.6543,6.5879,6.6471,18920,0
XFLT.US,D,20181119,000000,6.6768,6.6768,6.6456,6.6456,8942,0
XFLT.US,D,20181120,000000,6.6689,6.6842,6.5583,6.5879,48073,0
XFLT.US,D,20181121,000000,6.5879,6.6247,6.336,6.4841,100083,0
XFLT.US,D,20181123,000000,6.521,6.521,6.4878,6.4878,6245,0
XFLT.US,D,20181126,000000,6.4766,6.5805,6.4398,6.4398,103058,0
XFLT.US,D,20181127,000000,6.3951,6.4991,6.3951,6.4173,49856,0
XFLT.US,D,20181128,000000,6.403,6.4271,6.2696,6.2696,52267,0
XFLT.US,D,20181129,000000,6.2992,6.362,6.2918,6.3583,27572,0
XFLT.US,D,20181130,000000,6.3511,6.3722,6.1882,6.2398,74761,0
XFLT.US,D,20181203,000000,6.2476,6.2995,6.2476,6.2768,16773,0
XFLT.US,D,20181204,000000,6.2619,6.2918,6.2398,6.2841,65797,0
XFLT.US,D,20181206,000000,6.2769,6.2769,6.2251,6.2619,50526,0
XFLT.US,D,20181207,000000,6.2251,6.3729,6.1805,6.3583,70637,0
XFLT.US,D,20181210,000000,6.3064,6.3492,6.2841,6.2895,34796,0
XFLT.US,D,20181211,000000,6.2918,6.3065,6.2326,6.2327,32252,0
XFLT.US,D,20181212,000000,6.2841,6.2841,6.2398,6.2438,30353,0
XFLT.US,D,20181213,000000,6.2405,6.2547,6.1805,6.2547,39466,0
XFLT.US,D,20181214,000000,6.2997,6.3069,6.1651,6.1651,60286,0
XFLT.US,D,20181217,000000,6.2249,6.2324,6.1055,6.1202,72392,0
XFLT.US,D,20181218,000000,6.0833,6.1202,6.0833,6.1055,50743,0
XFLT.US,D,20181219,000000,6.1353,6.1575,6.0607,6.0978,52292,0
XFLT.US,D,20181220,000000,6.0681,6.1136,5.8665,5.9711,68886,0
XFLT.US,D,20181221,000000,5.9711,5.9904,5.4562,5.4562,96596,0
XFLT.US,D,20181224,000000,5.3289,5.448,5.1951,5.3143,42192,0
XFLT.US,D,20181226,000000,5.3367,5.5001,5.3069,5.4488,119617,0
XFLT.US,D,20181227,000000,5.4636,5.471,5.247,5.4339,287422,0
XFLT.US,D,20181228,000000,5.4488,5.6004,5.4263,5.4857,190194,0
XFLT.US,D,20181231,000000,5.5679,5.5914,5.4339,5.4562,98857,0
XFLT.US,D,20190102,000000,5.4859,5.6574,5.4859,5.6502,39836,0
XFLT.US,D,20190103,000000,5.6502,5.7548,5.6211,5.7469,50035,0
XFLT.US,D,20190104,000000,5.8217,5.8815,5.7323,5.8591,88251,0
XFLT.US,D,20190107,000000,5.8815,5.9415,5.7892,5.9188,49116,0
XFLT.US,D,20190108,000000,5.9722,5.9935,5.8964,5.9635,26469,0
XFLT.US,D,20190109,000000,6.0009,6.0009,5.9415,5.9729,85460,0
XFLT.US,D,20190110,000000,5.9711,6.0308,5.9711,6.0009,14213,0
XFLT.US,D,20190111,000000,5.9711,6.1878,5.9336,6.0979,66200,0
XFLT.US,D,20190114,000000,6.0979,6.0979,5.9474,6.0905,68079,0
XFLT.US,D,20190115,000000,6.0912,6.2713,6.0906,6.2713,10867,0
XFLT.US,D,20190116,000000,6.3314,6.482,6.2109,6.3539,70596,0
XFLT.US,D,20190117,000000,6.4218,6.4267,6.289,6.3615,20200,0
XFLT.US,D,20190118,000000,6.4064,6.4143,6.2485,6.3389,25507,0
XFLT.US,D,20190122,000000,6.4737,6.4737,6.2789,6.2862,25205,0
XFLT.US,D,20190123,000000,6.2033,6.3462,6.2033,6.3238,41044,0
XFLT.US,D,20190124,000000,6.3259,6.3559,6.3074,6.3462,22814,0
XFLT.US,D,20190125,000000,6.3462,6.3539,6.3238,6.3238,9590,0
XFLT.US,D,20190128,000000,6.3163,6.3163,6.2789,6.2937,5496,0
XFLT.US,D,20190129,000000,6.2937,6.3013,6.2826,6.3012,14663,0
XFLT.US,D,20190130,000000,6.3389,6.4218,6.3389,6.4032,38471,0
XFLT.US,D,20190131,000000,6.4743,6.4743,6.2713,6.2937,40994,0
XFLT.US,D,20190201,000000,6.2937,6.3238,6.2937,6.3238,13396,0
XFLT.US,D,20190204,000000,6.3615,6.3615,6.3301,6.3491,8543,0
XFLT.US,D,20190205,000000,6.3992,6.3992,6.3314,6.3538,9367,0
XFLT.US,D,20190206,000000,6.3614,6.369,6.354,6.3653,19159,0
XFLT.US,D,20190207,000000,6.3389,6.369,6.3238,6.3238,11820,0
XFLT.US,D,20190208,000000,6.3427,6.3615,6.3427,6.3473,5713,0
XFLT.US,D,20190211,000000,6.3839,6.3839,6.3615,6.3615,6431,0
XFLT.US,D,20190212,000000,6.3238,6.5873,6.3238,6.5233,37896,0
XFLT.US,D,20190213,000000,6.6247,6.6247,6.5171,6.5496,18836,0
XFLT.US,D,20190214,000000,6.6028,6.6028,6.4053,6.4053,30994,0
XFLT.US,D,20190215,000000,6.414,6.4871,6.398,6.398,19982,0
XFLT.US,D,20190219,000000,6.4739,6.4739,6.3752,6.3823,16410,0
XFLT.US,D,20190220,000000,6.3904,6.398,6.3675,6.3752,35586,0
XFLT.US,D,20190221,000000,6.396,6.396,6.371,6.3803,5196,0
XFLT.US,D,20190222,000000,6.4038,6.4359,6.3904,6.4133,46421,0
XFLT.US,D,20190225,000000,6.4133,6.4587,6.3904,6.3904,47190,0
XFLT.US,D,20190226,000000,6.4359,6.4965,6.4019,6.4661,36220,0
XFLT.US,D,20190227,000000,6.5116,6.5421,6.4739,6.5421,9887,0
XFLT.US,D,20190228,000000,6.5742,6.5742,6.5256,6.5445,4421,0
XFLT.US,D,20190301,000000,6.5952,6.5952,6.5272,6.5573,6011,0
XFLT.US,D,20190304,000000,6.6028,6.6028,6.5496,6.5514,22645,0
XFLT.US,D,20190305,000000,6.504,6.5271,6.504,6.5193,25500,0
XFLT.US,D,20190306,000000,6.552,6.5573,6.5193,6.5271,12774,0
XFLT.US,D,20190307,000000,6.5801,6.5801,6.5271,6.5374,11322,0
XFLT.US,D,20190308,000000,6.5422,6.548,6.5421,6.5469,6321,0
XFLT.US,D,20190311,000000,6.5573,6.5573,6.5193,6.5193,18552,0
XFLT.US,D,20190312,000000,6.5496,6.5801,6.5496,6.5732,24176,0
XFLT.US,D,20190313,000000,6.5789,6.6028,6.5724,6.5724,21545,0
XFLT.US,D,20190314,000000,6.6107,6.6184,6.5648,6.5802,12186,0
XFLT.US,D,20190315,000000,6.5724,6.5878,6.5648,6.5878,47468,0
XFLT.US,D,20190318,000000,6.592,6.6335,6.592,6.6335,2493,0
XFLT.US,D,20190319,000000,6.6567,6.6645,6.6567,6.6568,40479,0
XFLT.US,D,20190320,000000,6.7178,6.7178,6.5953,6.6483,20361,0
XFLT.US,D,20190321,000000,6.6538,6.697,6.6527,6.6951,17288,0
XFLT.US,D,20190322,000000,6.7332,6.7332,6.6951,6.6951,52725,0
XFLT.US,D,20190325,000000,6.6873,6.6951,6.6031,6.6431,20549,0
XFLT.US,D,20190326,000000,6.6719,6.6719,6.5802,6.6031,12321,0
XFLT.US,D,20190327,000000,6.6567,6.6567,6.5802,6.601,13463,0
XFLT.US,D,20190328,000000,6.6719,6.6792,6.6289,6.6431,5979,0
XFLT.US,D,20190329,000000,6.6531,6.6531,6.5807,6.6414,7592,0
XFLT.US,D,20190401,000000,6.5953,6.6414,6.5802,6.5802,18839,0
XFLT.US,D,20190402,000000,6.6567,6.6567,6.566,6.6567,7112,0
XFLT.US,D,20190403,000000,6.7178,6.7256,6.6567,6.6792,7847,0
XFLT.US,D,20190404,000000,6.7332,6.7332,6.6567,6.6645,59728,0
XFLT.US,D,20190405,000000,6.6951,6.6951,6.6792,6.6888,17329,0
XFLT.US,D,20190408,000000,6.6873,6.7332,6.6779,6.6792,16553,0
XFLT.US,D,20190409,000000,6.7332,6.7332,6.6719,6.6779,4635,0
XFLT.US,D,20190410,000000,6.6567,6.6951,6.6229,6.6951,7581,0
XFLT.US,D,20190411,000000,6.7332,6.7332,6.6335,6.6792,45877,0
XFLT.US,D,20190412,000000,6.6792,6.6873,6.6567,6.6567,13625,0
XFLT.US,D,20190415,000000,6.6794,6.7028,6.6716,6.6875,11705,0
XFLT.US,D,20190416,000000,6.7107,6.7799,6.7107,6.7491,23025,0
XFLT.US,D,20190417,000000,6.7453,6.7551,6.715,6.7232,5175,0
XFLT.US,D,20190418,000000,6.6413,6.8001,6.6226,6.6333,80659,0
XFLT.US,D,20190422,000000,6.7028,6.7184,6.6413,6.6413,37021,0
XFLT.US,D,20190423,000000,6.672,6.7028,6.618,6.618,21757,0
XFLT.US,D,20190424,000000,6.6333,6.672,6.5832,6.6105,32978,0
XFLT.US,D,20190425,000000,6.6105,6.7107,6.5796,6.6023,19912,0
XFLT.US,D,20190426,000000,6.6567,6.672,6.5949,6.6078,17536,0
XFLT.US,D,20190429,000000,6.6256,6.6333,6.5873,6.5873,26423,0
XFLT.US,D,20190430,000000,6.6105,6.8648,6.6026,6.649,14617,0
XFLT.US,D,20190501,000000,6.5949,6.6875,6.5949,6.672,44897,0
XFLT.US,D,20190502,000000,6.7414,6.7799,6.6794,6.7261,28000,0
XFLT.US,D,20190503,000000,6.7878,6.8648,6.7261,6.7339,14047,0
XFLT.US,D,20190506,000000,6.7592,6.7817,6.7526,6.7817,8956,0
XFLT.US,D,20190507,000000,6.8545,6.8545,6.7107,6.7491,42166,0
XFLT.US,D,20190508,000000,6.7184,6.7878,6.6794,6.7261,59670,0
XFLT.US,D,20190509,000000,6.7028,6.7485,6.6794,6.7485,11795,0
XFLT.US,D,20190510,000000,6.7491,6.9026,6.7107,6.7107,39288,0
XFLT.US,D,20190513,000000,6.8314,6.8323,6.6431,6.6928,23502,0
XFLT.US,D,20190514,000000,6.7029,6.7654,6.6932,6.7418,12207,0
XFLT.US,D,20190515,000000,6.7263,7.2941,6.7198,7.1141,677923,0
XFLT.US,D,20190516,000000,7.154,7.333,7.1385,7.224,158285,0
XFLT.US,D,20190517,000000,7.224,7.2316,7.154,7.154,122802,0
XFLT.US,D,20190520,000000,7.2316,7.2316,7.1463,7.154,68641,0
XFLT.US,D,20190521,000000,7.1227,7.1929,7.1227,7.1889,55200,0
XFLT.US,D,20190522,000000,7.185,7.2007,7.1227,7.1598,72018,0
XFLT.US,D,20190523,000000,7.2628,7.2783,7.1385,7.154,418459,0
XFLT.US,D,20190524,000000,7.2164,7.3871,7.0761,7.1929,397128,0
XFLT.US,D,20190528,000000,7.2628,7.3098,7.2316,7.2706,89561,0
XFLT.US,D,20190529,000000,7.2628,7.2706,7.2164,7.224,75950,0
XFLT.US,D,20190530,000000,7.2706,7.3871,7.2164,7.2316,65081,0
XFLT.US,D,20190531,000000,7.2435,7.2706,7.1456,7.2316,41112,0
XFLT.US,D,20190603,000000,7.2316,7.3797,7.2316,7.3015,63783,0
XFLT.US,D,20190604,000000,7.3483,7.3871,7.3015,7.3098,114496,0
XFLT.US,D,20190605,000000,7.3483,7.4183,7.3098,7.3871,60953,0
XFLT.US,D,20190606,000000,7.4262,7.4649,7.3279,7.4649,73901,0
XFLT.US,D,20190607,000000,7.4649,7.5042,7.3195,7.395,62550,0
XFLT.US,D,20190610,000000,7.4649,7.5003,7.3483,7.3483,71046,0
XFLT.US,D,20190611,000000,7.5042,7.5271,7.3406,7.3871,140013,0
XFLT.US,D,20190612,000000,7.3797,7.449,7.3483,7.3871,128535,0
XFLT.US,D,20190613,000000,7.3871,7.449,7.3483,7.3871,75304,0
XFLT.US,D,20190614,000000,7.3951,7.4809,7.3606,7.3951,51777,0
XFLT.US,D,20190617,000000,7.4421,7.4421,7.3008,7.3402,130928,0
XFLT.US,D,20190618,000000,7.3794,7.4344,7.3091,7.3717,76537,0
XFLT.US,D,20190619,000000,7.4344,7.4421,7.3804,7.4344,38180,0
XFLT.US,D,20190620,000000,7.5129,7.5129,7.3168,7.3244,70796,0
XFLT.US,D,20190621,000000,7.3478,7.3479,7.2699,7.2932,41354,0
XFLT.US,D,20190624,000000,7.2932,7.3168,7.2202,7.2385,107399,0
XFLT.US,D,20190625,000000,7.2385,7.2619,7.035,7.0504,168808,0
XFLT.US,D,20190626,000000,7.0583,7.2305,7.0583,7.1598,59685,0
XFLT.US,D,20190627,000000,7.168,7.2699,7.1291,7.2149,51078,0
XFLT.US,D,20190628,000000,7.2619,7.2699,7.1835,7.1916,30999,0
XFLT.US,D,20190701,000000,7.3244,7.3479,7.2838,7.3479,89108,0
XFLT.US,D,20190702,000000,7.403,7.403,7.3244,7.3326,64272,0
XFLT.US,D,20190703,000000,7.3638,7.3638,7.2855,7.2855,34648,0
XFLT.US,D,20190705,000000,7.2932,7.3244,7.2774,7.3091,48676,0
XFLT.US,D,20190708,000000,7.3871,7.4421,7.3479,7.4421,145393,0
XFLT.US,D,20190709,000000,7.4421,7.4421,7.3402,7.403,32876,0
XFLT.US,D,20190710,000000,7.403,7.4421,7.3638,7.4421,43006,0
XFLT.US,D,20190711,000000,7.4185,7.4344,7.356,7.3638,47849,0
XFLT.US,D,20190712,000000,7.4344,7.4655,7.3479,7.356,101609,0
XFLT.US,D,20190715,000000,7.411,7.5216,7.3798,7.5216,55646,0
XFLT.US,D,20190716,000000,7.4901,7.4901,7.4033,7.411,54435,0
XFLT.US,D,20190717,000000,7.411,7.4506,7.411,7.4506,21859,0
XFLT.US,D,20190718,000000,7.4349,7.4361,7.3798,7.3798,32577,0
XFLT.US,D,20190719,000000,7.4428,7.4428,7.3479,7.3479,44757,0
XFLT.US,D,20190722,000000,7.2927,7.3873,7.277,7.2927,59514,0
XFLT.US,D,20190723,000000,7.3402,7.356,7.2612,7.2612,25316,0
XFLT.US,D,20190724,000000,7.2377,7.3325,7.2377,7.277,30845,0
XFLT.US,D,20190725,000000,7.3798,7.3798,7.2294,7.2294,55897,0
XFLT.US,D,20190726,000000,7.2294,7.2835,7.2058,7.2138,37923,0
XFLT.US,D,20190729,000000,7.2138,7.2453,7.198,7.2138,36664,0
XFLT.US,D,20190730,000000,7.2531,7.3,7.198,7.2531,20719,0
XFLT.US,D,20190731,000000,7.2531,7.2531,7.1427,7.198,103678,0
XFLT.US,D,20190801,000000,7.285,7.3402,7.2294,7.3325,119475,0
XFLT.US,D,20190802,000000,7.3798,7.3798,7.3325,7.3798,28907,0
XFLT.US,D,20190805,000000,7.3402,7.419,7.2531,7.3325,59209,0
XFLT.US,D,20190806,000000,7.3006,7.3219,7.277,7.3134,43569,0
XFLT.US,D,20190807,000000,7.3164,7.4033,7.3006,7.4033,39534,0
XFLT.US,D,20190808,000000,7.2453,7.3798,7.2235,7.2453,56675,0
XFLT.US,D,20190809,000000,7.3006,7.3006,7.2453,7.2927,42811,0
XFLT.US,D,20190812,000000,7.3006,7.3164,7.2694,7.277,31214,0
XFLT.US,D,20190813,000000,7.277,7.3479,7.277,7.3479,38954,0
XFLT.US,D,20190814,000000,7.3401,7.3767,7.1975,7.3241,51703,0
XFLT.US,D,20190815,000000,7.4356,7.4356,7.2606,7.3161,22069,0
XFLT.US,D,20190816,000000,7.2525,7.3551,7.2367,7.2606,25085,0
XFLT.US,D,20190819,000000,7.2367,7.2634,7.2212,7.2525,35129,0
XFLT.US,D,20190820,000000,7.2765,7.3401,7.2288,7.2925,90700,0
XFLT.US,D,20190821,000000,7.3003,7.3003,7.2367,7.2686,39058,0
XFLT.US,D,20190822,000000,7.2765,7.3955,7.2765,7.3955,85994,0
XFLT.US,D,20190823,000000,7.3323,7.3323,7.2606,7.2606,13912,0
XFLT.US,D,20190826,000000,7.2455,7.2765,7.1969,7.2128,23636,0
XFLT.US,D,20190827,000000,7.2367,7.2367,7.1571,7.1571,41201,0
XFLT.US,D,20190828,000000,7.1652,7.2048,7.1413,7.149,70436,0
XFLT.US,D,20190829,000000,7.1732,7.2765,7.149,7.1652,53132,0
XFLT.US,D,20190830,000000,7.1652,7.1969,7.149,7.149,54495,0
XFLT.US,D,20190903,000000,7.2206,7.2416,7.149,7.1571,60940,0
XFLT.US,D,20190904,000000,7.1571,7.1958,7.0938,7.1217,80815,0
XFLT.US,D,20190905,000000,7.1014,7.1969,7.1014,7.1413,91717,0
XFLT.US,D,20190906,000000,7.2128,7.2191,7.1353,7.149,99467,0
XFLT.US,D,20190909,000000,7.1331,7.2206,7.1257,7.1571,23303,0
XFLT.US,D,20190910,000000,7.181,7.1991,7.1413,7.149,20872,0
XFLT.US,D,20190911,000000,7.1413,7.1929,7.1413,7.1571,26309,0
XFLT.US,D,20190912,000000,7.181,7.2206,7.1571,7.2048,34811,0
XFLT.US,D,20190913,000000,7.2289,7.2369,7.1741,7.1808,51760,0
XFLT.US,D,20190916,000000,7.1808,7.2369,7.1729,7.1968,49115,0
XFLT.US,D,20190917,000000,7.1808,7.2289,7.1326,7.1729,36376,0
XFLT.US,D,20190918,000000,7.1729,7.2852,7.1729,7.2048,14404,0
XFLT.US,D,20190919,000000,7.1729,7.2369,7.1568,7.1649,54953,0
XFLT.US,D,20190920,000000,7.1326,7.2154,7.1167,7.1808,28527,0
XFLT.US,D,20190923,000000,7.1808,7.235,7.1449,7.2129,73288,0
XFLT.US,D,20190924,000000,7.1968,7.1968,7.1244,7.1889,43080,0
XFLT.US,D,20190925,000000,7.1889,7.2129,7.1086,7.1167,37872,0
XFLT.US,D,20190926,000000,7.1487,7.1569,7.1007,7.1086,11190,0
XFLT.US,D,20190927,000000,7.1086,7.1808,7.1007,7.1086,33011,0
XFLT.US,D,20190930,000000,7.1409,7.1729,7.1086,7.1729,18375,0
XFLT.US,D,20191001,000000,7.1167,7.1729,7.0526,7.0848,67691,0
XFLT.US,D,20191002,000000,7.1167,7.1319,6.9884,7.0285,54469,0
XFLT.US,D,20191003,000000,6.9804,7.1326,6.9804,7.1244,47498,0
XFLT.US,D,20191004,000000,7.1086,7.1326,7.0205,7.1326,112595,0
XFLT.US,D,20191007,000000,7.1244,7.2852,7.0929,7.2208,123663,0
XFLT.US,D,20191008,000000,7.1326,7.2129,7.0929,7.1291,90113,0
XFLT.US,D,20191009,000000,7.1889,7.195,7.1057,7.1244,38572,0
XFLT.US,D,20191010,000000,7.1244,7.1649,7.1244,7.1528,29014,0
XFLT.US,D,20191011,000000,7.1731,7.2134,7.1569,7.1892,43385,0
XFLT.US,D,20191014,000000,7.1892,7.2619,7.1811,7.1811,29450,0
XFLT.US,D,20191015,000000,7.1569,7.2214,7.1164,7.1325,26036,0
XFLT.US,D,20191016,000000,7.1085,7.1487,7.0844,7.0844,35639,0
XFLT.US,D,20191017,000000,7.1731,7.1753,6.963,7.0357,85859,0
XFLT.US,D,20191018,000000,7.0033,7.0163,6.8741,6.963,78394,0
XFLT.US,D,20191021,000000,6.9468,6.9872,6.9468,6.963,38184,0
XFLT.US,D,20191022,000000,6.963,6.971,6.8258,6.8661,79397,0
XFLT.US,D,20191023,000000,6.8338,7.1811,6.8095,7.0437,556911,0
XFLT.US,D,20191024,000000,7.068,7.1289,7.0196,7.0276,104447,0
XFLT.US,D,20191025,000000,7.0437,7.0844,7.0196,7.068,72759,0
XFLT.US,D,20191028,000000,7.1408,7.3105,7.1085,7.2052,402088,0
XFLT.US,D,20191029,000000,7.2455,7.3427,7.2377,7.2619,255352,0
XFLT.US,D,20191030,000000,7.27,7.3505,7.2134,7.2134,122095,0
XFLT.US,D,20191031,000000,7.2377,7.3262,7.2052,7.27,111409,0
XFLT.US,D,20191101,000000,7.2619,7.2942,7.2052,7.2052,88835,0
XFLT.US,D,20191104,000000,7.2377,7.3123,7.2214,7.2536,144726,0
XFLT.US,D,20191105,000000,7.2619,7.2619,7.1164,7.1569,144226,0
XFLT.US,D,20191106,000000,7.1569,7.2207,7.1408,7.1408,28847,0
XFLT.US,D,20191107,000000,7.1892,7.1892,7.1408,7.1892,41515,0
XFLT.US,D,20191108,000000,7.1892,7.2155,7.165,7.1731,19002,0
XFLT.US,D,20191111,000000,7.1408,7.2455,7.1408,7.2214,52949,0
XFLT.US,D,20191112,000000,7.1892,7.2307,7.1892,7.1892,26002,0
XFLT.US,D,20191113,000000,7.1892,7.27,7.1892,7.2134,39532,0
XFLT.US,D,20191114,000000,7.2868,7.2868,7.1727,7.2051,93778,0
XFLT.US,D,20191115,000000,6.7005,7.0016,6.6762,6.9657,653910,0
XFLT.US,D,20191118,000000,6.9691,7.0261,6.7982,6.7982,202110,0
XFLT.US,D,20191119,000000,6.8386,6.847,6.7941,6.8386,132697,0
XFLT.US,D,20191120,000000,6.8633,6.8639,6.7982,6.7982,56526,0
XFLT.US,D,20191121,000000,6.8386,6.8633,6.7982,6.8633,104945,0
XFLT.US,D,20191122,000000,6.8958,6.8958,6.8064,6.8064,45109,0
XFLT.US,D,20191125,000000,6.8064,6.8958,6.7982,6.7982,85317,0
XFLT.US,D,20191126,000000,6.7982,6.8143,6.7739,6.7739,83285,0
XFLT.US,D,20191127,000000,6.7739,6.7817,6.7659,6.7739,113467,0
XFLT.US,D,20191129,000000,6.79,6.79,6.7659,6.7739,25209,0
XFLT.US,D,20191202,000000,6.79,6.79,6.7659,6.7739,106532,0
XFLT.US,D,20191203,000000,6.79,6.79,6.6515,6.7659,168854,0
XFLT.US,D,20191204,000000,6.7659,7.0016,6.7493,6.8796,132530,0
XFLT.US,D,20191205,000000,6.8796,6.9205,6.6923,6.8064,309358,0
XFLT.US,D,20191206,000000,6.7739,6.8386,6.7574,6.8386,69905,0
XFLT.US,D,20191209,000000,6.8386,6.8425,6.7574,6.7739,114073,0
XFLT.US,D,20191210,000000,6.79,6.8143,6.6762,6.6923,131852,0
XFLT.US,D,20191211,000000,6.7493,6.7493,6.5947,6.5947,98574,0
XFLT.US,D,20191212,000000,6.6515,6.6515,6.5132,6.5293,177375,0
XFLT.US,D,20191213,000000,6.573,6.5812,6.5402,6.5648,73712,0
XFLT.US,D,20191216,000000,6.5812,6.6551,6.573,6.6223,122271,0
XFLT.US,D,20191217,000000,6.6307,6.6718,6.5894,6.6223,168186,0
XFLT.US,D,20191218,000000,6.6636,6.6715,6.5894,6.6142,91982,0
XFLT.US,D,20191219,000000,6.5975,6.6427,6.5975,6.6142,131035,0
XFLT.US,D,20191220,000000,6.5812,6.6687,6.5812,6.6223,167671,0
XFLT.US,D,20191223,000000,6.6142,6.6388,6.573,6.573,183660,0
XFLT.US,D,20191224,000000,6.5894,6.6297,6.5812,6.5963,107477,0
XFLT.US,D,20191226,000000,6.5975,6.6019,6.573,6.5812,169626,0
XFLT.US,D,20191227,000000,6.5894,6.6007,6.573,6.5853,564337,0
XFLT.US,D,20191230,000000,6.6059,6.6336,6.5812,6.5975,117293,0
XFLT.US,D,20191231,000000,6.5975,6.6718,6.573,6.647,143220,0
XFLT.US,D,20200102,000000,6.6551,6.7374,6.6551,6.7291,80216,0
XFLT.US,D,20200103,000000,6.7129,6.7291,6.6718,6.7044,78370,0
XFLT.US,D,20200106,000000,6.6142,6.7619,6.6142,6.7619,79084,0
XFLT.US,D,20200107,000000,6.7619,6.7783,6.721,6.7291,113753,0
XFLT.US,D,20200108,000000,6.7456,6.7783,6.7374,6.7538,108052,0
XFLT.US,D,20200109,000000,6.7701,6.7948,6.7291,6.7291,153533,0
XFLT.US,D,20200110,000000,6.721,6.7538,6.6962,6.7129,141482,0
XFLT.US,D,20200113,000000,6.7374,6.7374,6.6855,6.6962,199294,0
XFLT.US,D,20200114,000000,6.6962,6.7456,6.6796,6.688,117915,0
XFLT.US,D,20200115,000000,6.7486,6.7735,6.6982,6.7653,94545,0
XFLT.US,D,20200116,000000,6.7817,6.8067,6.7568,6.79,91482,0
XFLT.US,D,20200117,000000,6.8067,6.8315,6.7942,6.7983,95194,0
XFLT.US,D,20200121,000000,6.8149,6.8645,6.7983,6.7983,156191,0
XFLT.US,D,20200122,000000,6.8315,6.8812,6.8149,6.8645,65807,0
XFLT.US,D,20200123,000000,6.8481,6.8812,6.8481,6.8564,72861,0
XFLT.US,D,20200124,000000,6.8812,6.9061,6.823,6.823,95643,0
XFLT.US,D,20200127,000000,6.8315,6.8645,6.7983,6.823,173881,0
XFLT.US,D,20200128,000000,6.8645,6.8722,6.8315,6.8481,47195,0
XFLT.US,D,20200129,000000,6.8397,6.873,6.8397,6.8397,56523,0
XFLT.US,D,20200130,000000,6.823,6.8397,6.8067,6.8067,58654,0
XFLT.US,D,20200131,000000,6.7983,6.8639,6.7983,6.8315,47954,0
XFLT.US,D,20200203,000000,6.8895,6.8977,6.8149,6.8564,96449,0
XFLT.US,D,20200204,000000,6.8812,6.8971,6.8149,6.8481,140280,0
XFLT.US,D,20200205,000000,6.8481,6.8605,6.8315,6.8315,128665,0
XFLT.US,D,20200206,000000,6.8315,6.9144,6.823,6.8895,201669,0
XFLT.US,D,20200207,000000,6.8978,6.956,6.823,6.8481,141722,0
XFLT.US,D,20200210,000000,6.9225,6.9406,6.8397,6.8481,125680,0
XFLT.US,D,20200211,000000,6.9061,6.9225,6.8645,6.9225,201471,0
XFLT.US,D,20200212,000000,6.9309,7.1092,6.8812,6.9225,676431,0
XFLT.US,D,20200213,000000,6.9477,6.9637,6.873,6.8978,245831,0
XFLT.US,D,20200214,000000,6.873,6.9292,6.8564,6.8645,144073,0
XFLT.US,D,20200218,000000,6.9173,6.9507,6.8922,6.9257,213777,0
XFLT.US,D,20200219,000000,6.9591,6.9591,6.9005,6.9424,85654,0
XFLT.US,D,20200220,000000,6.934,6.9507,6.8756,6.9173,164336,0
XFLT.US,D,20200221,000000,6.9424,6.9507,6.8586,6.8922,565720,0
XFLT.US,D,20200224,000000,6.8422,6.9091,6.8169,6.9005,419235,0
XFLT.US,D,20200225,000000,6.9424,6.9424,6.7835,6.8672,441088,0
XFLT.US,D,20200226,000000,6.8672,6.9091,6.8003,6.8338,232100,0
XFLT.US,D,20200227,000000,6.7835,6.8586,6.6581,6.7164,246492,0
XFLT.US,D,20200228,000000,6.6913,6.7083,6.4323,6.4407,218328,0
XFLT.US,D,20200302,000000,6.4407,6.6327,6.0892,6.1895,510414,0
XFLT.US,D,20200303,000000,6.2732,6.3988,6.2315,6.3736,294745,0
XFLT.US,D,20200304,000000,6.4407,6.7961,6.4407,6.6913,155264,0
XFLT.US,D,20200305,000000,6.8003,6.8003,6.4068,6.4068,169401,0
XFLT.US,D,20200306,000000,6.2232,6.3404,6.0392,6.1226,240199,0
XFLT.US,D,20200309,000000,5.922,5.922,5.5372,5.6291,266549,0
XFLT.US,D,20200310,000000,5.8547,5.8803,5.6543,5.7632,111826,0
XFLT.US,D,20200311,000000,5.6291,5.6878,5.4536,5.4536,76335,0
XFLT.US,D,20200312,000000,5.1775,5.2277,4.6254,4.9685,370657,0
XFLT.US,D,20200313,000000,5.0436,5.4789,4.9685,5.077,275701,0
XFLT.US,D,20200316,000000,4.5586,4.7846,4.4415,4.5586,270994,0
XFLT.US,D,20200317,000000,4.5336,4.5586,4.35,4.4831,200426,0
XFLT.US,D,20200318,000000,4.1572,4.1821,3.3876,3.4713,457912,0
XFLT.US,D,20200319,000000,3.3541,3.8014,3.0696,3.7471,274780,0
XFLT.US,D,20200320,000000,3.8392,4.3222,3.8392,4.0316,115791,0
XFLT.US,D,20200323,000000,4.0901,4.5839,3.4713,4.3829,337114,0
XFLT.US,D,20200324,000000,4.3997,4.5419,3.2118,3.4086,414095,0
XFLT.US,D,20200325,000000,3.4295,4.1405,3.4131,3.5216,257672,0
XFLT.US,D,20200326,000000,3.4797,4.142,3.4797,3.831,299532,0
XFLT.US,D,20200327,000000,3.4544,4.4248,3.4462,4.3412,460918,0
XFLT.US,D,20200330,000000,4.2408,4.2575,3.9063,3.9145,123750,0
XFLT.US,D,20200331,000000,3.7556,3.8636,3.605,3.7556,187104,0
XFLT.US,D,20200401,000000,3.6803,3.8644,3.4713,3.7138,191011,0
XFLT.US,D,20200402,000000,3.7641,3.7641,3.6383,3.7388,195445,0
XFLT.US,D,20200403,000000,3.6301,3.7641,3.4713,3.5715,188109,0
XFLT.US,D,20200406,000000,3.5216,3.7138,3.5216,3.6548,96692,0
XFLT.US,D,20200407,000000,3.5715,3.806,3.5715,3.7556,121553,0
XFLT.US,D,20200408,000000,3.7388,4.0065,3.7388,3.8811,105978,0
XFLT.US,D,20200409,000000,4.0316,4.2493,3.9815,4.0483,114442,0
XFLT.US,D,20200413,000000,4.224,4.224,3.9814,4.015,180548,0
XFLT.US,D,20200414,000000,4.015,4.1376,3.9304,3.9725,285159,0
XFLT.US,D,20200415,000000,3.9304,3.961,3.6571,3.7014,359482,0
XFLT.US,D,20200416,000000,3.6677,3.7891,3.6508,3.7353,63161,0
XFLT.US,D,20200417,000000,3.8371,3.8878,3.7185,3.7777,81307,0
XFLT.US,D,20200420,000000,3.8031,3.8697,3.71,3.748,167234,0
XFLT.US,D,20200421,000000,3.6845,3.7694,3.6591,3.7184,56139,0
XFLT.US,D,20200422,000000,3.8538,3.8538,3.7381,3.7863,76815,0
XFLT.US,D,20200423,000000,3.8116,3.8664,3.7439,3.7608,56234,0
XFLT.US,D,20200424,000000,3.7947,3.8031,3.7526,3.7526,57736,0
XFLT.US,D,20200427,000000,3.8031,3.9304,3.7184,3.9304,140111,0
XFLT.US,D,20200428,000000,3.9388,3.9894,3.8878,3.9894,180651,0
XFLT.US,D,20200429,000000,4.015,4.1842,4.0042,4.0741,258475,0
XFLT.US,D,20200430,000000,4.2351,4.2351,4.0657,4.125,163387,0
XFLT.US,D,20200501,000000,4.1928,4.1928,4.0235,4.0827,110774,0
XFLT.US,D,20200504,000000,4.0488,4.1421,3.8878,4.0488,151779,0
XFLT.US,D,20200505,000000,4.0572,4.1421,4.0488,4.0572,149923,0
XFLT.US,D,20200506,000000,4.015,4.0997,4.015,4.0827,120764,0
XFLT.US,D,20200507,000000,4.0404,4.108,4.0404,4.0657,37376,0
XFLT.US,D,20200508,000000,4.0318,4.108,4.0318,4.0997,65261,0
XFLT.US,D,20200511,000000,4.091,4.1302,4.0742,4.091,81564,0
XFLT.US,D,20200512,000000,4.108,4.1335,4.108,4.108,82862,0
XFLT.US,D,20200513,000000,4.1589,4.1589,4.0741,4.091,185972,0
XFLT.US,D,20200514,000000,4.0654,4.0741,3.9025,4.0225,189247,0
XFLT.US,D,20200515,000000,4.0567,4.0567,3.971,4.014,54813,0
XFLT.US,D,20200518,000000,4.014,4.1082,4.014,4.0399,97189,0
XFLT.US,D,20200519,000000,4.0567,4.1169,4.04,4.1169,46036,0
XFLT.US,D,20200520,000000,4.1511,4.1854,4.1082,4.1253,38821,0
XFLT.US,D,20200521,000000,4.1598,4.1973,4.1426,4.177,90442,0
XFLT.US,D,20200522,000000,4.1854,4.1854,4.1082,4.1684,38450,0
XFLT.US,D,20200526,000000,4.2884,4.2884,4.1602,4.2196,59313,0
XFLT.US,D,20200527,000000,4.2799,4.2799,4.1854,4.2713,50893,0
XFLT.US,D,20200528,000000,4.3398,4.3398,4.2628,4.2884,126427,0
XFLT.US,D,20200529,000000,4.2799,4.3141,4.2713,4.2799,97253,0
XFLT.US,D,20200601,000000,4.3053,4.4343,4.2799,4.3999,105306,0
XFLT.US,D,20200602,000000,4.4343,4.4598,4.3913,4.4171,77986,0
XFLT.US,D,20200603,000000,4.4171,4.6228,4.4171,4.5887,145820,0
XFLT.US,D,20200604,000000,4.6315,4.8028,4.5972,4.6571,109943,0
XFLT.US,D,20200605,000000,4.8886,4.9746,4.7086,4.7173,164748,0
XFLT.US,D,20200608,000000,4.923,4.923,4.743,4.9059,221751,0
XFLT.US,D,20200609,000000,4.9316,4.9316,4.8743,4.9144,41724,0
XFLT.US,D,20200610,000000,4.9059,4.924,4.8717,4.9059,31737,0
XFLT.US,D,20200611,000000,4.8028,4.8028,4.5586,4.5798,143106,0
XFLT.US,D,20200612,000000,4.5887,4.726,4.5845,4.6485,109133,0
XFLT.US,D,20200615,000000,4.6834,4.6834,4.5705,4.6313,44933,0
XFLT.US,D,20200616,000000,4.6834,4.8092,4.6834,4.744,50206,0
XFLT.US,D,20200617,000000,4.744,4.8193,4.7355,4.744,40318,0
XFLT.US,D,20200618,000000,4.6834,4.7787,4.6834,4.77,27277,0
XFLT.US,D,20200619,000000,4.7638,4.8135,4.6834,4.7355,72376,0
XFLT.US,D,20200622,000000,4.744,4.7684,4.7092,4.7092,22624,0
XFLT.US,D,20200623,000000,4.7355,4.8046,4.7266,4.8005,36091,0
XFLT.US,D,20200624,000000,4.8308,4.8308,4.718,4.7876,68250,0
XFLT.US,D,20200625,000000,4.7876,4.7876,4.744,4.7787,77135,0
XFLT.US,D,20200626,000000,4.6834,4.874,4.6834,4.8135,110464,0
XFLT.US,D,20200629,000000,4.8741,4.9262,4.8393,4.9002,51381,0
XFLT.US,D,20200630,000000,4.8654,4.9695,4.8654,4.9348,39375,0
XFLT.US,D,20200701,000000,4.9868,5.0738,4.9348,5.0738,79104,0
XFLT.US,D,20200702,000000,5.0825,5.117,5.0302,5.0996,63678,0
XFLT.US,D,20200706,000000,5.1516,5.2297,5.0738,5.1604,153068,0
XFLT.US,D,20200707,000000,5.1604,5.8976,5.1083,5.6808,431599,0
XFLT.US,D,20200708,000000,5.516,5.5506,5.2731,5.3164,173127,0
XFLT.US,D,20200709,000000,5.3338,5.3684,5.0996,5.169,68877,0
XFLT.US,D,20200710,000000,5.169,5.299,5.1559,5.2383,59559,0
XFLT.US,D,20200713,000000,5.2297,5.273,5.1517,5.247,74658,0
XFLT.US,D,20200714,000000,5.1681,5.2613,5.1112,5.2382,43681,0
XFLT.US,D,20200715,000000,5.2032,5.2559,5.1683,5.212,57536,0
XFLT.US,D,20200716,000000,5.2647,5.2821,5.2295,5.2559,30329,0
XFLT.US,D,20200717,000000,5.2559,5.2821,5.226,5.2559,33116,0
XFLT.US,D,20200720,000000,5.2208,5.2732,5.1946,5.2208,41812,0
XFLT.US,D,20200721,000000,5.2208,5.2732,5.2208,5.2559,21373,0
XFLT.US,D,20200722,000000,5.2732,5.3107,5.2705,5.2821,16832,0
XFLT.US,D,20200723,000000,5.2697,5.291,5.2208,5.2382,11709,0
XFLT.US,D,20200724,000000,5.2208,5.3872,5.212,5.2663,37031,0
XFLT.US,D,20200727,000000,5.2559,5.2732,5.2382,5.2382,15437,0
XFLT.US,D,20200728,000000,5.2559,5.2559,5.247,5.2559,17296,0
XFLT.US,D,20200729,000000,5.2295,5.3521,5.2295,5.3521,33160,0
XFLT.US,D,20200730,000000,5.3698,5.3698,5.1769,5.2295,87396,0
XFLT.US,D,20200731,000000,5.2423,5.2423,5.1858,5.2295,44270,0
XFLT.US,D,20200803,000000,5.247,5.2732,5.2245,5.2382,66391,0
XFLT.US,D,20200804,000000,5.2032,5.2732,5.1946,5.2557,120937,0
XFLT.US,D,20200805,000000,5.247,5.2732,5.2399,5.2647,57121,0
XFLT.US,D,20200806,000000,5.2559,5.2732,5.2382,5.2559,49341,0
XFLT.US,D,20200807,000000,5.3261,5.3261,5.247,5.2513,24029,0
XFLT.US,D,20200810,000000,5.2559,5.3348,5.247,5.3261,85719,0
XFLT.US,D,20200811,000000,5.3608,5.3698,5.2732,5.2732,54090,0
XFLT.US,D,20200812,000000,5.2559,5.3212,5.2559,5.2996,31320,0
XFLT.US,D,20200813,000000,5.3171,5.3261,5.291,5.3083,52865,0
XFLT.US,D,20200814,000000,5.2732,5.3348,5.2732,5.3173,33736,0
XFLT.US,D,20200817,000000,5.3171,5.388,5.2995,5.3525,94636,0
XFLT.US,D,20200818,000000,5.3262,5.3392,5.2729,5.3171,50668,0
XFLT.US,D,20200819,000000,5.3171,5.335,5.3072,5.3171,29855,0
XFLT.US,D,20200820,000000,5.3171,5.335,5.2729,5.3082,28187,0
XFLT.US,D,20200821,000000,5.3082,5.3703,5.273,5.3082,42645,0
XFLT.US,D,20200824,000000,5.3171,5.3437,5.2828,5.2994,35148,0
XFLT.US,D,20200825,000000,5.335,5.335,5.2374,5.2994,54885,0
XFLT.US,D,20200826,000000,5.335,5.3437,5.2994,5.3171,76730,0
XFLT.US,D,20200827,000000,5.335,5.335,5.2907,5.2907,47682,0
XFLT.US,D,20200828,000000,5.3262,5.335,5.3154,5.3262,26456,0
XFLT.US,D,20200831,000000,5.3437,5.3437,5.3262,5.335,27198,0
XFLT.US,D,20200901,000000,5.3703,5.3969,5.3438,5.3746,36186,0
XFLT.US,D,20200902,000000,5.3437,5.388,5.3437,5.3791,46193,0
XFLT.US,D,20200903,000000,5.3969,5.4056,5.3082,5.3171,59131,0
XFLT.US,D,20200904,000000,5.3082,5.335,5.2817,5.3105,56666,0
XFLT.US,D,20200908,000000,5.3082,5.3969,5.3082,5.3968,39734,0
XFLT.US,D,20200909,000000,5.388,5.4321,5.3791,5.4047,64804,0
XFLT.US,D,20200910,000000,5.4408,5.4408,5.388,5.4408,62585,0
XFLT.US,D,20200911,000000,5.4321,5.4408,5.4056,5.4321,55217,0
XFLT.US,D,20200914,000000,5.4768,5.5663,5.4499,5.4679,42729,0
XFLT.US,D,20200915,000000,5.4768,5.4768,5.4144,5.4409,40817,0
XFLT.US,D,20200916,000000,5.4768,5.4768,5.3875,5.4231,59491,0
XFLT.US,D,20200917,000000,5.4321,5.4321,5.3965,5.4054,20704,0
XFLT.US,D,20200918,000000,5.4054,5.4231,5.4053,5.4054,13596,0
XFLT.US,D,20200921,000000,5.3965,5.4144,5.3428,5.3442,42085,0
XFLT.US,D,20200922,000000,5.3786,5.3786,5.316,5.3339,24527,0
XFLT.US,D,20200923,000000,5.3875,5.3875,5.2177,5.2713,97909,0
XFLT.US,D,20200924,000000,5.2892,5.316,5.2585,5.316,31128,0
XFLT.US,D,20200925,000000,5.3428,5.3428,5.2622,5.314,44614,0
XFLT.US,D,20200928,000000,5.2803,5.3965,5.2803,5.3428,42092,0
XFLT.US,D,20200929,000000,5.3875,5.3875,5.3428,5.3474,26727,0
XFLT.US,D,20200930,000000,5.3606,5.4144,5.298,5.3516,88458,0
XFLT.US,D,20201001,000000,5.3786,5.4054,5.3697,5.3965,48523,0
XFLT.US,D,20201002,000000,5.4499,5.7001,5.3875,5.5928,281713,0
XFLT.US,D,20201005,000000,5.6555,6.2629,5.6555,5.87,170544,0
XFLT.US,D,20201006,000000,5.8967,6.1626,5.8967,5.9236,78926,0
XFLT.US,D,20201007,000000,6.1024,6.1469,5.9593,6.0216,94584,0
XFLT.US,D,20201008,000000,5.986,6.2004,5.986,6.1325,80267,0
XFLT.US,D,20201009,000000,6.0933,6.1407,5.9593,5.9593,82821,0
XFLT.US,D,20201012,000000,5.9415,6.2406,5.9415,6.2094,115275,0
XFLT.US,D,20201013,000000,6.2363,6.2987,6.1469,6.2987,46069,0
XFLT.US,D,20201014,000000,6.2744,6.4099,6.2744,6.3648,46764,0
XFLT.US,D,20201015,000000,6.3377,6.401,6.2744,6.303,51364,0
XFLT.US,D,20201016,000000,6.3104,6.4099,6.2954,6.3015,34282,0
XFLT.US,D,20201019,000000,6.2654,6.4099,6.1569,6.1886,97288,0
XFLT.US,D,20201020,000000,6.13,6.2474,6.13,6.193,30541,0
XFLT.US,D,20201021,000000,6.193,6.3196,6.193,6.2564,51427,0
XFLT.US,D,20201022,000000,6.3557,6.5835,6.3196,6.4099,256788,0
XFLT.US,D,20201023,000000,6.536,6.536,6.3737,6.4099,96230,0
XFLT.US,D,20201026,000000,6.5001,6.5181,6.401,6.4278,103613,0
XFLT.US,D,20201027,000000,6.5272,6.5814,6.446,6.4548,67983,0
XFLT.US,D,20201028,000000,6.3557,6.4079,6.2292,6.2835,124388,0
XFLT.US,D,20201029,000000,6.3196,6.4099,6.2564,6.3015,51476,0
XFLT.US,D,20201030,000000,6.3377,6.5814,6.3196,6.491,209856,0
XFLT.US,D,20201102,000000,6.6445,6.6614,6.4099,6.5453,155945,0
XFLT.US,D,20201103,000000,6.5542,6.6715,6.4775,6.5814,77806,0
XFLT.US,D,20201104,000000,6.536,6.7214,6.4548,6.5905,71901,0
XFLT.US,D,20201105,000000,6.6355,6.8882,6.5181,6.7166,136249,0
XFLT.US,D,20201106,000000,6.6805,6.7798,6.3466,6.3918,121493,0
XFLT.US,D,20201109,000000,6.5001,6.6355,6.4103,6.4548,112493,0
XFLT.US,D,20201110,000000,6.491,6.6355,6.4656,6.5814,56293,0
XFLT.US,D,20201111,000000,6.6355,6.8799,6.5453,6.7077,125312,0
XFLT.US,D,20201112,000000,6.7166,6.8252,6.6355,6.7619,86713,0
XFLT.US,D,20201113,000000,6.7709,6.9029,6.7619,6.8522,117885,0
XFLT.US,D,20201116,000000,6.8822,6.9917,6.8273,6.9096,81400,0
XFLT.US,D,20201117,000000,6.9279,6.9279,6.7091,6.7365,115539,0
XFLT.US,D,20201118,000000,6.7365,6.7958,6.618,6.6906,60116,0
XFLT.US,D,20201119,000000,6.618,6.8768,6.6087,6.8367,65812,0
XFLT.US,D,20201120,000000,6.7455,7.019,6.7455,6.8367,67855,0
XFLT.US,D,20201123,000000,6.7819,6.9735,6.7819,6.9004,104857,0
XFLT.US,D,20201124,000000,6.9643,6.9735,6.6544,6.6906,201067,0
XFLT.US,D,20201125,000000,6.6637,6.8098,6.6087,6.7271,59771,0
XFLT.US,D,20201127,000000,6.7455,6.773,6.7091,6.7365,24644,0
XFLT.US,D,20201130,000000,6.7455,6.8002,6.7271,6.7455,69528,0
XFLT.US,D,20201201,000000,6.8184,6.8805,6.7182,6.864,80323,0
XFLT.US,D,20201202,000000,6.8367,7.0643,6.8367,7.01,97702,0
XFLT.US,D,20201203,000000,6.9917,7.1233,6.9096,6.9279,74153,0
XFLT.US,D,20201204,000000,6.9004,7.108,6.8101,6.855,91085,0
XFLT.US,D,20201207,000000,6.8915,7.0006,6.8367,6.8733,138300,0
XFLT.US,D,20201208,000000,6.9188,6.9552,6.8367,6.9096,92631,0
XFLT.US,D,20201209,000000,6.9188,6.9279,6.8367,6.8733,69318,0
XFLT.US,D,20201210,000000,6.8915,7.0373,6.8671,6.9643,180657,0
XFLT.US,D,20201211,000000,6.9735,6.9735,6.8184,6.8594,157082,0
XFLT.US,D,20201214,000000,6.9589,7.0509,6.876,6.9589,110737,0
XFLT.US,D,20201215,000000,6.9957,7.1799,6.9513,7.0785,210378,0
XFLT.US,D,20201216,000000,7.1063,7.1242,6.9957,7.0785,103835,0
XFLT.US,D,20201217,000000,7.0603,7.1799,7.0416,7.1337,75482,0
XFLT.US,D,20201218,000000,7.1705,7.2258,7.0049,7.1154,82759,0
XFLT.US,D,20201221,000000,7.0695,7.1244,6.9773,7.0509,56839,0
XFLT.US,D,20201222,000000,7.0876,7.3456,7.0416,7.3088,135801,0
XFLT.US,D,20201223,000000,7.3639,7.6861,7.2811,7.3639,311193,0
XFLT.US,D,20201224,000000,7.4559,7.5039,7.1799,7.2441,126314,0
XFLT.US,D,20201228,000000,7.272,7.272,7.1337,7.1614,164631,0
XFLT.US,D,20201229,000000,7.1799,7.2441,6.9957,7.0416,149616,0
XFLT.US,D,20201230,000000,6.9957,7.1014,6.8577,6.9037,194990,0
XFLT.US,D,20201231,000000,6.922,6.9956,6.6736,6.9037,141512,0
XFLT.US,D,20210104,000000,6.9037,7.0141,6.7657,6.8484,234455,0
XFLT.US,D,20210105,000000,6.9037,7.2627,6.9037,7.0876,206391,0
XFLT.US,D,20210106,000000,7.1614,7.2901,7.0876,7.1982,223547,0
XFLT.US,D,20210107,000000,7.1614,7.3179,7.1523,7.1523,103360,0
XFLT.US,D,20210108,000000,7.327,7.327,7.1523,7.2441,96456,0
XFLT.US,D,20210111,000000,7.2441,7.272,7.1154,7.1982,143953,0
XFLT.US,D,20210112,000000,7.1337,7.3456,7.1337,7.3088,106658,0
XFLT.US,D,20210113,000000,7.272,7.4146,7.272,7.4008,49097,0
XFLT.US,D,20210114,000000,7.4407,7.4407,7.3106,7.4036,69608,0
XFLT.US,D,20210115,000000,7.3384,7.4129,7.2929,7.3384,71962,0
XFLT.US,D,20210119,000000,7.422,7.4313,7.3384,7.4313,87950,0
XFLT.US,D,20210120,000000,7.45,7.5243,7.422,7.4872,100944,0
XFLT.US,D,20210121,000000,7.4872,7.5429,7.45,7.4778,78501,0
XFLT.US,D,20210122,000000,7.4593,7.5708,7.3572,7.5429,140361,0
XFLT.US,D,20210125,000000,7.5243,7.5243,7.1899,7.3292,249278,0
XFLT.US,D,20210126,000000,7.3292,7.4129,7.1247,7.2271,153647,0
XFLT.US,D,20210127,000000,7.2547,7.3524,7.1527,7.3106,88672,0
XFLT.US,D,20210128,000000,7.2642,7.4313,7.2456,7.3665,49149,0
XFLT.US,D,20210129,000000,7.3665,7.3847,7.1991,7.2364,67798,0
XFLT.US,D,20210201,000000,7.292,7.5243,7.2456,7.5243,85472,0
XFLT.US,D,20210202,000000,7.4407,7.645,7.4322,7.5337,136015,0
XFLT.US,D,20210203,000000,7.4407,7.5027,7.3384,7.4407,130799,0
XFLT.US,D,20210204,000000,7.4313,7.6637,7.4313,7.5613,78976,0
XFLT.US,D,20210205,000000,7.6265,7.7938,7.5613,7.7843,118561,0
XFLT.US,D,20210208,000000,7.8402,7.8586,7.6173,7.7007,159838,0
XFLT.US,D,20210209,000000,7.6079,7.9887,7.6079,7.7658,477123,0
XFLT.US,D,20210210,000000,7.9702,8.026,7.8029,7.8958,173921,0
XFLT.US,D,20210211,000000,7.9424,8.0352,7.933,7.9424,100371,0
XFLT.US,D,20210212,000000,8.1095,8.1281,7.9424,8.026,166050,0
XFLT.US,D,20210216,000000,8.0942,8.291,8.0381,8.1131,332603,0
XFLT.US,D,20210217,000000,8.1505,8.1693,8.1036,8.1224,206524,0
XFLT.US,D,20210218,000000,8.1411,8.263,7.8883,7.9819,201631,0
XFLT.US,D,20210219,000000,7.9819,8.1317,7.9819,8.0849,94736,0
XFLT.US,D,20210222,000000,8.2162,8.5533,8.172,8.3846,209852,0
XFLT.US,D,20210223,000000,8.4222,8.5299,8.0942,8.4971,185677,0
XFLT.US,D,20210224,000000,8.5721,8.596,8.4971,8.5346,86620,0
XFLT.US,D,20210225,000000,7.7383,7.9631,7.7289,7.7757,1147143,0
XFLT.US,D,20210226,000000,7.8225,7.9631,7.7851,7.8694,268256,0
XFLT.US,D,20210301,000000,8.1505,8.1786,8.0288,8.0942,377739,0
XFLT.US,D,20210302,000000,8.1036,8.1036,8.0006,8.0006,205846,0
XFLT.US,D,20210303,000000,8.0661,8.1317,8.0006,8.0099,148448,0
XFLT.US,D,20210304,000000,8.0192,8.0475,7.9351,8.0099,137051,0
XFLT.US,D,20210305,000000,8.0567,8.0756,7.9939,8.0567,217330,0
XFLT.US,D,20210308,000000,8.0756,8.1879,8.0567,8.1317,204526,0
XFLT.US,D,20210309,000000,8.1411,8.2441,8.1036,8.1973,142640,0
XFLT.US,D,20210310,000000,8.3378,8.5112,8.2255,8.4784,382683,0
XFLT.US,D,20210311,000000,8.4971,8.6095,8.4316,8.5721,331348,0
XFLT.US,D,20210312,000000,8.5814,8.7688,8.5721,8.7126,338059,0
XFLT.US,D,20210315,000000,8.6966,8.7816,8.6776,8.7531,131726,0
XFLT.US,D,20210316,000000,8.7626,8.8288,8.6966,8.7249,145043,0
XFLT.US,D,20210317,000000,8.7721,8.9513,8.706,8.8193,203278,0
XFLT.US,D,20210318,000000,8.9137,8.9137,8.5644,8.6398,183529,0
XFLT.US,D,20210319,000000,8.6681,8.7337,8.6021,8.6872,110396,0
XFLT.US,D,20210322,000000,8.7626,8.7626,8.6398,8.6494,109688,0
XFLT.US,D,20210323,000000,8.6304,8.6776,8.4889,8.5171,160607,0
XFLT.US,D,20210324,000000,8.5832,8.7249,8.3849,8.4604,140748,0
XFLT.US,D,20210325,000000,8.4321,8.4983,8.3944,8.4699,92617,0
XFLT.US,D,20210326,000000,8.4699,8.706,8.4604,8.6681,107988,0
XFLT.US,D,20210329,000000,8.6681,8.7249,8.6209,8.6776,106366,0
XFLT.US,D,20210330,000000,8.6116,8.6872,8.4983,8.5737,99368,0
XFLT.US,D,20210331,000000,8.5455,8.6776,8.5171,8.5737,82130,0
XFLT.US,D,20210401,000000,8.5927,8.6776,8.4321,8.6116,124259,0
XFLT.US,D,20210405,000000,8.6209,8.6872,8.6116,8.6681,134234,0
XFLT.US,D,20210406,000000,8.6494,8.6624,8.5171,8.5171,162426,0
XFLT.US,D,20210407,000000,8.6588,8.6681,8.5455,8.6398,115465,0
XFLT.US,D,20210408,000000,8.6398,8.6494,8.5549,8.6021,98735,0
XFLT.US,D,20210409,000000,8.6398,8.6398,8.5361,8.6021,111823,0
XFLT.US,D,20210412,000000,8.6021,8.6681,8.5644,8.6681,121756,0
XFLT.US,D,20210413,000000,8.6681,8.6776,8.5643,8.6021,171895,0
XFLT.US,D,20210414,000000,8.5669,8.7001,8.4907,8.5288,107681,0
XFLT.US,D,20210415,000000,8.5574,8.5669,8.4907,8.5098,108353,0
XFLT.US,D,20210416,000000,8.4907,8.4907,8.2529,8.2812,311692,0
XFLT.US,D,20210419,000000,8.3194,8.3757,8.1957,8.2812,199698,0
XFLT.US,D,20210420,000000,8.2718,8.3233,8.1386,8.2147,138975,0
XFLT.US,D,20210421,000000,8.2623,8.3574,8.2243,8.3194,109768,0
XFLT.US,D,20210422,000000,8.3766,8.3766,8.1861,8.2336,175283,0
XFLT.US,D,20210423,000000,8.2718,8.3669,8.2147,8.2432,79655,0
XFLT.US,D,20210426,000000,8.2432,8.2811,8.1861,8.2336,149900,0
XFLT.US,D,20210427,000000,8.2336,8.2336,8.1386,8.1576,179507,0
XFLT.US,D,20210428,000000,8.1006,8.2333,7.5675,8.0718,725055,0
XFLT.US,D,20210429,000000,8.11,8.3098,8.1006,8.3098,132406,0
XFLT.US,D,20210430,000000,8.2909,8.5479,8.2623,8.5288,142557,0
XFLT.US,D,20210503,000000,8.5669,8.5669,8.3574,8.3574,185038,0
XFLT.US,D,20210504,000000,8.2909,8.4812,8.2718,8.3766,153395,0
XFLT.US,D,20210505,000000,8.4717,8.5574,8.4155,8.5098,189630,0
XFLT.US,D,20210506,000000,8.5479,8.5574,8.3385,8.4432,228635,0
XFLT.US,D,20210507,000000,8.4337,8.5656,8.3569,8.3766,146801,0
XFLT.US,D,20210510,000000,8.4622,8.5574,8.3194,8.3766,274496,0
XFLT.US,D,20210511,000000,8.4907,8.5003,8.3766,8.4907,118765,0
XFLT.US,D,20210512,000000,8.405,8.5007,8.2336,8.2336,112557,0
XFLT.US,D,20210513,000000,8.2336,8.4717,8.2336,8.3288,144073,0
XFLT.US,D,20210514,000000,8.5479,8.5479,8.2812,8.2812,253647,0
XFLT.US,D,20210517,000000,8.2457,8.4378,8.2266,8.2457,151483,0
XFLT.US,D,20210518,000000,8.2554,8.4186,8.2457,8.3322,67966,0
XFLT.US,D,20210519,000000,8.3322,8.3322,8.2457,8.2554,83183,0
XFLT.US,D,20210520,000000,8.2554,8.505,8.2457,8.3417,101802,0
XFLT.US,D,20210521,000000,8.2746,8.3801,8.2266,8.2266,117103,0
XFLT.US,D,20210524,000000,8.2266,8.4954,8.1595,8.2411,113665,0
XFLT.US,D,20210525,000000,8.3417,8.409,8.2362,8.2554,110319,0
XFLT.US,D,20210526,000000,8.2362,8.3417,8.1882,8.3417,128378,0
XFLT.US,D,20210527,000000,8.2651,8.3515,8.1882,8.2746,157432,0
XFLT.US,D,20210528,000000,8.2457,8.3995,8.2171,8.2842,120818,0
XFLT.US,D,20210601,000000,8.3226,8.6106,8.3131,8.5722,358078,0
XFLT.US,D,20210602,000000,8.553,8.6202,8.4474,8.5914,279832,0
XFLT.US,D,20210603,000000,8.6011,8.7355,8.5434,8.6875,319088,0
XFLT.US,D,20210604,000000,8.7546,8.7833,8.6586,8.6875,170851,0
XFLT.US,D,20210607,000000,8.7833,8.7833,8.5338,8.5914,302979,0
XFLT.US,D,20210608,000000,8.6394,8.7355,8.553,8.6394,216271,0
XFLT.US,D,20210609,000000,8.6106,8.7662,8.5914,8.6297,219602,0
XFLT.US,D,20210610,000000,8.6297,8.7066,8.5817,8.6297,127443,0
XFLT.US,D,20210611,000000,8.6394,8.7066,8.5914,8.6586,149170,0
XFLT.US,D,20210614,000000,8.8163,9.0389,8.7099,8.9616,960200,0
XFLT.US,D,20210615,000000,8.9809,9.0486,8.9034,9.0001,333280,0
XFLT.US,D,20210616,000000,9.0099,9.097,8.9712,9.0776,249006,0
XFLT.US,D,20210617,000000,9.068,9.097,8.8647,8.9228,246352,0
XFLT.US,D,20210618,000000,8.9228,8.9809,8.9034,8.9228,112355,0
XFLT.US,D,20210621,000000,9.0001,9.097,8.9131,9.0099,224346,0
XFLT.US,D,20210622,000000,8.9616,9.097,8.9325,8.9517,93600,0
XFLT.US,D,20210623,000000,8.9228,9.0771,8.9034,9.0389,137779,0
XFLT.US,D,20210624,000000,9.0389,9.1066,8.9517,9.0389,110909,0
XFLT.US,D,20210625,000000,9.0001,9.0298,8.7099,8.7873,243355,0
XFLT.US,D,20210628,000000,8.7776,9.0385,8.7196,8.9325,464636,0
XFLT.US,D,20210629,000000,9.1647,9.1647,8.9616,9.0486,554354,0
XFLT.US,D,20210630,000000,9.068,9.2422,9.0099,9.2422,372407,0
XFLT.US,D,20210701,000000,9.2903,9.3785,9.1938,9.3293,312527,0
XFLT.US,D,20210702,000000,9.3293,9.4454,9.1938,9.2806,309800,0
XFLT.US,D,20210706,000000,9.3491,9.503,9.2903,9.4554,319062,0
XFLT.US,D,20210707,000000,9.4061,9.532,8.9905,9.3293,405812,0
XFLT.US,D,20210708,000000,9.2325,9.2325,8.9034,8.9517,401230,0
XFLT.US,D,20210709,000000,9.0292,9.0292,8.8844,8.9517,226957,0
XFLT.US,D,20210712,000000,8.9131,9.2034,8.8937,9.068,273041,0
XFLT.US,D,20210713,000000,9.0583,9.2131,9.0099,9.068,118487,0
XFLT.US,D,20210714,000000,9.0416,9.105,8.9734,9.0026,118344,0
XFLT.US,D,20210715,000000,8.9734,9.0213,8.9441,8.9441,105704,0
XFLT.US,D,20210716,000000,8.9635,9.0138,8.7977,8.8075,159924,0
XFLT.US,D,20210719,000000,8.7783,8.8173,8.6808,8.7392,238316,0
XFLT.US,D,20210720,000000,8.7588,8.8758,8.3783,8.8758,380983,0
XFLT.US,D,20210721,000000,8.1931,8.5929,8.1443,8.5344,3321258,0
XFLT.US,D,20210722,000000,8.5832,8.5832,8.4954,8.5441,204235,0
XFLT.US,D,20210723,000000,8.5734,8.5734,8.4271,8.4564,275718,0
XFLT.US,D,20210726,000000,8.5344,8.5832,8.4772,8.5441,334462,0
XFLT.US,D,20210727,000000,8.5832,8.5832,8.3881,8.4856,297940,0
XFLT.US,D,20210728,000000,8.4856,8.632,8.4761,8.632,146913,0
XFLT.US,D,20210729,000000,8.632,8.7783,8.6027,8.6807,177163,0
XFLT.US,D,20210730,000000,8.7002,8.7312,8.5929,8.71,194847,0
XFLT.US,D,20210802,000000,8.7783,8.8271,8.7002,8.7685,155713,0
XFLT.US,D,20210803,000000,8.788,8.8758,8.7295,8.7392,216772,0
XFLT.US,D,20210804,000000,8.7295,8.7611,8.6856,8.7392,136331,0
XFLT.US,D,20210805,000000,8.7588,8.8075,8.7392,8.7685,75024,0
XFLT.US,D,20210806,000000,8.8173,8.8953,8.7295,8.7783,134288,0
XFLT.US,D,20210809,000000,8.7783,8.8758,8.7588,8.8661,180844,0
XFLT.US,D,20210810,000000,8.8758,8.8758,8.7295,8.8173,132188,0
XFLT.US,D,20210811,000000,8.8563,8.8758,8.7977,8.8173,95039,0
XFLT.US,D,20210812,000000,8.8563,8.905,8.788,8.8758,173534,0
XFLT.US,D,20210813,000000,8.8758,8.8758,8.7295,8.7295,230635,0
XFLT.US,D,20210816,000000,8.7324,8.9488,8.7324,8.8406,185684,0
XFLT.US,D,20210817,000000,8.8406,8.8701,8.6734,8.6931,290153,0
XFLT.US,D,20210818,000000,8.7423,8.8505,8.6538,8.762,117187,0
XFLT.US,D,20210819,000000,8.7128,8.762,8.5358,8.585,169937,0
XFLT.US,D,20210820,000000,8.5751,8.7718,8.5359,8.7128,196658,0
XFLT.US,D,20210823,000000,8.7915,8.8406,8.6734,8.6931,262492,0
XFLT.US,D,20210824,000000,8.6931,8.7718,8.6636,8.6931,161281,0
XFLT.US,D,20210825,000000,8.6931,8.7521,8.644,8.6931,196569,0
XFLT.US,D,20210826,000000,8.7226,8.7226,8.6144,8.6538,189965,0
XFLT.US,D,20210827,000000,8.6636,8.8505,8.6046,8.7423,229398,0
XFLT.US,D,20210830,000000,8.7128,8.7816,8.6538,8.6636,257597,0
XFLT.US,D,20210831,000000,8.6243,8.7128,8.6032,8.7128,323028,0
XFLT.US,D,20210901,000000,8.7128,8.7226,8.6362,8.6538,220729,0
XFLT.US,D,20210902,000000,8.6636,8.7127,8.6144,8.6538,176006,0
XFLT.US,D,20210903,000000,8.7128,8.7128,8.6095,8.6734,132215,0
XFLT.US,D,20210907,000000,8.6931,8.6931,8.644,8.6833,185539,0
XFLT.US,D,20210908,000000,8.6538,8.6833,8.6046,8.644,156170,0
XFLT.US,D,20210909,000000,8.644,8.7521,8.6243,8.7521,199617,0
XFLT.US,D,20210910,000000,8.762,8.7718,8.6833,8.6833,137212,0
XFLT.US,D,20210913,000000,8.6833,8.7324,8.6046,8.6144,186603,0
XFLT.US,D,20210914,000000,8.6571,8.6856,8.6224,8.6571,145009,0
XFLT.US,D,20210915,000000,8.6075,8.6868,8.6075,8.6472,143250,0
XFLT.US,D,20210916,000000,8.6273,8.6571,8.548,8.5678,134784,0
XFLT.US,D,20210917,000000,8.548,8.5778,8.4554,8.4786,133551,0
XFLT.US,D,20210920,000000,8.3695,8.4786,8.3298,8.4389,340816,0
XFLT.US,D,20210921,000000,8.5183,8.5579,8.429,8.5381,215578,0
XFLT.US,D,20210922,000000,8.5579,8.667,8.5381,8.6571,160843,0
XFLT.US,D,20210923,000000,8.667,8.7067,8.6075,8.6472,214318,0
XFLT.US,D,20210924,000000,8.6868,8.6868,8.5678,8.6373,177493,0
XFLT.US,D,20210927,000000,8.6472,8.6515,8.5283,8.5678,180793,0
XFLT.US,D,20210928,000000,8.6075,8.6075,8.4785,8.5183,276720,0
XFLT.US,D,20210929,000000,8.6571,8.6571,8.4786,8.5083,102608,0
XFLT.US,D,20210930,000000,8.5083,8.5282,8.4488,8.5083,141249,0
XFLT.US,D,20211001,000000,8.5183,8.5183,8.424,8.4786,194478,0
XFLT.US,D,20211004,000000,8.4984,8.6174,8.4786,8.5778,159379,0
XFLT.US,D,20211005,000000,8.5282,8.6272,8.5282,8.5579,187807,0
XFLT.US,D,20211006,000000,8.548,8.5683,8.4687,8.4786,155701,0
XFLT.US,D,20211007,000000,8.4984,8.6472,8.4885,8.5976,257980,0
XFLT.US,D,20211008,000000,8.7364,8.7364,8.548,8.6571,99357,0
XFLT.US,D,20211011,000000,8.6571,8.7761,8.6273,8.7662,131789,0
XFLT.US,D,20211012,000000,8.7562,8.7761,8.6769,8.7166,140897,0
XFLT.US,D,20211013,000000,8.7166,8.7265,8.6472,8.667,222350,0
XFLT.US,D,20211014,000000,8.68,8.71,8.66,8.67,105558,0
XFLT.US,D,20211015,000000,8.65,8.715,8.6,8.68,113880,0
XFLT.US,D,20211018,000000,8.7,8.7999,8.65,8.78,214736,0
XFLT.US,D,20211019,000000,8.78,8.815,8.72,8.81,69713,0
XFLT.US,D,20211020,000000,8.81,8.83,8.78,8.81,95884,0
XFLT.US,D,20211021,000000,8.82,9.1,8.79,9.07,887915,0
XFLT.US,D,20211022,000000,9.1,9.11,8.98,9.07,242001,0
XFLT.US,D,20211025,000000,9.07,9.09,9.03,9.08,120127,0
XFLT.US,D,20211026,000000,9.05,9.05,8.95,8.96,181658,0
XFLT.US,D,20211027,000000,8.91,8.99,8.91,8.95,73685,0
XFLT.US,D,20211028,000000,9,9.02,8.9,9.02,127796,0
XFLT.US,D,20211029,000000,9.01,9.039,8.94,9,119714,0
XFLT.US,D,20211101,000000,9.01,9.22,8.95,9.19,871581,0
XFLT.US,D,20211102,000000,9.34,9.48,9.13,9.41,1002434,0
XFLT.US,D,20211103,000000,9.4,9.52,9.3,9.45,333816,0
XFLT.US,D,20211104,000000,9.46,9.52,9.32,9.42,290666,0
XFLT.US,D,20211105,000000,9.45,9.4999,9.31,9.36,190255,0
XFLT.US,D,20211108,000000,9.45,9.505,9.35,9.45,214712,0
XFLT.US,D,20211109,000000,9.45,9.47,9.31,9.34,158186,0
XFLT.US,D,20211110,000000,9.34,9.36,9.13,9.15,210696,0
XFLT.US,D,20211111,000000,9.16,9.2299,9.12,9.1696,150638,0
XFLT.US,D,20211112,000000,9.17,9.44,9.17,9.33,337610,0
XFLT.US,D,20211115,000000,9.36,9.42,9.04,9.23,415117,0
XFLT.US,D,20211116,000000,9.18,9.2,9.09,9.12,174688,0
XFLT.US,D,20211117,000000,9.07,9.105,9,9.05,183106,0
XFLT.US,D,20211118,000000,9.12,9.12,8.89,8.93,346712,0
XFLT.US,D,20211119,000000,8.9,8.91,8.73,8.87,247319,0
XFLT.US,D,20211122,000000,8.9,9.16,8.89,9.02,332830,0
XFLT.US,D,20211123,000000,9.06,9.2,9,9.15,243679,0
XFLT.US,D,20211124,000000,9.1,9.1499,9,9.07,245731,0
XFLT.US,D,20211126,000000,8.95,8.95,8.85,8.895,192634,0
XFLT.US,D,20211129,000000,9.07,9.22,8.96,9.2,451698,0
XFLT.US,D,20211130,000000,9.1,9.19,8.963,9.19,251949,0
XFLT.US,D,20211201,000000,9.16,9.26,9.11,9.12,149166,0
XFLT.US,D,20211202,000000,9.1,9.21,9.05,9.16,202028,0
XFLT.US,D,20211203,000000,9.17,9.22,9,9.06,145713,0
XFLT.US,D,20211206,000000,9.04,9.1199,9,9.05,102882,0
XFLT.US,D,20211207,000000,9.07,9.1499,9.07,9.11,82040,0
XFLT.US,D,20211208,000000,9.11,9.15,9.1,9.15,111277,0
XFLT.US,D,20211209,000000,9.1,9.17,9.03,9.05,132613,0
XFLT.US,D,20211210,000000,9.01,9.1,9,9,121782,0
XFLT.US,D,20211213,000000,9,9.05,8.96,8.96,121468,0
XFLT.US,D,20211214,000000,8.88,8.9,8.8,8.81,151116,0
XFLT.US,D,20211215,000000,8.77,8.82,8.64,8.69,183567,0
XFLT.US,D,20211216,000000,8.62,8.7092,8.5,8.5,317801,0
XFLT.US,D,20211217,000000,8.48,8.6499,8.43,8.57,138810,0
XFLT.US,D,20211220,000000,8.5,8.58,8.48,8.55,170736,0
XFLT.US,D,20211221,000000,8.55,8.69,8.5,8.55,274994,0
XFLT.US,D,20211222,000000,8.55,8.67,8.55,8.66,121731,0
XFLT.US,D,20211223,000000,8.72,8.83,8.65,8.7,153719,0
XFLT.US,D,20211227,000000,8.7,9,8.7,8.94,294149,0
XFLT.US,D,20211228,000000,9,9.1304,8.95,9,203239,0
XFLT.US,D,20211229,000000,9.03,9.1,8.96,9.02,181097,0
XFLT.US,D,20211230,000000,9,9.09,8.93,8.95,179371,0
XFLT.US,D,20211231,000000,8.96,8.97,8.88,8.92,162138,0
XFLT.US,D,20220103,000000,8.99,9.06,8.92,9.04,261621,0
XFLT.US,D,20220104,000000,9.11,9.185,9.01,9.15,185272,0
XFLT.US,D,20220105,000000,9.12,9.14,8.95,9.03,146649,0
XFLT.US,D,20220106,000000,8.97,9.12,8.93,8.95,176030,0
XFLT.US,D,20220107,000000,8.95,9.1516,8.92,9.02,150676,0
XFLT.US,D,20220110,000000,9.03,9.19,8.95,9.19,314627,0
XFLT.US,D,20220111,000000,9.22,9.4099,9.2,9.35,324360,0
XFLT.US,D,20220112,000000,9.4,9.49,9.31,9.4,339943,0
XFLT.US,D,20220113,000000,9.5,9.5,9.23,9.28,295641,0
XFLT.US,D,20220114,000000,9.19,9.25,9.13,9.19,145018,0
XFLT.US,D,20220118,000000,9.15,9.3,9.13,9.24,351727,0
XFLT.US,D,20220119,000000,9.29,9.39,8.87,8.93,415449,0
XFLT.US,D,20220120,000000,8.99,9.11,8.96,9.04,201341,0
XFLT.US,D,20220121,000000,9.01,9.19,8.94,8.98,274466,0
