<TICKER>,<PER>,<DATE>,<TIME>,<OPEN>,<HIGH>,<LOW>,<CLOSE>,<VOL>,<OPENINT>
XPOF.US,D,20210723,000000,11.2,12.91,10.99,12.25,4026343,0
XPOF.US,D,20210726,000000,12.49,13.1,12.25,12.3,232910,0
XPOF.US,D,20210727,000000,12.41,12.47,11.84,12.11,195697,0
XPOF.US,D,20210728,000000,12.1,12.1,11.5,11.95,157920,0
XPOF.US,D,20210729,000000,11.94,12.1,11.5001,11.7,157002,0
XPOF.US,D,20210730,000000,11.71,11.85,11.53,11.72,81200,0
XPOF.US,D,20210802,000000,11.69,11.99,11.5267,11.6,103887,0
XPOF.US,D,20210803,000000,11.6,11.8,11.5,11.5,49008,0
XPOF.US,D,20210804,000000,11.5,11.725,11,11.5,103964,0
XPOF.US,D,20210805,000000,11.4,12.11,11.261,12.09,151159,0
XPOF.US,D,20210806,000000,12,12.11,11.75,11.98,62285,0
XPOF.US,D,20210809,000000,12.13,12.1496,11.51,11.98,85521,0
XPOF.US,D,20210810,000000,11.84,12.08,11.56,11.99,34567,0
XPOF.US,D,20210811,000000,11.78,12.03,11.6,11.85,37790,0
XPOF.US,D,20210812,000000,11.92,11.96,11.7,11.94,18964,0
XPOF.US,D,20210813,000000,11.9,11.94,11.41,11.77,160302,0
XPOF.US,D,20210816,000000,11.8,11.88,11.4,11.8,91243,0
XPOF.US,D,20210817,000000,11.91,11.92,10.44,11.24,380770,0
XPOF.US,D,20210818,000000,11.24,12.05,11.11,11.91,262493,0
XPOF.US,D,20210819,000000,11.8,12,11.66,12,600377,0
XPOF.US,D,20210820,000000,12.04,12.44,11.58,12,265154,0
XPOF.US,D,20210823,000000,12,12.25,11.4,11.53,168306,0
XPOF.US,D,20210824,000000,11.58,11.8971,11.41,11.87,95186,0
XPOF.US,D,20210825,000000,11.67,11.67,10.75,11.39,330997,0
XPOF.US,D,20210826,000000,11.3,11.3,10.9,11.14,123420,0
XPOF.US,D,20210827,000000,11.16,12.15,11.15,11.95,136063,0
XPOF.US,D,20210830,000000,12.01,12.01,10.67,11.44,222469,0
XPOF.US,D,20210831,000000,11.34,11.37,10.75,10.8,158573,0
XPOF.US,D,20210901,000000,10.85,11.88,10.84,11.7,208835,0
XPOF.US,D,20210902,000000,11.6,11.99,11.08,11.8,74955,0
XPOF.US,D,20210903,000000,11.64,12,11.26,11.85,90457,0
XPOF.US,D,20210907,000000,11.85,11.95,10.85,10.86,140561,0
XPOF.US,D,20210908,000000,11.03,11.035,10.77,10.81,64397,0
XPOF.US,D,20210909,000000,10.67,10.93,10.67,10.7,98250,0
XPOF.US,D,20210910,000000,10.88,11.1157,10.705,10.78,101501,0
XPOF.US,D,20210913,000000,10.9,11.02,10.25,10.45,109761,0
XPOF.US,D,20210914,000000,10.74,10.98,10.45,10.83,200240,0
XPOF.US,D,20210915,000000,10.64,11.62,10.6371,11.62,204598,0
XPOF.US,D,20210916,000000,11.88,12.26,11.84,12.19,275372,0
XPOF.US,D,20210917,000000,12.16,12.25,10.93,11.21,1198294,0
XPOF.US,D,20210920,000000,11.32,11.45,9.99,10.15,403552,0
XPOF.US,D,20210921,000000,10.17,10.45,9.87,10.34,169486,0
XPOF.US,D,20210922,000000,11.42,11.98,11.1,11.16,263608,0
XPOF.US,D,20210923,000000,11.18,11.69,11.13,11.54,57037,0
XPOF.US,D,20210924,000000,11.55,11.91,11.33,11.84,51880,0
XPOF.US,D,20210927,000000,11.98,12.2,11.6,12.14,104346,0
XPOF.US,D,20210928,000000,12.2,12.57,11.81,12.4,169982,0
XPOF.US,D,20210929,000000,12.5,12.87,12.3039,12.72,225721,0
XPOF.US,D,20210930,000000,12.53,12.79,12.2,12.69,167282,0
XPOF.US,D,20211001,000000,12.75,13.3406,12.51,13.28,135401,0
XPOF.US,D,20211004,000000,13.59,13.7185,13.36,13.37,231347,0
XPOF.US,D,20211005,000000,13.5,13.7143,12.81,12.89,152694,0
XPOF.US,D,20211006,000000,12.79,12.79,12.3,12.33,254466,0
XPOF.US,D,20211007,000000,12.35,12.9075,12.2154,12.81,443349,0
XPOF.US,D,20211008,000000,13.1,14,12.5615,13.93,420882,0
XPOF.US,D,20211011,000000,14,14.29,13.79,13.98,108847,0
XPOF.US,D,20211012,000000,14.01,14.11,13.45,13.59,102212,0
XPOF.US,D,20211013,000000,13.84,13.84,13.33,13.69,344854,0
XPOF.US,D,20211014,000000,13.85,17.3,13.85,16.54,747679,0
XPOF.US,D,20211015,000000,16.8,17.4,15.5,15.87,785958,0
XPOF.US,D,20211018,000000,15.82,18.77,14.87,15.47,2596144,0
XPOF.US,D,20211019,000000,15.42,16.54,15.42,15.95,218117,0
XPOF.US,D,20211020,000000,16.19,16.42,15.63,16.12,128648,0
XPOF.US,D,20211021,000000,15.38,16.27,15.0601,16.18,194002,0
XPOF.US,D,20211022,000000,16.05,16.44,15.8,16.11,113961,0
XPOF.US,D,20211025,000000,16.12,16.4088,15,15.11,195885,0
XPOF.US,D,20211026,000000,15.21,16.49,14.7521,15.98,173858,0
XPOF.US,D,20211027,000000,15.9,16,15.3274,15.51,86724,0
XPOF.US,D,20211028,000000,15.8,16.19,15.3918,15.94,127997,0
XPOF.US,D,20211029,000000,15.96,17.083,15.93,16.9,133568,0
XPOF.US,D,20211101,000000,17.02,17.26,16.56,17.1,113702,0
XPOF.US,D,20211102,000000,17.22,17.22,16.18,16.6,64052,0
XPOF.US,D,20211103,000000,16.31,18.47,16.2001,17.89,151413,0
XPOF.US,D,20211104,000000,19.3,19.3,17.19,17.2,936740,0
XPOF.US,D,20211105,000000,17.82,19.1605,17.67,18.56,569005,0
XPOF.US,D,20211108,000000,18.74,19.865,18.31,19.66,211985,0
XPOF.US,D,20211109,000000,19.77,20.24,18.4,18.8,168474,0
XPOF.US,D,20211110,000000,18.85,19.14,18.3,18.95,153964,0
XPOF.US,D,20211111,000000,18.57,20.29,18.3,19.53,245401,0
XPOF.US,D,20211112,000000,22.9,24.73,21.74,23.6,1492942,0
XPOF.US,D,20211115,000000,24.11,24.31,22.61,23.1,226340,0
XPOF.US,D,20211116,000000,23.64,23.7575,22.23,23.16,184991,0
XPOF.US,D,20211117,000000,22.91,23.23,21.96,22.6,74878,0
XPOF.US,D,20211118,000000,22.61,23.21,21.86,22.56,187348,0
XPOF.US,D,20211119,000000,22.27,22.94,21.95,22.57,106493,0
XPOF.US,D,20211122,000000,22.79,23.48,21.15,21.79,115488,0
XPOF.US,D,20211123,000000,21.79,22.13,20.651,21.84,104333,0
XPOF.US,D,20211124,000000,21.45,22.49,21.45,21.82,42982,0
XPOF.US,D,20211126,000000,20.75,21,19.565,19.69,125037,0
XPOF.US,D,20211129,000000,19.72,21.67,19.06,20.1,152394,0
XPOF.US,D,20211130,000000,19.81,19.94,18.59,19.45,89555,0
XPOF.US,D,20211201,000000,20.23,20.71,18.64,18.76,76193,0
XPOF.US,D,20211202,000000,18.68,20.36,18.51,20.27,101630,0
XPOF.US,D,20211203,000000,20.15,21.52,19.94,20.31,334938,0
XPOF.US,D,20211206,000000,20.56,22.95,19.5,21.65,238356,0
XPOF.US,D,20211207,000000,22.37,23.485,22.37,23.09,392346,0
XPOF.US,D,20211208,000000,23.16,24.44,23.1,24.18,127718,0
XPOF.US,D,20211209,000000,24.2,24.2,22.37,22.74,80686,0
XPOF.US,D,20211210,000000,23.39,23.39,21.41,22.02,96231,0
XPOF.US,D,20211213,000000,21.67,21.69,19.78,20.03,94424,0
XPOF.US,D,20211214,000000,19.67,20.22,19.15,19.3,77254,0
XPOF.US,D,20211215,000000,19.31,19.7799,18.34,19.15,153438,0
XPOF.US,D,20211216,000000,19.58,19.58,17.64,18.14,225094,0
XPOF.US,D,20211217,000000,17.96,19.6419,17.71,19.38,320037,0
XPOF.US,D,20211220,000000,19,19.32,17.7694,18.5,164538,0
XPOF.US,D,20211221,000000,18.9,20.41,18.79,19.2,105293,0
XPOF.US,D,20211222,000000,19.17,20.1244,18.66,20.02,115223,0
XPOF.US,D,20211223,000000,20.27,20.61,19.56,20.57,100919,0
XPOF.US,D,20211227,000000,20.59,21.2,20.3,20.97,40757,0
XPOF.US,D,20211228,000000,20.91,21.4473,20.28,20.68,70121,0
XPOF.US,D,20211229,000000,20.73,21.38,19.85,20.15,50409,0
XPOF.US,D,20211230,000000,19.98,20.77,19.98,20.31,62797,0
XPOF.US,D,20211231,000000,20.28,20.98,19.5,20.44,52574,0
XPOF.US,D,20220103,000000,20.75,21.56,20.28,20.82,76158,0
XPOF.US,D,20220104,000000,21.01,22.48,20.03,20.74,95506,0
XPOF.US,D,20220105,000000,20.72,20.72,18.98,19.3,118830,0
XPOF.US,D,20220106,000000,19.07,19.91,17.78,18.47,261012,0
XPOF.US,D,20220107,000000,18.21,19.46,17.14,17.66,238156,0
XPOF.US,D,20220110,000000,17.49,17.49,16.5,17.02,146235,0
XPOF.US,D,20220111,000000,17.5,17.5,16.01,16.75,274834,0
XPOF.US,D,20220112,000000,16.79,17.36,16.4,16.48,298793,0
XPOF.US,D,20220113,000000,16.5,16.97,15.41,15.56,167869,0
XPOF.US,D,20220114,000000,15.22,15.73,13.73,14.32,565961,0
XPOF.US,D,20220118,000000,14.33,14.33,12.9023,13.68,417078,0
XPOF.US,D,20220119,000000,13.91,15.56,13.53,15.1,530642,0
XPOF.US,D,20220120,000000,15.2,16.99,15.11,16.02,279548,0
XPOF.US,D,20220121,000000,15.58,16.54,15.11,15.83,144109,0
